/*--------------------------------*- C++ -*----------------------------------*\
| =========                 |                                                 |
| \\      /  F ield         | foam-extend: Open Source CFD                    |
|  \\    /   O peration     | Version:     5.0                                |
|   \\  /    A nd           | Web:         http://www.foam-extend.org         |
|    \\/     M anipulation  |                                                 |
\*---------------------------------------------------------------------------*/
FoamFile
{
    version     2.0;
    format      ascii;
    class       volScalarField;
    location    "0.095";
    object      alpha1;
}
// * * * * * * * * * * * * * * * * * * * * * * * * * * * * * * * * * * * * * //

dimensions      [0 0 0 0 0 0 0];

internalField   nonuniform List<scalar> 
4000
(
0
1
0
0
0.904502
1
0
1
0
1
0
1
0
1
0
1
0
1
0
1
0
1
0
1
0.989795
0
1
1
0
0
1
0.815098
0
1
0.626033
0
1
0.708319
0
1
0
0.65942
1
0
1
0
1
0
1
0
1
0
0.672479
0
1
0
1
0
1
0.999918
0
1
0.0137822
1
0.455832
0.513588
0.858971
0.844856
0.586142
0.247454
0.531412
0.865922
0.761673
0.859229
0.183814
0.105244
0.354904
1
0.958277
0.928161
0.917313
0.95369
0.78026
0.491351
0.864856
1
0
0.847227
0.0111797
0.590352
0.17547
0.151036
0.793344
0.0865293
0.355896
0.488805
0.781832
1
0.389746
0.188635
0
1
0.0819609
1
0
1
1
0
1
0
1
0
1
0
1
0
1
0
1
0
1
1
0
1
0
1
0
1
1
0
1
0
1
0
0
1
0
1
0
0.999163
1
0
1
1
0
1
0
1
0
1
0
1
0
1
0
1
0
1
0.999748
0
1
0
1
0
0
1
0
0
1
0.299857
0.730794
0.498603
0.547542
0.380643
0.688028
0.0545585
1
0
0.99819
1
0
1
0
1
0.789316
0
1
0
1
0.0570469
0.715612
0.00433053
0.474007
0.563676
0.462585
0.333325
0.258534
0.413682
0.695905
0
1
0
1
0
1
0
1
0
1
1
0
1
0
1
0
1
0
1
0
1
0
1
1
0
1
0
1
0
1
0
1
0
1
0
1
0
1
0
1
1
0
1
0
1
0
1
0
0
1
0
1
0
1
0
1
1
0
1
0
1
0
0
1
0
1
0
0
1
0
1
0
1
0.0584039
0.918743
0
1
0
1
0
0.866636
1
0.221866
0
1
0
1
0
1
0
0.738206
0.124825
0.668836
0.305765
0.817545
0.998707
0.736342
0.634077
0.845687
0.4671
0.679993
0
0.437526
0
1
0
1
0
1
1
0
1
0
0
0
0
1
0
0
1
0
1
1
0
0
0
1
0
1
0
1
0
1
0
1
0
1
0
1
0
0
1
0
1
0
1
0
1
1
0
1
0
1
0
1
0
1
0
1
0
1
0
1
0
1
1
0
1
0.994558
0
0.0277537
1
0
1
0
1
0
1
0
1
0
1
0
1
0
1
0.312664
1
0
1
0.240911
0.858958
0.472576
0.259674
0.318958
0.643126
0.761046
0.471203
0.260707
0
0.0761198
1
1
0
0
1
0
1
0
1
1
0
1
0
1
1
0
1
0
1
0
1
0
1
0
0
1
1
0
0
0
0
1
1
0
1
0
0
1
0
1
0
1
0
1
0
0
1
0
1
0
1
0
1
0
1
0
1
0
1
0
1
0
1
0
1
1
0
0
0.0222601
1
0
1
0
1
0
1
0
1
0
1
0
1
0
1
0
1
0
1
0
1
0
1
0.166197
0
0.109923
0.631396
0.477571
0.260896
0.827
0.870248
0
0
1
1
0
1
0
1
0
1
1
0
1
0
1
1
0
1
0
1
0
1
0
0
1
0.834509
0
1
1
0
1
0
0
1
0
1
0
0
1
0
1
0
1
0.0391724
0
1
0
0.999924
1
0
1
0
1
0
1
0
0
1
0
1
0
1
0
1
0.999919
0
1
0
1
1
0
1
1
0
1
0
1
0
1
0
1
0
1
0
1
0
1
0
1
0
0
1
1
0.249656
0.942706
0.919429
0.28643
1
0.861334
0.932666
1.55113e-05
0
1
0
1
0
1
0
1
0
1
0
1
0
0
0
1
0
1
0
1
0
1
1
0
1
1
0
1
1
0
1
0
0
1
0
1
0
1
0
0
1
0.0769318
0
1
0
0.999939
1
0
1
0
1
0
1
0
1
0
1
0
0
1
0
0.0602978
1
0
1
0
1
0
0
1
0.999981
0
1
0
1
0
1
0
1
0
1
0
0.633919
0.0889507
1
0
1
0
0
1
0
0
1
0.452554
0.956264
0.567045
0.471444
0.771796
0.529055
0.054628
0
0
1
0
1
0
1
1
1
0
1
0
1
0
1
0
1
0
1
0
1
0
0
1
1
0
1
0
0
1
0
1
1
0
0.999932
0
1
0
1
0
1
0
1
0
1
0
0
1
0
0
0
1
0
1
0
1
0
1
1
0
0.0710273
1
0
1
0
1
0
1
1
0.999977
0
1
0
1
0
1
0
1
0
1
0
1
0
1
0
1
0
1
1
0
1
1
0.493437
0.195014
0.335398
1
0
0.500107
0.0458646
0
0
1
0
1
0
1
0
1
0
1
0
1
0
1
0
1
0
1
0
1
0
1
0
1
0
1
0
0
1
0
1
0
0.999985
1
1
1
0
1
0
1
0
1
0
1
0
1
1
0
1
0
1
0
1
0
1
0
1
0
1
0
1
0
1
0
1
0
1
0
1
0
1
0
1
0
1
0
1
0
0.124993
0.144823
1
0
0.480873
0
1
0
1
0
1
0.00906034
0
0
1
0
1
0
1
0.46704
0.469488
0
1
0
1
0
1
0
1
0
1
0
1
0
1
1
0
0
1
0
1
0
1
0
1
0
1
0
1
0
0
1
0
1
0
1
0
1
1
0
1
0
1
0
1
0
1
0
0
1
0
1
0
1
0.412207
1
0
1
0
1
0
1
0
1
0
0.0631057
1
0.979655
0
1
0
1
0
1
0
1
0
1
0
1
0
0.00795608
0.00474848
1
0.512199
1
0
1
0
1
0
1
1
1
0
1
0
1
0
0.6945
0.546686
0
0
1
0
1
0
1
0
1
0
1
0
1
0
0
1
1
0
1
0
1
0
1
0
1
0
1
0
1
0
0
1
0
1
0
1
0
0
1
0
1
0
1
0
0
0
0
1
0
1
0
0.991206
1
0
0
1
0
1
0
1
0
1
0
0
1
0
0
1
0
0
1
0
0
1
0
1
0
1
0
1
0
0.920084
0.0116582
1
0
1
0
1
0
1
0
1
0
1
0
1
0
1
0.923211
1
0
0
0
1
0
1
0
1
0
1
0
1
0
1
0
1
0
1
0
1
1
0
0.989613
0
0
1
0
1
0
1
1
0
1
0
1
0
1
1
0
0.999941
1
0
1
0
1
0
1
0
1
0
0.941729
1
0
0.565688
1
0
1
0.999913
0
1
0
1
0
1
0
1
1
0
1
1
0
1
1
0
1
0
1
0
1
0
1
0
0.867934
0
1
0
0
0
1
0
1
0
1
0
1
0
1
0
1
0.862677
1
0
0
0
1
1
0
0
1
0
1
0
1
0
1
0
0
1
0
1
0
1
0
1
1
0
1
0
1
0
1
1
0
0
1
1
0
1
0
1
0
1
0
1
0
1
0
1
0
1
0
0
1
1
0
1
0
0
1
0
1
0
1
0
1
0
0
1
0
0
1
0
0
1
0
1
0
1
0
1
0
1
0.232478
1
0
1
1
1
0
1
0
1
0
1
0
1
0
1
0
0.502408
0.805245
1
0
1
0
0
1
1
0
1
0
1
1
0
0
1
1
0
1
0
1
0
1
0
0
1
0
1
0
1
0
1
0
1
0
0
1
0
1
0
1
0
1
0
1
0
1
0
1
0
1
1
0
1
1
0
1
1
0
1
0
0.999943
0
1
0
1
1
0
1
0
0
1
0
0
1
0
1
0
1
0
1
0
0.888036
0
1
1
0
0
1
0
1
0
1
0
1
0.385886
0
1
1
0.950113
0
1
1
0
1
1
0
0
1
0
1
1
0
1
0
1
0
1
0
1
0
1
0
0
1
0
1
0
1
0
1
0
1
0
1
1
0
1
0
1
0
1
0
1
0
1
0
1
0
1
0
0
1
0
0
1
0.269149
0
1
0
1
0
1
0
1
0.999979
0
1
0
1
1
0
1
0
1
0
1
0
0
1
0
1
0
1
0
0
0
1
0
1
0
1
0
1
0
0.909525
1
0
1
0.869335
1
0
1
1
0
1
1
1
0
1
0
0
1
0
1
0
1
0
0
0
1
1
0
1
0
1
0
1
0
1
0
1
0
1
0
0
1
0
1
0
1
0
1
0
1
0
1
0
1
0
0.707041
0.878879
0
1
0
1
0
1
0
1
0
1
0
1
0.999981
0
1
0
1
0
1
1
0
1
0
1
0
1
0
0
1
0
1
0
1
0
1
0
1
0
1
0
1
0
1
0
0
1
0
0.20327
0
1
0
0
1
0
1
0
1
0
1
1
0
1
0
1
0
0
1
0
1
0
1
0
1
0
1
0
1
0
1
0
0
0
1
1
0
0
0
1
0
1
0
1
0
1
0
1
0
0.318417
1
0
1
0
1
0
1
0
1
0
1
0
0
1
0
1
0
1
0
1
0
1
0
0
1
0
1
0
1
0
0
1
0
1
0
1
0
1
0
1
0
1
0
1
0
0
0.794532
1
1
0.819705
1
0
0
1
0
0
1
1
0
1
0
1
1
0
1
0
1
0.364998
0
1
0
1
1
0
1
0
1
1
0
1
0
1
0
1
0
1
0
1
1
0
1
0
1
0
1
0
1
0
1
0.608065
0
1
0
1
0
0
0
1
1
0.999994
0
1
1
0
1
0
1
0
1
0
1
0
1
0
0
1
0
1
0
1
0
0
1
0
1
0
1
1
0
1
1
0
1
0
1
0.167809
1
0
0
0.999901
0
1
1
1
0
1
0
1
0.0849784
1
1
0
1
1
0
1
0
1
1
1
0
1
0
1
0
1
0
1
1
0
1
0
1
0
1
0
1
0
0
0.969375
0
1
0
0
1
0
1
0
0
1
0
0
1
0
0
1
0.108288
0
0
1
0.820696
0
0
1
0
1
0
1
0
1
0
1
0
1
1
0
1
0
1
0
1
0
0
1
0
1
1
0
1
0
0
1
0
1
0
1
0
1
1
0
1
0
1
0
1
0
1
0
1
0
1
1
0
1
0
0
1
0
1
0
1
0
0
1
0
1
1
0
1
1
0
1
0
1
0
1
0
1
1
0.999975
0.644655
1
1
1
0
1
0
1
1
0
0.156555
0
1
0
1
0
1
0
1
0.571185
0
1
0
0
1
0
1
0
1
0
1
0
1
0
1
1
0
1
0
1
0
1
0.999995
0
1
0
0
1
0
0
1
0
1
0
1
0
1
0
0
1
0
1
0
1
0.853543
1
0
1
0
1
0
1
1
0
1
1
0
1
0
1
0.594046
1
1
0
1
0
0.999995
1
0
0
1
0
1
0
1
0
1
1
0
1
1
0
0
1
0
1
0
1
0
1
0
1
0
1
0
1
0
1
1
0.710848
1
0
1
0.351072
0.427574
1
0
1
0
1
0
1
0
1
0
1
1
0
1
0
1
0
1
0
1
0
1
0
1
1
0
1
0
1
0
0
0
1
1
0
1
0
1
0.835577
0
0.999947
1
0
1
0
1
0
1
0
1
0
1
0
1
0.999991
0
1
0
1
0
1
0
0
1
1
0
1
0
1
0
1
0
0
1
0
0
1
0
0
1
0
1
0
1
0
1
0
1
0
1
0
1
0.517114
0
1
0
1
0
1
0
0
1
0
1
0
1
0
1
0
1
0
0
1
0
1
0
1
0
1
0
1
0
1
0.866518
0
1
0
1
0
0
0
0
0
0
1
0.999983
0
1
0
1
0
0
1
0
1
0
1
0
1
0
1
0
1
0
0
1
0
0.999975
1
1
0
1
1
0
0.528909
1
0
1
0
1
0
0
1
0.0017644
0.00065457
1
0
1
1
0
1
0
1
0
1
0
1
0
1
0
1
0
0
1
0
1
0
1
0.0434101
0.766753
1
0
0.701192
0
1
0
1
0
1
0
1
1
0
1
0
1
0
1
0
1
0
1
0.345343
0
0.823547
0
1
0
0
0
1
0
0
1
0
0
1
0
1
0
1
0.271086
0
1
0
1
0
1
0
1
0
1
0
1
0
0
0
1
0
1
0
0
1
1
0.0688822
0
1
0
0
0
0
1
1
0
1
0
0
1
0
1
0
1
0
1
0
1
0
1
0
1
0
0
1
0
1
0
1
0
0
1
0
1
1
0
0
1
0
1
0
1
0
0
1
0
1
0
1
0
1
0
1
0
0.787187
0.558045
0.803844
1
0
0
0
1
0
1
0
0
1
0
0
1
0
1
0
1
0
0
1
0
1
0
1
0
1
0
1
0
0.228063
1
1
0
1
0
1
1
0
1
0
1
0
1
1
1
1
1
0
1
0
0
1
0
1
0
1
0
1
0
1
0
1
0.750531
0.0901882
0.683568
0.806228
1
0
1
0
1
0
1
1
0
1
0
0
1
1
0
1
0
1
0
1
0
1
0
1
0
0
1
0
1
1
0.456753
0
1
0.218269
1
0
1
1
0
1
0
1
0
0
1
1
0
1
0
1
0
1
0
0
1
0
1
0
0
0
1
0
1
1
1
0
1
1
1
0.999958
0
0
0.215957
1
0
1
0
0
0.593808
0
0
1
0
0
1
0
1
0
1
0.000655485
1
0
1
0
1
1
0
1
0
1
0
1
0
1
1
0
1
0
1
0
0
1
1
0
1
0
1
0
1
0
1
0
1
0
1
1
0
0.999983
0
0
1
1
0
0.938767
0
1
0
0
1
0
1
0
1
0
0
0
1
0
1
1
0
0
1
0.119872
1
0
0
0
1
1
0
1
0
0
1
1
0
1
1
0.999948
0
1
1
0
1
0
0
0
0
1
1
0
0.435577
0
0
1
0
1
0
0
0
1
0
1
0.581699
1
1
0
1
0
1
0
0.861504
1
0
1
0
1
0
1
1
0
0
1
0
1
0
1
0
1
0
0.999933
0
1
0
1
0
1
0.999962
0
0.754187
0.528385
1
0
1
0
1
0
0.749015
1
0
1
0
1
1
1
0
1
0
1
1
0
0
1
0
1
0
1
0
1
0.999962
1
0
1
0
1
1
0
1
0
1
0
1
0
1
0
1
0.998982
1
1
0
1
0
1
1
0
1
1
0
1
1
0
1
0
1
0
0
1
0
1
0
1
1
0
1
1
0
1
0
1
0
1
1
0
1
0
1
0
0
0
1
0
1
0
1
0
1
0
1
1
0
0.62769
0
1
0
1
0
1
0
1
0.580096
0
1
0
0.999891
0
1
0
1
0
1
0
1
0
1
0
1
0
1
0
1
0
1
0
1
0
1
1
0
1
0
1
0
1
0
1
1
0.542016
1
0.494207
0
0
1
1
0
1
1
0
1
0
1
0
1
0
1
0.0730514
0
0.607199
0
1
0
1
0
1
0
0
1
0
1
0
1
1
0
1
0
1
0
1
1
0.598375
0
1
1
0
0
1
0
1
0
0
1
0
0.735448
0
1
0
1
1
0.133762
0
1
0
0.319761
1
0
1
0
1
0
1
0
1
0
0
0
1
0
1
0
1
0
1
0
1
0
1
0.999862
0
1
0
1
0
1
1
0
0
1
0
1
0
0.40776
1
1
0
0
1
0
1
0
1
0
1
0
1
0
1
1
0
1
0
1
0
1
0
1
0
0.307126
1
0
1
0
0
1
0
0
0
1
0
0
0
1
0
1
1
0
0
1
0
1
0.416805
0.518474
0
0.811402
0
0
1
0
0
1
0
0
0.847096
0
0
1
0.999813
0.683642
0
1
0
1
0
0
1
0
0
1
0
1
0
1
0
1
0
1
0
1
1
0
1
0
1
0
0
0
1
0
0
1
0
1
0
0
1
1
1
0
0
1
0
1
0
0.999589
0
1
0
0
1
0
1
0
1
0.279803
0
1
0
0
0.981365
1
0
0
1
0
1
1
0.31199
0
1
1
1
0
1
0
0
1
0
0
1
0
1
0
1
0
0
0
1
0
0
0
1
0
1
0.205383
1
1
0
1
1
0
1
0
1
0
0
1
0
0
1
0
1
0
1
0
1
0
0.591987
1
1
1
0
1
0
1
0
1
0
1
0.30542
0
1
0
1
0
0
0
0
1
1
0
0.999527
0
1
0
1
0.00336813
0
1
0
1
0
1
1
0
1
0
1
0
0
0.857308
1
0
0
1
0
0
1
0.523998
0
0
0
1
0
0
1
0
1
0
0.926497
0.691588
0
1
0
1
0
0
0
1
0
1
0
1
0.0544952
1
0
0
1
0.999789
0
1
0
1
0
1
1
0
1
1
0
1
0
1
0
1
0
1
0
1
0.709601
1
1
0
1
0
1
0
1
0
0
1
0
1
0
1
1
1
0
1
0
1
0
1
0
1
0.419224
0
1
1
0
1
0
1
0
1
0
1
0
1
0
0
0.944355
1
0
1
0.505217
0
0.444503
0.830597
1
0
1
0
1
0
0.856082
1
0
0.291679
0
1
0
0.256559
1
0
1
0
0
0
1
0
1
0
0
0
1
1
0.999708
0
1
0
1
0
1
0.99985
0
1
0
1
1
0
1
0
1
0
1
0
1
0
1
1
0.999905
0
1
0.999946
0
1
1
0
1
0
1
0
1
1
0
0
1
0
1
0
1
0
1
0
1
0
1
0
1
1
0
1
0
0
1
0
1
0
1
0
0
0.874741
1
0
1
0.491138
0
1
0
1
0
0
1
1
0
0
1
0.7132
0
0.758954
1
0
1
0
0
1
0
0
0
1
1
0
1
1
0
0.99987
0
1
0
0.587355
0
1
0
0
1
0
1
0
0
1
0
1
0
0
1
0
1
0
1
0.999901
0
1
0.999931
0
1
0
0
1
0
1
0
1
0
0
0
1
0.72744
1
1
1
0
1
0
1
0
1
0
1
1
0
1
1
0
1
1
0
1
0
1
0
0
0
0.86255
1
0
1
0
0
1
0
1
0
1
0.766214
0
1
0
1
1
0
1
0
0
1
0
0
1
0
1
0
0
1
0
0.692639
1
0
1
0
0
1
0
0
0
1
0
1
0
1
0
0
1
0
0.436878
1
1
0
1
0
1
0.999879
0
0.999934
0
1
0
1
0
1
0
1
0
0
1
1
0
1
0
1
0
1
1
0
1
0
1
0
0
1
1
0
1
0
1
0
1
0
1
1
0
1
0
0
0.99996
0
1
0
1
0.750092
0
1
0
1
0.0416719
0
1
0
1
0
0
1
0
1
0
0
1
0
0.168281
1
0
1
0
0.0477514
1
0
0
1
0
1
1
0.99976
0
0
1
0
1
0
1
0
1
1
0.999855
0
0.343081
1
0
1
0
0
1
0
1
0
1
0.999835
0
1
0
1
1
0
1
0
0
0
0.550589
0
1
0
1
0
0
1
0
1
0
0
1
1
0
1
0
1
0
1
0
1
0
1
1
0
1
0
0.728376
1
0
1
0
0
1
0
1
0
0
1
0
0.999532
1
0
0
0
1
0
1
0
0
1
0.45582
0
1
0
1
0
0.999924
0.900811
0.22501
0
1
0.999611
0.999669
0
0
1
0
1
0
1
0
1
0
1
0
1
1
1
1
0.572056
0
1
0
0
0
1
0.999896
0
1
0
1
0
1
0
1
0
1
1
1
1
0
1
0
1
0
1
0
1
0
0
1
0
1
0
1
0
1
0
1
0
1
0
1
1
0
0.97165
1
0
1
0
1
1
0
1
0
1
0.998262
0
0.999885
1
0
1
0
0
0
1
0
1
0.00742409
0.719462
0
1
0
1
0.410184
0
1
0.604235
0.247116
1
0.999721
0.999706
0
0
1
0.999691
0
1
0
1
0.911627
0
1
0
1
1
0.999905
0.999908
0.999881
0
1
0
0
0
1
0
0
1
0
1
0
1
0
1
0
1
0
1
0
1
1
0
1
0
1
0
1
0
0
1
0
1
0
1
0
1
0
1
0
1
0
1
0
1
0
0.760887
1
0.400431
0
0.313055
1
0.674207
0
1
0
0
1
0
1
0
0.990387
0.765755
1
0.223847
0
0
1
0
1
0
0
0.957104
1
0
1
0.58377
0.536217
0.693509
0.0510122
1
0.999882
0
0
1
0.99982
0.99978
0
0
1
0.458431
1
0
1
0
1
0.999954
0
1
0.999915
0
1
1
0
1
0
1
0
0
1
0
1
0
1
0
1
0
1
0
1
0.307985
0.493038
1
0
1
0
1
0
1
0
1
0
1
0
0
1
0.308339
0
1
0
0.665186
1
0
1
0
1
0.527518
0
0.999376
1
0
0
0.490492
1
0
0
0.427537
0
1
0
1
0
1
0
1
0.649456
0
0.999983
1
0
0.207842
0.574047
0.609172
0.1508
0.736867
0.0412631
0.83376
0.338878
0.156966
0
)
;

boundaryField
{
    inlet
    {
        type            zeroGradient;
    }
    outlet
    {
        type            zeroGradient;
    }
    lowerWall
    {
        type            zeroGradient;
    }
    upperWall
    {
        type            zeroGradient;
    }
    frontAndBack
    {
        type            empty;
    }
}


// ************************************************************************* //
