/*--------------------------------*- C++ -*----------------------------------*\
| =========                 |                                                 |
| \\      /  F ield         | foam-extend: Open Source CFD                    |
|  \\    /   O peration     | Version:     5.0                                |
|   \\  /    A nd           | Web:         http://www.foam-extend.org         |
|    \\/     M anipulation  |                                                 |
\*---------------------------------------------------------------------------*/
FoamFile
{
    version     2.0;
    format      ascii;
    class       volVectorField;
    location    "0.095";
    object      bodyForce;
}
// * * * * * * * * * * * * * * * * * * * * * * * * * * * * * * * * * * * * * //

dimensions      [0 1 -2 0 0 0 0];

internalField   nonuniform List<vector> 
4000
(
(-16505.4 0 0)
(-36759.1 0 0)
(-63884.6 0 0)
(-74588.8 0 0)
(-72685.3 0 0)
(-64152.2 0 0)
(-38487 0 0)
(21603 -0 0)
(20386.3 -0 0)
(-89803.3 0 0)
(-258924 0 0)
(-345422 0 0)
(-370367 0 0)
(-266774 0 0)
(-81406 0 0)
(2345.86 -0 0)
(-5716.05 0 0)
(25758.2 -0 0)
(33596.9 -0 0)
(70004.5 -0 0)
(49724.4 -0 0)
(-17071.2 0 0)
(-132250 0 0)
(-301866 0 0)
(-503478 0 0)
(-644177 0 0)
(-905782 0 0)
(-1.07903e+06 0 0)
(-943427 0 0)
(-870757 0 0)
(-831906 0 0)
(-754069 0 0)
(-629889 0 0)
(-520746 0 0)
(-428684 0 0)
(-401400 0 0)
(-390173 0 0)
(-354485 0 0)
(-352023 0 0)
(-331528 0 0)
(-323751 0 0)
(-249516 0 0)
(-234415 0 0)
(-228303 0 0)
(-205311 0 0)
(-189024 0 0)
(-150052 0 0)
(-140363 0 0)
(-123898 0 0)
(-125192 0 0)
(-109994 0 0)
(-99776.1 0 0)
(-74781.5 0 0)
(-64487.5 0 0)
(-61113.4 0 0)
(-61602.3 0 0)
(-43783.9 0 0)
(-43172 0 0)
(-31528.7 0 0)
(-31215.6 0 0)
(-24806.5 0 0)
(-18126.6 0 0)
(-20429.4 0 0)
(-18144.5 0 0)
(-16255.9 0 0)
(-13764.6 0 0)
(-14393.6 0 0)
(-12941.4 0 0)
(-12003.2 0 0)
(-10143.5 0 0)
(-6907.5 0 0)
(-4136.02 0 0)
(-2284.03 0 0)
(-462.577 0 0)
(-247.061 0 0)
(-583.434 0 0)
(-1022.6 0 0)
(-806.981 0 0)
(-1069.33 0 0)
(-2308.14 0 0)
(327.618 -0 0)
(202.88 -0 0)
(2388.47 -0 0)
(4565.12 -0 0)
(7181.18 -0 0)
(7511.13 -0 0)
(13647.2 -0 0)
(11549.4 -0 0)
(10840.8 -0 0)
(13110 -0 0)
(8677.92 -0 0)
(6234.85 -0 0)
(5125.41 -0 0)
(3536.46 -0 0)
(2842.21 -0 0)
(2083.95 -0 0)
(1079.21 -0 0)
(-736.414 0 0)
(-3258.88 0 0)
(-5626.8 0 0)
(-21397.5 0 0)
(-63113.2 0 0)
(-100712 0 0)
(-115383 0 0)
(-107062 0 0)
(-73859.2 0 0)
(-44776 0 0)
(53251.6 -0 0)
(113685 -0 0)
(59239.6 -0 0)
(-12175.3 0 0)
(67508.6 -0 0)
(162740 -0 0)
(218448 -0 0)
(378870 -0 0)
(333678 -0 0)
(271268 -0 0)
(193360 -0 0)
(142144 -0 0)
(255053 -0 0)
(385168 -0 0)
(328336 -0 0)
(123298 -0 0)
(-101067 0 0)
(-316746 0 0)
(-459068 0 0)
(-639132 0 0)
(-1.06127e+06 0 0)
(-851128 0 0)
(-670129 0 0)
(-452021 0 0)
(-480310 0 0)
(-541727 0 0)
(-601425 0 0)
(-642058 0 0)
(-626534 0 0)
(-675558 0 0)
(-660748 0 0)
(-625809 0 0)
(-565965 0 0)
(-444300 0 0)
(-328943 0 0)
(-268529 0 0)
(-230254 0 0)
(-218395 0 0)
(-173536 0 0)
(-161314 0 0)
(-129737 0 0)
(-123651 0 0)
(-102578 0 0)
(-109271 0 0)
(-95396 0 0)
(-95053.9 0 0)
(-79489.8 0 0)
(-80690.7 0 0)
(-66761.3 0 0)
(-72178.3 0 0)
(-58282 0 0)
(-63790.1 0 0)
(-53375.5 0 0)
(-35945.9 0 0)
(-44325.2 0 0)
(-31231.4 0 0)
(-38406.9 0 0)
(-25870.8 0 0)
(-24272.4 0 0)
(-30561.8 0 0)
(-22294.4 0 0)
(-21727.9 0 0)
(-19970.7 0 0)
(-14201.3 0 0)
(-7805.46 0 0)
(-4872.06 0 0)
(-2317.88 0 0)
(-1668.25 0 0)
(-955.462 0 0)
(-6032.83 0 0)
(-3985.93 0 0)
(-2562.08 0 0)
(-8152.8 0 0)
(-1486.71 0 0)
(-4808.15 0 0)
(7187.3 -0 0)
(1341.33 -0 0)
(4385.55 -0 0)
(17177 -0 0)
(17961.6 -0 0)
(25784 -0 0)
(22551.3 -0 0)
(26457.3 -0 0)
(17575.7 -0 0)
(11658.9 -0 0)
(10374.8 -0 0)
(7277.57 -0 0)
(5947.54 -0 0)
(4128.29 -0 0)
(1565.73 -0 0)
(-2138.26 0 0)
(-6322.32 0 0)
(-9829.2 0 0)
(-8145.58 0 0)
(-59982.6 0 0)
(-73437.9 0 0)
(-76485.9 0 0)
(-77083.1 0 0)
(-55876.1 0 0)
(-51779.5 0 0)
(19507.5 -0 0)
(109437 -0 0)
(142214 -0 0)
(192037 -0 0)
(331770 -0 0)
(387138 -0 0)
(429359 -0 0)
(476531 -0 0)
(391532 -0 0)
(281945 -0 0)
(194271 -0 0)
(77395.2 -0 0)
(141913 -0 0)
(158534 -0 0)
(44708.4 -0 0)
(-11500.5 0 0)
(-378183 0 0)
(-458303 0 0)
(-262322 0 0)
(-444601 0 0)
(-720876 0 0)
(-537456 0 0)
(-368841 0 0)
(-281912 0 0)
(-270375 0 0)
(-306701 0 0)
(-472588 0 0)
(-623957 0 0)
(-579511 0 0)
(-655671 0 0)
(-699561 0 0)
(-584871 0 0)
(-520299 0 0)
(-432734 0 0)
(-353229 0 0)
(-294709 0 0)
(-256264 0 0)
(-219243 0 0)
(-168645 0 0)
(-153147 0 0)
(-134598 0 0)
(-113474 0 0)
(-99485.2 0 0)
(-81071.2 0 0)
(-88191 0 0)
(-71525.2 0 0)
(-71995.9 0 0)
(-54202.4 0 0)
(-52906.7 0 0)
(-63521.8 0 0)
(-49452.3 0 0)
(-55299.5 0 0)
(-42734.4 0 0)
(-50703.8 0 0)
(-44284.6 0 0)
(-28267.7 0 0)
(-38706.1 0 0)
(-28607.1 0 0)
(-35824.1 0 0)
(-25765.6 0 0)
(-25333.5 0 0)
(-31164.7 0 0)
(-17327.8 0 0)
(-18889.1 0 0)
(-9977.71 0 0)
(-9483.09 0 0)
(-5046.43 0 0)
(-5726.92 0 0)
(-7530.72 0 0)
(-7443.8 0 0)
(-13558.1 0 0)
(-8814.31 0 0)
(-6688.76 0 0)
(-10040.3 0 0)
(-7902.67 0 0)
(3465.81 -0 0)
(-411.856 0 0)
(12904.2 -0 0)
(11474.8 -0 0)
(21208.2 -0 0)
(21158.3 -0 0)
(24094.4 -0 0)
(22805.7 -0 0)
(17796.2 -0 0)
(12629.7 -0 0)
(8388.02 -0 0)
(7462.08 -0 0)
(6596.09 -0 0)
(4286.41 -0 0)
(1129.78 -0 0)
(-2917.11 0 0)
(-7647.41 0 0)
(-10543.2 0 0)
(-5863.68 0 0)
(-61912.7 0 0)
(-68118.4 0 0)
(-59830.4 0 0)
(-41184.7 0 0)
(-31870.3 0 0)
(-11956 0 0)
(7716.44 -0 0)
(77111.6 -0 0)
(132298 -0 0)
(278233 -0 0)
(336843 -0 0)
(326293 -0 0)
(394854 -0 0)
(443037 -0 0)
(440267 -0 0)
(351254 -0 0)
(164765 -0 0)
(-42616.6 0 0)
(-200933 0 0)
(-116818 0 0)
(-53745.9 0 0)
(136171 -0 0)
(-210861 0 0)
(-207079 0 0)
(-105120 0 0)
(-9521.43 0 0)
(44493.9 -0 0)
(39565.5 -0 0)
(-52805.8 0 0)
(-268407 0 0)
(-91187.6 0 0)
(-95255.3 0 0)
(-177528 0 0)
(-405457 0 0)
(-482249 0 0)
(-447007 0 0)
(-384490 0 0)
(-363556 0 0)
(-305259 0 0)
(-301268 0 0)
(-346957 0 0)
(-282269 0 0)
(-251084 0 0)
(-209004 0 0)
(-180644 0 0)
(-137024 0 0)
(-133624 0 0)
(-132650 0 0)
(-83555.7 0 0)
(-85109.1 0 0)
(-71827.2 0 0)
(-76259.7 0 0)
(-61011.1 0 0)
(-63411.5 0 0)
(-49922.4 0 0)
(-54173.5 0 0)
(-42117.7 0 0)
(-46746.2 0 0)
(-35484.2 0 0)
(-41816.7 0 0)
(-31659.8 0 0)
(-36188.7 0 0)
(-26599.4 0 0)
(-25822.4 0 0)
(-36192.8 0 0)
(-27240.5 0 0)
(-33553.9 0 0)
(-27179.3 0 0)
(-13726.1 0 0)
(-16225.9 0 0)
(-15842.5 0 0)
(-8897.49 0 0)
(-9451.57 0 0)
(-8184.45 0 0)
(-9930.44 0 0)
(-13002.8 0 0)
(-12580.2 0 0)
(-18027.3 0 0)
(-10690.8 0 0)
(-12931.4 0 0)
(-4016.4 0 0)
(-4218.12 0 0)
(5086.01 -0 0)
(16040.9 -0 0)
(18485.5 -0 0)
(17538.1 -0 0)
(20677.7 -0 0)
(20954.7 -0 0)
(19142.4 -0 0)
(17654.6 -0 0)
(11228.7 -0 0)
(6564.29 -0 0)
(6639.8 -0 0)
(6076.29 -0 0)
(3414.52 -0 0)
(131.412 -0 0)
(-3355.03 0 0)
(-8278.85 0 0)
(-8455.93 0 0)
(-14681.9 0 0)
(-50146.9 0 0)
(-59392.5 0 0)
(-41620.6 0 0)
(-35474.5 0 0)
(-15642.4 0 0)
(-12218 0 0)
(20627.5 -0 0)
(64877.6 -0 0)
(102986 -0 0)
(256154 -0 0)
(308753 -0 0)
(207254 -0 0)
(311611 -0 0)
(422177 -0 0)
(254745 -0 0)
(268323 -0 0)
(92784 -0 0)
(-80513.3 0 0)
(-3084.85 0 0)
(-552960 0 0)
(-335870 0 0)
(57323.9 -0 0)
(-117646 0 0)
(61166.5 -0 0)
(18660.3 -0 0)
(-41667.8 0 0)
(90862.4 -0 0)
(180599 -0 0)
(63271.6 -0 0)
(-172404 0 0)
(171094 -0 0)
(468.715 -0 0)
(-62682 0 0)
(-210898 0 0)
(-361041 0 0)
(-188069 0 0)
(-206485 0 0)
(-157440 0 0)
(-153828 0 0)
(-312705 0 0)
(-356250 0 0)
(-277677 0 0)
(-228948 0 0)
(-203764 0 0)
(-190173 0 0)
(-161382 0 0)
(-152398 0 0)
(-132302 0 0)
(-101262 0 0)
(-70317.2 0 0)
(-75708.4 0 0)
(-61913.2 0 0)
(-67740.5 0 0)
(-53144.4 0 0)
(-57670.9 0 0)
(-43610.2 0 0)
(-46573.4 0 0)
(-35518.5 0 0)
(-39533 0 0)
(-30420.1 0 0)
(-37504.9 0 0)
(-30502.7 0 0)
(-36770.5 0 0)
(-29046.2 0 0)
(-28092.6 0 0)
(-30480.5 0 0)
(-27471.4 0 0)
(-14814.1 0 0)
(-16440.6 0 0)
(-25486.6 0 0)
(-11714.7 0 0)
(-13024.2 0 0)
(-8589.34 0 0)
(-11150.8 0 0)
(-12094.5 0 0)
(-13194.3 0 0)
(-17099.8 0 0)
(-15148.2 0 0)
(-17950.5 0 0)
(-10264.3 0 0)
(-9118.68 0 0)
(-683.947 0 0)
(293.36 -0 0)
(12250.9 -0 0)
(14071.8 -0 0)
(16948.8 -0 0)
(19988.5 -0 0)
(16614.8 -0 0)
(19610.9 -0 0)
(9819.43 -0 0)
(14467.7 -0 0)
(2382.02 -0 0)
(5325.01 -0 0)
(5357.08 -0 0)
(1843.51 -0 0)
(-914.269 0 0)
(-3822.4 0 0)
(-8396.69 0 0)
(-7573.64 0 0)
(-21111.6 0 0)
(-36346.6 0 0)
(-50535.5 0 0)
(-43951.8 0 0)
(-26059.2 0 0)
(-16455.7 0 0)
(-437.111 0 0)
(17239.5 -0 0)
(71203.4 -0 0)
(85287.9 -0 0)
(233269 -0 0)
(286700 -0 0)
(149248 -0 0)
(276511 -0 0)
(378216 -0 0)
(70812.3 -0 0)
(301211 -0 0)
(255236 -0 0)
(49714.6 -0 0)
(43840.6 -0 0)
(-325210 0 0)
(-575619 0 0)
(-179334 0 0)
(46984.3 -0 0)
(164977 -0 0)
(165407 -0 0)
(-12396.5 0 0)
(-39996.3 0 0)
(52405 -0 0)
(160013 -0 0)
(223100 -0 0)
(124181 -0 0)
(152323 -0 0)
(94078.5 -0 0)
(34712.6 -0 0)
(-105071 0 0)
(-26311.5 0 0)
(-62168.8 0 0)
(-136442 0 0)
(-158521 0 0)
(-159734 0 0)
(-259204 0 0)
(-311916 0 0)
(-229187 0 0)
(-210436 0 0)
(-202420 0 0)
(-204306 0 0)
(-168493 0 0)
(-136436 0 0)
(-114589 0 0)
(-73441.8 0 0)
(-72775.6 0 0)
(-59060 0 0)
(-64568.7 0 0)
(-54416.7 0 0)
(-58387.4 0 0)
(-53248.2 0 0)
(-36511.6 0 0)
(-42101.5 0 0)
(-30090.2 0 0)
(-34889.4 0 0)
(-27756.3 0 0)
(-36285.9 0 0)
(-31456 0 0)
(-42122.6 0 0)
(-34943.9 0 0)
(-20385.6 0 0)
(-15480.3 0 0)
(-17887.2 0 0)
(-19960.3 0 0)
(-25845.4 0 0)
(-12803 0 0)
(-9480.62 0 0)
(-12105.2 0 0)
(-10041.9 0 0)
(-13567.3 0 0)
(-15255.1 0 0)
(-15690.1 0 0)
(-19172.6 0 0)
(-14673.3 0 0)
(-15050.4 0 0)
(-6407.78 0 0)
(-4119.67 0 0)
(7874.84 -0 0)
(10428.8 -0 0)
(13095.3 -0 0)
(17850.9 -0 0)
(14820 -0 0)
(19339.5 -0 0)
(7842.6 -0 0)
(6619.82 -0 0)
(11392.8 -0 0)
(3361.16 -0 0)
(2196.75 -0 0)
(2585.01 -0 0)
(-888.955 0 0)
(-2394 0 0)
(-3172.6 0 0)
(-7687.5 0 0)
(-4869.7 0 0)
(-17052.2 0 0)
(-33201.4 0 0)
(-40772.2 0 0)
(-37315.5 0 0)
(-29040.3 0 0)
(-7111.18 0 0)
(-4002.78 0 0)
(27060.2 -0 0)
(82384.4 -0 0)
(82409.9 -0 0)
(216250 -0 0)
(266661 -0 0)
(149192 -0 0)
(318646 -0 0)
(429920 -0 0)
(315763 -0 0)
(313629 -0 0)
(371541 -0 0)
(202582 -0 0)
(-102322 0 0)
(-101965 0 0)
(-301944 0 0)
(-64677.3 0 0)
(115059 -0 0)
(118872 -0 0)
(96078 -0 0)
(84954.9 -0 0)
(63121 -0 0)
(55149.9 -0 0)
(-46578.3 0 0)
(165887 -0 0)
(235533 -0 0)
(237749 -0 0)
(221672 -0 0)
(106790 -0 0)
(89844.8 -0 0)
(40637.5 -0 0)
(59781 -0 0)
(107883 -0 0)
(42432.4 -0 0)
(37369.5 -0 0)
(5265.84 -0 0)
(-319764 0 0)
(-242012 0 0)
(-223027 0 0)
(-216992 0 0)
(-237242 0 0)
(-188791 0 0)
(-147790 0 0)
(-118889 0 0)
(-76418.3 0 0)
(-64990.7 0 0)
(-67291.5 0 0)
(-55627.1 0 0)
(-59265.9 0 0)
(-46562.8 0 0)
(-47761.8 0 0)
(-36871.3 0 0)
(-40562.8 0 0)
(-35888.3 0 0)
(-25152.8 0 0)
(-29279 0 0)
(-23943.4 0 0)
(-30286.7 0 0)
(-40361.9 0 0)
(-28888.8 0 0)
(-31418.9 0 0)
(-21655.7 0 0)
(-30747.9 0 0)
(-28276.3 0 0)
(-20474.9 0 0)
(-22059.4 0 0)
(-15091.8 0 0)
(-9088.21 0 0)
(-12251 0 0)
(-12533.6 0 0)
(-15767.6 0 0)
(-18189.8 0 0)
(-16086.8 0 0)
(-18751.3 0 0)
(-11868.7 0 0)
(-10090.3 0 0)
(-153.862 0 0)
(10114 -0 0)
(9992.36 -0 0)
(12492.3 -0 0)
(14224.3 -0 0)
(21559.3 -0 0)
(19262.9 -0 0)
(6142 -0 0)
(12154.4 -0 0)
(909.921 -0 0)
(-1721.91 0 0)
(1840 -0 0)
(-1993.83 0 0)
(-1067.17 0 0)
(-2965.63 0 0)
(-3637.36 0 0)
(-4148.41 0 0)
(-2341.12 0 0)
(-11682.5 0 0)
(-36162.8 0 0)
(-46687.4 0 0)
(-44857 0 0)
(-25717.7 0 0)
(-7820.61 0 0)
(10726.4 -0 0)
(30452.3 -0 0)
(77790.4 -0 0)
(80093.6 -0 0)
(187010 -0 0)
(258724 -0 0)
(185939 -0 0)
(322835 -0 0)
(424566 -0 0)
(435702 -0 0)
(413749 -0 0)
(339635 -0 0)
(183700 -0 0)
(-101405 0 0)
(-312398 0 0)
(-341661 0 0)
(-28434.8 0 0)
(42192.6 -0 0)
(68948.2 -0 0)
(294376 -0 0)
(261126 -0 0)
(-91515.5 0 0)
(102953 -0 0)
(371528 -0 0)
(194567 -0 0)
(329489 -0 0)
(326148 -0 0)
(277994 -0 0)
(163153 -0 0)
(197076 -0 0)
(186382 -0 0)
(156993 -0 0)
(192512 -0 0)
(163577 -0 0)
(112817 -0 0)
(111438 -0 0)
(-84552.4 0 0)
(-150833 0 0)
(-186198 0 0)
(-225760 0 0)
(-245361 0 0)
(-219981 0 0)
(-161579 0 0)
(-142534 0 0)
(-131550 0 0)
(-102679 0 0)
(-72526.8 0 0)
(-69558.6 0 0)
(-56025.2 0 0)
(-55158 0 0)
(-43390.8 0 0)
(-41921 0 0)
(-30250.5 0 0)
(-26305.3 0 0)
(-31827.7 0 0)
(-21296.6 0 0)
(-24762.7 0 0)
(-37689.9 0 0)
(-29735.6 0 0)
(-34596 0 0)
(-28490.5 0 0)
(-29068.4 0 0)
(-23068.1 0 0)
(-20908.6 0 0)
(-25490.6 0 0)
(-21560.8 0 0)
(-10601.3 0 0)
(-12181.4 0 0)
(-9448.69 0 0)
(-13355.5 0 0)
(-15309.4 0 0)
(-18063.1 0 0)
(-18244.2 0 0)
(-15286.2 0 0)
(-15103.1 0 0)
(-6787.57 0 0)
(-1747.06 0 0)
(6698.34 -0 0)
(5928.94 -0 0)
(9409.88 -0 0)
(21007.2 -0 0)
(17009.4 -0 0)
(22384.3 -0 0)
(13947.5 -0 0)
(1123.17 -0 0)
(5807.37 -0 0)
(1652.42 -0 0)
(-4537.39 0 0)
(-3282.09 0 0)
(-1244.39 0 0)
(-1897.81 0 0)
(-4259.4 0 0)
(-1174.29 0 0)
(-125.182 0 0)
(-5771.14 0 0)
(-32418.2 0 0)
(-51838.8 0 0)
(-41441.3 0 0)
(-31532.5 0 0)
(-1188.52 0 0)
(8095.99 -0 0)
(31428.1 -0 0)
(71686.3 -0 0)
(85924.2 -0 0)
(163932 -0 0)
(234702 -0 0)
(187319 -0 0)
(307502 -0 0)
(310699 -0 0)
(422539 -0 0)
(389509 -0 0)
(271879 -0 0)
(26922.8 -0 0)
(-131260 0 0)
(-110923 0 0)
(-144026 0 0)
(-202702 0 0)
(91090.4 -0 0)
(81535.8 -0 0)
(422893 -0 0)
(329870 -0 0)
(73367.4 -0 0)
(180026 -0 0)
(240999 -0 0)
(298709 -0 0)
(329261 -0 0)
(360254 -0 0)
(307980 -0 0)
(177350 -0 0)
(179196 -0 0)
(167367 -0 0)
(146241 -0 0)
(211373 -0 0)
(228565 -0 0)
(168586 -0 0)
(172191 -0 0)
(101236 -0 0)
(-20283.9 0 0)
(-91899.9 0 0)
(-145164 0 0)
(-220622 0 0)
(-245949 0 0)
(-181580 0 0)
(-153244 0 0)
(-160252 0 0)
(-121837 0 0)
(-107617 0 0)
(-72230.4 0 0)
(-68076.5 0 0)
(-52588.4 0 0)
(-54031.7 0 0)
(-42589.1 0 0)
(-42210.9 0 0)
(-31380.4 0 0)
(-34237.9 0 0)
(-25912.3 0 0)
(-31581.5 0 0)
(-26816 0 0)
(-31659.9 0 0)
(-27929.1 0 0)
(-37011.3 0 0)
(-26948 0 0)
(-28654.3 0 0)
(-21120.1 0 0)
(-22360.4 0 0)
(-16143.5 0 0)
(-14845.7 0 0)
(-8392.38 0 0)
(-11042 0 0)
(-10730.8 0 0)
(-14997.9 0 0)
(-19116.6 0 0)
(-16856.5 0 0)
(-18158.8 0 0)
(-11042 0 0)
(-8747.68 0 0)
(1.90346 -0 0)
(739.97 -0 0)
(1544.87 -0 0)
(14995.8 -0 0)
(17416.9 -0 0)
(22665.4 -0 0)
(11483.3 -0 0)
(13291.3 -0 0)
(-670.214 0 0)
(-1146.87 0 0)
(-3501.78 0 0)
(-3013.34 0 0)
(1148.22 -0 0)
(1398.98 -0 0)
(-3164.29 0 0)
(-145.427 0 0)
(-5634.15 0 0)
(-930.942 0 0)
(-440.892 0 0)
(-24304.6 0 0)
(-41335 0 0)
(-45734.7 0 0)
(-32452.2 0 0)
(-3963.99 0 0)
(16422.3 -0 0)
(24309.4 -0 0)
(67666.5 -0 0)
(78785.2 -0 0)
(137468 -0 0)
(199646 -0 0)
(147525 -0 0)
(303625 -0 0)
(272414 -0 0)
(319279 -0 0)
(289726 -0 0)
(261481 -0 0)
(-228150 0 0)
(-215572 0 0)
(78339.8 -0 0)
(121033 -0 0)
(-129569 0 0)
(118132 -0 0)
(56194.1 -0 0)
(161500 -0 0)
(72509.8 -0 0)
(259261 -0 0)
(370577 -0 0)
(281555 -0 0)
(335388 -0 0)
(387480 -0 0)
(274249 -0 0)
(185405 -0 0)
(197240 -0 0)
(182068 -0 0)
(185644 -0 0)
(61692.7 -0 0)
(205608 -0 0)
(269779 -0 0)
(201631 -0 0)
(188354 -0 0)
(195641 -0 0)
(102009 -0 0)
(32838.4 -0 0)
(-33007.3 0 0)
(-103962 0 0)
(-154000 0 0)
(-180290 0 0)
(-154167 0 0)
(-163202 0 0)
(-158090 0 0)
(-146078 0 0)
(-93618.4 0 0)
(-69676.1 0 0)
(-60718.4 0 0)
(-50021.5 0 0)
(-51293.6 0 0)
(-39737.7 0 0)
(-38671.1 0 0)
(-30631.6 0 0)
(-30981.6 0 0)
(-27096.3 0 0)
(-28726.1 0 0)
(-23575.1 0 0)
(-27694.6 0 0)
(-37466.4 0 0)
(-31054.4 0 0)
(-24173.9 0 0)
(-26685.7 0 0)
(-15900 0 0)
(-21328.7 0 0)
(-10922.2 0 0)
(-11343.2 0 0)
(-7210.63 0 0)
(-10693.2 0 0)
(-12715.3 0 0)
(-18908.8 0 0)
(-18464.6 0 0)
(-16682.5 0 0)
(-11353.3 0 0)
(-5778.19 0 0)
(-2858.63 0 0)
(-4343.75 0 0)
(4377.29 -0 0)
(13571.1 -0 0)
(24212.8 -0 0)
(13474.2 -0 0)
(15257.8 -0 0)
(4484.26 -0 0)
(9560.04 -0 0)
(5111.76 -0 0)
(-832.187 0 0)
(377.21 -0 0)
(3582.11 -0 0)
(-1849.22 0 0)
(1343.33 -0 0)
(-4407.28 0 0)
(-4646.79 0 0)
(-2413.05 0 0)
(-1661.57 0 0)
(-15487.5 0 0)
(-40789.9 0 0)
(-38643.1 0 0)
(-31157.8 0 0)
(-2776.81 0 0)
(9269.9 -0 0)
(30026.9 -0 0)
(55814.8 -0 0)
(67746.5 -0 0)
(112550 -0 0)
(161544 -0 0)
(69746.5 -0 0)
(284716 -0 0)
(127164 -0 0)
(114003 -0 0)
(21649.8 -0 0)
(-34149.7 0 0)
(-260045 0 0)
(97999.6 -0 0)
(273499 -0 0)
(232644 -0 0)
(-148992 0 0)
(122727 -0 0)
(-70948.5 0 0)
(-56226.9 0 0)
(-25896.1 0 0)
(407206 -0 0)
(373194 -0 0)
(328789 -0 0)
(332077 -0 0)
(243066 -0 0)
(172609 -0 0)
(-8333.3 0 0)
(150979 -0 0)
(139822 -0 0)
(185831 -0 0)
(60455.7 -0 0)
(178441 -0 0)
(274858 -0 0)
(233218 -0 0)
(217373 -0 0)
(201477 -0 0)
(145245 -0 0)
(107074 -0 0)
(57841.2 -0 0)
(14180.9 -0 0)
(-50891.4 0 0)
(-94342.5 0 0)
(-121275 0 0)
(-139881 0 0)
(-151493 0 0)
(-143699 0 0)
(-128479 0 0)
(-90329.5 0 0)
(-59287 0 0)
(-55135.7 0 0)
(-48187.1 0 0)
(-47946.2 0 0)
(-33773.6 0 0)
(-39197.3 0 0)
(-27409.5 0 0)
(-33251.2 0 0)
(-24669.2 0 0)
(-24461.3 0 0)
(-33575.8 0 0)
(-29862.3 0 0)
(-22716.2 0 0)
(-28257.9 0 0)
(-25597.5 0 0)
(-16443 0 0)
(-21156.3 0 0)
(-15714.4 0 0)
(-7205.68 0 0)
(-8191.38 0 0)
(-6575.82 0 0)
(-11073.9 0 0)
(-18059.4 0 0)
(-18718.2 0 0)
(-15313.1 0 0)
(-11926.9 0 0)
(-7833.06 0 0)
(-5825.3 0 0)
(-5196.61 0 0)
(3541.11 -0 0)
(20491.8 -0 0)
(17572.9 -0 0)
(18972.7 -0 0)
(5915.98 -0 0)
(12460.4 -0 0)
(2801.16 -0 0)
(950.208 -0 0)
(4253.37 -0 0)
(6750.08 -0 0)
(-139.14 0 0)
(2499.61 -0 0)
(-2840.46 0 0)
(-494.032 0 0)
(-10142.1 0 0)
(-4723.7 0 0)
(966.726 -0 0)
(-12803.9 0 0)
(-28482.1 0 0)
(-40323.9 0 0)
(-27979.4 0 0)
(-12207.8 0 0)
(6300.6 -0 0)
(9882.36 -0 0)
(59783.6 -0 0)
(55555.9 -0 0)
(81151.6 -0 0)
(123116 -0 0)
(29789.4 -0 0)
(302975 -0 0)
(65058.3 -0 0)
(-55747.7 0 0)
(154983 -0 0)
(-419874 0 0)
(-250143 0 0)
(268125 -0 0)
(411408 -0 0)
(298963 -0 0)
(-174709 0 0)
(232013 -0 0)
(-216133 0 0)
(-402153 0 0)
(67672.2 -0 0)
(278802 -0 0)
(361364 -0 0)
(385479 -0 0)
(260889 -0 0)
(76120.5 -0 0)
(188653 -0 0)
(44860.9 -0 0)
(179624 -0 0)
(162785 -0 0)
(181743 -0 0)
(107796 -0 0)
(108675 -0 0)
(163747 -0 0)
(247629 -0 0)
(210752 -0 0)
(191544 -0 0)
(182149 -0 0)
(149324 -0 0)
(119776 -0 0)
(77976.4 -0 0)
(35143.8 -0 0)
(-36006 0 0)
(-66185.7 0 0)
(-87958.2 0 0)
(-119625 0 0)
(-120839 0 0)
(-122035 0 0)
(-105897 0 0)
(-71354.5 0 0)
(-50948.6 0 0)
(-52831.5 0 0)
(-48017.7 0 0)
(-34642.4 0 0)
(-39137.3 0 0)
(-30193.3 0 0)
(-33036.8 0 0)
(-28351.7 0 0)
(-30858.1 0 0)
(-24883.3 0 0)
(-21810.3 0 0)
(-26466.8 0 0)
(-21404.2 0 0)
(-19520.7 0 0)
(-22273.2 0 0)
(-16176.4 0 0)
(-12400.5 0 0)
(-10320.2 0 0)
(-3346.59 0 0)
(-5420.15 0 0)
(-5983.22 0 0)
(-17919.7 0 0)
(-18776.2 0 0)
(-15422.4 0 0)
(-11795.4 0 0)
(-8002.45 0 0)
(-8563.12 0 0)
(-7307.82 0 0)
(9817.52 -0 0)
(15250.4 -0 0)
(15355.6 -0 0)
(23416.2 -0 0)
(12820 -0 0)
(6869.86 -0 0)
(11214.5 -0 0)
(4584.6 -0 0)
(9717.24 -0 0)
(3992.61 -0 0)
(4930.45 -0 0)
(-949.509 0 0)
(1483.3 -0 0)
(-5821.95 0 0)
(-8863.14 0 0)
(-5013.64 0 0)
(4869.88 -0 0)
(-9799.02 0 0)
(-25340.4 0 0)
(-30172.4 0 0)
(-31247.5 0 0)
(-15586.8 0 0)
(-5402.85 0 0)
(2459.94 -0 0)
(46621.1 -0 0)
(54560.1 -0 0)
(52425.6 -0 0)
(100528 -0 0)
(16000.3 -0 0)
(290282 -0 0)
(67435.4 -0 0)
(-182944 0 0)
(-127043 0 0)
(-160112 0 0)
(148921 -0 0)
(439574 -0 0)
(428013 -0 0)
(309922 -0 0)
(-108719 0 0)
(211288 -0 0)
(-19314.7 0 0)
(-197903 0 0)
(98805.4 -0 0)
(329148 -0 0)
(381804 -0 0)
(324605 -0 0)
(129244 -0 0)
(27001.4 -0 0)
(193885 -0 0)
(68529.5 -0 0)
(165979 -0 0)
(226968 -0 0)
(238511 -0 0)
(68555.8 -0 0)
(92343.6 -0 0)
(-31473.6 0 0)
(129177 -0 0)
(216534 -0 0)
(158390 -0 0)
(151008 -0 0)
(159690 -0 0)
(127948 -0 0)
(108000 -0 0)
(75056.1 -0 0)
(26777.4 -0 0)
(-28801.2 0 0)
(-42854.4 0 0)
(-53563.1 0 0)
(-80248.6 0 0)
(-89965.4 0 0)
(-94866.2 0 0)
(-77975.8 0 0)
(-53198 0 0)
(-48122.6 0 0)
(-38399.6 0 0)
(-42329.4 0 0)
(-35762.2 0 0)
(-37420.6 0 0)
(-29257 0 0)
(-32120.3 0 0)
(-28634.9 0 0)
(-29979.4 0 0)
(-26448.6 0 0)
(-22580.5 0 0)
(-26035.9 0 0)
(-25286.5 0 0)
(-19000.3 0 0)
(-21574.1 0 0)
(-18317.8 0 0)
(-6850.75 0 0)
(-3625.2 0 0)
(1330.63 -0 0)
(-3451.39 0 0)
(-14912.6 0 0)
(-20296 0 0)
(-15336.2 0 0)
(-11758 0 0)
(-9518.49 0 0)
(-11563.9 0 0)
(-2862.83 0 0)
(9894.93 -0 0)
(23743.6 -0 0)
(23083.4 -0 0)
(20553.2 -0 0)
(5315.9 -0 0)
(14510.6 -0 0)
(7895.38 -0 0)
(10127.6 -0 0)
(7432.13 -0 0)
(9353.3 -0 0)
(2722.41 -0 0)
(3622.55 -0 0)
(-4405.29 0 0)
(73.6821 -0 0)
(-10712.9 0 0)
(-4760.92 0 0)
(9268.72 -0 0)
(-2818.89 0 0)
(-25878 0 0)
(-34076.6 0 0)
(-23382.5 0 0)
(-15983.7 0 0)
(-9437.32 0 0)
(-13924.6 0 0)
(40899.6 -0 0)
(50047.4 -0 0)
(32927.8 -0 0)
(78111.7 -0 0)
(6817.07 -0 0)
(243035 -0 0)
(33074.9 -0 0)
(-3200.91 0 0)
(-399010 0 0)
(128561 -0 0)
(398768 -0 0)
(432557 -0 0)
(301338 -0 0)
(430178 -0 0)
(-9407.96 0 0)
(148305 -0 0)
(84334.8 -0 0)
(188281 -0 0)
(217448 -0 0)
(307278 -0 0)
(346244 -0 0)
(237998 -0 0)
(121136 -0 0)
(2283.08 -0 0)
(178508 -0 0)
(8319.36 -0 0)
(177562 -0 0)
(199757 -0 0)
(179217 -0 0)
(35650.1 -0 0)
(13700.7 -0 0)
(-238494 0 0)
(-188994 0 0)
(81932.1 -0 0)
(83912.9 -0 0)
(129975 -0 0)
(164725 -0 0)
(129678 -0 0)
(100652 -0 0)
(107401 -0 0)
(69874.9 -0 0)
(21147 -0 0)
(-10037.6 0 0)
(-23754.9 0 0)
(-23792.9 0 0)
(-54541.1 0 0)
(-60758.2 0 0)
(-71760.5 0 0)
(-49428.9 0 0)
(-37550.7 0 0)
(-41033.8 0 0)
(-38350.3 0 0)
(-40033.1 0 0)
(-39456.7 0 0)
(-31461.1 0 0)
(-28084.4 0 0)
(-31680.5 0 0)
(-26201.9 0 0)
(-23018.8 0 0)
(-25020.6 0 0)
(-20221.1 0 0)
(-23373.4 0 0)
(-21448 0 0)
(-17437.8 0 0)
(-18040.5 0 0)
(-11145.8 0 0)
(2411.15 -0 0)
(1561.75 -0 0)
(7364.98 -0 0)
(-15370.7 0 0)
(-18801.4 0 0)
(-17581.7 0 0)
(-11563.9 0 0)
(-12803.7 0 0)
(-9727.31 0 0)
(-2037.78 0 0)
(18327.4 -0 0)
(25798.2 -0 0)
(14664.9 -0 0)
(10026.5 -0 0)
(15159.1 -0 0)
(9434.18 -0 0)
(13081.9 -0 0)
(7974.93 -0 0)
(11718.7 -0 0)
(7467.51 -0 0)
(8542.25 -0 0)
(-1235.7 0 0)
(-5254.34 0 0)
(-1104.54 0 0)
(-7520.71 0 0)
(-7462.53 0 0)
(10899.4 -0 0)
(6438.28 -0 0)
(-15643.8 0 0)
(-22242.8 0 0)
(-26679.4 0 0)
(-22887.7 0 0)
(-16299.7 0 0)
(-21057.4 0 0)
(20048.5 -0 0)
(40956.4 -0 0)
(24372.8 -0 0)
(45409.4 -0 0)
(6353.44 -0 0)
(143237 -0 0)
(-158888 0 0)
(-142968 0 0)
(-51586.1 0 0)
(159728 -0 0)
(450016 -0 0)
(584481 -0 0)
(248493 -0 0)
(196492 -0 0)
(125082 -0 0)
(117391 -0 0)
(174577 -0 0)
(364242 -0 0)
(308935 -0 0)
(281987 -0 0)
(297523 -0 0)
(230594 -0 0)
(151019 -0 0)
(10623.1 -0 0)
(90695.5 -0 0)
(-17110.5 0 0)
(214224 -0 0)
(182030 -0 0)
(88592 -0 0)
(-37390.1 0 0)
(-120185 0 0)
(-324784 0 0)
(-241659 0 0)
(42039.5 -0 0)
(53835 -0 0)
(175647 -0 0)
(213509 -0 0)
(104931 -0 0)
(103104 -0 0)
(95121.3 -0 0)
(92157.2 -0 0)
(45665.2 -0 0)
(25907.2 -0 0)
(13503.4 -0 0)
(814.593 -0 0)
(-3174.74 0 0)
(-21138 0 0)
(-40695.3 0 0)
(-45767.1 0 0)
(-38376.8 0 0)
(-35627.8 0 0)
(-38740.7 0 0)
(-34210.7 0 0)
(-35454.3 0 0)
(-23853.7 0 0)
(-27966 0 0)
(-28697.5 0 0)
(-30918.7 0 0)
(-25927.3 0 0)
(-21034.2 0 0)
(-21916.8 0 0)
(-17917.3 0 0)
(-17176.6 0 0)
(-19955.6 0 0)
(-14097.8 0 0)
(-10576.4 0 0)
(2859.97 -0 0)
(6453.17 -0 0)
(10835.5 -0 0)
(-7595.51 0 0)
(-21056.8 0 0)
(-16384 0 0)
(-14626.6 0 0)
(-10148.9 0 0)
(-11147.4 0 0)
(5121.92 -0 0)
(14476.9 -0 0)
(17296.4 -0 0)
(9719.51 -0 0)
(13893.5 -0 0)
(8524.85 -0 0)
(16017.6 -0 0)
(9878.38 -0 0)
(11916.6 -0 0)
(9732.14 -0 0)
(12972 -0 0)
(7464.48 -0 0)
(7749.39 -0 0)
(-751.102 0 0)
(-7544.52 0 0)
(-12227.6 0 0)
(-9272.64 0 0)
(14072.1 -0 0)
(9162.17 -0 0)
(-7358.67 0 0)
(-23761.1 0 0)
(-24183.6 0 0)
(-23431 0 0)
(-31741 0 0)
(-37024.5 0 0)
(5089.36 -0 0)
(19306.8 -0 0)
(28598.1 -0 0)
(19412.1 -0 0)
(-8937.44 0 0)
(48748.5 -0 0)
(-285766 0 0)
(-252483 0 0)
(102405 -0 0)
(158364 -0 0)
(462551 -0 0)
(405153 -0 0)
(235738 -0 0)
(378028 -0 0)
(334009 -0 0)
(198428 -0 0)
(323835 -0 0)
(403887 -0 0)
(372473 -0 0)
(312020 -0 0)
(256661 -0 0)
(196188 -0 0)
(156937 -0 0)
(-1365.86 0 0)
(-36755.2 0 0)
(-58632.5 0 0)
(159770 -0 0)
(135127 -0 0)
(19852.1 -0 0)
(19923.7 -0 0)
(-213.867 0 0)
(-179536 0 0)
(-202160 0 0)
(-68252.4 0 0)
(29237.3 -0 0)
(61177.9 -0 0)
(133150 -0 0)
(100457 -0 0)
(83938.9 -0 0)
(92975.7 -0 0)
(91134.7 -0 0)
(63601 -0 0)
(52689 -0 0)
(45647.2 -0 0)
(35895.2 -0 0)
(15728.4 -0 0)
(12494.8 -0 0)
(-23880.4 0 0)
(-29480 0 0)
(-30710.4 0 0)
(-33387.1 0 0)
(-34249.1 0 0)
(-35345.1 0 0)
(-29994 0 0)
(-28254.8 0 0)
(-23681.4 0 0)
(-30492.3 0 0)
(-29606.8 0 0)
(-22769.9 0 0)
(-23427.6 0 0)
(-18795.8 0 0)
(-20707.7 0 0)
(-17881.2 0 0)
(-17089.9 0 0)
(-18851.6 0 0)
(-7663.4 0 0)
(-297.522 0 0)
(16722.7 -0 0)
(8844.68 -0 0)
(4487.54 -0 0)
(-16528.9 0 0)
(-19435.3 0 0)
(-12838.1 0 0)
(-13732.1 0 0)
(-4974.29 0 0)
(5907.13 -0 0)
(18312 -0 0)
(12898.3 -0 0)
(12768.5 -0 0)
(7034.07 -0 0)
(16082.6 -0 0)
(12866.6 -0 0)
(14961.2 -0 0)
(9861.78 -0 0)
(13559.4 -0 0)
(10885.5 -0 0)
(13163.6 -0 0)
(3447.25 -0 0)
(-3958.37 0 0)
(-4412.13 0 0)
(-11623.6 0 0)
(-10862.2 0 0)
(15868.2 -0 0)
(11455.7 -0 0)
(3334.47 -0 0)
(-14696.4 0 0)
(-30533.2 0 0)
(-33641 0 0)
(-41949.1 0 0)
(-43105.4 0 0)
(-25685 0 0)
(3173.7 -0 0)
(20042.4 -0 0)
(-24579 0 0)
(-34451.3 0 0)
(-45881.3 0 0)
(-238957 0 0)
(-1136.78 0 0)
(106939 -0 0)
(-9824.21 0 0)
(379115 -0 0)
(330713 -0 0)
(241333 -0 0)
(386351 -0 0)
(442029 -0 0)
(382022 -0 0)
(410400 -0 0)
(422994 -0 0)
(377730 -0 0)
(321482 -0 0)
(255379 -0 0)
(203830 -0 0)
(145860 -0 0)
(-3987.96 0 0)
(-152167 0 0)
(-195044 0 0)
(145660 -0 0)
(95030.2 -0 0)
(-81062 0 0)
(64730.8 -0 0)
(751.92 -0 0)
(-151579 0 0)
(-67130.4 0 0)
(42840.6 -0 0)
(117106 -0 0)
(15071.6 -0 0)
(27546.9 -0 0)
(91677.8 -0 0)
(64523.6 -0 0)
(82131.4 -0 0)
(82979.5 -0 0)
(69522.7 -0 0)
(56906.7 -0 0)
(59173.7 -0 0)
(42990.3 -0 0)
(38152.3 -0 0)
(20211.6 -0 0)
(-6090.98 0 0)
(-9718.41 0 0)
(-21855.9 0 0)
(-25874.9 0 0)
(-32284.6 0 0)
(-31691 0 0)
(-31053.4 0 0)
(-25031 0 0)
(-22745.6 0 0)
(-28174 0 0)
(-23858.6 0 0)
(-24719.9 0 0)
(-20239.8 0 0)
(-20773.8 0 0)
(-17910.7 0 0)
(-20663.2 0 0)
(-18176.8 0 0)
(-18921.4 0 0)
(-12461.3 0 0)
(3567.15 -0 0)
(10269.1 -0 0)
(19750.3 -0 0)
(3624.86 -0 0)
(-6958.61 0 0)
(-16464 0 0)
(-17631.8 0 0)
(-6897.62 0 0)
(-3572.86 0 0)
(13073.8 -0 0)
(14064.9 -0 0)
(15642.6 -0 0)
(7753.8 -0 0)
(13122.6 -0 0)
(8814.16 -0 0)
(19313 -0 0)
(12597.4 -0 0)
(13196.7 -0 0)
(11184.5 -0 0)
(15656 -0 0)
(10357.2 -0 0)
(11897.3 -0 0)
(921.187 -0 0)
(-5711.73 0 0)
(-8984.87 0 0)
(-11709.3 0 0)
(16593.9 -0 0)
(17082.7 -0 0)
(6210.42 -0 0)
(-14434.5 0 0)
(-27915.8 0 0)
(-42001.6 0 0)
(-54970.3 0 0)
(-56382.3 0 0)
(-48939.6 0 0)
(-24188.7 0 0)
(16951.4 -0 0)
(-58056.8 0 0)
(-77861.3 0 0)
(-126754 0 0)
(-439098 0 0)
(40409.3 -0 0)
(-135104 0 0)
(-1614.27 0 0)
(360467 -0 0)
(289798 -0 0)
(279129 -0 0)
(427462 -0 0)
(443878 -0 0)
(454271 -0 0)
(429810 -0 0)
(402692 -0 0)
(371813 -0 0)
(302848 -0 0)
(242835 -0 0)
(177817 -0 0)
(125397 -0 0)
(8223.97 -0 0)
(-147896 0 0)
(-244876 0 0)
(42446.8 -0 0)
(-58683 0 0)
(-196940 0 0)
(101933 -0 0)
(-23739.9 0 0)
(-179776 0 0)
(78373 -0 0)
(116954 -0 0)
(129213 -0 0)
(-37602.4 0 0)
(-73588.3 0 0)
(-5981.09 0 0)
(33559.5 -0 0)
(72040.5 -0 0)
(55591 -0 0)
(57205.3 -0 0)
(57137 -0 0)
(58900.1 -0 0)
(52938.8 -0 0)
(38891.7 -0 0)
(24151 -0 0)
(13685.3 -0 0)
(2897.8 -0 0)
(-17116.4 0 0)
(-18395.3 0 0)
(-27047 0 0)
(-30100.6 0 0)
(-29954.6 0 0)
(-25868.4 0 0)
(-26252.4 0 0)
(-22817.6 0 0)
(-23840.1 0 0)
(-21425.8 0 0)
(-21798 0 0)
(-17695.3 0 0)
(-19406.2 0 0)
(-17478.3 0 0)
(-20680.3 0 0)
(-15006.9 0 0)
(-13463.9 0 0)
(-4293.73 0 0)
(19072.6 -0 0)
(12928.3 -0 0)
(11710.4 -0 0)
(-5744.36 0 0)
(-8382.97 0 0)
(-15724 0 0)
(-10391 0 0)
(6308.23 -0 0)
(10795.4 -0 0)
(17103.3 -0 0)
(11323.2 -0 0)
(13004.9 -0 0)
(14104.9 -0 0)
(9697.55 -0 0)
(18455.9 -0 0)
(17410.2 -0 0)
(10703.5 -0 0)
(14230.2 -0 0)
(11926.8 -0 0)
(14710.8 -0 0)
(10717.5 -0 0)
(368.366 -0 0)
(-5427.67 0 0)
(-8117.27 0 0)
(-11920.1 0 0)
(19675.3 -0 0)
(20437.1 -0 0)
(8576.38 -0 0)
(-7381.07 0 0)
(-34405.5 0 0)
(-56441.6 0 0)
(-69603.1 0 0)
(-64327.6 0 0)
(-85648.1 0 0)
(-51557.7 0 0)
(11820.8 -0 0)
(-85690.7 0 0)
(-92034.3 0 0)
(-208610 0 0)
(-491406 0 0)
(201818 -0 0)
(-153625 0 0)
(-91519.1 0 0)
(240872 -0 0)
(240347 -0 0)
(322659 -0 0)
(408831 -0 0)
(441885 -0 0)
(436503 -0 0)
(413244 -0 0)
(353253 -0 0)
(333668 -0 0)
(269701 -0 0)
(197957 -0 0)
(144868 -0 0)
(82467.6 -0 0)
(32261.5 -0 0)
(-227304 0 0)
(-245612 0 0)
(-79932.8 0 0)
(-211191 0 0)
(-241651 0 0)
(109739 -0 0)
(-128117 0 0)
(-82794.3 0 0)
(174253 -0 0)
(142215 -0 0)
(91925.1 -0 0)
(-39041.5 0 0)
(-121230 0 0)
(-48619.6 0 0)
(58894 -0 0)
(61635.6 -0 0)
(39909.6 -0 0)
(45293.5 -0 0)
(58048.8 -0 0)
(64258.8 -0 0)
(52715 -0 0)
(37989.7 -0 0)
(31996.6 -0 0)
(14810.7 -0 0)
(8729.11 -0 0)
(-7905.34 0 0)
(-12520.3 0 0)
(-21515.5 0 0)
(-26786.1 0 0)
(-28887.8 0 0)
(-29131.9 0 0)
(-22520.3 0 0)
(-21967.6 0 0)
(-20904.1 0 0)
(-22040.6 0 0)
(-18677.4 0 0)
(-18718.3 0 0)
(-16588.4 0 0)
(-18162.3 0 0)
(-17541.9 0 0)
(-17391.5 0 0)
(-10653.4 0 0)
(-8342.62 0 0)
(11076.6 -0 0)
(20815.3 -0 0)
(7589.96 -0 0)
(2791.62 -0 0)
(-9005.37 0 0)
(-6037.74 0 0)
(-8592 0 0)
(5297.59 -0 0)
(15295.3 -0 0)
(13302 -0 0)
(12603.2 -0 0)
(12811.9 -0 0)
(7014.03 -0 0)
(15124.1 -0 0)
(12928.1 -0 0)
(16505.6 -0 0)
(12918.5 -0 0)
(11329.1 -0 0)
(15143.9 -0 0)
(7863.62 -0 0)
(4913.14 -0 0)
(-1356.55 0 0)
(-5795.72 0 0)
(-7658.17 0 0)
(-10671.8 0 0)
(19560.5 -0 0)
(25337.4 -0 0)
(14032.9 -0 0)
(-5944.41 0 0)
(-37664.9 0 0)
(-62180.6 0 0)
(-87891.3 0 0)
(-79232.9 0 0)
(-136518 0 0)
(-75697.3 0 0)
(7829.41 -0 0)
(-137953 0 0)
(-73374.2 0 0)
(-282021 0 0)
(-362243 0 0)
(209758 -0 0)
(50410.3 -0 0)
(205.413 -0 0)
(118935 -0 0)
(149745 -0 0)
(300527 -0 0)
(393786 -0 0)
(409097 -0 0)
(384760 -0 0)
(369357 -0 0)
(322092 -0 0)
(274302 -0 0)
(226414 -0 0)
(154972 -0 0)
(97877.9 -0 0)
(45440.7 -0 0)
(-16301.2 0 0)
(-239192 0 0)
(-215340 0 0)
(-126073 0 0)
(-269121 0 0)
(-228390 0 0)
(102855 -0 0)
(-119739 0 0)
(5963.83 -0 0)
(224776 -0 0)
(135376 -0 0)
(11399.9 -0 0)
(-9752.61 0 0)
(-24595.8 0 0)
(-115836 0 0)
(30536.7 -0 0)
(20235.4 -0 0)
(2188.92 -0 0)
(46039.3 -0 0)
(62751.3 -0 0)
(68217.6 -0 0)
(51418.7 -0 0)
(43911.9 -0 0)
(29816.7 -0 0)
(22168.1 -0 0)
(6445.98 -0 0)
(-1205.61 0 0)
(-11287.9 0 0)
(-16119 0 0)
(-25720.8 0 0)
(-26379.6 0 0)
(-28744.8 0 0)
(-21411.3 0 0)
(-19619.7 0 0)
(-19967.2 0 0)
(-19010.6 0 0)
(-18967.5 0 0)
(-15550.8 0 0)
(-17750.4 0 0)
(-14445.3 0 0)
(-18683.2 0 0)
(-14058 0 0)
(-15238.8 0 0)
(-1634.07 0 0)
(4673.68 -0 0)
(9950.96 -0 0)
(15102.4 -0 0)
(2471.83 -0 0)
(-1959.4 0 0)
(-5852.4 0 0)
(3901.27 -0 0)
(4755.37 -0 0)
(10768.4 -0 0)
(14403.5 -0 0)
(5280.56 -0 0)
(6433.37 -0 0)
(11450.2 -0 0)
(10616.9 -0 0)
(15920.9 -0 0)
(12773.1 -0 0)
(9607.9 -0 0)
(13688.4 -0 0)
(10365.6 -0 0)
(9501.08 -0 0)
(-523.582 0 0)
(-2777.64 0 0)
(-4979.3 0 0)
(-5131.51 0 0)
(-11390.6 0 0)
(19488.3 -0 0)
(30372 -0 0)
(19469.8 -0 0)
(-3018.21 0 0)
(-38128.5 0 0)
(-75636.8 0 0)
(-104738 0 0)
(-93291.8 0 0)
(-197417 0 0)
(-111743 0 0)
(-6115.22 0 0)
(-143915 0 0)
(-67192.4 0 0)
(-311032 0 0)
(-136391 0 0)
(221119 -0 0)
(110042 -0 0)
(59100.3 -0 0)
(20562 -0 0)
(94373.3 -0 0)
(279384 -0 0)
(359425 -0 0)
(341921 -0 0)
(313085 -0 0)
(287690 -0 0)
(257749 -0 0)
(218845 -0 0)
(156677 -0 0)
(99447.7 -0 0)
(58618.8 -0 0)
(-4297.49 0 0)
(-62189.7 0 0)
(-128439 0 0)
(-47829.8 0 0)
(-54743.6 0 0)
(-116627 0 0)
(-66053.6 0 0)
(127463 -0 0)
(-73824.4 0 0)
(76517.3 -0 0)
(201555 -0 0)
(42244.2 -0 0)
(-83305.3 0 0)
(-30125.8 0 0)
(-64845.6 0 0)
(-132670 0 0)
(-27124.5 0 0)
(-43479.3 0 0)
(-9095.7 0 0)
(36574.9 -0 0)
(66046.2 -0 0)
(64463.8 -0 0)
(56227.3 -0 0)
(40908.2 -0 0)
(33781.9 -0 0)
(19672.5 -0 0)
(11884.5 -0 0)
(-2730.97 0 0)
(-13800.7 0 0)
(-16876.6 0 0)
(-24232.8 0 0)
(-24993.5 0 0)
(-25753.2 0 0)
(-20175.9 0 0)
(-18054.3 0 0)
(-17472 0 0)
(-17853.2 0 0)
(-16036.8 0 0)
(-15360.1 0 0)
(-15480.1 0 0)
(-14059.9 0 0)
(-15176 0 0)
(-15994.8 0 0)
(-10999 0 0)
(-1426.22 0 0)
(17566.5 -0 0)
(18518.9 -0 0)
(10948.4 -0 0)
(9239.13 -0 0)
(-3056.18 0 0)
(2430.85 -0 0)
(2479.95 -0 0)
(12772.1 -0 0)
(7686.5 -0 0)
(12216.5 -0 0)
(-408.511 0 0)
(6627.3 -0 0)
(6347.54 -0 0)
(14054.8 -0 0)
(12357.5 -0 0)
(8470.22 -0 0)
(11134 -0 0)
(10263.2 -0 0)
(13771.1 -0 0)
(4556.65 -0 0)
(-316.094 0 0)
(-3032.93 0 0)
(-7424.28 0 0)
(-6523.35 0 0)
(-5971.53 0 0)
(20509.6 -0 0)
(36925.2 -0 0)
(25939.2 -0 0)
(1767.36 -0 0)
(-42678.3 0 0)
(-85392.1 0 0)
(-121607 0 0)
(-105488 0 0)
(-233805 0 0)
(-151288 0 0)
(-43843.7 0 0)
(-143944 0 0)
(-109104 0 0)
(-330863 0 0)
(-64552.3 0 0)
(132441 -0 0)
(133979 -0 0)
(110780 -0 0)
(34521.8 -0 0)
(128723 -0 0)
(264615 -0 0)
(311514 -0 0)
(274146 -0 0)
(232175 -0 0)
(215487 -0 0)
(165108 -0 0)
(140481 -0 0)
(95520.4 -0 0)
(28785.6 -0 0)
(11924.7 -0 0)
(-36480 0 0)
(-109580 0 0)
(-18646.9 0 0)
(61288.1 -0 0)
(29287.3 -0 0)
(-51128.4 0 0)
(43553.2 -0 0)
(130146 -0 0)
(-18941.7 0 0)
(120082 -0 0)
(160850 -0 0)
(10099.1 -0 0)
(-25930.3 0 0)
(35127.2 -0 0)
(-14496.7 0 0)
(-85781 0 0)
(-207518 0 0)
(-78203.3 0 0)
(-18690.9 0 0)
(39834.6 -0 0)
(62127.8 -0 0)
(65521.9 -0 0)
(52210.4 -0 0)
(43755.7 -0 0)
(29478.6 -0 0)
(23635.6 -0 0)
(7640.53 -0 0)
(-8562.94 0 0)
(-11481.3 0 0)
(-19709.1 0 0)
(-20131.5 0 0)
(-24160.2 0 0)
(-22747.8 0 0)
(-17771.6 0 0)
(-17057 0 0)
(-14707 0 0)
(-14421.9 0 0)
(-14843.9 0 0)
(-11970.1 0 0)
(-11293.8 0 0)
(-10090.4 0 0)
(-15294.7 0 0)
(-12850.2 0 0)
(-15377.6 0 0)
(4067.3 -0 0)
(8004.53 -0 0)
(7609.69 -0 0)
(18367.7 -0 0)
(8027.7 -0 0)
(3329.22 -0 0)
(656.509 -0 0)
(13098.2 -0 0)
(8458.59 -0 0)
(9921.56 -0 0)
(4065.99 -0 0)
(-1963.89 0 0)
(1731.32 -0 0)
(9198.4 -0 0)
(10389.5 -0 0)
(7643.26 -0 0)
(9871.55 -0 0)
(7259.26 -0 0)
(11922.9 -0 0)
(9612.34 -0 0)
(5197.97 -0 0)
(-929.52 0 0)
(-6131.03 0 0)
(-5615.62 0 0)
(-3066.2 0 0)
(-6911.6 0 0)
(21081.4 -0 0)
(42884.1 -0 0)
(34454.6 -0 0)
(10563.8 -0 0)
(-35089.7 0 0)
(-87297.3 0 0)
(-125883 0 0)
(-121391 0 0)
(-243686 0 0)
(-218528 0 0)
(-117479 0 0)
(-187409 0 0)
(-132634 0 0)
(-277179 0 0)
(-45903.4 0 0)
(-7335.79 0 0)
(123580 -0 0)
(131961 -0 0)
(56971.6 -0 0)
(132072 -0 0)
(222855 -0 0)
(244104 -0 0)
(167220 -0 0)
(132835 -0 0)
(128137 -0 0)
(86168.8 -0 0)
(52010.5 -0 0)
(38337.1 -0 0)
(-19784.5 0 0)
(-28240.5 0 0)
(-81721.7 0 0)
(-106317 0 0)
(42075.2 -0 0)
(78376.2 -0 0)
(23844.5 -0 0)
(17624.9 -0 0)
(96008.8 -0 0)
(102783 -0 0)
(44142 -0 0)
(148798 -0 0)
(132222 -0 0)
(17298.9 -0 0)
(-22626.3 0 0)
(62515.3 -0 0)
(54510.5 -0 0)
(-49960.6 0 0)
(-149707 0 0)
(-68010.9 0 0)
(-18642.9 0 0)
(34853.7 -0 0)
(63572.9 -0 0)
(60731.8 -0 0)
(54108.2 -0 0)
(40362.5 -0 0)
(32126.2 -0 0)
(18999.6 -0 0)
(4176.18 -0 0)
(-3349.41 0 0)
(-16381.2 0 0)
(-15996 0 0)
(-22149.1 0 0)
(-19921.2 0 0)
(-22298 0 0)
(-16363.4 0 0)
(-15486.2 0 0)
(-11201.9 0 0)
(-10955 0 0)
(-11467.9 0 0)
(-10966.1 0 0)
(-7383.36 0 0)
(-8488.3 0 0)
(-11237.6 0 0)
(-14880.5 0 0)
(-10425.3 0 0)
(3399.34 -0 0)
(14026.1 -0 0)
(13401.8 -0 0)
(14183.7 -0 0)
(13869.5 -0 0)
(2381.17 -0 0)
(5586.96 -0 0)
(7002.39 -0 0)
(12131.3 -0 0)
(3181.91 -0 0)
(117.072 -0 0)
(-7249.33 0 0)
(539.065 -0 0)
(4508.53 -0 0)
(4612.04 -0 0)
(8275.82 -0 0)
(5889.15 -0 0)
(7513.22 -0 0)
(8294.56 -0 0)
(12904.4 -0 0)
(1362.75 -0 0)
(-1899.19 0 0)
(-5835.56 0 0)
(-8573.78 0 0)
(-4847.73 0 0)
(-2398.18 0 0)
(22908.8 -0 0)
(48563.6 -0 0)
(43617.7 -0 0)
(20586.1 -0 0)
(-21326.8 0 0)
(-74870.8 0 0)
(-120665 0 0)
(-134090 0 0)
(-248337 0 0)
(-294467 0 0)
(-322249 0 0)
(-215886 0 0)
(-174356 0 0)
(-176829 0 0)
(-297.749 0 0)
(-189595 0 0)
(-36200.4 0 0)
(95168.1 -0 0)
(7237.71 -0 0)
(80110.3 -0 0)
(164427 -0 0)
(129777 -0 0)
(12501.1 -0 0)
(38650.3 -0 0)
(43675 -0 0)
(11922.6 -0 0)
(-12718.3 0 0)
(-13807.3 0 0)
(-55419.9 0 0)
(-42292.6 0 0)
(-89699.4 0 0)
(-85313.5 0 0)
(82853.5 -0 0)
(84306.8 -0 0)
(41509 -0 0)
(55838.2 -0 0)
(122264 -0 0)
(90206.4 -0 0)
(100567 -0 0)
(153730 -0 0)
(124752 -0 0)
(35634.7 -0 0)
(-13492.3 0 0)
(72715.9 -0 0)
(66113.3 -0 0)
(-12691.9 0 0)
(-86427.7 0 0)
(-70959.4 0 0)
(-5131.57 0 0)
(38074.3 -0 0)
(49836.6 -0 0)
(56059 -0 0)
(49221.1 -0 0)
(41796.8 -0 0)
(27418 -0 0)
(20662.3 -0 0)
(9204.61 -0 0)
(-8769.62 0 0)
(-12243.9 0 0)
(-20010.4 0 0)
(-18297.6 0 0)
(-20139.2 0 0)
(-18084.2 0 0)
(-15983.3 0 0)
(-12258.9 0 0)
(-7867.34 0 0)
(-7742.16 0 0)
(-8590.06 0 0)
(-8177.63 0 0)
(-6079.18 0 0)
(-4057.5 0 0)
(-10322.7 0 0)
(-11144 0 0)
(-12741.5 0 0)
(7233.07 -0 0)
(4897.32 -0 0)
(2102.57 -0 0)
(19829.1 -0 0)
(9757.51 -0 0)
(8427.37 -0 0)
(-1819.06 0 0)
(13412.9 -0 0)
(4566.86 -0 0)
(1431.71 -0 0)
(-7295.44 0 0)
(-11923 0 0)
(-3448.22 0 0)
(2225.26 -0 0)
(2698.13 -0 0)
(5833.66 -0 0)
(5570.73 -0 0)
(3063.6 -0 0)
(9374.25 -0 0)
(9235.07 -0 0)
(-3390.32 0 0)
(-3258.68 0 0)
(-4322.64 0 0)
(-6643.54 0 0)
(-792.151 0 0)
(-3929.74 0 0)
(26961.6 -0 0)
(54373.8 -0 0)
(54198.6 -0 0)
(29755 -0 0)
(-8246.43 0 0)
(-59162.7 0 0)
(-108430 0 0)
(-131889 0 0)
(-261893 0 0)
(-320105 0 0)
(-337105 0 0)
(-216633 0 0)
(-183110 0 0)
(-126587 0 0)
(94945.4 -0 0)
(-430895 0 0)
(-224173 0 0)
(-49565.6 0 0)
(-106223 0 0)
(-19239 0 0)
(78731.2 -0 0)
(-84717.1 0 0)
(-217330 0 0)
(-43297.6 0 0)
(-30900.1 0 0)
(-80170.9 0 0)
(-81733.8 0 0)
(-41366.3 0 0)
(-92141.5 0 0)
(-45873.9 0 0)
(-101678 0 0)
(-47995.5 0 0)
(93627.2 -0 0)
(94533.2 -0 0)
(74689.2 -0 0)
(80836.9 -0 0)
(114440 -0 0)
(88883.3 -0 0)
(125096 -0 0)
(174194 -0 0)
(133817 -0 0)
(26718 -0 0)
(4674.69 -0 0)
(78725 -0 0)
(69329.1 -0 0)
(-9507.07 0 0)
(-30031.8 0 0)
(-54968.1 0 0)
(-31192.3 0 0)
(39042.1 -0 0)
(54986.1 -0 0)
(43148.2 -0 0)
(36470 -0 0)
(38027.3 -0 0)
(22473.1 -0 0)
(19512.5 -0 0)
(4026.36 -0 0)
(-5625.31 0 0)
(-17375.2 0 0)
(-15035 0 0)
(-22222.4 0 0)
(-13796.5 0 0)
(-18150.6 0 0)
(-16076.2 0 0)
(-7079.97 0 0)
(-5646.7 0 0)
(-3203.52 0 0)
(-5899.84 0 0)
(-5208 0 0)
(-2760.76 0 0)
(-1823.28 0 0)
(-5602.49 0 0)
(-11965.8 0 0)
(-9297.74 0 0)
(4461.62 -0 0)
(8014.64 -0 0)
(768.249 -0 0)
(14770.5 -0 0)
(12550.1 -0 0)
(8007.21 -0 0)
(-1607.45 0 0)
(2426.29 -0 0)
(4299.41 -0 0)
(-6698.79 0 0)
(-9733.1 0 0)
(-13324.1 0 0)
(-7492.51 0 0)
(-1826.18 0 0)
(977.656 -0 0)
(2210.88 -0 0)
(1797.38 -0 0)
(1239.65 -0 0)
(4865.58 -0 0)
(4173.81 -0 0)
(-6975.07 0 0)
(-5791.49 0 0)
(-2888.7 0 0)
(-2990.06 0 0)
(-1569.02 0 0)
(-928.337 0 0)
(28977.8 -0 0)
(61187.4 -0 0)
(64754.8 -0 0)
(42047.7 -0 0)
(6814.44 -0 0)
(-39052.7 0 0)
(-93470.2 0 0)
(-123150 0 0)
(-231543 0 0)
(-314009 0 0)
(-307432 0 0)
(-232761 0 0)
(-136284 0 0)
(-142060 0 0)
(42979.5 -0 0)
(-435459 0 0)
(-312658 0 0)
(-266836 0 0)
(-225029 0 0)
(-106792 0 0)
(-75957.5 0 0)
(-322953 0 0)
(-244926 0 0)
(-19011.4 0 0)
(-32025 0 0)
(-133505 0 0)
(-172929 0 0)
(-70544.1 0 0)
(-114914 0 0)
(-54974.3 0 0)
(-110899 0 0)
(-24208.9 0 0)
(107017 -0 0)
(122443 -0 0)
(112609 -0 0)
(96705.2 -0 0)
(94375 -0 0)
(91593.7 -0 0)
(143747 -0 0)
(179273 -0 0)
(123504 -0 0)
(47390.3 -0 0)
(-861.98 0 0)
(84669 -0 0)
(48591.9 -0 0)
(6248.55 -0 0)
(13893.3 -0 0)
(-15240.2 0 0)
(-28477.1 0 0)
(14007.2 -0 0)
(30808.3 -0 0)
(36992.4 -0 0)
(32685.8 -0 0)
(27555.4 -0 0)
(19793.1 -0 0)
(12863 -0 0)
(4067.06 -0 0)
(-13773.3 0 0)
(-10163.1 0 0)
(-19173.4 0 0)
(-19207.7 0 0)
(-11697.5 0 0)
(-12860.1 0 0)
(-10084.7 0 0)
(-4198.51 0 0)
(-167.596 0 0)
(32.1602 -0 0)
(-2959.85 0 0)
(-1891.26 0 0)
(-463.249 0 0)
(2946.51 -0 0)
(-3250.95 0 0)
(-6369.75 0 0)
(-9781.73 0 0)
(8063.23 -0 0)
(4609.52 -0 0)
(8851.14 -0 0)
(6726.54 -0 0)
(16059.1 -0 0)
(5534.28 -0 0)
(6077.39 -0 0)
(7267.84 -0 0)
(-7752.09 0 0)
(-14458.4 0 0)
(-18572.7 0 0)
(-17094 0 0)
(-10655 0 0)
(-5805.12 0 0)
(-2115.49 0 0)
(-1715.01 0 0)
(-1203.57 0 0)
(-332.53 0 0)
(-790.93 0 0)
(-2187.18 0 0)
(-9358.51 0 0)
(-7426.95 0 0)
(-5066.79 0 0)
(923.768 -0 0)
(1001.02 -0 0)
(-3194.85 0 0)
(28934.4 -0 0)
(64538.9 -0 0)
(76769.4 -0 0)
(53774.6 -0 0)
(25814.1 -0 0)
(-19172.8 0 0)
(-74784 0 0)
(-118187 0 0)
(-193079 0 0)
(-278749 0 0)
(-272255 0 0)
(-234434 0 0)
(-155541 0 0)
(-89430.8 0 0)
(38505.5 -0 0)
(-311162 0 0)
(-638314 0 0)
(-315108 0 0)
(-218801 0 0)
(-217054 0 0)
(-192358 0 0)
(-412299 0 0)
(-190584 0 0)
(-3565.69 0 0)
(-17794.7 0 0)
(-61506.7 0 0)
(-115985 0 0)
(-72692.9 0 0)
(-126869 0 0)
(-37747.8 0 0)
(-160751 0 0)
(-5154.92 0 0)
(129463 -0 0)
(155672 -0 0)
(155721 -0 0)
(116106 -0 0)
(96414.5 -0 0)
(110672 -0 0)
(166541 -0 0)
(177747 -0 0)
(129041 -0 0)
(50580.7 -0 0)
(10459.2 -0 0)
(73839.6 -0 0)
(49898.3 -0 0)
(37471 -0 0)
(57923.8 -0 0)
(35440.5 -0 0)
(-11760.2 0 0)
(8096.91 -0 0)
(16603.8 -0 0)
(17069.6 -0 0)
(20408.2 -0 0)
(20766.5 -0 0)
(14836.6 -0 0)
(9654.24 -0 0)
(-2343.36 0 0)
(-9678.74 0 0)
(-8558.48 0 0)
(-14719.2 0 0)
(-7683.2 0 0)
(-12138.6 0 0)
(-3893.72 0 0)
(-8617.27 0 0)
(3389.27 -0 0)
(2538.98 -0 0)
(2407.99 -0 0)
(1841.72 -0 0)
(1923.09 -0 0)
(3365.32 -0 0)
(5848.74 -0 0)
(2613 -0 0)
(-4604.96 0 0)
(-4249.26 0 0)
(11666.5 -0 0)
(7065.15 -0 0)
(12431.1 -0 0)
(6586.75 -0 0)
(10406.1 -0 0)
(9869.54 -0 0)
(-1747.94 0 0)
(3309.73 -0 0)
(-13329.2 0 0)
(-15361.8 0 0)
(-23862.5 0 0)
(-21386.8 0 0)
(-14056.6 0 0)
(-10180.1 0 0)
(-8140.81 0 0)
(-5388.26 0 0)
(-5289.62 0 0)
(-4416.96 0 0)
(-2355.93 0 0)
(-4591.32 0 0)
(-11807.6 0 0)
(-10725.4 0 0)
(-3789.72 0 0)
(250.988 -0 0)
(4725.02 -0 0)
(-1519.97 0 0)
(30778.6 -0 0)
(68341.3 -0 0)
(86290.3 -0 0)
(70008.1 -0 0)
(42912.4 -0 0)
(3665.72 -0 0)
(-45199.1 0 0)
(-105895 0 0)
(-182554 0 0)
(-270984 0 0)
(-294872 0 0)
(-255367 0 0)
(-183517 0 0)
(-45765.7 0 0)
(-33358.2 0 0)
(-287220 0 0)
(-547162 0 0)
(-184582 0 0)
(-14962.5 0 0)
(-102485 0 0)
(-212360 0 0)
(-320952 0 0)
(-139771 0 0)
(6242.06 -0 0)
(-21457.2 0 0)
(-47866.9 0 0)
(-79759.3 0 0)
(-47647.6 0 0)
(-98218.1 0 0)
(-28317.4 0 0)
(-219329 0 0)
(47233.2 -0 0)
(146266 -0 0)
(170132 -0 0)
(166714 -0 0)
(131852 -0 0)
(114483 -0 0)
(138971 -0 0)
(175651 -0 0)
(176640 -0 0)
(133632 -0 0)
(70836.4 -0 0)
(45169.7 -0 0)
(83633.2 -0 0)
(62359.4 -0 0)
(58026.2 -0 0)
(91405.8 -0 0)
(83513.9 -0 0)
(18054.2 -0 0)
(2562.06 -0 0)
(2997.78 -0 0)
(7787.02 -0 0)
(13169.9 -0 0)
(13035.9 -0 0)
(8178.29 -0 0)
(2413.83 -0 0)
(-836.253 0 0)
(-8469.67 0 0)
(-11990.5 0 0)
(-3260.29 0 0)
(-6502.21 0 0)
(-5216.28 0 0)
(655.185 -0 0)
(-1331.95 0 0)
(9250.9 -0 0)
(9480.05 -0 0)
(10151 -0 0)
(4645.82 -0 0)
(5177.24 -0 0)
(7284.89 -0 0)
(11087.3 -0 0)
(6818.19 -0 0)
(2619.55 -0 0)
(-4971.08 0 0)
(7564.55 -0 0)
(3183.26 -0 0)
(14055.2 -0 0)
(9482.16 -0 0)
(11773.6 -0 0)
(5684.62 -0 0)
(1979.38 -0 0)
(-9166.93 0 0)
(-10812.8 0 0)
(-21095.2 0 0)
(-24072.2 0 0)
(-23115.2 0 0)
(-15939.1 0 0)
(-16936.5 0 0)
(-11612.5 0 0)
(-13832.4 0 0)
(-9120.48 0 0)
(-9768.46 0 0)
(-8274.24 0 0)
(-9914.87 0 0)
(-16470.6 0 0)
(-11471.4 0 0)
(-5530.57 0 0)
(2635.37 -0 0)
(4378.82 -0 0)
(1046.38 -0 0)
(28658.7 -0 0)
(69067.8 -0 0)
(97379.9 -0 0)
(82818.4 -0 0)
(68333.3 -0 0)
(28654.5 -0 0)
(-14318.6 0 0)
(-76914.1 0 0)
(-148368 0 0)
(-247976 0 0)
(-307134 0 0)
(-304172 0 0)
(-192979 0 0)
(-73028.7 0 0)
(-104637 0 0)
(-386127 0 0)
(-292626 0 0)
(-81572.4 0 0)
(81899.5 -0 0)
(-46434.7 0 0)
(-219936 0 0)
(-281055 0 0)
(-115661 0 0)
(20599.6 -0 0)
(-8751.21 0 0)
(-24742.4 0 0)
(-57710.2 0 0)
(-51277.5 0 0)
(-66901.8 0 0)
(10518.5 -0 0)
(-189427 0 0)
(16025.4 -0 0)
(117222 -0 0)
(167168 -0 0)
(161414 -0 0)
(130302 -0 0)
(133624 -0 0)
(166812 -0 0)
(188598 -0 0)
(177487 -0 0)
(150767 -0 0)
(98866.2 -0 0)
(65118.3 -0 0)
(104226 -0 0)
(84009.5 -0 0)
(85133.2 -0 0)
(121111 -0 0)
(126438 -0 0)
(56043 -0 0)
(3741.33 -0 0)
(-1250.02 0 0)
(2080.25 -0 0)
(4350.39 -0 0)
(7700.96 -0 0)
(5725.63 -0 0)
(-1381.4 0 0)
(-1425.29 0 0)
(-9636.89 0 0)
(968.919 -0 0)
(-894.406 0 0)
(6984.49 -0 0)
(9285.04 -0 0)
(3564.77 -0 0)
(9899.33 -0 0)
(14072.6 -0 0)
(18504.5 -0 0)
(14130.9 -0 0)
(10507.7 -0 0)
(11160.7 -0 0)
(11476.2 -0 0)
(14618.7 -0 0)
(14400.5 -0 0)
(4631.55 -0 0)
(-2043.41 0 0)
(7442 -0 0)
(334.664 -0 0)
(7912.84 -0 0)
(6327.66 -0 0)
(10291.7 -0 0)
(8947.6 -0 0)
(-1501.28 0 0)
(-3550.02 0 0)
(-15495.7 0 0)
(-18626 0 0)
(-28223.2 0 0)
(-25937 0 0)
(-19829.7 0 0)
(-19544.6 0 0)
(-22456.2 0 0)
(-18199.2 0 0)
(-17696.6 0 0)
(-14190.9 0 0)
(-14365.6 0 0)
(-13828.3 0 0)
(-21504.8 0 0)
(-11073.2 0 0)
(-3686.59 0 0)
(2420.29 -0 0)
(6564.21 -0 0)
(-347.36 0 0)
(27792.8 -0 0)
(69904.8 -0 0)
(102929 -0 0)
(100736 -0 0)
(89172.8 -0 0)
(67538.1 -0 0)
(20204.5 -0 0)
(-48560.4 0 0)
(-106742 0 0)
(-196272 0 0)
(-361396 0 0)
(-383407 0 0)
(-217774 0 0)
(-119754 0 0)
(-137227 0 0)
(-257354 0 0)
(-353975 0 0)
(-201936 0 0)
(84222.1 -0 0)
(-4152.24 0 0)
(-208834 0 0)
(-173638 0 0)
(-47395.6 0 0)
(42459.1 -0 0)
(33932.9 -0 0)
(21556.2 -0 0)
(-12064.4 0 0)
(-47071.1 0 0)
(-35395.1 0 0)
(19488 -0 0)
(-34537.3 0 0)
(-25815.6 0 0)
(125550 -0 0)
(127142 -0 0)
(128029 -0 0)
(121940 -0 0)
(131901 -0 0)
(167215 -0 0)
(188918 -0 0)
(182245 -0 0)
(150283 -0 0)
(94568.7 -0 0)
(84132.6 -0 0)
(114709 -0 0)
(102734 -0 0)
(107672 -0 0)
(152245 -0 0)
(160481 -0 0)
(99394.5 -0 0)
(28644 -0 0)
(6498.97 -0 0)
(7724.87 -0 0)
(10485.4 -0 0)
(8696.43 -0 0)
(3852.35 -0 0)
(3321.17 -0 0)
(-5185.43 0 0)
(7108.56 -0 0)
(4634.44 -0 0)
(17264.9 -0 0)
(10207.9 -0 0)
(10716.3 -0 0)
(16286.6 -0 0)
(15643.3 -0 0)
(24983.7 -0 0)
(23299.4 -0 0)
(23473.4 -0 0)
(19656.6 -0 0)
(15244.9 -0 0)
(16756.9 -0 0)
(19210.2 -0 0)
(19825.6 -0 0)
(13700.8 -0 0)
(-3529.86 0 0)
(4326.69 -0 0)
(3425.11 -0 0)
(-4118.09 0 0)
(1423.54 -0 0)
(11779.1 -0 0)
(13522.7 -0 0)
(4877.06 -0 0)
(-10636.8 0 0)
(-9197.78 0 0)
(-21221.4 0 0)
(-24227.8 0 0)
(-25678.6 0 0)
(-24683.6 0 0)
(-17396.7 0 0)
(-27736.8 0 0)
(-32377 0 0)
(-20180.1 0 0)
(-24981 0 0)
(-20906.9 0 0)
(-21326.7 0 0)
(-22217 0 0)
(-13468.3 0 0)
(-656.7 0 0)
(3928.86 -0 0)
(7108.06 -0 0)
(1378.34 -0 0)
(27477.3 -0 0)
(65134.3 -0 0)
(109321 -0 0)
(111607 -0 0)
(118218 -0 0)
(101821 -0 0)
(78253.2 -0 0)
(7681.81 -0 0)
(-14828.7 0 0)
(-97072.3 0 0)
(-338423 0 0)
(-409261 0 0)
(-313107 0 0)
(-193453 0 0)
(-164744 0 0)
(-96253 0 0)
(-146788 0 0)
(-332928 0 0)
(-13699.7 0 0)
(-76488.1 0 0)
(-153150 0 0)
(-36240.7 0 0)
(-15285.9 0 0)
(-4450.95 0 0)
(22484.3 -0 0)
(89977.5 -0 0)
(63519.5 -0 0)
(-8709.71 0 0)
(-11146.5 0 0)
(11212.9 -0 0)
(-4758.72 0 0)
(-39845.7 0 0)
(9222.14 -0 0)
(47027.1 -0 0)
(70940.2 -0 0)
(76853.8 -0 0)
(104984 -0 0)
(151249 -0 0)
(179792 -0 0)
(177036 -0 0)
(118821 -0 0)
(56906.3 -0 0)
(82499.4 -0 0)
(128249 -0 0)
(111235 -0 0)
(137627 -0 0)
(182206 -0 0)
(197531 -0 0)
(135220 -0 0)
(65503.7 -0 0)
(29154.5 -0 0)
(27908.1 -0 0)
(22041.7 -0 0)
(16138.5 -0 0)
(13226.1 -0 0)
(9159.26 -0 0)
(18387 -0 0)
(17603.4 -0 0)
(20590.2 -0 0)
(33036.8 -0 0)
(24163.9 -0 0)
(16549.8 -0 0)
(24438.1 -0 0)
(30502.7 -0 0)
(32197.4 -0 0)
(34546.1 -0 0)
(29328.6 -0 0)
(22952.5 -0 0)
(22490.7 -0 0)
(21128.7 -0 0)
(20688 -0 0)
(26719.7 -0 0)
(18562.4 -0 0)
(-2723.11 0 0)
(3762.49 -0 0)
(-3941.06 0 0)
(-4895.22 0 0)
(-13204.1 0 0)
(9361.34 -0 0)
(14261.8 -0 0)
(18012.4 -0 0)
(-5157.23 0 0)
(-4116.36 0 0)
(-12951.7 0 0)
(-19791.4 0 0)
(-26204.6 0 0)
(-19984.2 0 0)
(-25969 0 0)
(-32956.7 0 0)
(-39057.5 0 0)
(-29607.8 0 0)
(-30183.7 0 0)
(-26572.3 0 0)
(-30900.1 0 0)
(-21203.3 0 0)
(-10729.1 0 0)
(-717.545 0 0)
(5908.08 -0 0)
(6644.15 -0 0)
(3645.58 -0 0)
(23669.8 -0 0)
(60903.3 -0 0)
(106415 -0 0)
(125785 -0 0)
(136771 -0 0)
(144590 -0 0)
(130116 -0 0)
(101151 -0 0)
(91982.9 -0 0)
(23362.7 -0 0)
(-53786.6 0 0)
(-46437.2 0 0)
(-439572 0 0)
(-295166 0 0)
(-169191 0 0)
(-6682.95 0 0)
(10534.5 -0 0)
(-190465 0 0)
(-183823 0 0)
(-262995 0 0)
(-128119 0 0)
(-63.9101 0 0)
(-48097.3 0 0)
(-120269 0 0)
(-76373 0 0)
(18698.9 -0 0)
(52881.5 -0 0)
(-6397.66 0 0)
(-8798.5 0 0)
(-37597.3 0 0)
(79565.9 -0 0)
(55641.2 -0 0)
(-74191.1 0 0)
(5015.41 -0 0)
(-541.941 0 0)
(7137.4 -0 0)
(70188.9 -0 0)
(130836 -0 0)
(156182 -0 0)
(131791 -0 0)
(58446.7 -0 0)
(10139.2 -0 0)
(34090.2 -0 0)
(72956.6 -0 0)
(83943.2 -0 0)
(140411 -0 0)
(207160 -0 0)
(220315 -0 0)
(175923 -0 0)
(110420 -0 0)
(72229.8 -0 0)
(60339 -0 0)
(43299.6 -0 0)
(41929.8 -0 0)
(30980.8 -0 0)
(41659.6 -0 0)
(45552.8 -0 0)
(37312.3 -0 0)
(47392.3 -0 0)
(43788.7 -0 0)
(52963.7 -0 0)
(38120.1 -0 0)
(27573.2 -0 0)
(39491.5 -0 0)
(44649 -0 0)
(39945.1 -0 0)
(30151.9 -0 0)
(32528.7 -0 0)
(25843 -0 0)
(27855.1 -0 0)
(26531.2 -0 0)
(29329.8 -0 0)
(27138.7 -0 0)
(-1496.52 0 0)
(6753.66 -0 0)
(-88.1545 0 0)
(-16155.9 0 0)
(-21274.4 0 0)
(4325.32 -0 0)
(17233.2 -0 0)
(19658.4 -0 0)
(5392.13 -0 0)
(-4537.66 0 0)
(-9158.83 0 0)
(-8151.87 0 0)
(-17965.2 0 0)
(-24838.4 0 0)
(-25123.6 0 0)
(-34414.9 0 0)
(-41213.5 0 0)
(-44849.8 0 0)
(-30595.7 0 0)
(-27811.2 0 0)
(-31567.5 0 0)
(-23405.6 0 0)
(-6720.49 0 0)
(2419.96 -0 0)
(9812.3 -0 0)
(8235.05 -0 0)
(7541.78 -0 0)
(17161.7 -0 0)
(53823 -0 0)
(93903 -0 0)
(124520 -0 0)
(157629 -0 0)
(170108 -0 0)
(183118 -0 0)
(167390 -0 0)
(197563 -0 0)
(154907 -0 0)
(110753 -0 0)
(155232 -0 0)
(-567860 0 0)
(-397235 0 0)
(-184207 0 0)
(21814.9 -0 0)
(99517.2 -0 0)
(-158434 0 0)
(-235873 0 0)
(-445572 0 0)
(-295025 0 0)
(-203842 0 0)
(-141533 0 0)
(-229082 0 0)
(-279425 0 0)
(-147888 0 0)
(-33673.3 0 0)
(-76493.7 0 0)
(-87690.6 0 0)
(-119020 0 0)
(37510.7 -0 0)
(99356.8 -0 0)
(38529 -0 0)
(-79260 0 0)
(-77640.1 0 0)
(-67715.8 0 0)
(25848.9 -0 0)
(95128.9 -0 0)
(133458 -0 0)
(70260.1 -0 0)
(-150486 0 0)
(-195448 0 0)
(-83097.2 0 0)
(-75526.7 0 0)
(-58444.8 0 0)
(109345 -0 0)
(212011 -0 0)
(223641 -0 0)
(184334 -0 0)
(137680 -0 0)
(115327 -0 0)
(94912.4 -0 0)
(72659.6 -0 0)
(73900.7 -0 0)
(58305.7 -0 0)
(70791.1 -0 0)
(60375.2 -0 0)
(70415.2 -0 0)
(63847.9 -0 0)
(71134.8 -0 0)
(65542.1 -0 0)
(69056.8 -0 0)
(49394.7 -0 0)
(42043.8 -0 0)
(52237.4 -0 0)
(51553.3 -0 0)
(39622.1 -0 0)
(40937.3 -0 0)
(35299.4 -0 0)
(31949.5 -0 0)
(26654.8 -0 0)
(34697.7 -0 0)
(35161.3 -0 0)
(4092.95 -0 0)
(13023 -0 0)
(-28188.1 0 0)
(-16689.2 0 0)
(-21713.1 0 0)
(3672.17 -0 0)
(20243.2 -0 0)
(20366.5 -0 0)
(11943.4 -0 0)
(-2510.61 0 0)
(893.016 -0 0)
(-9038.77 0 0)
(-8715.62 0 0)
(-15980.5 0 0)
(-40886.7 0 0)
(-35079.5 0 0)
(-39449.2 0 0)
(-44709.3 0 0)
(-44054.2 0 0)
(-26638.2 0 0)
(-28270.7 0 0)
(-16345.8 0 0)
(-6644.4 0 0)
(6359.46 -0 0)
(11098.7 -0 0)
(10498.9 -0 0)
(10414.5 -0 0)
(13117.3 -0 0)
(40764.4 -0 0)
(83285.1 -0 0)
(122791 -0 0)
(155920 -0 0)
(193111 -0 0)
(206577 -0 0)
(214992 -0 0)
(235730 -0 0)
(215233 -0 0)
(218484 -0 0)
(248756 -0 0)
(-193247 0 0)
(-370856 0 0)
(-169287 0 0)
(26121.2 -0 0)
(134599 -0 0)
(-46364.4 0 0)
(-140057 0 0)
(-315331 0 0)
(-273114 0 0)
(-288296 0 0)
(-168671 0 0)
(-138604 0 0)
(-177099 0 0)
(-136217 0 0)
(-98035.3 0 0)
(-150049 0 0)
(-163891 0 0)
(-161084 0 0)
(-8629.5 0 0)
(63401.8 -0 0)
(-3518.39 0 0)
(-58039.4 0 0)
(-10886.9 0 0)
(56899.4 -0 0)
(100832 -0 0)
(113127 -0 0)
(90975 -0 0)
(-86071.8 0 0)
(-276067 0 0)
(-233298 0 0)
(-152786 0 0)
(-111054 0 0)
(-128532 0 0)
(51661.4 -0 0)
(197767 -0 0)
(215119 -0 0)
(197565 -0 0)
(159599 -0 0)
(132094 -0 0)
(108860 -0 0)
(107755 -0 0)
(103919 -0 0)
(87620.6 -0 0)
(99323.1 -0 0)
(85387.1 -0 0)
(92335.4 -0 0)
(99618.4 -0 0)
(86942.8 -0 0)
(93882.6 -0 0)
(80756.4 -0 0)
(83494.4 -0 0)
(61454 -0 0)
(50596.5 -0 0)
(55549.6 -0 0)
(53305.1 -0 0)
(43195.5 -0 0)
(49081.7 -0 0)
(47671.5 -0 0)
(29811.9 -0 0)
(33281 -0 0)
(33493.6 -0 0)
(17020.5 -0 0)
(13960.1 -0 0)
(-32427 0 0)
(-19458.7 0 0)
(-16491.7 0 0)
(-9358.57 0 0)
(9952.75 -0 0)
(24208 -0 0)
(16934.2 -0 0)
(-965.705 0 0)
(694.774 -0 0)
(1258.46 -0 0)
(-17195.6 0 0)
(-36410.3 0 0)
(-47524.4 0 0)
(-51689.2 0 0)
(-35285.5 0 0)
(-36847.9 0 0)
(-39207.8 0 0)
(-36722.6 0 0)
(-22569.1 0 0)
(-16095.2 0 0)
(-3103.33 0 0)
(7443.28 -0 0)
(10027.7 -0 0)
(10848.7 -0 0)
(12295.6 -0 0)
(2933.65 -0 0)
(27455.7 -0 0)
(65977.7 -0 0)
(100337 -0 0)
(153763 -0 0)
(188276 -0 0)
(229861 -0 0)
(221419 -0 0)
(247478 -0 0)
(251136 -0 0)
(254548 -0 0)
(340275 -0 0)
(136883 -0 0)
(-346563 0 0)
(-230101 0 0)
(42960.3 -0 0)
(134014 -0 0)
(33694.2 -0 0)
(-61396.5 0 0)
(-267382 0 0)
(-427068 0 0)
(-310486 0 0)
(-139591 0 0)
(-111201 0 0)
(-161225 0 0)
(-185626 0 0)
(-154819 0 0)
(-147935 0 0)
(-138333 0 0)
(-103299 0 0)
(-34493.4 0 0)
(8366.17 -0 0)
(2251.84 -0 0)
(36227.7 -0 0)
(150743 -0 0)
(223824 -0 0)
(189559 -0 0)
(164263 -0 0)
(53807.4 -0 0)
(-228015 0 0)
(-275680 0 0)
(-138031 0 0)
(-101385 0 0)
(-54998.3 0 0)
(23748.4 -0 0)
(95754.9 -0 0)
(191600 -0 0)
(199925 -0 0)
(184575 -0 0)
(159994 -0 0)
(136641 -0 0)
(133520 -0 0)
(124291 -0 0)
(110297 -0 0)
(121335 -0 0)
(125822 -0 0)
(111343 -0 0)
(127530 -0 0)
(131204 -0 0)
(111098 -0 0)
(115074 -0 0)
(100885 -0 0)
(103522 -0 0)
(84105.1 -0 0)
(64845 -0 0)
(47305.9 -0 0)
(57731.6 -0 0)
(60175.8 -0 0)
(52812.8 -0 0)
(58062.6 -0 0)
(37230.8 -0 0)
(26332.3 -0 0)
(38458 -0 0)
(25327.3 -0 0)
(32640.5 -0 0)
(-19183.2 0 0)
(-12576.5 0 0)
(4905.21 -0 0)
(-2177.81 0 0)
(13299.7 -0 0)
(14110.2 -0 0)
(22242.4 -0 0)
(16399.1 -0 0)
(-6717.06 0 0)
(-4025.74 0 0)
(-21750.6 0 0)
(-41133.4 0 0)
(-38621.8 0 0)
(-44146 0 0)
(-42671.3 0 0)
(-22067.4 0 0)
(-26069.6 0 0)
(-29354.6 0 0)
(-24419 0 0)
(-7710.25 0 0)
(3708.2 -0 0)
(6733.51 -0 0)
(12164.1 -0 0)
(12713.6 -0 0)
(15692.4 -0 0)
(-9001.02 0 0)
(5862.98 -0 0)
(32068 -0 0)
(79260.5 -0 0)
(123904 -0 0)
(173637 -0 0)
(230401 -0 0)
(221421 -0 0)
(252333 -0 0)
(242952 -0 0)
(286702 -0 0)
(409962 -0 0)
(286398 -0 0)
(-70242.6 0 0)
(-145311 0 0)
(15216.7 -0 0)
(108824 -0 0)
(34454 -0 0)
(-43933.5 0 0)
(-187700 0 0)
(-165785 0 0)
(-134064 0 0)
(-101253 0 0)
(-126639 0 0)
(-244343 0 0)
(-321242 0 0)
(-212900 0 0)
(-81859.1 0 0)
(-23717.4 0 0)
(23553.9 -0 0)
(6443.24 -0 0)
(17722.7 -0 0)
(2594.51 -0 0)
(124832 -0 0)
(259698 -0 0)
(248442 -0 0)
(214263 -0 0)
(115459 -0 0)
(-45176.2 0 0)
(-169766 0 0)
(18200.5 -0 0)
(90831.1 -0 0)
(158011 -0 0)
(132346 -0 0)
(164977 -0 0)
(101328 -0 0)
(153114 -0 0)
(176393 -0 0)
(163333 -0 0)
(127065 -0 0)
(121023 -0 0)
(138492 -0 0)
(136007 -0 0)
(123412 -0 0)
(131190 -0 0)
(125376 -0 0)
(136115 -0 0)
(129244 -0 0)
(139539 -0 0)
(117430 -0 0)
(129207 -0 0)
(126286 -0 0)
(109113 -0 0)
(110133 -0 0)
(84205.6 -0 0)
(60649.7 -0 0)
(74364.5 -0 0)
(79216.6 -0 0)
(74440.7 -0 0)
(55619.2 -0 0)
(56155.8 -0 0)
(36572 -0 0)
(32356.9 -0 0)
(41413.8 -0 0)
(16318.3 -0 0)
(-3087.59 0 0)
(-8226.63 0 0)
(-2198.22 0 0)
(10123 -0 0)
(3858.64 -0 0)
(20134.7 -0 0)
(7290.22 -0 0)
(-8396.79 0 0)
(-3294.93 0 0)
(-20700.7 0 0)
(-17905.2 0 0)
(-35740.4 0 0)
(-45933.8 0 0)
(-29407.6 0 0)
(-32331.2 0 0)
(-20613.2 0 0)
(-8479.92 0 0)
(-16545.7 0 0)
(-7756.09 0 0)
(-5068.03 0 0)
(3620.67 -0 0)
(10017.4 -0 0)
(11430.2 -0 0)
(13162 -0 0)
(16801.3 -0 0)
(-24744 0 0)
(-31983.5 0 0)
(-7380.58 0 0)
(26218.9 -0 0)
(64761.6 -0 0)
(135752 -0 0)
(198650 -0 0)
(204209 -0 0)
(212369 -0 0)
(223852 -0 0)
(314612 -0 0)
(462402 -0 0)
(406448 -0 0)
(178128 -0 0)
(-69189 0 0)
(-30414.6 0 0)
(42082.8 -0 0)
(-124661 0 0)
(-238430 0 0)
(-217057 0 0)
(-138253 0 0)
(-160576 0 0)
(-312340 0 0)
(-367617 0 0)
(-331840 0 0)
(-260407 0 0)
(-139887 0 0)
(-14790.1 0 0)
(99502.3 -0 0)
(91081.3 -0 0)
(15720.3 -0 0)
(-23358.3 0 0)
(60448 -0 0)
(148636 -0 0)
(187873 -0 0)
(124767 -0 0)
(-21954 0 0)
(-74206.1 0 0)
(-98280.4 0 0)
(-9344.73 0 0)
(163386 -0 0)
(171459 -0 0)
(152593 -0 0)
(197233 -0 0)
(200706 -0 0)
(179769 -0 0)
(125984 -0 0)
(107221 -0 0)
(107076 -0 0)
(59384.9 -0 0)
(91399.1 -0 0)
(111045 -0 0)
(114282 -0 0)
(120875 -0 0)
(120469 -0 0)
(130928 -0 0)
(126708 -0 0)
(140581 -0 0)
(128242 -0 0)
(135624 -0 0)
(113932 -0 0)
(125077 -0 0)
(123197 -0 0)
(103354 -0 0)
(102636 -0 0)
(78905.8 -0 0)
(85560.1 -0 0)
(85174 -0 0)
(64367.4 -0 0)
(64102.6 -0 0)
(47441 -0 0)
(53955.9 -0 0)
(51540 -0 0)
(36388.1 -0 0)
(22446.7 -0 0)
(-7435.45 0 0)
(13874.8 -0 0)
(26496.2 -0 0)
(11766.9 -0 0)
(23069 -0 0)
(29058.3 -0 0)
(10859.1 -0 0)
(-5094.3 0 0)
(-19469.6 0 0)
(-13547.2 0 0)
(-29987.1 0 0)
(-24668 0 0)
(-34244.1 0 0)
(-34302.1 0 0)
(-14515.5 0 0)
(-19373.5 0 0)
(-17822.4 0 0)
(-3550.13 0 0)
(-6251.75 0 0)
(5128.32 -0 0)
(-343.721 0 0)
(9616.64 -0 0)
(13655.2 -0 0)
(13155.9 -0 0)
(20302.5 -0 0)
(-52741 0 0)
(-83395.1 0 0)
(-83951.6 0 0)
(-52441.4 0 0)
(182.283 -0 0)
(74152.3 -0 0)
(119307 -0 0)
(142855 -0 0)
(150843 -0 0)
(125469 -0 0)
(181357 -0 0)
(318312 -0 0)
(386737 -0 0)
(246433 -0 0)
(-153614 0 0)
(-164699 0 0)
(-113190 0 0)
(-281606 0 0)
(-432784 0 0)
(-464982 0 0)
(-413381 0 0)
(-481068 0 0)
(-447892 0 0)
(-286379 0 0)
(-234090 0 0)
(-155217 0 0)
(-112272 0 0)
(-49768.1 0 0)
(50297.3 -0 0)
(6536.06 -0 0)
(20668.8 -0 0)
(66084.5 -0 0)
(31191.2 -0 0)
(30164 -0 0)
(54530.1 -0 0)
(22773.5 -0 0)
(-25441.1 0 0)
(-33492.2 0 0)
(-24328.4 0 0)
(37537 -0 0)
(125657 -0 0)
(162302 -0 0)
(158754 -0 0)
(183545 -0 0)
(178006 -0 0)
(147457 -0 0)
(81807 -0 0)
(-7866.63 0 0)
(-15092.8 0 0)
(40676.3 -0 0)
(75402.5 -0 0)
(49136.8 -0 0)
(69372.8 -0 0)
(79813.6 -0 0)
(95527.5 -0 0)
(99383.9 -0 0)
(114418 -0 0)
(110905 -0 0)
(122597 -0 0)
(108200 -0 0)
(115491 -0 0)
(92194 -0 0)
(101719 -0 0)
(100406 -0 0)
(76333.8 -0 0)
(86572.5 -0 0)
(87569.1 -0 0)
(63822.4 -0 0)
(62672 -0 0)
(45704.2 -0 0)
(52622.8 -0 0)
(35514.8 -0 0)
(27027.1 -0 0)
(35426.8 -0 0)
(3132.85 -0 0)
(3077.31 -0 0)
(8989.69 -0 0)
(11401.2 -0 0)
(26676.3 -0 0)
(31777.4 -0 0)
(13932 -0 0)
(19995.4 -0 0)
(5426.69 -0 0)
(-9756.05 0 0)
(-23542.4 0 0)
(-15968.6 0 0)
(-27349.9 0 0)
(-15067.8 0 0)
(-19985.6 0 0)
(-9146.02 0 0)
(-10828.9 0 0)
(3613.04 -0 0)
(-2129.15 0 0)
(7183.68 -0 0)
(6181.54 -0 0)
(1238.97 -0 0)
(7883.3 -0 0)
(12817.3 -0 0)
(14669.2 -0 0)
(23969.5 -0 0)
(-70912 0 0)
(-146123 0 0)
(-164099 0 0)
(-147667 0 0)
(-106858 0 0)
(-67347.1 0 0)
(-34565.9 0 0)
(12238 -0 0)
(11463.8 -0 0)
(-50935.9 0 0)
(-151184 0 0)
(-107976 0 0)
(103411 -0 0)
(160663 -0 0)
(-13107.9 0 0)
(-181698 0 0)
(-442964 0 0)
(-580887 0 0)
(-265700 0 0)
(-186497 0 0)
(-244688 0 0)
(-248580 0 0)
(-191345 0 0)
(-143109 0 0)
(-95842.2 0 0)
(-85978.9 0 0)
(-127595 0 0)
(-118265 0 0)
(-47976.2 0 0)
(-8353.78 0 0)
(24506.9 -0 0)
(-58677.6 0 0)
(-7141.17 0 0)
(16589.1 -0 0)
(-36129.4 0 0)
(-48329.8 0 0)
(44463.9 -0 0)
(20455.9 -0 0)
(19609.4 -0 0)
(130718 -0 0)
(191720 -0 0)
(112707 -0 0)
(90246 -0 0)
(143710 -0 0)
(94498.7 -0 0)
(89330.7 -0 0)
(15131.7 -0 0)
(-45393.7 0 0)
(-61225.4 0 0)
(-65435.2 0 0)
(-30070.5 0 0)
(8453.68 -0 0)
(30772.1 -0 0)
(-3966.07 0 0)
(10032.9 -0 0)
(39096.3 -0 0)
(48765.2 -0 0)
(66398 -0 0)
(62057 -0 0)
(72379.9 -0 0)
(59181.9 -0 0)
(64342.7 -0 0)
(48691.7 -0 0)
(57029.1 -0 0)
(40622.7 -0 0)
(52554.6 -0 0)
(56683.4 -0 0)
(39428.3 -0 0)
(25638 -0 0)
(28053.4 -0 0)
(38513.8 -0 0)
(35143.1 -0 0)
(22545.4 -0 0)
(27842.1 -0 0)
(2829.31 -0 0)
(-983.143 0 0)
(19624.4 -0 0)
(18967.2 -0 0)
(37790.7 -0 0)
(22410.4 -0 0)
(26344.7 -0 0)
(25677 -0 0)
(26290.5 -0 0)
(7972.96 -0 0)
(-7809.53 0 0)
(-3204.56 0 0)
(-2845.83 0 0)
(-11109.7 0 0)
(-4552.31 0 0)
(-7499.9 0 0)
(5482.03 -0 0)
(14717.1 -0 0)
(10319.7 -0 0)
(6059.5 -0 0)
(12261 -0 0)
(7847.55 -0 0)
(3186.29 -0 0)
(8752.6 -0 0)
(13455.4 -0 0)
(24737.7 -0 0)
(-37749.6 0 0)
(-99819.3 0 0)
(-132728 0 0)
(-141445 0 0)
(-147314 0 0)
(-148237 0 0)
(-125481 0 0)
(-100574 0 0)
(-105117 0 0)
(-187246 0 0)
(-336803 0 0)
(-370759 0 0)
(-238180 0 0)
(-179596 0 0)
(-225871 0 0)
(-234617 0 0)
(-246236 0 0)
(-254168 0 0)
(-208118 0 0)
(-157998 0 0)
(-135057 0 0)
(-178406 0 0)
(-232899 0 0)
(-244801 0 0)
(-239743 0 0)
(-297366 0 0)
(-359718 0 0)
(-443565 0 0)
(-422162 0 0)
(-375394 0 0)
(-333066 0 0)
(-271182 0 0)
(-239051 0 0)
(-219562 0 0)
(-239477 0 0)
(-253536 0 0)
(-193950 0 0)
(-127677 0 0)
(-54606.8 0 0)
(-15582.4 0 0)
(-48419.3 0 0)
(-100795 0 0)
(-114123 0 0)
(-103409 0 0)
(-110228 0 0)
(-147169 0 0)
(-150631 0 0)
(-130516 0 0)
(-76772.7 0 0)
(-90764.4 0 0)
(-81234.3 0 0)
(-99453.5 0 0)
(-79959.5 0 0)
(-35665 0 0)
(-7178.71 0 0)
(-14652.7 0 0)
(-14866.3 0 0)
(1836.44 -0 0)
(-2957.47 0 0)
(9470.45 -0 0)
(6285.85 -0 0)
(2293.12 -0 0)
(10046.3 -0 0)
(7315.1 -0 0)
(18787.9 -0 0)
(18446.4 -0 0)
(7893 -0 0)
(16079.8 -0 0)
(20033.1 -0 0)
(12523 -0 0)
(9493.4 -0 0)
(20912 -0 0)
(22820.2 -0 0)
(8243.57 -0 0)
(664.725 -0 0)
(272.829 -0 0)
(13062.2 -0 0)
(21039.2 -0 0)
(23872.4 -0 0)
(25512.4 -0 0)
(12282.9 -0 0)
(16179.2 -0 0)
(8589.33 -0 0)
(13485.3 -0 0)
(1944.91 -0 0)
(-6728.49 0 0)
(-1460.56 0 0)
(1076.32 -0 0)
(-1120.34 0 0)
(259.459 -0 0)
(4929.69 -0 0)
(8315.77 -0 0)
(5590.51 -0 0)
(8023.13 -0 0)
(4940.99 -0 0)
(3721.97 -0 0)
(1438.34 -0 0)
(2282.54 -0 0)
(5336.1 -0 0)
(13671.3 -0 0)
)
;

boundaryField
{
    inlet
    {
        type            calculated;
        value           nonuniform List<vector> 
40
(
(-16505.4 0 0)
(-21397.5 0 0)
(-8145.58 0 0)
(-5863.68 0 0)
(-14681.9 0 0)
(-21111.6 0 0)
(-17052.2 0 0)
(-11682.5 0 0)
(-5771.14 0 0)
(-440.892 0 0)
(-1661.57 0 0)
(966.726 -0 0)
(4869.88 -0 0)
(9268.72 -0 0)
(10899.4 -0 0)
(14072.1 -0 0)
(15868.2 -0 0)
(16593.9 -0 0)
(19675.3 -0 0)
(19560.5 -0 0)
(19488.3 -0 0)
(20509.6 -0 0)
(21081.4 -0 0)
(22908.8 -0 0)
(26961.6 -0 0)
(28977.8 -0 0)
(28934.4 -0 0)
(30778.6 -0 0)
(28658.7 -0 0)
(27792.8 -0 0)
(27477.3 -0 0)
(23669.8 -0 0)
(17161.7 -0 0)
(13117.3 -0 0)
(2933.65 -0 0)
(-9001.02 0 0)
(-24744 0 0)
(-52741 0 0)
(-70912 0 0)
(-37749.6 0 0)
)
;
    }
    outlet
    {
        type            calculated;
        value           nonuniform List<vector> 
40
(
(-5626.8 0 0)
(-9829.2 0 0)
(-10543.2 0 0)
(-8455.93 0 0)
(-7573.64 0 0)
(-4869.7 0 0)
(-2341.12 0 0)
(-125.182 0 0)
(-930.942 0 0)
(-2413.05 0 0)
(-4723.7 0 0)
(-5013.64 0 0)
(-4760.92 0 0)
(-7462.53 0 0)
(-9272.64 0 0)
(-10862.2 0 0)
(-11709.3 0 0)
(-11920.1 0 0)
(-10671.8 0 0)
(-11390.6 0 0)
(-5971.53 0 0)
(-6911.6 0 0)
(-2398.18 0 0)
(-3929.74 0 0)
(-928.337 0 0)
(-3194.85 0 0)
(-1519.97 0 0)
(1046.38 -0 0)
(-347.36 0 0)
(1378.34 -0 0)
(3645.58 -0 0)
(7541.78 -0 0)
(10414.5 -0 0)
(12295.6 -0 0)
(15692.4 -0 0)
(16801.3 -0 0)
(20302.5 -0 0)
(23969.5 -0 0)
(24737.7 -0 0)
(13671.3 -0 0)
)
;
    }
    lowerWall
    {
        type            calculated;
        value           nonuniform List<vector> 
100
(
(-16505.4 0 0)
(-36759.1 0 0)
(-63884.6 0 0)
(-74588.8 0 0)
(-72685.3 0 0)
(-64152.2 0 0)
(-38487 0 0)
(21603 -0 0)
(20386.3 -0 0)
(-89803.3 0 0)
(-258924 0 0)
(-345422 0 0)
(-370367 0 0)
(-266774 0 0)
(-81406 0 0)
(2345.86 -0 0)
(-5716.05 0 0)
(25758.2 -0 0)
(33596.9 -0 0)
(70004.5 -0 0)
(49724.4 -0 0)
(-17071.2 0 0)
(-132250 0 0)
(-301866 0 0)
(-503478 0 0)
(-644177 0 0)
(-905782 0 0)
(-1.07903e+06 0 0)
(-943427 0 0)
(-870757 0 0)
(-831906 0 0)
(-754069 0 0)
(-629889 0 0)
(-520746 0 0)
(-428684 0 0)
(-401400 0 0)
(-390173 0 0)
(-354485 0 0)
(-352023 0 0)
(-331528 0 0)
(-323751 0 0)
(-249516 0 0)
(-234415 0 0)
(-228303 0 0)
(-205311 0 0)
(-189024 0 0)
(-150052 0 0)
(-140363 0 0)
(-123898 0 0)
(-125192 0 0)
(-109994 0 0)
(-99776.1 0 0)
(-74781.5 0 0)
(-64487.5 0 0)
(-61113.4 0 0)
(-61602.3 0 0)
(-43783.9 0 0)
(-43172 0 0)
(-31528.7 0 0)
(-31215.6 0 0)
(-24806.5 0 0)
(-18126.6 0 0)
(-20429.4 0 0)
(-18144.5 0 0)
(-16255.9 0 0)
(-13764.6 0 0)
(-14393.6 0 0)
(-12941.4 0 0)
(-12003.2 0 0)
(-10143.5 0 0)
(-6907.5 0 0)
(-4136.02 0 0)
(-2284.03 0 0)
(-462.577 0 0)
(-247.061 0 0)
(-583.434 0 0)
(-1022.6 0 0)
(-806.981 0 0)
(-1069.33 0 0)
(-2308.14 0 0)
(327.618 -0 0)
(202.88 -0 0)
(2388.47 -0 0)
(4565.12 -0 0)
(7181.18 -0 0)
(7511.13 -0 0)
(13647.2 -0 0)
(11549.4 -0 0)
(10840.8 -0 0)
(13110 -0 0)
(8677.92 -0 0)
(6234.85 -0 0)
(5125.41 -0 0)
(3536.46 -0 0)
(2842.21 -0 0)
(2083.95 -0 0)
(1079.21 -0 0)
(-736.414 0 0)
(-3258.88 0 0)
(-5626.8 0 0)
)
;
    }
    upperWall
    {
        type            calculated;
        value           nonuniform List<vector> 
100
(
(-37749.6 0 0)
(-99819.3 0 0)
(-132728 0 0)
(-141445 0 0)
(-147314 0 0)
(-148237 0 0)
(-125481 0 0)
(-100574 0 0)
(-105117 0 0)
(-187246 0 0)
(-336803 0 0)
(-370759 0 0)
(-238180 0 0)
(-179596 0 0)
(-225871 0 0)
(-234617 0 0)
(-246236 0 0)
(-254168 0 0)
(-208118 0 0)
(-157998 0 0)
(-135057 0 0)
(-178406 0 0)
(-232899 0 0)
(-244801 0 0)
(-239743 0 0)
(-297366 0 0)
(-359718 0 0)
(-443565 0 0)
(-422162 0 0)
(-375394 0 0)
(-333066 0 0)
(-271182 0 0)
(-239051 0 0)
(-219562 0 0)
(-239477 0 0)
(-253536 0 0)
(-193950 0 0)
(-127677 0 0)
(-54606.8 0 0)
(-15582.4 0 0)
(-48419.3 0 0)
(-100795 0 0)
(-114123 0 0)
(-103409 0 0)
(-110228 0 0)
(-147169 0 0)
(-150631 0 0)
(-130516 0 0)
(-76772.7 0 0)
(-90764.4 0 0)
(-81234.3 0 0)
(-99453.5 0 0)
(-79959.5 0 0)
(-35665 0 0)
(-7178.71 0 0)
(-14652.7 0 0)
(-14866.3 0 0)
(1836.44 -0 0)
(-2957.47 0 0)
(9470.45 -0 0)
(6285.85 -0 0)
(2293.12 -0 0)
(10046.3 -0 0)
(7315.1 -0 0)
(18787.9 -0 0)
(18446.4 -0 0)
(7893 -0 0)
(16079.8 -0 0)
(20033.1 -0 0)
(12523 -0 0)
(9493.4 -0 0)
(20912 -0 0)
(22820.2 -0 0)
(8243.57 -0 0)
(664.725 -0 0)
(272.829 -0 0)
(13062.2 -0 0)
(21039.2 -0 0)
(23872.4 -0 0)
(25512.4 -0 0)
(12282.9 -0 0)
(16179.2 -0 0)
(8589.33 -0 0)
(13485.3 -0 0)
(1944.91 -0 0)
(-6728.49 0 0)
(-1460.56 0 0)
(1076.32 -0 0)
(-1120.34 0 0)
(259.459 -0 0)
(4929.69 -0 0)
(8315.77 -0 0)
(5590.51 -0 0)
(8023.13 -0 0)
(4940.99 -0 0)
(3721.97 -0 0)
(1438.34 -0 0)
(2282.54 -0 0)
(5336.1 -0 0)
(13671.3 -0 0)
)
;
    }
    frontAndBack
    {
        type            empty;
    }
}


// ************************************************************************* //
