/*--------------------------------*- C++ -*----------------------------------*\
| =========                 |                                                 |
| \\      /  F ield         | foam-extend: Open Source CFD                    |
|  \\    /   O peration     | Version:     5.0                                |
|   \\  /    A nd           | Web:         http://www.foam-extend.org         |
|    \\/     M anipulation  |                                                 |
\*---------------------------------------------------------------------------*/
FoamFile
{
    version     2.0;
    format      ascii;
    class       surfaceScalarField;
    location    "0.095";
    object      phi;
}
// * * * * * * * * * * * * * * * * * * * * * * * * * * * * * * * * * * * * * //

dimensions      [0 3 -1 0 0 0 0];

internalField   nonuniform List<scalar> 
7860
(
-1.258
1.263
-1.04574
-0.212303
-0.680934
-0.364849
-0.536018
-0.144954
-0.475071
-0.0609848
-0.434769
-0.0403392
-1.06191
0.627104
-2.98033
1.91837
-4.25298
1.27259
-5.87572
1.6227
-7.00622
1.13048
-6.31502
-0.691224
-7.3646
1.04956
-9.46651
2.1019
-13.0473
3.58073
-15.4659
2.41854
-14.4974
-0.968498
-13.1683
-1.32917
-11.2392
-1.92917
-8.24357
-2.99569
-5.99062
-2.25299
-5.371
-0.619665
-5.96249
0.591459
-4.96215
-1.00036
-3.38558
-1.57658
-2.17289
-1.21271
1.02999
-3.20288
2.87873
-1.84875
2.95308
-0.074349
2.48405
0.469023
2.63202
-0.147976
2.61051
0.02151
1.77114
0.839373
0.553633
1.21751
-0.125207
0.678842
-0.404287
0.279085
-0.668508
0.264228
-1.08211
0.41361
-1.35756
0.275459
-1.30612
-0.0514251
-1.19749
-0.108617
-1.42125
0.223769
-1.59665
0.175417
-1.74611
0.149473
-1.85213
0.10604
-1.94463
0.0925078
-2.0256
0.0809877
-2.07939
0.0538026
-2.05582
-0.0235514
-1.86578
-0.190033
-1.65286
-0.212902
-1.496
-0.156844
-1.36149
-0.134496
-1.15152
-0.209953
-0.960368
-0.191131
-0.851336
-0.109014
-0.715789
-0.13553
-0.581186
-0.134585
-0.478753
-0.102416
-0.380073
-0.0986641
-0.335684
-0.0443728
-0.264801
-0.0708693
-0.228849
-0.0359383
-0.194992
-0.0338461
-0.155228
-0.0397527
-0.116261
-0.0389583
-0.0674928
-0.0487599
-0.0493838
-0.0181017
-0.030327
-0.0190506
-0.0119348
-0.0183866
-0.00466147
-0.00726864
-6.83048e-05
-0.00458917
0.00875071
-0.00881594
0.0342037
-0.0254509
0.0706101
-0.0364054
0.110686
-0.0400762
0.145288
-0.0346028
0.162492
-0.0172048
0.16153
0.000958938
0.150713
0.0108139
0.135223
0.0154864
0.126768
0.00845102
0.154243
-0.027479
0.207361
-0.0531237
0.23439
-0.027034
0.2146
0.0197843
0.169445
0.0451495
0.126871
0.04257
0.100538
0.0263303
0.0907675
0.00976814
0.0859066
0.00485998
0.0746168
0.0112891
0.0430291
0.0315874
0.0138405
0.0291878
0.00416589
0.00967363
0.00570125
-0.00153707
0.0118461
-0.00614722
0.00673745
0.00510579
-0.0128307
0.0195651
-0.000932293
-1.05277
2.32072
-0.876679
-0.388482
-0.471396
-0.770199
-0.224258
-0.392161
-0.330537
0.0452232
-0.834441
0.463489
-2.59794
2.39052
-4.50007
3.82041
-3.38784
0.160292
-3.47712
1.71192
-6.78393
4.43725
-8.3681
0.89289
-8.28384
0.965249
-9.96483
3.78283
-12.7403
6.35611
-13.2054
2.88358
-14.1688
-0.00513621
-12.4399
-3.05811
-7.84299
-6.5262
-5.0275
-5.81125
-4.22263
-3.05792
-1.88241
-2.95992
0.999887
-2.29087
1.42965
-1.43015
1.00366
-1.15061
1.75262
-1.96167
5.10912
-6.55939
7.15511
-3.89475
7.22094
-0.140176
6.19987
1.49009
4.93777
1.11412
3.9431
1.01617
3.56788
1.2146
3.63901
1.14639
3.90765
0.410207
4.21932
-0.0325719
4.32436
0.159205
4.24072
0.497267
4.20681
0.309379
3.84562
0.309786
3.00712
0.729901
1.87303
1.35789
0.690014
1.35846
-0.12824
0.967755
-0.784193
0.762021
-1.33106
0.6394
-1.8079
0.557858
-2.24928
0.495206
-2.55106
0.278255
-2.6159
-0.125161
-2.5011
-0.327674
-2.37987
-0.278047
-2.29104
-0.22329
-2.20294
-0.298022
-2.0278
-0.366237
-1.8191
-0.317679
-1.60516
-0.349433
-1.41476
-0.324959
-1.23792
-0.279222
-1.13335
-0.203205
-0.981297
-0.196397
-0.861
-0.191141
-0.755326
-0.141589
-0.637993
-0.151158
-0.530144
-0.147583
-0.387807
-0.181279
-0.302225
-0.134326
-0.231185
-0.0891295
-0.1462
-0.104024
-0.114145
-0.0504319
-0.0943516
-0.0270541
-0.0610805
-0.0378538
-0.0270217
-0.0428702
0.0291365
-0.0816064
0.106989
-0.114258
0.194628
-0.127716
0.270694
-0.110673
0.317573
-0.0640885
0.331621
-0.0130963
0.315747
0.0266809
0.300078
0.0311461
0.320077
-0.0115578
0.377473
-0.0848854
0.454812
-0.130475
0.484846
-0.0570795
0.453816
0.0508034
0.364637
0.134321
0.266792
0.140408
0.188499
0.104619
0.141704
0.0565604
0.146338
0.000225079
0.132849
0.0247763
0.0902436
0.0741915
0.0448823
0.0745466
0.0136603
0.0408921
0.00381883
0.0082996
0.0023451
-0.00467946
-0.0168285
0.0242738
-0.0468171
0.0495491
-0.00331156
-0.340196
2.66588
-0.183746
-0.544998
0.0658261
-1.01983
0.196562
-0.522961
0.0822418
0.159474
-0.333186
0.87885
-1.1573
3.21456
-1.10766
3.77071
-0.724429
-0.222989
-2.17564
3.16309
-4.10541
6.36697
-5.1442
1.93163
-4.75916
0.580175
-3.75729
2.78093
-2.23635
4.83516
-2.13081
2.778
-5.3791
3.24312
-8.0381
-0.399153
-8.41438
-6.14996
-5.81587
-8.4098
-2.73547
-6.13836
0.112057
-5.80749
3.07568
-5.25452
3.63357
-1.98806
2.38802
0.0949231
1.68718
-1.26084
3.85753
-8.72975
6.09941
-6.13664
6.80921
-0.849981
5.89315
2.40614
4.31944
2.68783
2.52548
2.81013
2.1305
1.60957
3.6241
-0.347205
5.34479
-1.31047
5.98519
-0.672968
6.31691
-0.172506
6.5335
0.280692
6.21848
0.62441
5.73795
0.790329
4.93389
1.53398
3.83311
2.45869
2.70823
2.48336
1.70046
1.97555
0.718428
1.74408
-0.159434
1.51729
-0.829937
1.22838
-1.53158
1.19687
-2.0482
0.794897
-2.38008
0.206749
-2.53568
-0.172042
-2.57018
-0.243517
-2.57206
-0.221383
-2.55858
-0.311468
-2.48411
-0.440667
-2.2778
-0.523963
-2.11216
-0.515037
-1.93633
-0.500757
-1.7538
-0.46172
-1.59315
-0.363833
-1.46859
-0.320933
-1.36381
-0.295901
-1.1958
-0.309576
-1.05039
-0.296548
-0.897356
-0.300596
-0.753268
-0.325351
-0.605701
-0.28188
-0.440244
-0.254574
-0.351809
-0.192448
-0.273694
-0.128538
-0.193608
-0.107133
-0.145449
-0.0860068
-0.102144
-0.0861707
-0.0494918
-0.134257
0.0363215
-0.200071
0.141704
-0.233101
0.240007
-0.208979
0.321211
-0.145298
0.359409
-0.0513016
0.349988
0.0360941
0.358585
0.0225395
0.405845
-0.0588281
0.471124
-0.150175
0.534665
-0.194029
0.539297
-0.0617225
0.452615
0.137476
0.332101
0.254826
0.194757
0.277746
0.0936195
0.205753
0.0624637
0.0877136
0.0330285
0.0296591
0.0378577
0.0199457
0.0464988
0.0655491
0.027148
0.0938948
0.000955065
0.0670811
-0.0177582
0.0270077
-0.0318226
0.00937867
-0.051212
0.0436577
-0.0632078
0.0615405
-0.0174251
0.0875052
2.58334
0.264518
-0.722066
0.448136
-1.2035
0.517251
-0.592144
0.460156
0.216499
0.253587
1.08536
0.091523
3.37658
-0.0406597
3.90285
-0.739111
0.475422
-1.05553
3.47948
-0.52273
5.83414
-0.728664
2.13754
-0.418808
0.270298
0.790422
1.57168
2.14361
3.48195
2.40788
2.51371
1.20589
4.44508
-1.62927
2.43598
-4.23677
-3.5425
-4.40583
-8.24079
-1.9864
-8.55783
1.54449
-9.33841
3.85715
-7.5672
2.15167
-0.282587
-0.265472
2.51205
-0.586918
-0.939408
-0.654242
-8.66244
1.08255
-7.87344
3.22951
-2.99696
3.04266
2.59298
2.04634
3.68415
0.488422
4.36805
-0.0332984
2.1313
2.33501
-2.71551
5.04877
-4.02423
6.26382
-1.88801
6.43174
-0.340418
6.21456
0.497883
6.06372
0.775271
5.54629
1.30777
5.06277
2.01751
4.51971
3.00176
3.68311
3.31997
2.69807
2.96061
1.70978
2.73239
0.758498
2.46858
-0.267919
2.25482
-0.963509
1.89248
-1.48492
1.31633
-1.9642
0.686051
-2.33836
0.202154
-2.56879
-0.0130625
-2.67271
-0.117434
-2.72435
-0.259797
-2.70229
-0.462699
-2.61494
-0.611281
-2.45012
-0.679819
-2.27748
-0.673366
-2.10452
-0.63466
-1.93726
-0.531058
-1.79682
-0.46136
-1.67555
-0.417143
-1.53874
-0.44637
-1.37381
-0.461455
-1.16047
-0.513922
-1.01058
-0.475224
-0.854302
-0.438146
-0.698132
-0.410733
-0.581835
-0.308735
-0.448258
-0.262106
-0.315585
-0.2398
-0.240792
-0.160795
-0.205287
-0.121671
-0.145897
-0.193645
-0.0592063
-0.286762
0.0405087
-0.332817
0.15709
-0.325564
0.252771
-0.240984
0.314488
-0.113024
0.344183
0.00639125
0.363107
0.00360827
0.4141
-0.109831
0.483814
-0.219898
0.541483
-0.251709
0.494127
-0.0143759
0.367861
0.263733
0.200141
0.42254
0.0390925
0.438789
-0.0804918
0.325334
-0.143591
0.150811
-0.151696
0.0377627
-0.101992
-0.0297588
-0.0438458
0.00740139
-0.0441779
0.0942246
-0.0554394
0.0783391
-0.0666273
0.038191
-0.0819041
0.0246496
-0.0901099
0.0518585
-0.103017
0.0744432
-0.0179578
0.338105
2.25021
0.493165
-0.877174
0.717409
-1.4278
0.801338
-0.676142
0.745118
0.272649
0.666923
1.16349
0.762395
3.28106
0.606088
4.05912
-0.676492
1.75797
-0.593616
3.39656
0.803983
4.4365
0.897278
2.04422
1.01943
0.148121
2.16489
0.426204
3.45003
2.19679
3.87021
2.09351
4.46569
3.84958
3.71684
3.18479
1.79081
-1.6165
1.26699
-7.71701
2.48457
-9.77544
3.91285
-10.7667
4.59405
-8.24841
2.87508
1.43636
1.24051
4.14661
0.732648
-0.431566
-2.10284
-5.82696
-3.51278
-6.46353
-1.44787
-5.06187
0.561088
0.584014
0.830397
3.41483
1.21712
3.98133
2.49415
0.85427
3.15969
-3.38104
4.0426
-4.90713
4.64545
-2.49084
4.64737
-0.34233
4.43907
0.706205
4.1561
1.05826
4.27541
1.18848
4.71297
1.57996
4.81912
2.89563
4.12074
4.01838
3.14909
3.93228
2.38167
3.49982
1.52092
3.32935
0.584007
3.19175
-0.194264
2.67077
-0.827477
1.94956
-1.44116
1.29976
-2.01771
0.778728
-2.41425
0.383498
-2.62491
0.0932571
-2.72582
-0.158857
-2.74749
-0.441003
-2.70807
-0.65067
-2.59007
-0.797789
-2.4447
-0.818713
-2.29882
-0.780514
-2.14062
-0.689227
-2.00789
-0.59407
-1.88192
-0.543098
-1.75351
-0.574754
-1.59467
-0.620279
-1.40708
-0.7015
-1.18681
-0.695484
-1.02776
-0.597183
-0.887388
-0.551093
-0.704502
-0.491612
-0.522729
-0.443872
-0.409536
-0.352986
-0.337787
-0.232539
-0.292056
-0.167399
-0.24297
-0.24273
-0.163244
-0.366487
-0.0533092
-0.442754
0.0653364
-0.444213
0.181793
-0.357445
0.265076
-0.196312
0.308052
-0.0365913
0.344314
-0.0326609
0.389434
-0.154959
0.451826
-0.2823
0.463953
-0.263845
0.391267
0.0583023
0.218151
0.436841
0.0250633
0.615621
-0.152607
0.616453
-0.281236
0.45396
-0.332138
0.20171
-0.327523
0.0331467
-0.239258
-0.118024
-0.146124
-0.0857336
-0.114792
0.0628903
-0.117894
0.0814378
-0.12483
0.0451229
-0.138
0.0378144
-0.14621
0.0600629
-0.153581
0.0818102
-0.0233934
0.466496
1.78869
0.591472
-1.00219
0.768623
-1.60501
0.994771
-0.902358
1.09375
0.173603
1.11465
1.14254
1.38125
3.01441
1.42017
4.02017
0.471338
2.70677
0.566306
3.30156
1.46634
3.53643
1.87889
1.63165
1.74361
0.283372
2.55468
-0.384883
4.54734
0.204109
5.22973
1.41109
5.34351
3.73579
5.68836
2.83992
5.57581
-1.50397
3.9523
-6.09352
2.87431
-8.69747
3.33225
-11.2247
3.32355
-8.23972
2.75888
2.00102
2.32085
4.58462
2.05617
-0.166902
0.0072537
-3.77806
-2.12724
-4.32907
-1.31932
-5.86982
-0.415373
-0.31994
0.85359
2.14586
2.47337
2.36155
3.80552
-0.47788
4.59612
-4.17163
4.25153
-4.56254
3.00038
-1.23968
2.65488
0.00320019
2.85176
0.509343
3.21823
0.691808
3.2079
1.19883
3.62557
1.16231
4.54679
1.97443
4.32156
4.24362
3.58026
4.67359
2.84662
4.23348
2.20871
3.96727
1.45603
3.94444
0.554033
3.57279
-0.140817
2.64443
-0.824043
1.983
-1.55579
1.51049
-2.12175
0.949482
-2.4542
0.425734
-2.60989
-0.00313892
-2.66909
-0.381776
-2.59988
-0.719855
-2.55219
-0.845453
-2.47098
-0.899897
-2.34894
-0.902522
-2.22085
-0.817301
-2.10139
-0.713509
-1.98283
-0.661636
-1.86669
-0.690876
-1.70426
-0.782687
-1.51805
-0.887702
-1.35782
-0.855703
-1.1688
-0.786191
-0.971359
-0.74852
-0.778912
-0.684051
-0.611823
-0.610955
-0.503228
-0.461575
-0.436328
-0.299436
-0.374051
-0.229672
-0.320512
-0.296267
-0.239004
-0.447995
-0.138833
-0.542926
-0.0159884
-0.56706
0.105798
-0.479235
0.207335
-0.297855
0.271442
-0.100704
0.30807
-0.0692956
0.35768
-0.204577
0.390945
-0.315573
0.383349
-0.256257
0.259427
0.182217
0.0486076
0.647653
-0.180976
0.845199
-0.35141
0.786882
-0.452094
0.554642
-0.503223
0.252837
-0.460518
-0.00955934
-0.356716
-0.221827
-0.256129
-0.186321
-0.199903
0.00666237
-0.187135
0.0686669
-0.187717
0.0457
-0.194661
0.0447539
-0.192333
0.0577302
-0.181605
0.0710783
-0.0333493
0.535459
1.25822
0.750352
-1.21713
1.01557
-1.87028
1.26447
-1.15132
1.38732
0.0506877
1.56552
0.964301
2.02056
2.55933
2.42374
3.61696
1.75311
3.37737
1.63164
3.42299
2.37731
2.79073
3.15184
0.857103
3.27948
0.155703
3.79442
-0.899843
5.40856
-1.41005
6.5455
0.274132
6.88342
3.39785
7.36893
2.35439
7.80529
-1.94035
6.03147
-4.31972
3.2168
-5.88282
0.879885
-8.88777
0.899973
-8.25983
2.80497
0.0960034
3.33873
4.05084
2.8093
0.36251
-1.51514
0.546359
-3.51323
-2.33101
-0.532236
-8.85083
2.61644
-3.46863
4.89726
-0.134955
5.09389
2.16492
5.01219
-0.396186
5.1657
-4.32514
4.36062
-3.75744
2.83204
0.288911
1.82283
1.01244
1.97675
0.355441
2.34716
0.321424
1.94194
1.60408
2.23723
0.867047
3.13014
1.08155
3.85958
3.5142
3.7892
4.74399
3.27056
4.75213
2.7734
4.46444
2.12594
4.59191
1.35698
4.34177
0.579236
3.42218
-0.20816
2.77041
-1.04837
2.35072
-1.71504
1.61617
-2.13361
0.844333
-2.35373
0.217
-2.45637
-0.279102
-2.47864
-0.697564
-2.44783
-0.876236
-2.39785
-0.949859
-2.27502
-1.02533
-2.20136
-0.890936
-2.10832
-0.806534
-1.99535
-0.774583
-1.87991
-0.806304
-1.69148
-0.971094
-1.54346
-1.03572
-1.38693
-1.01222
-1.21913
-0.953976
-1.05417
-0.913475
-0.871512
-0.866698
-0.741358
-0.741102
-0.604188
-0.598739
-0.489243
-0.414377
-0.443597
-0.275316
-0.387134
-0.352728
-0.307522
-0.527608
-0.210892
-0.639557
-0.0961366
-0.681818
0.0378706
-0.613246
0.152143
-0.412132
0.224312
-0.172878
0.27633
-0.12132
0.311112
-0.239365
0.33156
-0.336028
0.277499
-0.202203
0.114994
0.344715
-0.143237
0.905878
-0.394983
1.09694
-0.536173
0.928068
-0.605977
0.624443
-0.609759
0.256618
-0.554209
-0.0651097
-0.471803
-0.304234
-0.368349
-0.289776
-0.297593
-0.0640955
-0.260164
0.031235
-0.241066
0.0265985
-0.240743
0.0444247
-0.224247
0.0412297
-0.188913
0.0357405
-0.0520126
0.586256
0.676943
0.893316
-1.52423
1.1754
-2.15241
1.45791
-1.43388
1.65651
-0.147961
1.95805
0.662717
2.58595
1.9314
3.2041
2.99879
3.1097
3.47175
3.15773
3.37493
3.63701
2.31143
4.38341
0.110681
4.82211
-0.283016
5.41027
-1.48803
6.52058
-2.52037
7.33377
-0.539071
7.84282
2.88879
8.46202
1.73518
8.46942
-1.94776
6.30329
-2.15359
3.48887
-3.06842
1.66834
-7.06726
1.3709
-7.96241
2.48508
-1.0182
3.14363
3.39227
4.30673
-0.800599
3.92954
0.92353
2.8495
-1.25099
2.57624
-8.57759
4.34633
-5.23873
5.53439
-1.32301
5.38123
2.31808
5.59155
-0.606507
5.65423
-4.38781
4.5922
-2.6954
3.12242
1.75871
2.19106
1.94382
1.88501
0.66151
1.82127
0.385187
1.01112
2.41426
1.05878
0.819431
2.16311
-0.0227565
2.7234
2.95394
2.87134
4.59607
3.04878
4.5747
3.01757
4.49566
2.80048
4.80902
2.11232
5.02993
1.30197
4.23254
0.631971
3.44042
-0.0870467
3.06975
-0.879722
2.40887
-1.50316
1.46779
-1.87751
0.59137
-2.09816
-0.0584258
-2.21067
-0.58503
-2.25217
-0.834712
-2.24162
-0.960391
-2.23134
-1.03559
-2.14585
-0.976408
-2.05682
-0.895537
-1.95711
-0.874281
-1.80935
-0.954041
-1.68752
-1.09291
-1.55532
-1.16791
-1.40223
-1.1653
-1.24441
-1.11178
-1.09548
-1.0624
-0.973649
-0.988524
-0.811096
-0.903649
-0.669888
-0.739942
-0.578457
-0.505805
-0.498871
-0.354899
-0.435832
-0.415766
-0.358231
-0.605208
-0.28026
-0.71753
-0.171908
-0.790172
-0.0362178
-0.74894
0.0912297
-0.539584
0.182649
-0.264303
0.234913
-0.173589
0.272795
-0.277254
0.253941
-0.31718
0.171136
-0.119404
-0.0361464
0.551991
-0.303738
1.17346
-0.538373
1.33157
-0.678577
1.06827
-0.697315
0.64318
-0.665662
0.224963
-0.59928
-0.131491
-0.52263
-0.380884
-0.452907
-0.3595
-0.379333
-0.13767
-0.313923
-0.0341787
-0.283784
-0.00354413
-0.277189
0.0378248
-0.248863
0.0128977
-0.200944
-0.0121829
-0.0741798
0.597767
0.0841609
0.894367
-1.82086
1.26288
-2.52097
1.63452
-1.80557
1.84919
-0.362672
2.29989
0.211982
3.07313
1.15812
3.76987
2.30203
4.02847
3.21313
4.35474
3.04864
4.62589
2.04025
5.17292
-0.436372
5.80411
-0.914228
6.43235
-2.11627
7.09976
-3.1878
7.85492
-1.29425
8.45419
2.28951
9.40599
0.783363
9.39898
-1.94076
4.46719
2.77818
0.955383
0.443372
0.39196
-6.50386
-1.44778
-6.1227
1.28784
-3.75385
4.40959
0.270491
5.66265
-2.05367
5.53394
1.05222
5.32186
-1.03892
5.40278
-8.65851
6.58253
-6.41848
6.52597
-1.26644
5.75961
3.08444
5.54204
-0.388935
5.63488
-4.48065
4.64225
-1.70276
3.531
2.86997
2.99506
2.47977
2.54108
1.1155
2.41849
0.507796
2.28741
2.54536
1.5432
1.56367
0.61289
0.907582
1.05137
2.51549
1.49252
4.15494
1.63415
4.43309
2.23542
3.89441
2.65224
4.39221
2.56006
5.12212
1.99636
4.79626
1.38586
4.05093
0.713906
3.74172
-0.0343274
3.15711
-0.720307
2.15379
-1.2576
1.12868
-1.60855
0.292544
-1.83813
-0.355428
-1.95958
-0.713244
-2.02143
-0.898524
-2.04683
-1.01016
-2.02656
-0.996661
-1.96351
-0.958571
-1.88422
-0.953554
-1.77838
-1.05987
-1.65535
-1.21592
-1.52398
-1.29927
-1.37341
-1.31586
-1.22352
-1.26167
-1.10063
-1.18529
-0.978778
-1.11037
-0.840965
-1.04146
-0.706316
-0.874587
-0.607462
-0.604657
-0.530256
-0.432104
-0.46951
-0.47651
-0.403303
-0.671416
-0.34599
-0.774844
-0.263045
-0.87312
-0.117822
-0.894166
0.0249985
-0.682409
0.128672
-0.367982
0.200313
-0.245235
0.221667
-0.298614
0.187943
-0.283462
0.0707227
-0.00219036
-0.166927
0.789636
-0.452355
1.45889
-0.643835
1.52305
-0.743429
1.16786
-0.747367
0.647116
-0.679292
0.156887
-0.612596
-0.198188
-0.550762
-0.442719
-0.495912
-0.41435
-0.420259
-0.213325
-0.344606
-0.109834
-0.31233
-0.0358243
-0.306942
0.0324305
-0.274072
-0.0199777
-0.221154
-0.0651054
-0.0947914
0.603089
-0.513942
0.912216
-2.13002
1.29612
-2.90492
1.73588
-2.24537
2.01793
-0.644762
2.54109
-0.311209
3.43287
0.266314
4.16998
1.56491
4.65678
2.72631
5.17505
2.53035
5.38632
1.82896
5.68575
-0.735814
6.27757
-1.50607
6.93211
-2.77083
7.0942
-3.3499
7.61976
-1.81983
8.48532
1.42395
9.79039
-0.521719
8.96365
-1.11403
3.18742
8.55441
-1.20658
4.83735
-4.32305
-3.38742
-6.7206
-3.72518
-3.17578
-7.29871
2.86066
-5.76598
6.47399
-5.66701
6.184
1.3422
6.8491
-1.70403
6.9562
-8.76561
6.92643
-6.38872
6.32416
-0.664177
5.90534
3.50326
5.7987
-0.282288
5.52721
-4.20916
3.87766
-0.0532062
2.66121
4.08643
2.74045
2.40055
2.38437
1.4716
2.39175
0.500426
2.55162
2.38551
2.13608
1.97923
1.09819
1.94549
0.273453
3.34025
0.249457
4.17896
0.599236
4.08334
0.905888
3.58778
1.67847
3.61965
2.42902
4.37158
2.34172
4.88356
1.84754
4.54512
1.31431
4.27496
0.786632
3.6848
0.0825612
2.85787
-0.619333
1.83059
-1.07433
0.747556
-1.40578
-0.0239554
-1.61975
-0.499259
-1.74284
-0.775418
-1.82396
-0.929027
-1.85323
-0.967371
-1.83295
-0.978831
-1.77092
-1.01557
-1.68851
-1.14227
-1.57808
-1.32634
-1.45661
-1.42072
-1.28555
-1.48691
-1.14165
-1.40556
-1.06904
-1.25789
-0.972527
-1.20688
-0.852899
-1.16108
-0.732804
-0.994678
-0.618192
-0.719265
-0.549601
-0.500693
-0.493064
-0.533046
-0.442092
-0.722388
-0.42557
-0.791367
-0.364858
-0.933835
-0.217831
-1.0412
-0.0555643
-0.84468
0.0818312
-0.505382
0.155899
-0.319307
0.174434
-0.317154
0.124231
-0.233264
-0.0221294
0.144164
-0.302948
1.07045
-0.559775
1.71571
-0.725435
1.6887
-0.785354
1.22778
-0.745749
0.607509
-0.668757
0.0798946
-0.580293
-0.286652
-0.528314
-0.494697
-0.491359
-0.451305
-0.426789
-0.277896
-0.362926
-0.1737
-0.338171
-0.0605838
-0.331547
0.0258006
-0.300689
-0.0508406
-0.247009
-0.118791
-0.115427
0.613531
-1.12249
0.875583
-2.3921
1.28035
-3.30972
1.81679
-2.78185
2.10844
-0.936435
2.69761
-0.900413
3.64843
-0.684528
4.44059
0.772726
5.03596
2.13093
5.61755
1.94874
5.80194
1.64455
5.89774
-0.831631
6.37485
-1.98319
7.23097
-3.62696
5.7921
-1.91104
6.80604
-2.83378
10.3501
-2.12014
10.5307
-0.702299
5.86795
3.5487
0.0500641
14.3723
-4.08099
8.96839
-8.50351
1.03506
-7.40705
-4.82168
-4.46178
-10.244
0.49602
-10.7238
4.57643
-9.74745
5.39138
0.527244
7.80799
-4.12065
7.83202
-8.78965
6.76525
-5.32194
5.85592
0.24515
5.25238
4.10679
5.32528
-0.35518
5.49806
-4.38194
3.51128
1.93358
2.08063
5.51708
2.36432
2.11687
2.2066
1.62934
2.18389
0.523142
2.1952
2.37422
2.03852
2.13592
1.69013
2.2939
1.26346
3.76694
0.619908
4.82254
-0.00610365
4.70937
0.384014
3.19768
1.28784
2.71584
1.88695
3.77249
2.11111
4.65942
1.94891
4.70732
1.67803
4.54585
1.26558
4.09726
0.766596
3.35687
0.220446
2.37675
-0.425651
1.39367
-0.929254
0.479662
-1.24607
-0.182425
-1.44333
-0.578149
-1.57891
-0.793429
-1.66146
-0.884808
-1.66998
-0.970298
-1.62779
-1.05775
-1.56899
-1.20106
-1.48628
-1.40904
-1.33872
-1.56828
-1.23753
-1.58809
-1.16699
-1.47609
-1.05892
-1.36595
-0.962222
-1.30357
-0.884463
-1.23884
-0.746781
-1.13236
-0.614064
-0.851981
-0.557377
-0.557378
-0.51202
-0.578403
-0.487329
-0.747079
-0.519648
-0.75905
-0.50681
-0.946674
-0.340136
-1.20787
-0.147819
-1.037
0.00305068
-0.656257
0.0976409
-0.413901
0.111796
-0.331315
0.0527155
-0.174188
-0.128189
0.325064
-0.407932
1.35019
-0.65822
1.96599
-0.785314
1.81579
-0.790649
1.23311
-0.727457
0.544316
-0.640805
-0.0067584
-0.560489
-0.366968
-0.501553
-0.553633
-0.463756
-0.489103
-0.417898
-0.323755
-0.371631
-0.219969
-0.356101
-0.0761188
-0.349672
0.0193661
-0.305752
-0.0947667
-0.252958
-0.17159
-0.126662
0.594962
-1.71246
0.838195
-2.63536
1.19568
-3.66724
1.79852
-3.38472
2.15507
-1.29301
2.75651
-1.50188
3.75601
-1.68405
4.54978
-0.0210548
5.18705
1.49364
5.86212
1.27366
6.08627
1.42038
6.08125
-0.826632
6.19577
-2.09772
7.17915
-4.61036
6.99747
-1.72937
8.31766
-4.154
10.1778
-3.98028
9.34637
0.129115
5.18464
7.71042
3.26546
16.2914
3.33924
8.8946
0.579314
3.79496
-1.10052
-3.14188
0.594636
-11.9392
3.29539
-13.4246
4.09123
-10.5433
6.04603
-1.42757
7.43158
-5.50621
7.19335
-8.55143
5.86465
-3.99325
4.31679
1.79301
3.64025
4.78333
4.70671
-1.42164
5.13621
-4.81143
3.35995
3.70985
2.15171
6.72533
2.40424
1.86436
2.32176
1.71184
1.99043
0.854491
1.10957
3.25509
1.22704
2.01845
1.76751
1.75344
1.55127
3.98319
1.23155
5.14227
0.95292
4.98802
0.798658
3.35197
0.846764
2.66775
1.20613
3.41314
1.63904
4.22651
1.6239
4.72247
1.50741
4.66236
1.3651
4.23958
1.14726
3.57471
0.714321
2.8097
0.136568
1.97143
-0.448649
1.06489
-0.86778
0.236717
-1.13366
-0.312256
-1.37293
-0.554147
-1.4793
-0.77843
-1.50086
-0.948722
-1.48419
-1.07441
-1.4437
-1.24153
-1.38087
-1.47186
-1.27698
-1.67215
-1.20886
-1.6562
-1.11516
-1.56979
-1.02088
-1.46022
-0.956505
-1.36795
-0.853295
-1.34204
-0.734522
-1.25113
-0.642102
-0.944398
-0.566081
-0.633399
-0.521199
-0.623284
-0.535933
-0.732345
-0.639172
-0.655812
-0.665291
-0.920556
-0.494379
-1.37879
-0.267443
-1.26394
-0.081022
-0.842682
0.0121386
-0.507066
0.0328332
-0.352014
-0.0200167
-0.121342
-0.212921
0.517964
-0.503901
1.64117
-0.727179
2.18927
-0.817052
1.90567
-0.767958
1.18401
-0.684289
0.460646
-0.606023
-0.085024
-0.519861
-0.453129
-0.455555
-0.617939
-0.424863
-0.519795
-0.403306
-0.345313
-0.372965
-0.250313
-0.366321
-0.0827673
-0.348153
0.00119214
-0.305998
-0.136928
-0.254416
-0.223177
-0.145981
0.55784
-2.26531
0.774927
-2.85246
1.12011
-4.01245
1.76591
-4.03055
2.16275
-1.68988
2.76216
-2.1013
3.73562
-2.65753
4.56675
-0.852197
5.15181
0.908574
5.90818
0.517265
6.13584
1.19271
6.28687
-0.977678
6.03138
-1.84224
5.12572
-3.70471
5.55963
-2.16329
9.0516
-7.646
9.61605
-4.54473
6.66081
3.08435
4.40815
9.96308
5.88504
14.8145
6.97874
7.80089
5.75017
5.02351
3.67064
-1.06238
4.40146
-12.6701
5.30428
-14.3274
4.57101
-9.81005
6.38364
-3.24021
6.89227
-6.01484
6.47137
-8.13053
4.8919
-2.41378
2.92466
3.76025
2.65252
5.05547
4.42997
-3.19909
5.0378
-5.41925
3.50975
5.2379
2.31626
7.91884
2.22042
1.96021
2.1362
1.79607
1.40933
1.58137
0.187551
4.47689
-0.234767
2.44078
0.499141
1.01955
0.991835
3.49051
1.06093
5.07319
1.29454
4.75442
1.23474
3.41178
0.698158
3.20434
0.602452
3.50886
0.976543
3.85243
1.11375
4.58528
1.09505
4.68107
1.12412
4.21051
1.12029
3.57855
0.954052
2.97595
0.518244
2.40724
-0.0406714
1.62381
-0.516122
0.712177
-0.892895
0.0645274
-1.13024
-0.316798
-1.26774
-0.640916
-1.3148
-0.901654
-1.32157
-1.06763
-1.30419
-1.2589
-1.25906
-1.51698
-1.18366
-1.74755
-1.08059
-1.75927
-1.03602
-1.61435
-0.967033
-1.5292
-0.868866
-1.46611
-0.802024
-1.40888
-0.713926
-1.33922
-0.607393
-1.05093
-0.553594
-0.687197
-0.539587
-0.63729
-0.604973
-0.666959
-0.775494
-0.485293
-0.860435
-0.835616
-0.664732
-1.5745
-0.391961
-1.53672
-0.186061
-1.04859
-0.0633716
-0.629759
-0.0321619
-0.383227
-0.090757
-0.062751
-0.307323
0.734527
-0.559688
1.89353
-0.709816
2.33939
-0.745321
1.94117
-0.708418
1.14711
-0.641784
0.394012
-0.56427
-0.162539
-0.484175
-0.533224
-0.424439
-0.677675
-0.398733
-0.5455
-0.384967
-0.35908
-0.367882
-0.267401
-0.355415
-0.0952387
-0.329456
-0.0247731
-0.272026
-0.194364
-0.22539
-0.269818
-0.150813
0.517256
-2.77757
0.64545
-2.98067
0.900025
-4.26705
1.62719
-4.75774
2.11893
-2.18163
2.69734
-2.67974
3.62982
-3.59002
4.50103
-1.72342
5.00385
0.405747
5.81375
-0.292648
6.15277
0.853675
6.62101
-1.44593
6.41409
-1.63534
3.46621
-0.75684
5.28797
-3.98507
9.1818
-11.5398
8.1219
-3.48484
6.32932
4.87693
5.48124
10.8111
7.73449
12.5613
8.41219
7.12317
7.71966
5.71603
6.53256
0.124699
5.41937
-11.5569
5.07539
-13.9835
4.12171
-8.85638
5.77523
-4.89375
7.04763
-7.28725
5.75027
-6.83317
2.77617
0.560323
0.625434
5.91098
1.9227
3.7582
4.02859
-5.30497
4.62668
-6.01734
3.47802
6.38656
2.63668
8.76018
2.31581
2.2811
1.80939
2.3025
1.22068
2.17009
0.571675
5.12591
-0.452992
3.46546
-0.156267
0.722837
0.176835
3.15743
0.67788
4.57216
1.33236
4.09995
1.33406
3.41009
0.648887
3.88953
0.230002
3.92775
0.362422
3.72002
0.5608
4.38691
0.713214
4.52866
0.831131
4.09261
0.905597
3.50409
0.855842
3.02571
0.642431
2.62066
0.229534
2.03672
-0.28497
1.22669
-0.648062
0.427628
-0.898849
-0.0660028
-1.05461
-0.485148
-1.12181
-0.834445
-1.15771
-1.03172
-1.16548
-1.25113
-1.12378
-1.55867
-1.06185
-1.80947
-1.02321
-1.7979
-0.958298
-1.67926
-0.897809
-1.58969
-0.824795
-1.53912
-0.735626
-1.49805
-0.676629
-1.39822
-0.595903
-1.13165
-0.532021
-0.751079
-0.537779
-0.631532
-0.67584
-0.528899
-0.920752
-0.240382
-1.0304
-0.725967
-0.854408
-1.75049
-0.544522
-1.8466
-0.29715
-1.29596
-0.151685
-0.775227
-0.104376
-0.430539
-0.177607
0.010477
-0.388813
0.94573
-0.610095
2.11481
-0.736987
2.46628
-0.755425
1.95961
-0.66752
1.0592
-0.594189
0.320682
-0.526617
-0.23011
-0.452314
-0.607526
-0.397917
-0.732072
-0.378255
-0.565162
-0.372965
-0.364372
-0.348548
-0.291821
-0.320964
-0.122827
-0.274667
-0.0710761
-0.230307
-0.23873
-0.191896
-0.308234
-0.164809
0.488323
-3.2609
0.527269
-3.01963
0.720186
-4.45998
1.48573
-5.5233
2.01034
-2.70626
2.58039
-3.2498
3.43825
-4.44788
4.37377
-2.65895
4.76371
0.0157954
5.53642
-1.06536
6.06141
0.328671
6.74716
-2.13169
8.0283
-2.91649
7.14514
0.126307
7.34332
-4.18327
7.25453
-11.4511
6.56953
-2.79984
6.49393
4.95252
6.01653
11.2885
8.24279
10.335
9.30844
6.05752
8.95457
6.06989
8.32583
0.753426
6.59561
-9.8267
5.8656
-13.2535
6.75566
-9.74645
7.92897
-6.06707
7.44519
-6.80347
4.78226
-4.17024
0.411353
4.93122
-1.34924
7.67157
1.44254
0.966423
3.62208
-7.48452
3.76532
-6.16058
2.89231
7.25958
3.2155
8.437
2.94767
2.54893
1.53575
3.71444
1.67862
2.02724
1.2442
5.56033
-0.441438
5.15112
-0.507087
0.7885
-0.254944
2.9053
0.0194403
4.29779
0.949936
3.16946
1.20688
3.15315
0.498295
4.59812
-0.0213666
4.44742
0.0373362
3.66132
0.230387
4.19387
0.43313
4.32593
0.698546
3.8272
0.761244
3.4414
0.716699
3.07026
0.564053
2.77331
0.291188
2.30959
-0.0538299
1.57171
-0.414564
0.788368
-0.677979
0.197419
-0.844281
-0.31884
-0.912418
-0.766302
-0.946658
-0.997478
-0.97574
-1.22204
-0.96595
-1.56845
-0.931005
-1.84441
-0.869376
-1.85953
-0.858566
-1.69007
-0.82203
-1.62622
-0.767633
-1.59352
-0.725345
-1.54033
-0.648668
-1.4749
-0.575337
-1.20498
-0.535312
-0.791104
-0.551803
-0.615041
-0.750267
-0.330436
-1.03458
0.0439354
-1.15042
-0.610131
-0.996467
-1.90445
-0.691244
-2.15183
-0.419193
-1.56801
-0.246423
-0.948
-0.182715
-0.49425
-0.255418
0.0831773
-0.473176
1.16349
-0.668024
2.30966
-0.733067
2.53133
-0.689942
1.91648
-0.611233
0.980496
-0.549993
0.259443
-0.49047
-0.289633
-0.428795
-0.669201
-0.382459
-0.778407
-0.359759
-0.587863
-0.350099
-0.374033
-0.325064
-0.316858
-0.265991
-0.181905
-0.201362
-0.135711
-0.159628
-0.28047
-0.142026
-0.32584
-0.165503
0.466664
-3.72257
0.45928
-3.01226
0.466597
-4.46732
1.22133
-6.27805
1.86636
-3.3513
2.43088
-3.81433
3.21607
-5.23308
4.18064
-3.62354
4.42415
-0.227719
5.04485
-1.68608
5.73167
-0.358159
6.62696
-3.02699
7.78015
-4.06969
7.64322
0.263236
6.57604
-3.1161
4.65467
-9.5297
4.68184
-2.82701
5.25442
4.37994
5.92705
10.6159
8.4134
7.84866
8.84042
5.63049
9.21056
5.69974
9.30672
0.657259
7.47943
-7.99943
6.84402
-12.6181
7.96274
-10.8652
8.74533
-6.84966
7.87788
-5.93603
4.87071
-1.16307
1.52275
8.27919
1.16509
8.02922
3.32424
-1.19273
3.88755
-8.04783
2.42301
-4.69603
1.84087
7.84173
3.14911
7.12878
3.00609
2.69196
1.83656
4.88398
0.692192
3.17162
-0.672609
6.92514
-0.663195
5.14172
-0.678469
0.803785
-1.11448
3.34132
-0.725259
3.90858
0.261919
2.18229
0.809826
2.60525
0.200978
5.20697
-0.368157
5.01657
-0.148063
3.44124
0.166669
3.87914
0.379166
4.11344
0.515603
3.69077
0.562894
3.39411
0.546013
3.08715
0.446969
2.87236
0.293549
2.46301
0.033963
1.8313
-0.24774
1.07008
-0.492386
0.442069
-0.648929
-0.162291
-0.724484
-0.690743
-0.766612
-0.955345
-0.798708
-1.18994
-0.790148
-1.57701
-0.778106
-1.85645
-0.796001
-1.84163
-0.767392
-1.71868
-0.737388
-1.65622
-0.702189
-1.62872
-0.663073
-1.57945
-0.627335
-1.51063
-0.553476
-1.27884
-0.517082
-0.827498
-0.571364
-0.560759
-0.798482
-0.103318
-1.12427
0.369728
-1.24651
-0.4879
-1.08357
-2.06738
-0.773153
-2.46225
-0.520125
-1.82104
-0.342039
-1.12609
-0.258722
-0.577569
-0.343999
0.168452
-0.522333
1.34182
-0.663154
2.45048
-0.677932
2.5461
-0.624192
1.86274
-0.549385
0.905689
-0.500454
0.210513
-0.460399
-0.329687
-0.410657
-0.718942
-0.365442
-0.823622
-0.345198
-0.608106
-0.333946
-0.385287
-0.288442
-0.362365
-0.206902
-0.263449
-0.123188
-0.219431
-0.0731507
-0.330514
-0.0496789
-0.349317
-0.157922
0.440592
-4.15817
0.420986
-2.99266
0.246112
-4.29245
0.869298
-6.90125
1.64918
-4.13119
2.2347
-4.39985
2.95005
-5.94844
3.9431
-4.61658
4.0076
-0.292228
4.45575
-2.13424
5.33495
-1.23736
6.26443
-3.95648
7.28234
-5.0876
7.83277
-0.287199
5.37748
-0.660817
1.08984
-5.24207
1.69111
-3.42828
3.67692
2.39412
5.2023
9.09052
7.87729
5.17366
8.78637
4.7214
9.64435
4.84176
9.76658
0.535023
8.53173
-6.76459
7.9275
-12.0139
8.62393
-11.5616
9.3001
-7.52584
8.02388
-4.65981
4.99047
1.87034
3.1428
10.1269
3.65936
7.51266
4.42618
-1.95954
4.37716
-7.99881
2.88546
-3.20434
2.53951
8.18769
3.51279
6.15551
2.53731
3.66745
0.190948
7.23035
-1.29057
4.65315
-1.09945
6.73403
0.403688
3.63859
-0.719436
1.92692
-2.30575
4.92765
-1.62875
3.23159
-0.635366
1.18892
-0.0851772
2.05507
-0.334481
5.45628
-0.783825
5.46592
-0.459859
3.11728
0.14576
3.27353
0.50291
3.7563
0.657707
3.53598
0.620593
3.43123
0.498508
3.20924
0.401423
2.96945
0.241172
2.62327
0.0499358
2.02254
-0.164031
1.28405
-0.34334
0.621381
-0.476084
-0.0295447
-0.551424
-0.615399
-0.595772
-0.910994
-0.621392
-1.16431
-0.589488
-1.60891
-0.620837
-1.8251
-0.655446
-1.80702
-0.659244
-1.71488
-0.649395
-1.66607
-0.628345
-1.64977
-0.60106
-1.60673
-0.569604
-1.54209
-0.520659
-1.32779
-0.485307
-0.86285
-0.562307
-0.483759
-0.852001
0.186376
-1.20087
0.7186
-1.28919
-0.399591
-1.16393
-2.19264
-0.888956
-2.73723
-0.596497
-2.1135
-0.419624
-1.30296
-0.340386
-0.656809
-0.419189
0.247253
-0.573692
1.49632
-0.651586
2.52837
-0.629699
2.52422
-0.555952
1.789
-0.488424
0.838163
-0.45409
0.17618
-0.429729
-0.354048
-0.396552
-0.752119
-0.356891
-0.863282
-0.32796
-0.637038
-0.306598
-0.40665
-0.260727
-0.408239
-0.144372
-0.379809
-0.0371317
-0.326677
0.00378121
-0.371433
0.0219763
-0.367518
-0.163941
0.423578
-4.57675
0.380802
-2.94989
-0.0719301
-3.83973
0.33703
-7.31022
1.36578
-5.15995
2.00232
-5.03639
2.66034
-6.60647
3.60495
-5.56119
3.52416
-0.211439
3.70828
-2.31837
4.7724
-2.30148
6.02349
-5.20758
6.74565
-5.80976
7.07051
-0.612066
3.25132
3.15837
-1.52637
-0.464386
-1.83047
-3.12419
0.690648
-0.127006
4.26735
5.51381
6.60724
2.83377
7.81352
3.51512
9.17151
3.48378
9.83549
-0.128959
9.22085
-6.14995
8.75204
-11.5451
9.06201
-11.8716
9.42569
-7.88952
7.52865
-2.76278
4.6489
4.75008
3.84812
10.9276
4.90322
6.45756
5.43303
-2.48935
4.80953
-7.37531
3.50254
-1.89735
3.63399
8.05625
4.02186
5.76764
2.73211
4.9572
0.142168
9.8203
-2.09351
6.88884
-1.22441
5.86494
0.342055
2.07214
-0.0715286
2.34051
-0.764175
5.6203
-1.08834
3.55577
-1.45082
1.5514
-1.07313
1.67738
-1.04515
5.42831
-1.24776
5.66854
-0.739883
2.6094
-0.0783814
2.61203
0.454467
3.22345
0.640068
3.35038
0.613132
3.45817
0.526862
3.29551
0.339659
3.15666
0.166303
2.79662
0.0310303
2.15782
-0.120691
1.43577
-0.235645
0.736336
-0.303291
0.038103
-0.389626
-0.529064
-0.43934
-0.861279
-0.434156
-1.1695
-0.455574
-1.58749
-0.491207
-1.78946
-0.526086
-1.77214
-0.549461
-1.6915
-0.554409
-1.66112
-0.551035
-1.65314
-0.536936
-1.62083
-0.514885
-1.56414
-0.481865
-1.36081
-0.474104
-0.870611
-0.550992
-0.406872
-0.854364
0.489747
-1.22531
1.08954
-1.30437
-0.320526
-1.18675
-2.31026
-0.96835
-2.95563
-0.669095
-2.41276
-0.476719
-1.49534
-0.417297
-0.716233
-0.497278
0.327235
-0.595587
1.59463
-0.620126
2.55291
-0.560663
2.46476
-0.461398
1.68974
-0.416103
0.79287
-0.411601
0.17168
-0.398863
-0.366785
-0.38533
-0.765651
-0.344163
-0.904449
-0.317139
-0.664062
-0.287224
-0.436567
-0.198098
-0.497368
-0.0691608
-0.508751
0.0459569
-0.441801
0.0929278
-0.418411
0.123069
-0.397665
-0.187719
0.418484
-4.99024
0.358356
-2.88976
-0.282874
-3.1985
-0.244895
-7.3482
0.970493
-6.37534
1.72724
-5.79314
2.34383
-7.22306
3.2298
-6.44716
3.21022
-0.191864
3.21307
-2.32123
4.24106
-3.32947
5.55009
-6.51662
5.90715
-6.16683
4.96561
0.329463
1.91088
6.21311
-1.27265
2.71913
-4.43403
0.0371918
-2.62783
-1.93321
1.90442
0.981558
4.28276
0.455419
6.12716
1.67072
7.72679
1.88414
8.76521
-1.16738
8.62498
-6.00973
8.35071
-11.2708
8.87111
-12.392
9.08129
-8.0997
6.76738
-0.44887
3.7494
7.76806
3.61538
11.0617
5.52813
4.54482
6.25095
-3.21218
5.44064
-6.565
3.43464
0.108664
3.23471
8.25619
3.97637
5.02599
2.56099
6.37259
0.372177
12.0091
-1.09891
8.35993
-0.0714769
4.83752
0.893497
1.10717
0.253717
2.98029
-0.24295
6.11698
-0.590965
3.90379
-1.69219
2.65263
-1.94104
1.92624
-1.9133
5.40057
-1.95762
5.71286
-1.07656
1.72834
-0.111116
1.6466
0.370109
2.74223
0.573294
3.1472
0.598246
3.43322
0.440024
3.45373
0.289833
3.30685
0.178343
2.90811
0.0436419
2.29252
-0.0564936
1.5359
-0.146955
0.826796
-0.194618
0.0857659
-0.25596
-0.467722
-0.296136
-0.821103
-0.312532
-1.1531
-0.335998
-1.56403
-0.36567
-1.75979
-0.405894
-1.73192
-0.438186
-1.65921
-0.459386
-1.63992
-0.469071
-1.64345
-0.47014
-1.61976
-0.460067
-1.57421
-0.445235
-1.37564
-0.448909
-0.866938
-0.531901
-0.32388
-0.873506
0.831352
-1.23389
1.44993
-1.26687
-0.287542
-1.18438
-2.39276
-0.990622
-3.14939
-0.706536
-2.69685
-0.53165
-1.67023
-0.485009
-0.762874
-0.552697
0.394923
-0.608238
1.65017
-0.572255
2.51693
-0.465106
2.35761
-0.385949
1.61058
-0.354224
0.761148
-0.372686
0.190144
-0.398294
-0.341177
-0.37047
-0.793473
-0.335934
-0.938984
-0.304247
-0.695749
-0.265776
-0.475039
-0.159613
-0.603533
-0.00713078
-0.661238
0.0969752
-0.545914
0.140024
-0.461466
0.174881
-0.432527
-0.224893
0.416199
-5.40144
0.326577
-2.80014
-0.308824
-2.5631
-0.634431
-7.02259
0.542605
-7.55237
1.38415
-6.63468
1.95738
-7.7963
2.81426
-7.30404
2.95211
-0.329718
2.77452
-2.14364
3.38854
-3.9435
4.26905
-7.39714
4.03537
-5.93315
2.37378
1.99105
-2.23471
10.8216
-3.76639
4.25081
-4.30844
0.579236
-4.27995
-1.96171
-1.1356
-2.16279
2.00003
-2.68021
3.91493
-0.244192
5.68119
0.117885
6.84895
-2.33514
6.78322
-5.94401
6.40484
-10.8924
7.32195
-13.3091
7.37697
-8.15472
5.19891
1.72919
2.92184
10.0451
3.27681
10.7067
5.87075
1.95087
6.39109
-3.73252
4.72801
-4.90192
2.98064
1.85603
2.67213
8.5647
2.52301
5.17511
0.99477
7.90083
-0.925172
13.9291
-1.08643
8.52119
0.24176
3.50934
1.16079
0.188137
0.788996
3.35209
0.612165
6.29381
-0.0748691
4.59082
-1.80423
4.382
-2.40136
2.52337
-1.84654
4.84576
-1.78058
5.64691
-1.06831
1.01607
-0.153927
0.732219
0.295489
2.29282
0.471544
2.97114
0.456037
3.44873
0.325814
3.58395
0.235605
3.39705
0.14871
2.99501
0.0554506
2.38577
-0.0126634
1.60401
-0.0411246
0.855254
-0.0806638
0.125302
-0.149101
-0.399287
-0.165673
-0.804533
-0.175261
-1.14352
-0.227357
-1.51193
-0.249064
-1.73809
-0.287221
-1.69376
-0.32846
-1.61797
-0.360238
-1.60815
-0.385043
-1.61865
-0.399998
-1.60481
-0.405122
-1.56909
-0.40098
-1.37978
-0.41846
-0.849459
-0.49999
-0.24235
-0.85506
1.18642
-1.1938
1.78867
-1.20979
-0.271554
-1.13997
-2.46258
-0.987151
-3.30221
-0.71695
-2.96705
-0.568331
-1.81885
-0.543447
-0.787759
-0.602124
0.4536
-0.611179
1.65923
-0.518969
2.42472
-0.393555
2.2322
-0.301795
1.51883
-0.297865
0.757221
-0.332033
0.224315
-0.339063
-0.334146
-0.338535
-0.793999
-0.318737
-0.958782
-0.295422
-0.719064
-0.260869
-0.509594
-0.132035
-0.732371
0.0208706
-0.814148
0.134969
-0.660019
0.188242
-0.514746
0.203136
-0.447426
-0.246726
0.418122
-5.81456
0.336592
-2.7186
-0.148168
-2.07833
-0.799968
-6.37078
-0.0253552
-8.32698
0.959094
-7.61912
1.55743
-8.39462
2.4435
-8.19011
2.76719
-0.653406
2.2495
-1.62595
2.30758
-4.00158
2.41385
-7.50341
1.68692
-5.20621
-1.02982
4.70779
-4.76724
14.559
-3.95493
3.4385
-3.93766
0.56197
-3.98736
-1.91202
-2.27508
-3.87507
0.0811915
-5.03648
2.39369
-2.55669
3.87927
-1.36769
4.74824
-3.20412
3.86627
-5.06203
2.34862
-9.37477
1.98762
-12.9481
2.23292
-8.40003
0.861591
3.10053
0.100138
10.8066
2.96737
7.83946
6.11649
-1.19825
5.7608
-3.37683
2.77382
-1.91494
-0.0365282
4.66638
-0.433167
8.96135
-0.513516
5.25547
-1.18055
8.56787
-1.39322
14.1417
-0.874757
8.00274
0.349899
2.28468
1.45074
-0.912701
0.861635
3.94119
0.352172
6.80327
-0.255073
5.19807
-1.26491
5.39184
-1.6432
2.90167
-1.83566
5.03821
-1.96615
5.77741
-1.08438
0.134299
-0.13363
-0.218531
0.272529
1.88666
0.363927
2.87974
0.303913
3.50874
0.207428
3.68044
0.142853
3.46162
0.117048
3.02081
0.0423667
2.46045
0.0260861
1.62029
0.0578355
0.823499
0.0473757
0.135757
0.00643476
-0.358351
-0.0320786
-0.766023
-0.0625956
-1.113
-0.0702145
-1.50432
-0.114489
-1.69382
-0.169354
-1.6389
-0.218018
-1.56931
-0.261828
-1.56434
-0.299141
-1.58134
-0.329897
-1.57406
-0.34934
-1.54965
-0.361385
-1.36774
-0.381345
-0.829501
-0.485365
-0.138331
-0.831138
1.53219
-1.10256
2.06009
-1.10667
-0.267443
-1.07614
-2.49311
-0.955682
-3.42266
-0.7277
-3.19503
-0.599947
-1.9466
-0.588759
-0.798946
-0.627621
0.492463
-0.60327
1.63488
-0.464514
2.28597
-0.3026
2.07029
-0.233526
1.44976
-0.242825
0.766524
-0.248804
0.230296
-0.278258
-0.30469
-0.310039
-0.762217
-0.306587
-0.962233
-0.282205
-0.743446
-0.239261
-0.55254
-0.116967
-0.854669
0.043835
-0.974955
0.1547
-0.770891
0.20073
-0.560783
0.219201
-0.465903
-0.279467
0.406715
-6.21627
0.349552
-2.66143
0.0329657
-1.76174
-0.940483
-5.39732
-0.71687
-8.55058
0.415042
-8.75102
1.10846
-9.08804
1.99678
-9.07843
2.55543
-1.21205
1.71354
-0.784065
0.947589
-3.23563
0.051897
-6.60772
-0.869572
-4.28474
-2.32606
6.16427
-2.79828
15.0312
-2.37293
3.01314
-3.28923
1.47827
-3.27053
-1.93071
-3.66338
-3.48222
-2.20492
-6.49494
0.825377
-5.58699
2.32631
-2.86862
3.217
-4.0948
1.22095
-3.06599
-2.11581
-6.038
-4.26173
-10.8022
-4.94883
-7.71293
-3.71482
1.86653
-0.60927
7.70102
3.41639
3.8138
5.86426
-3.64613
5.09653
-2.6091
1.53282
1.64877
-1.5142
7.71341
-1.03587
8.48302
-0.922932
5.14253
-2.18638
9.83132
-1.75997
13.7153
-0.344306
6.58708
0.704567
1.23581
0.895178
-1.10331
0.271154
4.56521
0.437674
6.63675
-0.125893
5.76164
-0.722851
5.98879
-0.613842
2.79266
-0.445908
4.87028
-0.359786
5.69128
-0.299243
0.0737557
0.0421451
-0.55992
0.264976
1.66382
0.261418
2.8833
0.175789
3.59436
0.0689519
3.78727
0.0333615
3.49721
0.043817
3.01034
0.0504986
2.45376
0.0920375
1.57874
0.15513
0.760399
0.175225
0.115655
0.145581
-0.328713
0.101723
-0.72217
0.0681875
-1.07947
0.0431619
-1.4793
0.019248
-1.66991
-0.051575
-1.56808
-0.109664
-1.51122
-0.161314
-1.51269
-0.215769
-1.52689
-0.260751
-1.52908
-0.288754
-1.52165
-0.312183
-1.34431
-0.343376
-0.798309
-0.451022
-0.0306853
-0.808919
1.89009
-1.02981
2.28098
-0.986657
-0.310597
-0.988688
-2.49108
-0.921225
-3.49013
-0.737444
-3.37881
-0.631625
-2.05242
-0.63827
-0.792301
-0.651977
0.506171
-0.58441
1.56731
-0.413721
2.11528
-0.238212
1.89478
-0.166951
1.3785
-0.156663
0.75624
-0.173304
0.24694
-0.225584
-0.252408
-0.271035
-0.716765
-0.28004
-0.953228
-0.273184
-0.750302
-0.234302
-0.591424
-0.0927941
-0.996181
0.0644233
-1.13218
0.176601
-0.883075
0.221236
-0.605424
0.222355
-0.467028
-0.303854
0.369951
-6.58122
0.373579
-2.66505
0.140639
-1.52879
-1.13431
-4.12235
-1.49636
-8.18851
-0.218191
-10.0292
0.610358
-9.91658
1.45166
-9.91973
2.222
-1.98238
1.27575
0.16218
-0.118672
-1.8412
-1.80646
-4.91992
-3.21461
-2.87659
-1.90159
4.85126
0.162898
12.9668
-2.98273
6.15877
-5.45773
3.95327
-3.65193
-3.7365
-2.74418
-4.38998
-2.42878
-6.81033
-1.01179
-7.00398
0.732196
-4.6126
2.04032
-5.40292
-0.602503
-0.423167
-5.38287
-1.25764
-7.97434
-8.2107
-7.50907
-8.1782
-4.44234
-1.2002
-0.706327
3.96501
2.92126
0.18622
5.23345
-5.95832
4.28167
-1.65732
1.37491
4.55554
-0.584593
9.67291
-0.71432
8.61275
-1.54386
5.97208
-2.45691
10.7444
-1.18191
12.4403
0.172996
5.23217
0.79154
0.617264
0.0762936
-0.388067
-0.343465
4.98497
0.436507
5.85677
0.0552347
6.14291
0.236949
5.80708
0.674196
2.35541
0.480697
5.06377
0.406164
5.76581
0.33546
0.144458
0.217078
-0.44154
0.28145
1.59945
0.179936
2.98481
0.0406291
3.73366
-0.0605211
3.88841
-0.0771041
3.51378
-0.00853551
2.94176
0.034718
2.4105
0.135842
1.47761
0.251356
0.644873
0.289672
0.0773303
0.270819
-0.309869
0.225406
-0.676764
0.191324
-1.0454
0.153351
-1.44133
0.0927724
-1.60934
0.0466258
-1.52194
-0.00829783
-1.45631
-0.0630814
-1.45791
-0.122541
-1.46743
-0.183076
-1.46855
-0.230478
-1.47425
-0.267156
-1.30764
-0.30158
-0.763886
-0.427909
0.0956423
-0.751146
2.21333
-0.886227
2.41606
-0.830846
-0.365977
-0.881749
-2.44017
-0.879981
-3.49189
-0.762302
-3.49649
-0.671523
-2.1432
-0.677753
-0.786069
-0.662789
0.491208
-0.565756
1.47028
-0.366569
1.9161
-0.180692
1.70891
-0.097982
1.2958
-0.0889832
0.747246
-0.11215
0.270111
-0.164709
-0.199847
-0.220338
-0.661134
-0.257007
-0.916559
-0.26334
-0.74397
-0.196748
-0.658019
-0.0570302
-1.1359
0.0748009
-1.26401
0.176953
-0.985234
0.215474
-0.643952
0.214761
-0.46632
-0.33528
0.323376
-6.89959
0.400096
-2.74175
0.23165
-1.36033
-0.813516
-3.07717
-1.77061
-7.2314
-1.06714
-10.7326
-0.0542172
-10.9295
0.80769
-10.7816
1.83074
-3.00543
1.59139
0.40154
0.276907
-0.526718
-2.05066
-2.59235
-3.9012
-1.02605
-1.27006
2.22012
2.49768
9.19902
1.5565
7.09995
-2.20207
7.71185
-4.24085
-1.69772
-2.7951
-5.83572
-2.55683
-7.0486
-1.99777
-7.56303
0.644486
-7.25485
2.66306
-7.42149
0.143955
2.09594
-4.1091
2.99543
-5.90766
-6.41213
-5.74825
-8.3376
-3.84527
-3.10318
-0.72629
0.846036
2.5659
-3.10597
4.60533
-7.99775
3.56255
-0.614529
1.17024
6.94784
-0.0706565
10.9138
-0.552182
9.09428
-1.67178
7.09168
-2.23451
11.3071
-0.942116
11.1479
0.32148
3.96857
0.712323
0.226418
-0.674942
0.999193
-0.745452
5.05547
0.389983
4.72133
0.354397
6.17849
0.883589
5.27788
0.751354
2.48764
0.481874
5.33325
0.868574
5.37911
0.600461
0.412568
0.377125
-0.218206
0.267555
1.70901
0.0886029
3.16375
-0.0648542
3.88711
-0.151902
3.97545
-0.121564
3.48343
-0.077842
2.89803
0.0416374
2.291
0.222036
1.29719
0.347075
0.519821
0.400401
0.0239936
0.392486
-0.301964
0.345869
-0.630155
0.305439
-1.00497
0.248417
-1.38432
0.200628
-1.56155
0.145844
-1.46716
0.092195
-1.40266
0.037358
-1.40308
-0.0297083
-1.40037
-0.103323
-1.39493
-0.164791
-1.41278
-0.217826
-1.2546
-0.262529
-0.719185
-0.381173
0.214286
-0.694158
2.52631
-0.747128
2.46903
-0.63553
-0.477573
-0.743158
-2.33254
-0.843417
-3.39163
-0.79076
-3.54915
-0.696764
-2.23719
-0.702421
-0.78041
-0.674176
0.462966
-0.544491
1.3406
-0.339887
1.7115
-0.1582
1.52723
-0.0532293
1.19083
-0.0365196
0.73054
-0.049321
0.282916
-0.0883967
-0.160769
-0.153173
-0.596356
-0.208811
-0.860921
-0.214551
-0.738231
-0.139537
-0.733036
-0.017839
-1.2576
0.0849331
-1.36679
0.163786
-1.06409
0.201338
-0.681512
0.202066
-0.467054
-0.362965
0.226178
-7.12076
0.424102
-2.93966
0.284654
-1.22087
-0.462057
-2.33044
-1.8406
-5.85283
-1.9766
-10.5966
-0.926429
-11.9796
0.0696126
-11.7777
1.20361
-4.13942
1.31801
0.287146
0.156494
0.634797
-2.24223
-0.193619
-4.21278
0.944509
-1.16928
-0.82338
4.22678
3.80296
4.41374
6.913
1.26427
10.8613
-3.22521
2.79177
-3.63554
-5.42539
-2.87152
-7.81262
-0.828946
-9.6056
1.89916
-9.98295
2.19396
-7.71628
0.273665
4.01624
-2.66245
5.93155
-4.12238
-4.9522
-4.49496
-7.96501
-3.02325
-4.57489
-0.591905
-1.5853
2.09334
-5.79121
3.96012
-9.86453
2.96965
0.375941
1.00206
8.91544
0.136017
11.7798
-0.406266
9.63656
-1.39506
8.08047
-1.70913
11.6212
-0.57633
10.0151
0.390045
3.00219
0.564905
0.0515545
-0.871017
2.43511
-0.660959
4.8454
0.274394
3.78597
0.445565
6.00731
1.12241
4.60103
0.686374
2.92367
0.610029
5.40959
1.3619
4.62724
0.817731
0.956731
0.345167
0.254353
0.168911
1.88526
0.0275944
3.30506
-0.12728
4.04197
-0.181976
4.03013
-0.136714
3.43816
-0.0387692
2.80007
0.160511
2.09171
0.33045
1.12724
0.457569
0.392687
0.506804
-0.0252542
0.499788
-0.294959
0.460512
-0.590888
0.408683
-0.953154
0.371667
-1.34731
0.309063
-1.49896
0.241835
-1.39994
0.193085
-1.35392
0.127116
-1.33712
0.04873
-1.32199
-0.0271229
-1.31909
-0.104251
-1.33566
-0.164798
-1.19406
-0.216264
-0.667721
-0.343226
0.341247
-0.610646
2.79373
-0.566516
2.4249
-0.422586
-0.621502
-0.577535
-2.17759
-0.775324
-3.19384
-0.801016
-3.52345
-0.726795
-2.31141
-0.732672
-0.774531
-0.690605
0.420901
-0.547982
1.19798
-0.343974
1.5075
-0.147393
1.33065
-0.0205356
1.06398
0.00916587
0.700843
0.00467042
0.287416
-0.0201718
-0.135924
-0.0743687
-0.542158
-0.130535
-0.804754
-0.136103
-0.732664
-0.0695924
-0.799549
0.0236295
-1.35083
0.105856
-1.44902
0.155862
-1.11411
0.17876
-0.704418
0.189681
-0.47798
-0.393901
0.0601855
-7.17594
0.431303
-3.31075
0.33832
-1.12788
-0.208341
-1.78376
-1.72279
-4.33836
-2.55858
-9.7608
-1.74658
-12.7916
-0.858053
-12.6662
0.366051
-5.36351
0.629227
0.0239744
-0.230157
1.49419
-2.42039
1.99662
-4.1593
2.68343
-1.58365
-3.39902
3.57933
-1.36001
4.01069
6.48165
2.76674
12.1053
0.918591
4.63992
-0.307117
-4.19967
-1.94956
-6.17016
-1.24984
-10.3053
1.61232
-12.8451
0.929989
-7.03394
-1.20577
6.152
-3.21494
7.94073
-3.96054
-4.20659
-4.11353
-7.81201
-2.71314
-5.97528
-0.552606
-3.74584
1.722
-8.06582
3.31875
-11.4613
2.34296
1.35173
0.754139
10.5043
0.305429
12.2286
-0.118762
10.0608
-1.11245
9.07416
-1.18668
11.6954
-0.0337323
8.86218
0.538049
2.4304
0.52974
0.0598588
-0.580229
3.54507
-0.330858
4.59602
0.150568
3.30453
0.49376
5.66411
1.23048
3.8643
0.94662
3.20753
1.14188
5.21432
1.70158
4.06753
0.974497
1.68381
0.316434
0.912411
-0.0138122
2.2155
-0.211464
3.5027
-0.229573
4.06007
-0.166101
3.96664
-0.0620102
3.33405
0.0993081
2.63874
0.289946
1.90105
0.475225
0.941944
0.57342
0.294476
0.617517
-0.0693665
0.63237
-0.309824
0.584663
-0.543193
0.551662
-0.920163
0.50003
-1.29569
0.407956
-1.40689
0.336993
-1.32899
0.280891
-1.29782
0.21303
-1.26926
0.134396
-1.24336
0.0501646
-1.23486
-0.0346287
-1.25087
-0.114895
-1.1138
-0.174266
-0.608352
-0.278371
0.445352
-0.496894
3.01226
-0.368057
2.29607
-0.201594
-0.787963
-0.371601
-2.00758
-0.672408
-2.89303
-0.806658
-3.3892
-0.745447
-2.37262
-0.744836
-0.77514
-0.695868
0.371936
-0.53684
1.03895
-0.3155
1.28616
-0.129484
1.14464
-0.00554847
0.940048
0.0421998
0.6531
0.0555089
0.274111
0.051832
-0.132245
0.0123734
-0.502698
-0.0526422
-0.739738
-0.071437
-0.71387
-0.0118657
-0.859124
0.0680841
-1.43078
0.13087
-1.51181
0.155152
-1.13839
0.163972
-0.713245
0.171153
-0.485167
-0.426647
-0.155566
-7.01536
0.422905
-3.88919
0.401293
-1.10625
-0.0363283
-1.34612
-1.27003
-3.10464
-2.76789
-8.2629
-2.67745
-12.882
-1.95908
-13.3845
-0.795265
-6.52731
-0.351569
-0.419714
-0.804289
1.94691
-2.37547
3.56781
-3.35856
3.66653
-1.82781
-4.92977
0.083217
-3.27103
1.8885
4.67638
4.13223
9.86155
3.96425
4.80791
3.15962
-3.39503
1.91687
-4.92741
0.617624
-9.00606
0.352356
-12.5798
-0.763404
-5.91818
-2.59997
7.98858
-3.62398
8.96475
-4.79214
-3.03842
-5.35276
-7.25138
-3.62404
-7.70399
-0.718769
-6.65111
1.50535
-10.2899
2.38143
-12.3373
1.47495
2.25821
0.444365
11.5348
0.361166
12.3118
0.261945
10.16
-0.555098
9.8912
-0.598712
11.739
0.342135
7.92132
0.724058
2.04847
0.390354
0.393557
-0.248356
4.18377
0.186499
4.16115
0.305123
3.18589
0.65549
5.31373
1.19535
3.32443
1.05785
3.34502
1.31023
4.96193
1.65908
3.71867
0.997366
2.34552
0.188105
1.72167
-0.257658
2.66125
-0.403611
3.64863
-0.327024
3.98346
-0.160692
3.80029
0.0406385
3.1327
0.254192
2.42517
0.49223
1.663
0.653898
0.780259
0.710236
0.238121
0.729703
-0.0888496
0.722376
-0.302512
0.69543
-0.516259
0.674769
-0.899513
0.606487
-1.22741
0.508269
-1.30868
0.434825
-1.25555
0.372062
-1.23507
0.294339
-1.19154
0.212233
-1.16126
0.119614
-1.14224
0.029296
-1.16056
-0.0556796
-1.02882
-0.1377
-0.526334
-0.242435
0.550087
-0.360778
3.1306
-0.1344
2.06969
0.0326423
-0.955003
-0.15956
-1.81538
-0.528929
-2.52366
-0.767176
-3.15095
-0.779461
-2.36033
-0.772246
-0.782352
-0.716258
0.315951
-0.549232
0.871932
-0.310748
1.04768
-0.138985
0.972881
-0.0135876
0.814656
0.060732
0.578785
0.10266
0.232187
0.12827
-0.157851
0.110188
-0.484614
0.0431194
-0.67267
0.00953303
-0.680285
0.0635062
-0.9131
0.123225
-1.49051
0.160332
-1.54893
0.161148
-1.13922
0.151477
-0.703582
0.148978
-0.482675
-0.452519
-0.20628
-6.80406
0.391434
-4.48687
0.450308
-1.1651
0.0749375
-0.970732
-0.884629
-2.14505
-3.08027
-6.06724
-4.02198
-11.9403
-3.18339
-14.2231
-1.86978
-7.8409
-1.22573
-1.06376
-1.33663
2.05783
-2.19982
4.431
-3.08308
4.5498
-3.64333
-4.36951
-3.33788
-3.57647
-0.0582736
1.39678
2.70517
7.09811
2.89631
4.61677
3.39792
-3.89662
2.12942
-3.6589
0.0183542
-6.89498
-1.49925
-11.0622
-3.37947
-4.03795
-4.69611
9.30523
-4.00516
8.27382
-5.18898
-1.85458
-5.8487
-6.59166
-4.11399
-9.43868
-1.07138
-9.69372
0.870007
-12.2313
0.657756
-12.1251
-0.0766341
2.9926
-0.125654
11.5839
0.407083
11.779
0.547936
10.0191
-0.142613
10.5817
-0.11356
11.7099
0.569607
7.23815
0.823078
1.795
0.278598
0.93803
-0.0518133
4.51417
0.43253
3.67679
0.454723
3.16369
0.824883
4.94356
1.20289
2.94641
1.12748
3.42043
1.3419
4.7475
1.5218
3.53876
0.903878
2.96344
0.0405504
2.58498
-0.508368
3.21016
-0.667027
3.80728
-0.455995
3.77241
-0.110534
3.45481
0.200591
2.82156
0.457577
2.16816
0.676597
1.44396
0.779249
0.677589
0.819305
0.198046
0.836101
-0.105664
0.829751
-0.296178
0.827689
-0.51421
0.807575
-0.879412
0.718103
-1.13795
0.601603
-1.1922
0.519649
-1.1736
0.459202
-1.17463
0.384814
-1.11716
0.285427
-1.06188
0.189556
-1.04638
0.0948273
-1.06583
-0.0109014
-0.923098
-0.0946892
-0.442548
-0.174108
0.629505
-0.197604
3.15409
0.122256
1.74983
0.300898
-1.13364
0.0833494
-1.59783
-0.34908
-2.09123
-0.695958
-2.80407
-0.763894
-2.29239
-0.763833
-0.78241
-0.708626
0.260748
-0.562951
0.726261
-0.364421
0.849155
-0.162838
0.771302
-0.0209667
0.672788
0.0831446
0.474678
0.168246
0.14709
0.214307
-0.203909
0.214115
-0.48442
0.155051
-0.613605
0.119178
-0.644414
0.163541
-0.957465
0.186986
-1.51395
0.179581
-1.54153
0.160084
-1.11973
0.145988
-0.689493
0.144119
-0.480812
-0.467517
-0.242522
-6.55652
0.342448
-5.0718
0.503929
-1.32656
0.176861
-0.643644
-0.564384
-1.40378
-2.54983
-4.08177
-4.49975
-9.99033
-4.61981
-14.103
-3.20522
-9.25547
-2.13385
-2.13513
-1.85691
1.7809
-2.03985
4.61395
-2.62368
5.13364
-5.1844
-1.80878
-4.87185
-3.889
-0.72162
-2.75343
0.620198
5.7563
0.114348
5.12264
0.955648
-4.73791
0.774789
-3.47803
-0.93162
-5.18856
-3.70033
-8.29349
-6.7823
-0.955966
-6.34202
8.86498
-3.691
5.62282
-5.13726
-0.408312
-6.21693
-5.51198
-4.87038
-10.7852
-1.97436
-12.5897
-0.602321
-13.6034
-2.17109
-10.5563
-2.433
3.25451
-1.2314
10.3823
-0.0915974
10.6392
0.366332
9.56118
-0.0984179
11.0465
-0.0352415
11.6468
0.578877
6.62402
0.795749
1.57812
-0.0088796
1.74265
-0.140253
4.64553
0.517229
3.01929
0.543893
3.13701
0.889131
4.59831
1.10865
2.72688
0.88605
3.64301
1.1134
4.52015
1.3368
3.31534
0.793166
3.50707
-0.150913
3.52905
-0.684492
3.74372
-0.710268
3.83303
-0.394734
3.45685
0.0524034
3.00765
0.411247
2.4627
0.664898
1.91449
0.831636
1.2772
0.907381
0.601824
0.943211
0.162195
0.94778
-0.110254
0.933196
-0.281611
0.947517
-0.528546
0.927159
-0.859068
0.81899
-1.0298
0.687369
-1.06058
0.610835
-1.09708
0.559028
-1.12283
0.459705
-1.01784
0.358439
-0.960615
0.253202
-0.941145
0.155018
-0.967651
0.0484183
-0.816502
-0.051024
-0.343107
-0.102536
0.681017
-0.0156329
3.06719
0.384544
1.34966
0.571459
-1.32055
0.329238
-1.3556
-0.154978
-1.60701
-0.585707
-2.37333
-0.744851
-2.13324
-0.739191
-0.788066
-0.688619
0.210181
-0.545467
0.583113
-0.324391
0.628083
-0.154377
0.601292
-0.0161524
0.534569
0.130145
0.328384
0.256967
0.0202723
0.325653
-0.272593
0.331068
-0.489833
0.276784
-0.559321
0.247893
-0.615525
0.264269
-0.973844
0.246245
-1.49593
0.212059
-1.50735
0.158733
-1.06641
0.136053
-0.666821
0.134648
-0.479412
-0.482873
-0.196588
-6.35491
0.266168
-5.53452
0.527616
-1.58799
0.292897
-0.408905
-0.436266
-0.6746
-1.81825
-2.69976
-4.56826
-7.24028
-6.32916
-12.342
-5.10595
-10.4787
-3.40427
-3.83679
-2.30036
0.677001
-1.86872
4.18231
-2.23194
5.49687
-4.52719
0.486473
-4.36679
-4.04939
-1.06294
-6.05727
0.392699
4.30067
-0.770359
6.28571
-1.7615
-3.74676
-1.57037
-3.66915
-3.26013
-3.49878
-7.60613
-3.94747
-9.49151
0.929444
-7.15264
6.52614
-3.56305
2.03326
-3.59092
-0.380434
-4.89297
-4.20991
-5.31572
-10.3625
-3.09106
-14.8144
-1.85826
-14.8361
-5.37892
-7.03566
-6.35309
4.22867
-3.985
8.01417
-1.64353
8.29774
-0.709941
8.62759
-0.834473
11.171
-0.113578
10.9258
0.763219
5.74721
0.598207
1.74312
-0.31964
2.66049
-0.278995
4.60487
0.289702
2.45058
0.512239
2.91446
0.947746
4.16279
0.994993
2.67962
0.560486
4.07751
0.788089
4.29253
1.0121
3.09131
0.527147
3.99202
-0.262451
4.31864
-0.640376
4.12163
-0.530074
3.7227
-0.130101
3.05685
0.383104
2.49442
0.733395
2.11238
0.937657
1.71021
1.04868
1.16616
1.07538
0.575109
1.06662
0.170931
1.07858
-0.122234
1.09931
-0.302362
1.09613
-0.525378
1.05183
-0.814778
0.916367
-0.894349
0.785367
-0.929593
0.699311
-1.01103
0.612876
-1.0364
0.54076
-0.945736
0.437155
-0.857016
0.330606
-0.8346
0.217745
-0.854794
0.0926441
-0.691404
0.0119518
-0.262417
-0.0160797
0.709048
0.1631
2.88801
0.647184
0.865573
0.826415
-1.49978
0.567149
-1.09634
0.0732765
-1.11313
-0.397414
-1.90264
-0.650526
-1.88012
-0.672102
-0.766485
-0.614364
0.152447
-0.490685
0.459439
-0.295474
0.432877
-0.116634
0.422456
0.0268748
0.391065
0.16228
0.192983
0.327089
-0.144532
0.46756
-0.413061
0.463145
-0.485416
0.415386
-0.511562
0.409783
-0.609923
0.384959
-0.949023
0.310888
-1.42187
0.240562
-1.43703
0.169419
-0.995275
0.12726
-0.624669
0.117255
-0.469412
-0.495
-0.236609
-6.11328
0.136728
-5.90782
0.540136
-1.99136
0.38859
-0.257336
-0.200561
-0.0854287
-1.58018
-1.32012
-3.64144
-5.17899
-5.93959
-10.0439
-7.04589
-9.37231
-5.90581
-4.97685
-3.45633
-1.77246
-1.66155
2.38754
-1.92547
5.7608
-4.62846
3.18948
-4.93308
-3.74476
-1.38352
-9.60681
1.43604
1.48112
1.27797
6.44378
-2.28485
-0.183925
-4.26287
-1.69112
-6.06213
-1.6995
-9.92993
-0.0796482
-11.5405
2.54001
-8.22726
3.21299
-4.12753
-2.06645
-3.79862
-0.709331
-4.4377
-3.57082
-4.70709
-10.0931
-3.30174
-16.2197
-2.13437
-16.0035
-6.2295
-2.94053
-9.05043
7.04959
-7.22338
6.18712
-4.2712
5.34556
-3.14889
7.50527
-2.35372
10.3758
-0.595213
9.16733
0.480211
4.67177
0.269922
1.9534
-0.919897
3.85029
-0.948568
4.63352
-0.449412
1.95141
-0.211855
2.67689
0.556842
3.39407
0.710648
2.52581
0.233665
4.55448
0.41527
4.11091
0.642062
2.86451
0.39744
4.23663
-0.0791255
4.79519
-0.181344
4.22383
0.0529714
3.48837
0.496622
2.61318
0.900055
2.09097
1.13968
1.87274
1.24327
1.60661
1.28421
1.12519
1.29635
0.56295
1.23956
0.227702
1.22299
-0.105681
1.27635
-0.355745
1.2772
-0.526243
1.17045
-0.708036
1.02456
-0.748466
0.887798
-0.792844
0.780979
-0.904222
0.730054
-0.985485
0.640009
-0.855698
0.526541
-0.743554
0.437442
-0.745506
0.32276
-0.740116
0.172409
-0.541056
0.076189
-0.166199
0.0902309
0.695006
0.362664
2.61558
0.902772
0.325467
1.06876
-1.66577
0.822598
-0.850168
0.309008
-0.599537
-0.181183
-1.41244
-0.493
-1.5683
-0.554108
-0.705371
-0.507788
0.106132
-0.375729
0.327384
-0.207573
0.264726
-0.0377193
0.252606
0.106711
0.246639
0.277165
0.0225334
0.480823
-0.348186
0.614586
-0.546821
0.619841
-0.49067
0.560101
-0.451822
0.539212
-0.589036
0.49957
-0.909384
0.370444
-1.29275
0.252345
-1.31893
0.184838
-0.927776
0.137093
-0.57693
0.110795
-0.443119
-0.489143
-0.347052
-5.76121
-0.0475397
-6.20729
0.47854
-2.51741
0.464521
-0.243294
0.0916687
0.287445
-1.04961
-0.178817
-3.64776
-2.58082
-7.85213
-5.83944
-9.6493
-7.57511
-7.62702
-6.9991
-5.15788
-4.24157
-2.37077
-0.399538
-1.55999
4.95003
-3.30743
4.93692
-4.48785
-2.56432
-3.01813
-11.0765
0.596267
-2.13326
2.46791
4.57216
-0.0775096
2.3615
-2.18744
0.418829
-3.72066
-0.166258
-6.16288
2.36261
-9.3006
5.67778
-7.24131
1.15374
-3.26326
-6.04448
-2.26332
-1.70926
-2.65866
-3.17547
-2.62392
-10.1278
-2.47422
-16.3694
-3.41099
-15.0667
-6.89277
0.541243
-8.94614
9.10297
-7.96621
5.20718
-4.98079
2.36013
-4.12003
6.6445
-3.27424
9.53003
-0.824206
6.71727
0.241186
3.60636
-0.117854
2.31242
-1.13039
4.86281
-0.636783
4.13989
-0.321157
1.63576
-0.265134
2.62084
0.0949136
3.034
-0.0934337
2.71414
-0.226335
4.68737
0.356309
3.52826
0.594694
2.62611
0.592166
4.23915
0.648758
4.73859
0.772788
4.09978
1.02935
3.23178
1.28249
2.36002
1.4282
1.94524
1.52985
1.77107
1.54642
1.59002
1.57364
1.09795
1.53203
0.604542
1.4672
0.292516
1.42679
-0.0652852
1.41646
-0.345428
1.44625
-0.556049
1.34977
-0.611565
1.1526
-0.551306
1.04146
-0.681722
0.987257
-0.850024
0.862222
-0.860458
0.746748
-0.740232
0.631504
-0.628316
0.494294
-0.6083
0.375251
-0.621078
0.272165
-0.437973
0.206305
-0.100341
0.229037
0.672274
0.589867
2.25475
1.15533
-0.239991
1.26934
-1.77978
1.02371
-0.604534
0.560928
-0.136752
0.0748972
-0.926405
-0.284133
-1.20926
-0.356642
-0.632856
-0.293651
0.043147
-0.185299
0.219038
-0.0616771
0.141109
0.0830515
0.107882
0.254547
0.0751475
0.432375
-0.15529
0.599207
-0.515013
0.746688
-0.6943
0.788629
-0.532609
0.699704
-0.362897
0.617466
-0.506799
0.547001
-0.838922
0.404486
-1.15024
0.277571
-1.19203
0.189108
-0.839322
0.127917
-0.515746
0.0840361
-0.399243
-0.467619
-0.423442
-5.33274
-0.212257
-6.41843
0.227626
-2.95725
0.463979
-0.479621
0.384694
0.366753
-0.261684
0.467582
-2.01558
-0.826903
-5.07033
-2.78466
-8.83759
-3.80781
-10.4396
-5.39709
-8.63214
-6.04895
-3.99452
-5.03713
-0.654859
1.61038
-1.76908
6.05115
-5.10576
0.77238
-6.36489
-9.81736
-1.74451
-6.75361
2.12426
0.703404
1.65769
2.82809
0.5622
1.51434
-1.17537
1.57133
-2.75683
3.9441
-3.03595
5.95693
-2.24077
0.358574
-2.35235
-5.93288
-1.54992
-2.51168
-0.937653
-3.78772
-0.945669
-10.1198
-1.8147
-15.5004
-4.08784
-12.7936
-7.08278
3.53619
-7.98104
10.0012
-6.40696
3.63309
-6.03647
1.98963
-6.08089
6.68891
-3.92083
7.36995
-1.49719
4.29361
-0.257247
2.3664
-0.51614
2.5713
-0.456306
4.80296
-0.0560303
3.73959
-0.112614
1.69233
-0.208092
2.7163
-0.65183
3.47772
-1.07524
3.13752
-0.397416
4.00953
0.632619
2.4982
1.08093
2.17779
1.45942
3.86064
1.75
4.44799
1.90788
3.94188
1.95374
3.18591
1.9261
2.38764
1.8976
1.97372
1.88768
1.78098
1.90264
1.57504
1.88501
1.11556
1.81836
0.671174
1.73707
0.373796
1.67566
-0.00389517
1.62477
-0.294548
1.56563
-0.496919
1.53475
-0.580705
1.38736
-0.403922
1.21905
-0.513426
1.13369
-0.764665
1.00953
-0.736313
0.860909
-0.591616
0.79846
-0.565873
0.712135
-0.52198
0.566972
-0.475918
0.418116
-0.28912
0.351656
-0.0338824
0.410162
0.613766
0.841572
1.82334
1.41286
-0.811271
1.43355
-1.80047
1.17253
-0.343509
0.801781
0.233999
0.368706
-0.493323
0.0134606
-0.854007
-0.0842421
-0.535147
-0.0151888
-0.0259
0.0827681
0.121087
0.175679
0.0482033
0.293075
-0.00950863
0.441763
-0.0735358
0.646174
-0.359697
0.784836
-0.65367
0.843759
-0.75322
0.896368
-0.585217
0.84987
-0.316399
0.718605
-0.375536
0.592067
-0.712387
0.444968
-1.00314
0.289476
-1.03654
0.179056
-0.72891
0.0984424
-0.43514
0.0632166
-0.364021
-0.450795
-0.686235
-4.64148
-0.803794
-6.30081
-0.237664
-3.52333
0.242267
-0.959521
0.491573
0.117471
0.384624
0.574552
-0.389666
-0.0525913
-1.97413
-1.20018
-4.00405
-1.77785
-5.97322
-3.42788
-5.24922
-6.77293
-2.04825
-8.23807
-0.193181
-0.244674
-2.17365
8.03163
-4.44982
3.04857
-5.76085
-8.5063
-3.37438
-9.14005
0.363013
-3.03397
0.110043
3.08107
-1.40687
3.03127
-2.74915
2.91364
-2.87517
4.07014
-2.76793
5.8497
-3.09163
0.6823
-4.01821
-5.00629
-2.56019
-3.96968
-0.918685
-5.42921
-0.771039
-10.2674
-2.343
-13.9284
-5.12318
-10.0134
-7.43461
5.84762
-7.55352
10.1201
-5.94198
2.02155
-6.44756
2.49521
-5.42643
5.66777
-3.12599
5.06949
-1.61033
2.77793
-0.310478
1.06654
-1.43112
3.69193
-1.6754
5.04722
-0.720839
2.78501
-0.928868
1.90034
-1.85137
3.63878
-1.94177
3.56809
-1.2041
2.39983
-0.2245
3.0299
0.807652
1.46603
1.46964
1.51579
1.95808
3.37219
2.37924
4.02681
2.51893
3.80218
2.51832
3.1865
2.38263
2.52332
2.30249
2.05385
2.24297
1.84049
2.2565
1.56149
2.24428
1.12777
2.10911
0.806332
2.0391
0.443791
1.95516
0.0800257
1.88503
-0.224422
1.78623
-0.398139
1.68642
-0.480899
1.65501
-0.372523
1.54846
-0.406893
1.3824
-0.598613
1.24287
-0.596786
1.09438
-0.443134
0.968508
-0.440009
0.939203
-0.492678
0.839899
-0.376619
0.717459
-0.166682
0.632383
0.0511916
0.665632
0.580517
1.23673
1.25224
1.75943
-1.33397
1.61274
-1.65377
1.34953
-0.0802924
1.0877
0.495837
0.727946
-0.133565
0.393675
-0.519727
0.281929
-0.423393
0.350456
-0.0944202
0.422947
0.0486018
0.463632
0.0075242
0.548343
-0.0942137
0.743933
-0.269121
0.943928
-0.559688
1.0277
-0.737442
0.975609
-0.701124
0.922892
-0.532498
0.910068
-0.303574
0.82336
-0.28883
0.654814
-0.543845
0.463148
-0.811484
0.293078
-0.86648
0.182491
-0.618332
0.109273
-0.361928
0.0494688
-0.304221
-0.407701
-0.902581
-3.73388
-1.60636
-5.59697
-1.08661
-4.04304
-0.344477
-1.70161
0.134254
-0.361232
0.428125
0.280705
0.318954
0.0566035
-0.685684
-0.195512
-2.14304
-0.320475
-3.00105
-2.56984
-3.85952
-5.91443
-4.34886
-7.7487
-2.20621
-2.38731
-1.30324
7.12868
-3.13456
4.87991
-5.37009
-6.27073
-5.61754
-8.89257
-4.32229
-4.3292
-5.41941
4.17822
-5.17552
2.7874
-2.47645
0.2146
-1.61429
3.20799
-2.58888
6.82431
-3.15839
1.25183
-3.3571
-4.80755
-2.30594
-5.02083
-1.60775
-6.12739
-2.80399
-9.07115
-6.33769
-10.3947
-9.37998
-6.97111
-10.1058
6.57346
-8.46214
8.47645
-6.63099
0.190397
-6.31026
2.17446
-4.57957
3.93707
-2.61266
3.10256
-1.61534
1.78059
-2.17838
1.62957
-2.5624
4.07592
-1.90167
4.38647
-1.78337
2.6667
-2.5325
2.64945
-3.02407
4.13032
-2.27548
2.81947
-1.30364
1.42795
-0.135583
1.86182
0.727271
0.603161
1.45527
0.787778
1.98406
2.84338
2.36566
3.64519
2.59326
3.57456
2.60568
3.17406
2.65395
2.47503
2.63161
2.07618
2.52954
1.94254
2.53698
1.55404
2.46671
1.19802
2.37877
0.894257
2.39936
0.423189
2.30226
0.177111
2.19186
-0.114028
2.066
-0.272292
1.94033
-0.355244
1.94606
-0.378255
1.91032
-0.371166
1.79305
-0.481357
1.58681
-0.390552
1.42871
-0.285041
1.31619
-0.327492
1.24518
-0.42167
1.20297
-0.334414
1.08772
-0.0514386
0.988891
0.150018
1.03478
0.534629
1.68456
0.602463
2.04639
-1.6958
1.69842
-1.30579
1.47701
0.141122
1.3577
0.615157
1.13655
0.0875936
0.850835
-0.234001
0.697909
-0.27046
0.740337
-0.136841
0.803726
-0.0147811
0.847466
-0.0362094
0.977152
-0.223895
1.15492
-0.446888
1.18184
-0.5866
1.14352
-0.69912
1.08335
-0.640946
0.948751
-0.397899
0.881199
-0.236022
0.828448
-0.236081
0.683796
-0.399197
0.498505
-0.6262
0.314054
-0.682038
0.180851
-0.485138
0.0848559
-0.265939
0.0343404
-0.253709
-0.371409
-0.891758
-2.83709
-2.40664
-4.08203
-2.55736
-3.89226
-1.62566
-2.63326
-0.840558
-1.1463
-0.267909
-0.291916
0.0778061
-0.289085
-0.299094
0.181416
-1.50626
0.886721
-2.20082
-1.87525
-3.49195
-4.62328
-4.26412
-6.97652
-2.22446
-4.42695
-0.536986
5.44122
-3.77047
8.11341
-6.78676
-3.2544
-7.63041
-8.0489
-9.40181
-2.55776
-9.3977
4.17415
-7.73719
1.12693
-5.51355
-2.00902
-4.7983
2.49277
-3.14739
5.17344
-1.74789
-0.147643
-1.55891
-4.99652
-1.77465
-4.80508
-3.69625
-4.20577
-6.33382
-6.43357
-9.69782
-7.03071
-13.4604
-3.20848
-13.2883
6.40136
-9.74298
4.93111
-7.21762
-2.33497
-5.84983
0.806659
-4.48691
2.57414
-4.09425
2.70989
-3.64824
1.33456
-4.26506
2.24636
-4.64213
4.45297
-4.42572
4.17004
-4.54796
2.78892
-3.78993
1.89139
-2.66756
3.00791
-2.10658
2.25846
-1.48442
0.805757
-0.304383
0.681762
0.287469
0.0112928
0.637713
0.437517
1.07704
2.40404
1.66371
3.05851
2.14624
3.09201
2.37849
2.9418
2.54343
2.31007
2.62829
1.99131
2.7121
1.85871
2.79748
1.46865
2.86574
1.12976
2.9099
0.850084
2.8851
0.447975
2.81989
0.242301
2.61062
0.0952366
2.51611
-0.177793
2.40948
-0.248626
2.32231
-0.291095
2.32667
-0.375538
2.20416
-0.358856
2.01189
-0.19829
1.82963
-0.102786
1.76786
-0.265726
1.70946
-0.363281
1.58698
-0.211938
1.51442
0.0211247
1.41312
0.251311
1.49516
0.452589
2.09049
0.00713414
2.10892
-1.71422
1.67614
-0.873009
1.57956
0.237712
1.59048
0.604246
1.46842
0.209661
1.28984
-0.0554064
1.17158
-0.152193
1.15613
-0.121382
1.19113
-0.0497721
1.26041
-0.105488
1.32332
-0.286795
1.38177
-0.505336
1.37787
-0.582696
1.21366
-0.534907
1.05946
-0.486742
0.957976
-0.296409
0.85762
-0.135666
0.789856
-0.16832
0.680327
-0.289673
0.501432
-0.447314
0.317004
-0.49762
0.185503
-0.353645
0.0957735
-0.176215
0.019962
-0.177901
-0.305086
-0.676254
-2.15582
-2.28024
-2.47798
-3.26787
-2.90456
-3.30074
-2.60031
-2.71285
-1.73414
-1.86065
-1.14408
-1.03463
-1.11507
-0.744374
-0.108812
-1.32206
1.46443
-2.19849
-0.998795
-3.19089
-3.63085
-3.91029
-6.2571
-3.32637
-5.01085
-1.87437
3.98924
-2.69278
8.93184
-4.85933
-1.08783
-8.47113
-4.43707
-10.0441
-0.984708
-6.55905
0.689097
-4.52754
-0.904559
-5.65006
-0.886469
-5.42756
2.27031
-2.1313
1.8772
-0.236063
-2.04287
-0.575522
-4.65705
-2.87543
-2.50516
-7.42942
0.348232
-11.9212
-1.94176
-14.8543
-4.09761
-17.2822
-0.780594
-14.707
3.82617
-10.5686
0.792788
-9.32651
-3.57711
-8.75781
0.237956
-8.88568
2.70199
-8.73517
2.55937
-9.26174
1.86111
-9.1595
2.14408
-7.18647
2.47991
-5.48215
2.46571
-4.59296
1.8997
-3.74095
1.03935
-2.34697
1.61389
-1.55426
1.46572
-1.10662
0.358095
-0.693366
0.268491
-0.875569
0.193478
-1.34907
0.910994
-0.945782
2.00073
0.208321
1.90438
1.12382
2.17649
1.66574
2.39987
2.01667
1.95912
2.31128
1.69669
2.54752
1.62246
2.76491
1.25124
2.96436
0.930299
3.10488
0.709548
3.12921
0.423632
3.1047
0.266796
3.06938
0.130538
2.89398
-0.00240096
2.82992
-0.184577
2.73778
-0.19897
2.5978
-0.235559
2.48096
-0.24203
2.27655
0.00611188
2.19858
-0.0248217
2.15264
-0.219795
2.08535
-0.295996
2.00719
-0.133783
1.87223
0.156084
1.85494
0.268601
1.99669
0.310836
2.25815
-0.254322
1.94781
-1.40388
1.58682
-0.512014
1.62489
0.199652
1.73818
0.490961
1.69736
0.250485
1.63331
0.0086603
1.56724
-0.0861188
1.49913
-0.05326
1.49247
-0.0431059
1.51744
-0.130455
1.54338
-0.312728
1.4752
-0.437152
1.34509
-0.45258
1.18856
-0.378368
0.978396
-0.276575
0.857127
-0.175137
0.812624
-0.091164
0.748927
-0.104626
0.640085
-0.180838
0.477302
-0.284539
0.308106
-0.328433
0.175793
-0.22134
0.081038
-0.0814668
0.0133542
-0.110221
-0.232696
-0.470535
-1.68026
-1.82514
-1.12331
-3.02968
-1.69993
-3.86322
-1.76671
-4.13232
-1.46498
-4.20262
-1.07372
-4.30995
-1.0077
-3.46329
-0.955424
-2.55536
0.556537
-3.4711
-0.0830201
-5.67182
-1.43011
-8.09702
-3.83187
-7.20202
-5.90583
-3.83636
0.623606
-2.32352
7.41903
-3.84336
0.432041
-5.83664
-2.44376
-5.61394
-1.20738
-3.36975
-1.55507
-1.78166
-2.49263
-1.73951
-0.928594
-1.26145
1.79227
-1.35765
1.97341
-2.61862
-0.781888
-4.74016
-2.53549
-7.68857
0.443284
-9.52101
2.18069
-12.4977
1.03492
-16.2668
-0.328442
-17.4412
0.393735
-15.4804
1.8654
-14.3015
-0.38613
-14.3309
-3.54768
-12.4484
-1.64459
-11.9501
2.20372
-12.3661
2.97534
-11.8413
1.33625
-10.1241
0.426815
-7.81761
0.173412
-5.99059
0.638658
-4.87158
0.780653
-4.4082
0.575942
-3.64654
0.852205
-2.8732
0.692354
-2.54842
0.0332868
-2.39205
0.112097
-2.59334
0.394748
-2.69938
1.01701
-2.29217
1.59348
-1.65663
1.26881
-0.958437
1.47826
-0.0391766
1.48058
0.756864
1.16306
1.27669
1.17684
1.75692
1.14221
2.17522
0.832923
2.51214
0.593358
2.75252
0.469156
2.87902
0.297117
2.9374
0.208396
2.95017
0.117759
2.92575
0.022006
2.76357
-0.0224107
2.68159
-0.117002
2.57058
-0.124561
2.38577
-0.0572303
2.34474
0.0471304
2.30203
0.0178807
2.20405
-0.121816
2.09844
-0.190388
2.03615
-0.0715008
2.06082
0.13141
2.08053
0.248893
2.21142
0.179945
2.21237
-0.255269
1.67713
-0.868635
1.42124
-0.256127
1.51562
0.105288
1.68381
0.322773
1.75118
0.183127
1.74734
0.0125102
1.68702
-0.0257935
1.63768
-0.00390991
1.59581
-0.00123156
1.58442
-0.119057
1.51009
-0.238385
1.35821
-0.28527
1.16744
-0.2618
0.978628
-0.189554
0.823924
-0.121866
0.727818
-0.0790284
0.695496
-0.0588414
0.645137
-0.0542711
0.550801
-0.0865082
0.409278
-0.143025
0.265869
-0.185033
0.159513
-0.114993
0.083723
-0.00568302
0.00204599
-0.0285476
-0.140359
-0.560896
-1.11434
-1.31211
-0.372046
-2.36059
-0.651395
-3.49246
-0.634775
-4.47152
-0.485857
-5.00413
-0.541052
-5.35543
-0.656332
-5.02156
-1.28923
-3.74523
-0.719725
-4.28479
0.456593
-5.78324
0.068366
-9.00501
-0.610065
-12.4989
-2.41187
-9.64039
-2.23491
-4.39143
2.17011
-4.49991
0.540548
-4.28421
-2.65943
-4.07387
-1.4177
-5.82793
0.199004
-8.28457
-0.035967
-9.17172
-0.0414222
-8.37151
0.992085
-8.10144
1.70336
-9.37679
0.493491
-11.5872
-0.325013
-12.01
0.866109
-11.4335
1.60416
-11.5462
1.14766
-11.9447
0.0700747
-11.3457
-0.205263
-9.94885
0.468555
-10.527
0.19201
-12.7863
-1.28833
-13.6356
-0.795379
-12.2492
0.817355
-10.0627
0.788796
-8.973
0.246493
-8.5665
0.0202727
-8.03096
-0.36216
-7.34139
-0.0509476
-6.69918
0.138419
-6.22468
0.101411
-5.82517
0.45266
-5.39994
0.26709
-5.31009
-0.0565951
-4.94504
-0.252986
-4.96685
0.41652
-5.16711
1.21721
-4.39862
0.824946
-3.36893
0.239097
-2.28268
0.391983
-1.32086
0.518731
-0.676322
0.518489
-0.0338737
0.534366
0.642599
0.465713
1.1379
0.337596
1.45771
0.273524
1.72351
0.203337
1.8997
0.120904
2.03324
0.0748423
2.10841
0.042564
2.0945
0.0358991
2.03685
0.0352209
1.96162
-0.0417816
1.89884
-0.0617975
1.82887
0.0127306
1.84603
0.0299566
1.8727
-0.00880008
1.78692
-0.0360383
1.63763
-0.0411076
1.57748
-0.0113527
1.68047
0.028411
1.82746
0.101901
1.93781
0.0695999
1.78035
-0.0978019
1.20288
-0.29117
1.03671
-0.0899474
1.12322
0.0187892
1.33487
0.11113
1.44775
0.070251
1.45499
0.00527857
1.4371
-0.00789515
1.41153
0.02167
1.39517
0.0151398
1.32089
-0.0447693
1.17534
-0.0928252
0.992016
-0.101939
0.823588
-0.0933662
0.691646
-0.0576051
0.598674
-0.0288894
0.545954
-0.0263053
0.50857
-0.0214578
0.462363
-0.00806761
0.398316
-0.0224666
0.296492
-0.0412099
0.170657
-0.0592063
0.0933358
-0.03768
0.0732484
0.0143985
0.0269889
0.0177082
-0.0471352
-1.10931
-1.48133
-2.1327
-2.76745
-3.25327
-3.79429
-4.45058
-5.73976
-6.45945
-6.00284
-5.93445
-6.54449
-8.95634
-11.1912
-9.02109
-8.48053
-11.14
-12.5576
-12.3586
-12.3946
-12.436
-11.4439
-9.74051
-9.247
-9.572
-8.70588
-7.10171
-5.95405
-5.88397
-6.08923
-5.62067
-5.42867
-6.71701
-7.5124
-6.69506
-5.90628
-5.65981
-5.63956
-6.00174
-6.0527
-5.9143
-5.8129
-5.36026
-5.09319
-5.14981
-5.40281
-4.98631
-3.76912
-2.94419
-2.70511
-2.31315
-1.79443
-1.27596
-0.741611
-0.275915
0.0616678
0.335179
0.538504
0.659398
0.734229
0.776783
0.812673
0.847885
0.806096
0.744292
0.757018
0.786969
0.778165
0.742124
0.701014
0.689659
0.718069
0.819971
0.889572
0.791772
0.500605
0.410661
0.429454
0.540589
0.610844
0.616128
0.608237
0.629911
0.645055
0.600289
0.507468
0.405532
0.31217
0.254567
0.22568
0.199374
0.177915
0.169844
0.147373
0.106159
0.0469485
0.00926504
0.0236618
0.0413695
)
;

boundaryField
{
    inlet
    {
        type            calculated;
        value           nonuniform List<scalar> 
40
(
-0.005
-0.005
-0.005
-0.005
-0.005
-0.005
-0.005
-0.005
-0.005
-0.005
-0.005
-0.005
-0.005
-0.005
-0.005
-0.005
-0.005
-0.005
-0.005
-0.005
-0.005
-0.005
-0.005
-0.005
-0.005
-0.005
-0.005
-0.005
-0.005
-0.005
-0.005
-0.005
-0.005
-0.005
-0.005
-0.005
-0.005
-0.005
-0.005
-0.005
)
;
    }
    outlet
    {
        type            calculated;
        value           nonuniform List<scalar> 
40
(
-0.0119005
-0.0444403
-0.0490965
-0.102486
-0.148148
-0.171652
-0.170253
-0.178779
-0.200545
-0.226376
-0.241726
-0.2351
-0.220561
-0.177904
-0.141335
-0.0572633
0.0279918
0.146844
0.212052
0.224965
0.251939
0.246738
0.246184
0.229746
0.220614
0.203895
0.174847
0.159115
0.150001
0.12938
0.104935
0.0625103
0.0463911
0.00637339
-0.00195284
-0.0463624
-0.0590378
-0.0902922
-0.0662365
-0.00576567
)
;
    }
    lowerWall
    {
        type            calculated;
        value           uniform 0;
    }
    upperWall
    {
        type            calculated;
        value           uniform 0;
    }
    frontAndBack
    {
        type            empty;
    }
}


// ************************************************************************* //
