/*--------------------------------*- C++ -*----------------------------------*\
| =========                 |                                                 |
| \\      /  F ield         | foam-extend: Open Source CFD                    |
|  \\    /   O peration     | Version:     5.0                                |
|   \\  /    A nd           | Web:         http://www.foam-extend.org         |
|    \\/     M anipulation  |                                                 |
\*---------------------------------------------------------------------------*/
FoamFile
{
    version     2.0;
    format      ascii;
    class       volVectorField;
    location    "0.095";
    object      U;
}
// * * * * * * * * * * * * * * * * * * * * * * * * * * * * * * * * * * * * * //

dimensions      [0 1 -1 0 0 0 0];

internalField   nonuniform List<vector> 
4000
(
(-122.443 42.0286 0)
(-246.755 -5.42111 0)
(-170.397 -9.90652 0)
(-125.485 0.281684 0)
(-101.814 0.438213 0)
(-70.5888 13.4242 0)
(-103.251 29.3282 0)
(-462.833 76.7848 0)
(-770.501 67.026 0)
(-787.23 26.8665 0)
(-1484.17 -3.2646 0)
(-1357.28 -52.943 0)
(-1239.36 -42.3609 0)
(-1663.22 -0.954951 0)
(-2278.6 78.6194 0)
(-3054.08 238.361 0)
(-2707.21 29.7795 0)
(-2959.79 -4.8854 0)
(-2512.09 -64.3567 0)
(-2046.38 -75.4092 0)
(-1390.44 -64.3519 0)
(-878.863 51.3045 0)
(-1170.88 11.6432 0)
(-1269.38 -61.2453 0)
(-803.129 -27.5845 0)
(-539.736 6.01291 0)
(-186.464 4.10245 0)
(430.681 91.6038 0)
(719.292 120.406 0)
(540.694 147.313 0)
(477.895 111.97 0)
(524.88 96.2609 0)
(501.277 101.683 0)
(237.367 27.5103 0)
(-3.72523 17.5299 0)
(-64.0598 36.1805 0)
(-122.612 25.9194 0)
(-151.982 39.6014 0)
(-246.167 24.3387 0)
(-297.866 35.6783 0)
(-217.851 17.1047 0)
(-277.139 21.0053 0)
(-296.875 11.817 0)
(-322.936 1.97191 0)
(-376.746 2.83788 0)
(-366.478 3.48595 0)
(-414.176 2.16124 0)
(-397.009 -2.36169 0)
(-433.904 -4.44794 0)
(-385.213 -6.70879 0)
(-363.939 -6.01367 0)
(-300.691 -4.57967 0)
(-295.061 -3.98165 0)
(-250.121 -8.39223 0)
(-210.19 -6.356 0)
(-174.433 -2.65251 0)
(-164.581 -3.40014 0)
(-123.089 -3.75295 0)
(-110.811 -2.75992 0)
(-79.0914 -2.28381 0)
(-74.6244 -1.11916 0)
(-60.5969 -2.40589 0)
(-45.8447 -0.636274 0)
(-43.9599 -0.424186 0)
(-34.138 -0.602347 0)
(-27.9902 -0.994199 0)
(-17.1675 -0.829764 0)
(-12.0878 -0.0359631 0)
(-8.42724 -0.227455 0)
(-2.98952 -0.0877256 0)
(-0.909682 -0.0360394 0)
(-1.53208 -0.0921065 0)
(0.613718 -0.206275 0)
(4.01306 -0.66033 0)
(10.4826 -0.921793 0)
(18.3439 -0.924008 0)
(25.8637 -0.773193 0)
(31.2977 -0.294233 0)
(33.2563 0.116573 0)
(31.169 0.362501 0)
(28.0924 0.536066 0)
(24.59 0.51204 0)
(27.9089 -0.578311 0)
(37.1013 -1.55117 0)
(45.5193 -1.01677 0)
(45.8459 0.245927 0)
(39.1618 0.927227 0)
(28.416 1.01287 0)
(23.6616 0.607159 0)
(18.592 0.473388 0)
(15.9821 0.142469 0)
(17.5484 0.376385 0)
(12.3332 1.0188 0)
(4.92528 0.856476 0)
(1.43708 0.273019 0)
(0.579166 -0.0483624 0)
(2.41954 -0.156285 0)
(2.01625 0.221592 0)
(-1.96161 0.707378 0)
(-1.93906 0.0519512 0)
(-74.7204 99.3974 0)
(-219.891 -9.57695 0)
(-134.637 -29.3965 0)
(-73.2855 -16.6224 0)
(-29.9529 -3.92529 0)
(-78.9108 5.53469 0)
(-256.519 67.7251 0)
(-891.94 135.662 0)
(-932.392 9.99989 0)
(-353.995 52.7192 0)
(-872.597 180.311 0)
(-1904.26 19.5949 0)
(-1585.52 83.2394 0)
(-1643 183.601 0)
(-2426.78 273.278 0)
(-2678.3 58.5982 0)
(-2467.86 -118.955 0)
(-3109.81 -172.409 0)
(-1962.51 -216.433 0)
(-1192.31 -192 0)
(-881.601 -152.275 0)
(-763.462 -111.894 0)
(65.0304 -31.3698 0)
(337.378 -21.828 0)
(140.395 -89.4001 0)
(264.901 -125.643 0)
(579.199 -296.989 0)
(1291.96 -215.507 0)
(1568.1 -8.52516 0)
(1426.86 56.0561 0)
(1072 -11.1501 0)
(835.197 -23.6829 0)
(727.321 22.0718 0)
(719.484 75.8892 0)
(758.206 59.9199 0)
(789.262 29.4602 0)
(875.844 25.4206 0)
(856.555 39.145 0)
(855.644 33.2398 0)
(833.363 18.6144 0)
(705.632 22.4584 0)
(485.415 41.6919 0)
(259.839 38.4523 0)
(30.6484 25.1023 0)
(-80.0053 19.6366 0)
(-236.267 15.2586 0)
(-299.563 12.1832 0)
(-424.668 11.7259 0)
(-473.469 4.55149 0)
(-542.761 -11.317 0)
(-507.789 -16.6201 0)
(-496.277 -12.1894 0)
(-452.716 -9.66258 0)
(-464.252 -13.3728 0)
(-416.605 -14.8103 0)
(-395.837 -11.4544 0)
(-329.165 -12.1111 0)
(-314.707 -11.5869 0)
(-252.954 -9.53158 0)
(-239.994 -7.6987 0)
(-215.77 -5.99051 0)
(-177.016 -6.11226 0)
(-168.552 -4.19215 0)
(-131.407 -4.08164 0)
(-123.857 -4.14988 0)
(-88.3806 -4.7743 0)
(-65.014 -4.11333 0)
(-58.7356 -2.19896 0)
(-34.541 -2.50655 0)
(-22.9751 -1.45425 0)
(-21.7209 -0.554757 0)
(-16.7654 -0.833499 0)
(-8.83791 -1.19375 0)
(-0.498512 -2.51965 0)
(13.2189 -3.46118 0)
(30.2733 -3.81843 0)
(47.561 -3.12237 0)
(59.5196 -1.63331 0)
(66.8115 -0.0876196 0)
(65.7088 1.05319 0)
(59.3454 1.29208 0)
(58.5007 0.00713071 0)
(72.0218 -2.69362 0)
(83.3785 -4.50483 0)
(98.0376 -2.38421 0)
(92.8731 1.44591 0)
(87.634 3.97483 0)
(58.1042 3.9856 0)
(50.1257 2.90194 0)
(27.6925 1.52647 0)
(26.806 0.217924 0)
(30.8756 1.1997 0)
(22.2648 2.91707 0)
(13.8284 2.60555 0)
(5.19389 1.20922 0)
(0.709889 0.121641 0)
(1.73896 -0.331836 0)
(-1.02128 0.691671 0)
(-9.2126 1.68481 0)
(-8.14779 -0.121068 0)
(31.5199 131.123 0)
(-53.0628 -25.1104 0)
(-25.8033 -46.3562 0)
(32.7665 -25.5619 0)
(30.4475 4.41619 0)
(31.3517 33.7918 0)
(-174.816 148.596 0)
(-370.007 202.783 0)
(-88.6065 -14.249 0)
(-162.464 115.746 0)
(-592.697 260.122 0)
(-1104.51 70.5562 0)
(-1011.73 70.909 0)
(-843.842 216.608 0)
(-727.631 332.839 0)
(-189.026 167.399 0)
(-558.329 87.3035 0)
(-1501.77 -138.691 0)
(-1750.89 -349.466 0)
(-1651.98 -407.039 0)
(-770.97 -226.06 0)
(-310.986 -311.397 0)
(445.218 -216.96 0)
(774.989 -147.431 0)
(612.887 -70.448 0)
(350.523 -91.9682 0)
(455.264 -425.943 0)
(906.892 -325.47 0)
(1508.1 -144.676 0)
(1372.51 22.7248 0)
(1008.22 52.791 0)
(628.545 79.7373 0)
(351.763 54.7173 0)
(537.97 44.0191 0)
(944.127 9.96941 0)
(1163.31 -10.5423 0)
(1208.37 8.06588 0)
(1328.19 15.7818 0)
(1299.11 14.3604 0)
(1191.94 7.47679 0)
(1102.87 42.9454 0)
(861.353 85.8095 0)
(669.618 90.7455 0)
(425.992 71.4898 0)
(255.877 59.8354 0)
(29.4036 50.7482 0)
(-96.82 42.6222 0)
(-236.573 39.3097 0)
(-373.833 23.954 0)
(-440.864 -0.137277 0)
(-515.661 -15.152 0)
(-502.316 -15.0626 0)
(-522.83 -12.3994 0)
(-506.224 -15.7392 0)
(-516.802 -21.1894 0)
(-479.212 -21.5641 0)
(-427.908 -22.0236 0)
(-419.398 -20.8165 0)
(-356.959 -18.7238 0)
(-342.826 -14.1358 0)
(-296.135 -12.6838 0)
(-291.355 -12.1035 0)
(-256.151 -11.289 0)
(-219.478 -10.9084 0)
(-201.11 -10.747 0)
(-157.285 -12.0921 0)
(-143.095 -10.1568 0)
(-101.98 -7.93491 0)
(-74.1829 -6.9343 0)
(-66.2276 -4.27061 0)
(-42.2009 -2.90851 0)
(-35.7072 -2.80648 0)
(-23.8052 -3.03924 0)
(-15.6454 -5.38841 0)
(-3.06007 -7.80432 0)
(18.1015 -8.90571 0)
(38.649 -7.84172 0)
(56.2887 -4.85476 0)
(71.4289 -1.30373 0)
(72.2859 1.81208 0)
(66.5119 1.63157 0)
(74.9838 -1.56295 0)
(89.4611 -5.87419 0)
(103.266 -8.53251 0)
(110.089 -3.43232 0)
(102.922 4.13405 0)
(76.8857 9.26567 0)
(56.0141 10.1457 0)
(23.323 7.34288 0)
(16.2559 3.40083 0)
(6.94765 0.747936 0)
(5.41521 1.68906 0)
(9.50789 4.11882 0)
(9.15932 4.53102 0)
(2.76671 2.78684 0)
(-1.98883 0.878953 0)
(-4.24985 0.0586903 0)
(-8.4707 1.79269 0)
(-15.5268 2.94493 0)
(-8.79019 -0.423996 0)
(115.925 136.421 0)
(26.189 -30.7845 0)
(72.473 -56.4213 0)
(86.9434 -27.8642 0)
(104.034 11.274 0)
(115.798 50.246 0)
(-35.3603 169.586 0)
(6.18561 195.358 0)
(-20.8555 15.9999 0)
(-262.212 188.349 0)
(-65.9138 314.907 0)
(-188.521 95.7536 0)
(-147.206 13.5757 0)
(28.2003 105.894 0)
(235.713 206.942 0)
(588.212 132.194 0)
(444.749 206.396 0)
(122.912 74.6908 0)
(-779.322 -261.528 0)
(-929.239 -378.347 0)
(-917.044 -375.587 0)
(56.9005 -393.104 0)
(691.998 -335.483 0)
(836.141 -73.1443 0)
(-50.254 66.3926 0)
(-37.4252 -40.9599 0)
(-18.6539 -459.34 0)
(-520.213 -366.954 0)
(834.625 -123.806 0)
(776.034 130.71 0)
(486.717 187.346 0)
(194.57 200.262 0)
(-58.0471 148.636 0)
(127.316 -66.3516 0)
(846.216 -158.802 0)
(1114.74 -97.115 0)
(1366.76 -58.9947 0)
(1235.53 0.497255 0)
(1256.22 16.2822 0)
(1175.93 47.0704 0)
(1039.72 87.8348 0)
(977.478 147.846 0)
(829.348 150.772 0)
(657.192 124.149 0)
(419.984 110.645 0)
(262.969 99.3694 0)
(38.4029 84.6615 0)
(-149.78 75.5656 0)
(-231.631 54.0694 0)
(-358.265 21.0363 0)
(-431.515 -1.03763 0)
(-507.488 -8.592 0)
(-517.491 -9.90685 0)
(-551.573 -15.3884 0)
(-537.99 -23.0007 0)
(-544.848 -29.3095 0)
(-497.337 -30.5322 0)
(-485.074 -29.5843 0)
(-427.781 -27.5856 0)
(-412.584 -22.4252 0)
(-363.673 -19.5514 0)
(-355.256 -17.7191 0)
(-316.589 -18.6109 0)
(-296.729 -19.1259 0)
(-253.107 -20.2152 0)
(-210.126 -20.0124 0)
(-193.893 -17.5086 0)
(-149.937 -16.508 0)
(-129.769 -12.779 0)
(-102.687 -9.23392 0)
(-75.2933 -8.21079 0)
(-51.5196 -5.89105 0)
(-46.095 -5.26297 0)
(-34.7409 -8.14338 0)
(-22.4689 -12.1578 0)
(-0.788869 -14.1449 0)
(17.0633 -13.2335 0)
(44.8901 -9.51107 0)
(55.4247 -3.75867 0)
(70.1055 1.2757 0)
(66.5809 0.665287 0)
(76.904 -4.1499 0)
(90.5335 -9.30508 0)
(106.971 -11.4445 0)
(109.575 -2.32678 0)
(85.1715 9.61623 0)
(60.8904 16.5791 0)
(19.1495 17.575 0)
(-2.07834 13.3304 0)
(-27.9237 5.65515 0)
(-31.4549 1.89774 0)
(-29.8637 0.373576 0)
(-11.2492 2.42968 0)
(-6.19361 5.06926 0)
(-10.4465 3.78248 0)
(-11.4248 1.65711 0)
(-14.3444 0.857918 0)
(-18.2096 2.45228 0)
(-21.3981 3.44734 0)
(-19.1888 -0.983627 0)
(169.339 122.131 0)
(72.7017 -39.4272 0)
(114.368 -64.6088 0)
(149.457 -29.0824 0)
(155.245 12.1024 0)
(181.407 59.4882 0)
(58.9872 169.77 0)
(190.774 205.58 0)
(60.1315 56.309 0)
(-323.624 197 0)
(149.972 262.279 0)
(147.06 118.189 0)
(164.009 6.45125 0)
(298.47 40.0317 0)
(534.176 149.77 0)
(784.409 126.135 0)
(825.665 226.729 0)
(1048.65 200.082 0)
(430.527 -93.3136 0)
(276.299 -454.238 0)
(166.053 -437.809 0)
(791.001 -423.476 0)
(869.679 -384.254 0)
(941.67 47.3591 0)
(125.379 197.816 0)
(404.736 -55.5289 0)
(78.7386 -380.49 0)
(-1132.79 -154.291 0)
(-418.47 -15.4299 0)
(111.048 131.851 0)
(204.083 183.317 0)
(-61.2175 245.145 0)
(492.877 69.1199 0)
(604.685 -176.599 0)
(693.617 -240.663 0)
(840.452 -142.965 0)
(994.868 -27.8722 0)
(916.339 26.3932 0)
(860.23 48.6104 0)
(809.199 69.1798 0)
(896.927 104.417 0)
(979.621 153.567 0)
(948.112 190.21 0)
(715.457 177.393 0)
(538.403 158.199 0)
(414.577 146.062 0)
(190.673 136.132 0)
(40.601 115.644 0)
(-115.086 80.4739 0)
(-212.8 48.6378 0)
(-366.887 22.6748 0)
(-443.639 7.14784 0)
(-519.695 -1.59879 0)
(-530.368 -10.9607 0)
(-559.641 -23.0837 0)
(-541.165 -31.6256 0)
(-538.353 -37.3302 0)
(-500.109 -37.9981 0)
(-479.512 -35.6736 0)
(-438.823 -30.5623 0)
(-418.551 -26.5531 0)
(-385.015 -24.0522 0)
(-368.843 -25.4263 0)
(-331.06 -26.7655 0)
(-306.303 -30.345 0)
(-256.298 -29.218 0)
(-218.143 -26.2121 0)
(-194.655 -24.3888 0)
(-161.382 -19.5418 0)
(-119.631 -17.1198 0)
(-88.0303 -14.5579 0)
(-76.675 -9.81898 0)
(-59.7961 -7.15751 0)
(-55.5855 -10.9042 0)
(-40.5145 -16.3515 0)
(-24.4737 -19.3543 0)
(3.40409 -19.2317 0)
(21.8658 -14.7633 0)
(49.999 -7.55609 0)
(55.6889 -0.535724 0)
(66.5798 -0.560933 0)
(69.7204 -6.63904 0)
(87.3759 -12.8328 0)
(97.575 -13.4724 0)
(88.0368 0.753638 0)
(65.2498 17.0045 0)
(21.0817 25.5682 0)
(-11.0515 26.4059 0)
(-48.5998 19.2462 0)
(-61.5348 9.25703 0)
(-73.5088 1.90362 0)
(-58.0748 -3.71644 0)
(-37.6975 -1.60759 0)
(-20.8887 4.28394 0)
(-23.9922 4.22173 0)
(-22.8868 2.1921 0)
(-26.1624 1.62738 0)
(-28.6209 2.85042 0)
(-33.5155 3.97145 0)
(-27.8383 -1.0291 0)
(192.084 101.06 0)
(105.829 -45.4716 0)
(115.745 -74.9898 0)
(163.312 -39.924 0)
(220.275 13.5826 0)
(257.289 58 0)
(162.761 162.506 0)
(339.188 201.797 0)
(238.453 107.646 0)
(-31.4551 153.857 0)
(282.844 196.749 0)
(301.193 96.7857 0)
(392.043 11.6536 0)
(371.393 -1.5885 0)
(633.024 51.0593 0)
(1095.87 84.884 0)
(1070.49 191.948 0)
(1125.29 135.64 0)
(1146.7 -77.0726 0)
(1084.11 -341.848 0)
(432.931 -511.568 0)
(738.663 -573.096 0)
(640.919 -427.373 0)
(657.991 95.9075 0)
(375.154 210.237 0)
(594.359 2.74382 0)
(394.652 -235.93 0)
(-677.028 -507.731 0)
(-198.212 -325.186 0)
(-113.082 19.5976 0)
(-23.4187 172.128 0)
(257.176 149.529 0)
(705.134 -2.55386 0)
(883.873 -201.812 0)
(991.968 -256.741 0)
(606.806 -84.0538 0)
(571.061 7.56618 0)
(560.088 38.5312 0)
(583.605 61.9159 0)
(712.294 62.7947 0)
(571.547 59.6019 0)
(860.236 126.156 0)
(958.178 198.492 0)
(790.178 219.963 0)
(636.772 198.193 0)
(499.647 185.408 0)
(380.836 182.197 0)
(201.23 156.832 0)
(21.6208 114.117 0)
(-74.7787 81.3154 0)
(-258.067 55.7254 0)
(-366.398 32.3802 0)
(-480.67 10.7817 0)
(-501.041 -4.85978 0)
(-542.59 -21.3828 0)
(-526.844 -34.7469 0)
(-509.448 -41.3245 0)
(-513.76 -43.1186 0)
(-476.453 -42.2797 0)
(-461.949 -37.8916 0)
(-427.498 -32.7697 0)
(-413.526 -30.1992 0)
(-380.494 -31.8491 0)
(-364.914 -34.9002 0)
(-315.859 -39.5009 0)
(-291.19 -39.1652 0)
(-252.344 -34.8196 0)
(-216.598 -32.1497 0)
(-172.666 -28.9908 0)
(-137.886 -26.1976 0)
(-105.932 -20.6357 0)
(-96.0938 -13.3837 0)
(-79.8606 -9.78283 0)
(-68.3143 -13.4324 0)
(-58.804 -20.3299 0)
(-36.4691 -24.7405 0)
(-18.7205 -25.2703 0)
(11.5404 -20.8684 0)
(29.7544 -12.1762 0)
(52.7591 -3.22433 0)
(55.0138 -2.47495 0)
(66.9032 -9.12471 0)
(77.2658 -15.3472 0)
(83.5265 -13.1752 0)
(69.9207 5.55104 0)
(30.0574 26.6955 0)
(-11.0763 36.2161 0)
(-61.4485 35.3328 0)
(-77.7405 25.8975 0)
(-100.385 11.7265 0)
(-103.641 0.833415 0)
(-80.8956 -8.35759 0)
(-61.6481 -6.6945 0)
(-41.1137 2.02905 0)
(-37.8911 3.99323 0)
(-36.6703 2.39997 0)
(-37.5556 2.12794 0)
(-39.644 3.02176 0)
(-41.1191 3.97238 0)
(-31.9901 -1.38381 0)
(201.672 76.4095 0)
(129.536 -54.8853 0)
(150.849 -85.6665 0)
(222.811 -49.1233 0)
(269.539 5.39152 0)
(325.545 55.4783 0)
(279.017 139.668 0)
(477.271 194.046 0)
(508.62 159.38 0)
(214.215 160.731 0)
(440.88 156.839 0)
(518.084 59.1648 0)
(675.156 8.94261 0)
(710.891 -35.4999 0)
(813.496 -26.6423 0)
(1257.6 38.3509 0)
(1420.66 177.373 0)
(1363.1 118.256 0)
(1588.85 -103.923 0)
(1550.09 -272.742 0)
(765.654 -380.3 0)
(614.283 -514.966 0)
(-242.287 -433.323 0)
(556.618 77.4863 0)
(477.158 236.671 0)
(927.29 22.1361 0)
(334.969 -21.0904 0)
(-1164.3 -48.829 0)
(-281.23 -345.527 0)
(247.441 -105.039 0)
(836.12 45.7945 0)
(1013.81 84.3005 0)
(1010.51 -40.3935 0)
(1052.11 -208.962 0)
(1032.57 -204.128 0)
(645.638 -5.70834 0)
(461.18 40.0049 0)
(320.035 30.4399 0)
(479.318 10.1914 0)
(468.178 58.9974 0)
(332.897 43.9837 0)
(511.144 65.4252 0)
(743.491 209.566 0)
(820.348 228.281 0)
(696.454 223.837 0)
(607.961 212.953 0)
(498.543 217.397 0)
(349.754 200.457 0)
(195.434 151.58 0)
(39.0657 117.393 0)
(-126.247 94.2013 0)
(-293.612 61.1282 0)
(-391.238 30.7835 0)
(-462.552 3.58838 0)
(-478.618 -17.1469 0)
(-504.882 -36.215 0)
(-484.078 -44.0692 0)
(-496.855 -47.1309 0)
(-464.131 -48.737 0)
(-444.929 -43.3429 0)
(-436.626 -38.4283 0)
(-407.135 -35.911 0)
(-392.073 -37.5048 0)
(-358.489 -43.7885 0)
(-316.748 -48.4975 0)
(-300.827 -46.4645 0)
(-254.596 -43.4307 0)
(-234.182 -41.8864 0)
(-187.923 -39.0542 0)
(-159.713 -34.2572 0)
(-136.429 -26.2522 0)
(-105.869 -17.5429 0)
(-90.8396 -12.53 0)
(-85.6096 -16.3288 0)
(-68.0102 -24.4186 0)
(-54.7313 -29.6404 0)
(-29.0374 -31.3576 0)
(-10.2642 -27.3044 0)
(24.2582 -17.5682 0)
(36.1386 -6.69669 0)
(52.7458 -4.73098 0)
(56.7731 -11.2971 0)
(68.4713 -16.4085 0)
(69.1406 -11.6744 0)
(41.5798 12.8758 0)
(0.101132 38.204 0)
(-57.2936 48.7228 0)
(-101.025 43.0891 0)
(-111.809 30.2132 0)
(-128.288 13.3249 0)
(-118.13 -1.55028 0)
(-103.807 -13.3271 0)
(-84.796 -12.1988 0)
(-62.8756 -1.30917 0)
(-55.3142 2.73441 0)
(-48.4172 1.95696 0)
(-47.1841 2.29623 0)
(-48.1415 2.61609 0)
(-45.599 2.82745 0)
(-31.0761 -2.09133 0)
(208.273 48.265 0)
(146.701 -67.7013 0)
(186.895 -99.7561 0)
(248.822 -64.6167 0)
(321.242 -1.99813 0)
(381.94 41.3323 0)
(383.278 116.537 0)
(596.363 166.141 0)
(709.734 177.451 0)
(552.117 173.439 0)
(703.38 123.984 0)
(765.604 22.001 0)
(912.435 1.14369 0)
(1095.57 -55.8437 0)
(1093.75 -114.043 0)
(1423.83 0.0087593 0)
(1553.49 158.969 0)
(1595.28 103.899 0)
(1806.59 -82.1518 0)
(1603.68 -172.757 0)
(826.518 -237.819 0)
(653.375 -422.414 0)
(68.7156 -410.727 0)
(406.685 -22.7237 0)
(476.331 170.4 0)
(877.371 -3.74441 0)
(918.081 33.9573 0)
(569.728 -82.626 0)
(490.356 -478.12 0)
(661.237 -204.788 0)
(1101.46 -53.4378 0)
(1033.1 113.729 0)
(1103.01 -29.9556 0)
(1193.28 -233.626 0)
(1077.39 -165.883 0)
(713.569 48.8342 0)
(520.998 79.9764 0)
(383.792 33.1296 0)
(381.548 32.292 0)
(345.983 108.997 0)
(78.369 60.4163 0)
(294.566 5.97501 0)
(576.66 146.989 0)
(538.721 240.365 0)
(613.056 234.988 0)
(604.597 228.414 0)
(597.414 239.763 0)
(519.365 238.29 0)
(329.554 192.705 0)
(193.527 158.306 0)
(54.6977 137.534 0)
(-88.5577 102.175 0)
(-262.553 55.6202 0)
(-339.37 18.9074 0)
(-411.333 -10.3184 0)
(-428.18 -33.2876 0)
(-454.59 -43.854 0)
(-447.761 -48.3425 0)
(-449.928 -52.4009 0)
(-442.879 -46.8946 0)
(-415.896 -42.8188 0)
(-407.236 -41.6353 0)
(-377.067 -43.8641 0)
(-344.594 -52.054 0)
(-329.483 -55.2941 0)
(-292.711 -54.6964 0)
(-268.808 -51.6597 0)
(-230.26 -49.3699 0)
(-207.713 -46.5992 0)
(-181.652 -41.185 0)
(-142.095 -33.4794 0)
(-126.174 -23.2237 0)
(-106.661 -15.9193 0)
(-91.7455 -19.0425 0)
(-81.4091 -28.384 0)
(-61.5752 -34.1942 0)
(-49.7517 -36.9804 0)
(-19.7819 -34.0345 0)
(3.85708 -23.6582 0)
(32.0702 -10.7116 0)
(40.2614 -7.33121 0)
(52.8506 -12.8357 0)
(57.0378 -16.6735 0)
(50.0438 -8.18697 0)
(17.6511 21.7047 0)
(-36.9115 51.9387 0)
(-84.1756 61.0218 0)
(-131.208 50.0258 0)
(-138.709 31.8762 0)
(-138.47 12.1891 0)
(-129.63 -4.91331 0)
(-110.573 -17.3012 0)
(-98.3553 -16.3776 0)
(-82.9304 -5.07088 0)
(-68.28 -0.00604713 0)
(-56.8268 0.660985 0)
(-56.0016 2.08951 0)
(-53.4757 1.45364 0)
(-50.2524 0.733386 0)
(-32.0804 -3.25265 0)
(210.452 18.8607 0)
(152.258 -83.5936 0)
(179.487 -115.194 0)
(288.662 -80.214 0)
(353.397 -11.7474 0)
(425.389 23.6067 0)
(480.4 76.7303 0)
(690.484 133.137 0)
(851.045 171.451 0)
(774.391 163.356 0)
(950.997 107.554 0)
(921.648 -10.1315 0)
(1058.14 -28.0094 0)
(1350.62 -90.4 0)
(1267.54 -138.039 0)
(1474.07 -42.0464 0)
(1699.3 129.867 0)
(1686.97 52.8406 0)
(2093.23 -109.178 0)
(1711.16 8.46226 0)
(-48.2096 -61.1775 0)
(524.75 -326.506 0)
(-251.844 -330.008 0)
(-466.375 -138.731 0)
(858.433 120.301 0)
(1042.4 -42.3884 0)
(1234.04 32.2906 0)
(1005.02 -0.717383 0)
(993.879 -439.716 0)
(1281.9 -313.748 0)
(1363.7 -85.8896 0)
(1177.8 121.826 0)
(1103.11 -28.3237 0)
(1179.35 -214.637 0)
(1075.09 -114.375 0)
(742.152 106.331 0)
(659.36 95.9202 0)
(555.308 24.3838 0)
(488.354 11.8621 0)
(462.208 133.41 0)
(471.859 45.1096 0)
(122.804 38.2194 0)
(102.081 139.651 0)
(348.939 213.619 0)
(261.093 230.426 0)
(387.309 217.801 0)
(498.181 232.796 0)
(554.713 255.518 0)
(477.586 229.197 0)
(323.669 186.468 0)
(226.093 173.745 0)
(59.1094 138.858 0)
(-71.5564 89.285 0)
(-217.089 40.7306 0)
(-285.815 4.73965 0)
(-357.459 -25.0724 0)
(-376.93 -39.3533 0)
(-407.995 -47.502 0)
(-401.599 -51.744 0)
(-417.723 -50.3452 0)
(-393.028 -46.6089 0)
(-392.992 -46.2745 0)
(-361.84 -50.7183 0)
(-347.683 -57.9373 0)
(-313.536 -61.8979 0)
(-295.929 -62.0361 0)
(-253.926 -59.1345 0)
(-236.916 -56.4151 0)
(-203.138 -53.038 0)
(-188.246 -49.0025 0)
(-147.658 -40.6959 0)
(-134.966 -27.3866 0)
(-109.498 -19.4711 0)
(-101.652 -22.4862 0)
(-84.9777 -32.0783 0)
(-76.0321 -37.6818 0)
(-61.2427 -41.8909 0)
(-44.6733 -41.0148 0)
(-4.31581 -30.3383 0)
(13.7036 -15.617 0)
(37.0884 -10.2211 0)
(42.5569 -14.7085 0)
(46.678 -15.2428 0)
(34.5975 -3.4163 0)
(-7.83354 33.3702 0)
(-63.6248 66.1619 0)
(-117.253 71.4771 0)
(-139.713 56.7038 0)
(-156.264 32.4834 0)
(-141.462 9.99367 0)
(-131.346 -7.77495 0)
(-114.544 -20.547 0)
(-105.704 -19.7731 0)
(-92.629 -9.07647 0)
(-74.976 -3.53144 0)
(-62.4555 -0.990353 0)
(-61.9856 1.78449 0)
(-58.8692 -0.019774 0)
(-55.046 -1.89007 0)
(-36.0048 -4.23274 0)
(215.132 -10.9672 0)
(153.11 -99.3948 0)
(184.477 -136.565 0)
(294.632 -101.098 0)
(388.197 -26.1349 0)
(457.53 -2.34115 0)
(546.77 36.9969 0)
(765.473 97.7745 0)
(943.787 149.525 0)
(931.274 142.173 0)
(1111.97 96.9319 0)
(1075.92 -32.8144 0)
(1089.32 -65.444 0)
(1517.12 -124.371 0)
(1327.25 -144.843 0)
(1397.75 -64.5133 0)
(1665.34 111.014 0)
(1748.65 49.2844 0)
(2173.12 -106.335 0)
(1466.29 248.017 0)
(-328.92 165.155 0)
(-40.8016 -263.419 0)
(-1505.08 -246.146 0)
(-1407.65 -235.107 0)
(13.4066 -96.4552 0)
(1274.65 -189.932 0)
(1317.88 31.017 0)
(1205.84 -115.649 0)
(1411.83 -445.714 0)
(1462.83 -333.901 0)
(1319.68 -38.0323 0)
(1147.79 191.853 0)
(1180.63 -18.3229 0)
(1223.75 -210.509 0)
(972.467 -46.1937 0)
(544.911 178.622 0)
(511.951 141.549 0)
(583.182 66.1614 0)
(418.954 31.3549 0)
(510.25 126.489 0)
(520.785 100.084 0)
(334.451 71.4966 0)
(81.6184 145.752 0)
(45.2664 216.084 0)
(80.8066 206.111 0)
(162.613 178.463 0)
(178.266 204.827 0)
(473.286 240.6 0)
(512.536 243.791 0)
(429.518 217.029 0)
(303.353 200.075 0)
(220.975 175.135 0)
(96.3281 130.475 0)
(-64.9115 73.0727 0)
(-182.295 23.5782 0)
(-247.114 -10.2129 0)
(-314.644 -31.6808 0)
(-334.002 -42.1785 0)
(-364.348 -49.4907 0)
(-366.037 -49.226 0)
(-375.135 -49.2413 0)
(-358.64 -48.8937 0)
(-350.96 -55.8345 0)
(-322.685 -64.0318 0)
(-307.683 -68.0258 0)
(-274.405 -70.0195 0)
(-240.306 -66.7354 0)
(-218.092 -61.588 0)
(-209.202 -57.8698 0)
(-179.565 -55.0302 0)
(-161.388 -46.6862 0)
(-131.759 -33.0894 0)
(-116.753 -23.4419 0)
(-102.549 -25.2297 0)
(-93.5302 -35.1698 0)
(-82.8659 -39.6584 0)
(-85.9947 -45.6474 0)
(-60.3383 -48.3114 0)
(-29.3105 -38.0063 0)
(6.37051 -21.6854 0)
(25.9623 -14.1629 0)
(36.115 -15.2195 0)
(34.3047 -12.9356 0)
(21.4371 3.14471 0)
(-32.0733 45.9809 0)
(-93.9975 79.0691 0)
(-129.765 80.9733 0)
(-159.451 60.1648 0)
(-153.474 32.0991 0)
(-143.869 5.85379 0)
(-124.371 -12.5184 0)
(-108.686 -23.6101 0)
(-102.76 -21.8271 0)
(-93.4122 -12.3153 0)
(-76.9007 -7.18513 0)
(-68.0255 -2.49097 0)
(-66.9795 1.43845 0)
(-63.2076 -1.77014 0)
(-61.2274 -4.51685 0)
(-40.838 -5.29322 0)
(216.101 -41.3041 0)
(158.639 -113.524 0)
(162.358 -154.508 0)
(310.561 -123.944 0)
(404.183 -38.423 0)
(477.619 -29.8467 0)
(591.3 -9.49606 0)
(803.581 57.0711 0)
(1021.62 125.753 0)
(1004.87 113.179 0)
(1203.56 86.8416 0)
(1164.77 -40.0905 0)
(1057.93 -90.9162 0)
(1606.38 -152.561 0)
(1385.57 -133.684 0)
(798.445 -94.6462 0)
(1908.53 -24.6383 0)
(2278.03 -69.5203 0)
(1940.03 62.6773 0)
(464.578 626.761 0)
(-570.146 346.802 0)
(-968.879 -112.366 0)
(-2271.74 -263.137 0)
(-888.916 -453.447 0)
(-932.677 -369.287 0)
(1148.93 -401.285 0)
(739.058 125.69 0)
(1406.97 -193.452 0)
(1655.85 -436.786 0)
(1541.47 -313.286 0)
(1188.75 -11.1115 0)
(1077.47 177.179 0)
(999.026 17.9039 0)
(1225.09 -213.976 0)
(947.442 43.3626 0)
(428.228 247.678 0)
(397.494 112.581 0)
(533.67 81.2061 0)
(414.836 32.5137 0)
(418.932 104.207 0)
(468.564 95.7488 0)
(362.044 115.513 0)
(284.541 181.405 0)
(237.569 220.841 0)
(29.6677 222.473 0)
(-19.94 175.094 0)
(156.652 152.778 0)
(325.757 201.835 0)
(447.13 239.282 0)
(408.501 235.602 0)
(361.238 223.77 0)
(309.947 195.588 0)
(197.589 155.369 0)
(107.904 110.043 0)
(-18.4664 53.4174 0)
(-152.442 8.91218 0)
(-218.445 -17.7067 0)
(-280.403 -35.0047 0)
(-298.3 -43.3267 0)
(-334.443 -47.0877 0)
(-329.664 -48.8067 0)
(-338.922 -52.422 0)
(-313.48 -58.4934 0)
(-312.426 -68.5815 0)
(-281.64 -75.1494 0)
(-252.115 -77.2791 0)
(-243.909 -72.8769 0)
(-225.165 -65.4679 0)
(-197.515 -62.9638 0)
(-187.046 -60.468 0)
(-166.869 -53.2758 0)
(-131.841 -39.505 0)
(-114.742 -26.4279 0)
(-108.062 -27.9353 0)
(-95.6833 -36.9051 0)
(-98.7793 -39.3935 0)
(-107.233 -47.4718 0)
(-95.6547 -56.0659 0)
(-43.7276 -46.6981 0)
(-15.9457 -28.6735 0)
(16.8141 -18.0929 0)
(22.3361 -16.2832 0)
(23.0941 -10.2111 0)
(3.74781 11.1754 0)
(-57.1432 60.4045 0)
(-110.713 92.9686 0)
(-152.601 87.9687 0)
(-160.082 62.6573 0)
(-155.097 28.9508 0)
(-135.292 1.8723 0)
(-121.166 -15.9698 0)
(-104.501 -26.225 0)
(-96.1569 -23.5692 0)
(-88.5923 -15.2712 0)
(-78.1854 -10.0278 0)
(-70.5802 -3.5071 0)
(-71.7557 1.14081 0)
(-65.3132 -3.57843 0)
(-60.8598 -7.28263 0)
(-43.9305 -6.10272 0)
(212.491 -71.4103 0)
(156.478 -126.067 0)
(147.641 -176.948 0)
(292.611 -154.309 0)
(413.604 -55.0311 0)
(487.358 -59.477 0)
(605.656 -59.377 0)
(830.066 21.1577 0)
(1044.36 89.3055 0)
(1045.02 84.153 0)
(1247.23 77.4262 0)
(1251.31 -40.7317 0)
(1028.19 -107.037 0)
(1584.64 -208.715 0)
(1377.51 -122.777 0)
(1299.62 -186.471 0)
(2027.72 -149.273 0)
(2057.6 -49.6619 0)
(1676.33 226.233 0)
(505.588 803.327 0)
(641.288 453.364 0)
(785.191 188.044 0)
(-413.133 -179.753 0)
(-203.259 -569.162 0)
(472.717 -682.345 0)
(773.006 -573.163 0)
(970.74 -52.673 0)
(1380.88 -227.042 0)
(1572.23 -434.738 0)
(1346 -227.843 0)
(1039.8 37.6761 0)
(590.031 214.939 0)
(860.812 -29.3351 0)
(1113.85 -222.143 0)
(904.402 144.782 0)
(416.31 318.283 0)
(445.53 91.1551 0)
(491.481 79.7075 0)
(508.518 31.5617 0)
(243.603 121.334 0)
(203.565 103.863 0)
(316.848 97.5274 0)
(355.882 189.587 0)
(275.981 245.082 0)
(235.225 243.714 0)
(155.036 157.448 0)
(150.168 128.556 0)
(154.129 179.165 0)
(350.619 228.197 0)
(322.021 236.849 0)
(314.378 231.922 0)
(288.524 211.961 0)
(257.306 175.831 0)
(202.273 130.09 0)
(84.6682 87.9103 0)
(-31.7784 38.5665 0)
(-146.279 0.121214 0)
(-201.035 -22.8236 0)
(-253.769 -34.3835 0)
(-297.487 -42.4458 0)
(-292.803 -48.2152 0)
(-308.635 -53.9759 0)
(-286.02 -61.0927 0)
(-290.265 -72.4425 0)
(-261.116 -81.2504 0)
(-247.707 -81.332 0)
(-237.659 -76.3418 0)
(-210.141 -70.7746 0)
(-197.278 -66.5688 0)
(-185.31 -64.2637 0)
(-155.836 -59.6931 0)
(-137.982 -44.8243 0)
(-120.003 -29.8175 0)
(-106.346 -30.3224 0)
(-101.246 -37.7835 0)
(-112.673 -36.3229 0)
(-140.667 -47.5395 0)
(-125.164 -64.196 0)
(-76.9009 -57.191 0)
(-30.5125 -37.2078 0)
(-1.97762 -22.8916 0)
(7.05582 -16.9692 0)
(6.99234 -7.5171 0)
(-9.85458 20.7127 0)
(-77.2236 75.2223 0)
(-129.4 103.711 0)
(-161.206 93.7308 0)
(-163.753 60.1872 0)
(-142.718 25.0587 0)
(-130.423 -2.32502 0)
(-111.823 -20.7932 0)
(-97.9918 -29.2839 0)
(-84.0755 -25.2084 0)
(-84.9076 -16.8486 0)
(-76.0469 -11.938 0)
(-73.5707 -3.99813 0)
(-73.0426 0.737657 0)
(-63.0217 -5.58884 0)
(-62.9946 -9.88498 0)
(-42.6566 -6.80495 0)
(208.325 -100.356 0)
(146.258 -138.184 0)
(131.063 -191.7 0)
(281.354 -183.75 0)
(409.578 -74.182 0)
(495.646 -89.8845 0)
(599.545 -108.126 0)
(827.129 -21.5395 0)
(1056.9 59.0043 0)
(1023.46 46.5417 0)
(1272.87 66.7451 0)
(1260.46 -42.2061 0)
(1096.09 -105.127 0)
(1460.61 -227.877 0)
(666.811 -88.4923 0)
(1440.66 -254.833 0)
(2196.45 -221.247 0)
(1646.15 90.0564 0)
(993.884 504.971 0)
(893.407 782.436 0)
(1313.8 434.236 0)
(1554.92 224.704 0)
(840.125 -100.987 0)
(516.991 -640.488 0)
(1254.22 -729.973 0)
(756.728 -539.244 0)
(1222.07 -162.447 0)
(1271.39 -274.679 0)
(1465.69 -432.501 0)
(1153.57 -178.848 0)
(851.439 96.5877 0)
(251.452 277.031 0)
(754.753 -118.637 0)
(1131.44 -252.369 0)
(839.418 222.616 0)
(528.185 349.422 0)
(427.495 75.9202 0)
(427.609 97.6283 0)
(483.379 50.3965 0)
(53.8784 210.116 0)
(-0.632598 68.2712 0)
(-35.322 70.7326 0)
(185.637 195.476 0)
(222.799 269.093 0)
(221.369 252.588 0)
(302.896 168.811 0)
(179.666 142.379 0)
(66.4521 168.481 0)
(195.908 199.393 0)
(216.176 236.2 0)
(212.951 234.605 0)
(224.208 210.823 0)
(225.564 181.966 0)
(222.264 146.322 0)
(161.649 109.741 0)
(43.7919 69.2454 0)
(-59.2279 23.5489 0)
(-146.262 -6.43038 0)
(-213.643 -22.236 0)
(-239.975 -35.1916 0)
(-265.566 -46.5774 0)
(-261.507 -53.3481 0)
(-268.431 -63.1149 0)
(-252.135 -74.6999 0)
(-249.618 -85.5694 0)
(-222.879 -86.1127 0)
(-210.833 -79.9787 0)
(-204.918 -74.7857 0)
(-181.573 -71.3106 0)
(-165.49 -69.0057 0)
(-155.018 -64.7665 0)
(-130.962 -50.2116 0)
(-112.871 -33.0103 0)
(-108.581 -31.786 0)
(-106.951 -35.657 0)
(-134.605 -28.8757 0)
(-172.278 -43.9502 0)
(-171.684 -74.0288 0)
(-99.1214 -69.4122 0)
(-57.9848 -46.9194 0)
(-16.5154 -28.1714 0)
(-8.32181 -18.1496 0)
(-3.43613 -4.43207 0)
(-28.156 31.1399 0)
(-96.8648 87.9039 0)
(-132.143 113.866 0)
(-151.245 96.0218 0)
(-144.593 58.6924 0)
(-138.507 21.3917 0)
(-117.705 -6.28704 0)
(-107.521 -24.6435 0)
(-88.367 -32.5099 0)
(-81.0632 -26.6745 0)
(-77.3342 -17.7261 0)
(-76.2365 -12.8925 0)
(-71.7806 -4.29284 0)
(-70.4541 -0.518014 0)
(-57.9092 -8.43573 0)
(-54.1866 -12.4128 0)
(-39.9717 -7.49893 0)
(206.3 -126.168 0)
(131.571 -147.255 0)
(93.1207 -208.496 0)
(234.224 -220.37 0)
(398.762 -95.4418 0)
(491.096 -119.244 0)
(577.264 -157.332 0)
(806.547 -63.237 0)
(1053.39 30.8579 0)
(972.731 7.10063 0)
(1271.68 52.7498 0)
(1282.5 -55.5894 0)
(1216.79 -82.027 0)
(1473.44 -138.668 0)
(8.22273 -173.49 0)
(1979.81 -558.035 0)
(1719.01 -238.439 0)
(1506.03 214.207 0)
(1022.14 541.818 0)
(1253.57 690.653 0)
(1729.62 378.401 0)
(1697.61 284.992 0)
(1455.44 10.0531 0)
(1097.2 -619.458 0)
(1051.25 -716.539 0)
(903.32 -412.095 0)
(844.769 -151.619 0)
(1434.88 -347.039 0)
(1372.17 -388.345 0)
(944.882 -78.8116 0)
(232.23 242.311 0)
(-1.83221 224.611 0)
(628.785 -225.586 0)
(1134.05 -294.976 0)
(675.97 293.343 0)
(627.822 414.704 0)
(518.207 142.24 0)
(363.519 85.2829 0)
(382.834 80.6083 0)
(112.721 276.056 0)
(78.1105 189.964 0)
(-162.164 50.1116 0)
(9.50863 167.662 0)
(73.7077 239.709 0)
(221.127 222.029 0)
(319.727 172.363 0)
(201.962 177.135 0)
(27.3384 183.372 0)
(85.0101 187.986 0)
(81.2601 222.837 0)
(126.874 232.992 0)
(156.802 210.093 0)
(175.878 176.804 0)
(186.42 152.767 0)
(156.659 127.119 0)
(99.924 93.3209 0)
(-7.49902 49.06 0)
(-105.662 11.8059 0)
(-156.713 -9.38232 0)
(-203.927 -28.154 0)
(-216.54 -43.2987 0)
(-233.117 -52.7158 0)
(-232.017 -62.9257 0)
(-232.854 -77.0986 0)
(-214.171 -89.0883 0)
(-209.819 -88.8152 0)
(-201.422 -82.2569 0)
(-182.78 -78.3977 0)
(-176.093 -74.9792 0)
(-153.509 -72.7971 0)
(-140.169 -68.9071 0)
(-130.838 -54.3864 0)
(-108.701 -36.2573 0)
(-103.9 -31.8702 0)
(-111.312 -30.6374 0)
(-159.194 -18.8686 0)
(-204.591 -39.1578 0)
(-207.325 -82.7342 0)
(-139.801 -84.2364 0)
(-78.4457 -58.2207 0)
(-40.291 -34.7536 0)
(-19.7574 -20.1772 0)
(-20.6729 -1.63316 0)
(-46.1456 41.7471 0)
(-111.561 101.89 0)
(-137.596 120.728 0)
(-156.811 97.9752 0)
(-142.467 55.0944 0)
(-124.645 17.6362 0)
(-112.426 -9.89334 0)
(-97.4825 -28.7283 0)
(-85.9779 -35.3017 0)
(-72.709 -27.8222 0)
(-77.3654 -18.143 0)
(-71.3871 -14.072 0)
(-69.2523 -5.05139 0)
(-59.2796 -1.9454 0)
(-46.7535 -10.6243 0)
(-48.4836 -14.4902 0)
(-32.0134 -7.91428 0)
(203.202 -151.414 0)
(121.211 -151.261 0)
(56.9801 -220.677 0)
(201.247 -255.297 0)
(372.671 -122.012 0)
(474.617 -148.736 0)
(547.171 -201.271 0)
(758.587 -109.322 0)
(1053.75 10.7197 0)
(879.261 -34.3394 0)
(1241.15 31.6552 0)
(1289.13 -83.8823 0)
(1282.58 -100.494 0)
(2000.1 -35.1646 0)
(964.248 -218.414 0)
(1873.35 -599.697 0)
(1048.86 -146.695 0)
(1537.69 269.834 0)
(1080.72 564.93 0)
(1367.67 583.396 0)
(1851.09 312.545 0)
(1927.97 285.823 0)
(1717.5 28.9394 0)
(1564.39 -513.821 0)
(1033.19 -670.157 0)
(1266.54 -441.898 0)
(1519.62 -278.659 0)
(1620.22 -357.492 0)
(1352.53 -273.393 0)
(559.103 155.007 0)
(-300.114 380.927 0)
(-244.86 108.778 0)
(616.813 -337.378 0)
(1023.97 -314.314 0)
(458.638 346.075 0)
(546.805 444.825 0)
(885.914 114.323 0)
(262.082 149.503 0)
(331.556 128.585 0)
(348.582 198.312 0)
(151.669 208.21 0)
(-260.438 30.7443 0)
(-36.9435 156.708 0)
(-51.8709 218.7 0)
(85.982 186.309 0)
(305.299 170.598 0)
(164.304 213.063 0)
(7.59343 212.122 0)
(3.5679 184.811 0)
(30.2025 216.417 0)
(48.0051 223.242 0)
(123.522 199.196 0)
(155.509 172.71 0)
(149.642 149.795 0)
(137.214 135.429 0)
(88.0394 109.123 0)
(29.1014 71.5413 0)
(-49.5044 31.1374 0)
(-119.89 3.45923 0)
(-152.261 -20.1598 0)
(-184.045 -40.1997 0)
(-181.907 -50.7327 0)
(-199.496 -62.2125 0)
(-189.088 -78.1369 0)
(-194.284 -91.5278 0)
(-177.873 -91.7228 0)
(-171.687 -84.779 0)
(-172.638 -80.4819 0)
(-155.919 -78.6947 0)
(-150.566 -75.9887 0)
(-139.402 -71.8554 0)
(-120.07 -58.8072 0)
(-111.325 -38.5887 0)
(-102.596 -31.5011 0)
(-118.226 -22.3293 0)
(-183.555 -5.21882 0)
(-224.024 -33.008 0)
(-236.114 -92.0356 0)
(-167.779 -98.8272 0)
(-109.469 -71.4391 0)
(-57.9496 -42.8153 0)
(-39.8727 -22.9289 0)
(-31.9966 2.05665 0)
(-65.6712 53.3383 0)
(-126.386 110.131 0)
(-146.166 125.548 0)
(-146.403 97.3544 0)
(-126.044 51.1188 0)
(-119.186 14.4211 0)
(-100.056 -13.1872 0)
(-95.0388 -31.9123 0)
(-79.31 -37.9203 0)
(-73.1554 -28.8252 0)
(-69.4076 -18.3948 0)
(-70.0279 -15.0412 0)
(-61.8054 -7.49434 0)
(-44.5393 -5.11449 0)
(-32.1098 -13.0019 0)
(-34.5379 -15.9967 0)
(-25.475 -8.29063 0)
(197.622 -174.987 0)
(115.93 -150.591 0)
(36.0857 -227.877 0)
(124.034 -294.529 0)
(341.284 -149.456 0)
(449.699 -175.705 0)
(512.2 -243.289 0)
(704.002 -157.608 0)
(1033.86 -7.49446 0)
(763.119 -70.9475 0)
(1153.34 0.806903 0)
(1245.24 -126.657 0)
(1296.96 -173.809 0)
(1865.18 65.0792 0)
(1256.48 -167.464 0)
(1336.53 -525.436 0)
(548.653 -107.47 0)
(1255.12 228.941 0)
(880.55 547.088 0)
(1525.84 457.875 0)
(1776.15 300.095 0)
(1799.36 311.566 0)
(1932.65 34.4406 0)
(1765.04 -448.575 0)
(1173 -642.297 0)
(1549.07 -510.007 0)
(1697.07 -328.729 0)
(1776.79 -320.237 0)
(1367.45 -144.143 0)
(558.911 340.147 0)
(164.967 411.574 0)
(290.617 -1.52806 0)
(823.953 -395.224 0)
(944.258 -285.067 0)
(38.2818 416.925 0)
(473.505 399.139 0)
(953.887 128.218 0)
(253.056 202.742 0)
(410.603 79.5252 0)
(-120.379 348.034 0)
(-122.035 288.885 0)
(-98.0799 43.7188 0)
(-255.724 124.823 0)
(-193.149 206.176 0)
(-50.0397 131.452 0)
(167.602 142.034 0)
(139.844 242.81 0)
(-84.8481 237.478 0)
(-41.4012 180.379 0)
(-1.91697 203.331 0)
(55.1884 209.808 0)
(96.6553 187.926 0)
(107.823 172.181 0)
(117.992 155.659 0)
(100.953 140.79 0)
(77.0226 119.932 0)
(42.0876 86.8466 0)
(-27.7449 47.7713 0)
(-75.3021 16.5108 0)
(-122.435 -11.5646 0)
(-135.582 -36.4557 0)
(-155.353 -48.9035 0)
(-154.587 -60.2478 0)
(-163.048 -78.9272 0)
(-149.587 -92.6887 0)
(-161.148 -92.9683 0)
(-159.789 -85.1236 0)
(-147.68 -82.377 0)
(-147.014 -80.7629 0)
(-133.449 -78.4167 0)
(-131.356 -74.8191 0)
(-119.72 -62.0767 0)
(-102.813 -40.3713 0)
(-103.708 -29.7233 0)
(-125.044 -11.1469 0)
(-197.888 9.83107 0)
(-243.719 -26.8496 0)
(-254.776 -99.8461 0)
(-184.406 -116.023 0)
(-125.157 -84.8172 0)
(-82.8516 -51.85 0)
(-53.2275 -27.0163 0)
(-48.8851 6.04578 0)
(-83.936 62.5809 0)
(-128.933 119.584 0)
(-141.218 127.506 0)
(-128.796 95.2201 0)
(-117.367 47.1304 0)
(-103.67 11.2723 0)
(-95.5481 -15.6682 0)
(-87.2045 -35.0684 0)
(-80.0645 -39.9503 0)
(-65.6371 -29.897 0)
(-71 -19.0637 0)
(-61.7877 -16.7108 0)
(-55.9584 -10.5399 0)
(-26.5028 -8.32526 0)
(-18.9401 -15.2574 0)
(-12.753 -16.7831 0)
(-9.60761 -8.04353 0)
(192.16 -197.081 0)
(106.986 -150.776 0)
(34.5275 -222.3 0)
(36.1359 -330.104 0)
(289.136 -186.022 0)
(414.468 -205.565 0)
(469.316 -279.577 0)
(640.286 -205.462 0)
(1004.42 -13.298 0)
(623.343 -97.7838 0)
(1055.96 -35.5564 0)
(1174.3 -172.259 0)
(1243.78 -225.341 0)
(1720.99 11.2641 0)
(1446.6 -117.287 0)
(711.83 -376.787 0)
(-243.971 -130.53 0)
(794.996 177.892 0)
(729.911 510.437 0)
(1384.18 329.554 0)
(1713.14 265.357 0)
(1833.65 259.466 0)
(2061.8 21.5685 0)
(1825.79 -364.521 0)
(1537.44 -611.027 0)
(1635.45 -574.783 0)
(1854.12 -363.109 0)
(1854.32 -269.073 0)
(1340.26 16.1491 0)
(613.785 478.194 0)
(764.019 403.605 0)
(683.921 -81.2891 0)
(922.686 -406.764 0)
(1009.71 -188.322 0)
(239.928 437.202 0)
(471.992 329.123 0)
(1081.09 130.881 0)
(-0.392819 338.793 0)
(-66.9907 215.253 0)
(-414.197 342.971 0)
(8.95923 210.386 0)
(196.546 44.721 0)
(-555.489 225.559 0)
(-395.461 180.408 0)
(-193.903 74.9007 0)
(-42.1227 118.83 0)
(-14.1603 273.168 0)
(-149.278 261.559 0)
(-134.463 165.739 0)
(-39.7969 179.905 0)
(86.1784 197.515 0)
(116.324 178.561 0)
(144.843 168.999 0)
(103.777 155.548 0)
(95.9644 146.821 0)
(64.1187 127.995 0)
(34.0264 96.041 0)
(-12.7512 59.2149 0)
(-57.6634 27.1251 0)
(-80.22 -4.37664 0)
(-108.257 -32.3259 0)
(-113.937 -46.7874 0)
(-127.956 -58.7937 0)
(-118.805 -79.6363 0)
(-113.11 -92.427 0)
(-134.813 -91.352 0)
(-129.868 -86.2185 0)
(-134.433 -83.1336 0)
(-125.021 -82.1712 0)
(-126.028 -79.7308 0)
(-113.949 -76.5216 0)
(-113.681 -65.4176 0)
(-95.9717 -42.7619 0)
(-97.7064 -26.1186 0)
(-127.017 2.09199 0)
(-220.106 26.8115 0)
(-250.715 -22.8456 0)
(-262.809 -105.626 0)
(-210.811 -131.43 0)
(-143.73 -97.6804 0)
(-95.2212 -60.8413 0)
(-71.7417 -30.3965 0)
(-62.9846 9.86537 0)
(-99.6674 72.3764 0)
(-134.738 125.577 0)
(-130.486 127.482 0)
(-119.718 91.5167 0)
(-99.2373 43.5227 0)
(-97.7447 9.61877 0)
(-82.9654 -17.3741 0)
(-87.0747 -36.6206 0)
(-74.6568 -42.2836 0)
(-67.801 -31.0911 0)
(-61.7731 -19.6332 0)
(-59.8589 -19.1082 0)
(-47.3526 -15.9761 0)
(-9.89449 -13.589 0)
(-1.19795 -17.5771 0)
(0.615256 -17.9014 0)
(6.465 -7.7997 0)
(187.881 -218.68 0)
(99.185 -149.46 0)
(36.102 -204.447 0)
(-105.039 -359.677 0)
(226.556 -227.486 0)
(361.873 -233.66 0)
(428.64 -315.403 0)
(567.347 -255.389 0)
(940.47 -14.6121 0)
(489.177 -117.115 0)
(901.07 -86.742 0)
(1079.9 -229.508 0)
(1274.6 -270.939 0)
(1474.52 -14.2091 0)
(1361.53 81.197 0)
(-23.1672 -146.879 0)
(-575.199 -213.892 0)
(-287.964 82.1387 0)
(609.927 382.898 0)
(1143.21 186.921 0)
(1456.51 210.072 0)
(1694.41 214.641 0)
(2007.93 13.7412 0)
(1907.28 -325.331 0)
(1736.71 -591.469 0)
(1775.86 -585.601 0)
(1876.41 -393.588 0)
(1890.56 -196.842 0)
(1101.82 167.187 0)
(684.95 526.084 0)
(991.824 356.311 0)
(952.328 -116.963 0)
(1093 -371.668 0)
(985.589 -117.04 0)
(514.535 350.745 0)
(674.707 292.478 0)
(1026.63 216.221 0)
(194.265 410.765 0)
(-331.976 282.82 0)
(-476.349 344.267 0)
(34.6261 148.392 0)
(133.494 123.194 0)
(-228.874 246.569 0)
(-86.5342 155.237 0)
(-297.748 55.3536 0)
(-258.017 89.4589 0)
(-197.707 268.21 0)
(-264.063 273.322 0)
(-190.973 143.578 0)
(-99.9428 148.252 0)
(55.968 174.989 0)
(128.439 173.341 0)
(125.064 172.289 0)
(120.357 163.096 0)
(91.7326 152.876 0)
(42.7044 134.654 0)
(25.5436 104.777 0)
(-10.929 69.1407 0)
(-42.7816 35.0873 0)
(-52.338 0.79784 0)
(-66.2112 -28.4415 0)
(-91.8424 -44.1683 0)
(-87.7588 -58.3937 0)
(-83.6424 -80.1597 0)
(-95.45 -90.6125 0)
(-100.067 -89.5908 0)
(-112.732 -85.1539 0)
(-107.855 -83.4672 0)
(-113.578 -82.7422 0)
(-106.625 -80.841 0)
(-107.741 -77.7629 0)
(-97.7352 -67.3877 0)
(-96.3029 -43.0914 0)
(-93.0016 -22.5217 0)
(-127.086 16.6684 0)
(-223.147 44.7223 0)
(-256.518 -17.0267 0)
(-260.903 -113.492 0)
(-223.855 -142.715 0)
(-161.209 -113.186 0)
(-107.378 -69.933 0)
(-82.5146 -35.3409 0)
(-81.88 15.6951 0)
(-112.933 77.2565 0)
(-130.488 127.576 0)
(-122.21 124.751 0)
(-99.8516 86.6016 0)
(-81.3522 40.2022 0)
(-86.7637 8.39511 0)
(-77.2417 -18.3606 0)
(-80.1076 -38.2618 0)
(-77.0689 -44.2509 0)
(-60.4851 -32.4813 0)
(-64.4447 -20.8612 0)
(-49.6068 -22.1498 0)
(-32.7576 -21.874 0)
(5.62484 -19.2713 0)
(16.3807 -19.7738 0)
(19.1192 -19.2319 0)
(29.225 -8.61575 0)
(180.153 -238.993 0)
(99.2292 -146.146 0)
(39.7243 -173.717 0)
(-216.358 -373.88 0)
(125.363 -287.387 0)
(299.731 -270.543 0)
(381.293 -346.236 0)
(492.345 -299.938 0)
(859.94 -7.89588 0)
(440.957 -118.461 0)
(765.261 -142.247 0)
(975.388 -292.289 0)
(1223.59 -298.074 0)
(1187.14 -13.6494 0)
(781.283 240.119 0)
(93.406 96.6318 0)
(-677.318 -70.9505 0)
(-1212.86 -72.2613 0)
(202.877 129.862 0)
(621.376 75.3563 0)
(1052.27 132.677 0)
(1424.46 137.873 0)
(1699.32 -29.9588 0)
(1780.74 -306.449 0)
(1627.71 -578.527 0)
(1737.15 -604.44 0)
(1832.15 -406.957 0)
(1797.65 -90.1075 0)
(893.882 324.236 0)
(507.692 562.912 0)
(1079.86 275.9 0)
(1122.57 -138.751 0)
(1279.31 -375.844 0)
(1013.4 -76.8306 0)
(391.713 395.73 0)
(766.784 269.523 0)
(864.933 289.402 0)
(290.464 520.192 0)
(-304.4 401.14 0)
(-154.834 274.636 0)
(196.272 68.4627 0)
(190.247 131.711 0)
(-165.098 302.287 0)
(78.0078 199.461 0)
(-272.042 108.169 0)
(-376.838 74.6556 0)
(-419.721 293.084 0)
(-409.902 289.944 0)
(-316.837 111.427 0)
(-111.871 106.207 0)
(55.0022 149.146 0)
(95.4874 162.26 0)
(130.603 172.51 0)
(110.032 168.729 0)
(66.304 161.09 0)
(48.2839 143.345 0)
(25.5129 111.122 0)
(-5.84616 74.2303 0)
(-22.4495 39.3676 0)
(-37.359 3.51364 0)
(-37.4846 -24.8126 0)
(-67.3864 -41.8331 0)
(-54.6163 -57.7271 0)
(-68.6234 -78.8772 0)
(-63.1138 -88.8487 0)
(-81.4948 -87.6037 0)
(-83.1071 -83.9598 0)
(-93.1325 -82.5662 0)
(-90.3255 -82.5986 0)
(-97.1721 -81.221 0)
(-90.4784 -78.6217 0)
(-92.8058 -68.619 0)
(-86.5221 -44.0382 0)
(-92.5368 -18.183 0)
(-120.561 32.1218 0)
(-237.806 63.1635 0)
(-245.874 -16.1179 0)
(-254.136 -117.129 0)
(-231.1 -153.292 0)
(-162.429 -127.576 0)
(-121.232 -79.3982 0)
(-91.139 -37.7787 0)
(-98.8153 17.7733 0)
(-119.506 81.9096 0)
(-128.956 127.308 0)
(-104.745 120.832 0)
(-78.4282 82.4935 0)
(-72.9258 38.7695 0)
(-70.4518 8.80745 0)
(-78.0254 -17.657 0)
(-79.1655 -39.2764 0)
(-71.5134 -46.13 0)
(-63.2361 -33.9963 0)
(-56.1696 -22.6485 0)
(-49.348 -27.507 0)
(-18.0867 -29.1956 0)
(15.9907 -24.7325 0)
(26.1898 -22.1435 0)
(28.6311 -20.6822 0)
(41.252 -10.2546 0)
(178.794 -259.894 0)
(95.0087 -142.328 0)
(41.5257 -142.059 0)
(-246.256 -367.303 0)
(17.306 -345.771 0)
(229.676 -308.175 0)
(315.526 -376.026 0)
(408.489 -343.815 0)
(769.497 -12.3156 0)
(428.254 -114.353 0)
(615.013 -185.571 0)
(759.979 -358.204 0)
(963.299 -313.125 0)
(676.744 37.8511 0)
(232.662 389.732 0)
(-970.124 199.344 0)
(-681.951 12.2431 0)
(-1106.96 -113.321 0)
(-557.352 -14.777 0)
(158.836 -31.9138 0)
(595.817 22.2256 0)
(998.108 52.653 0)
(1312.83 -89.0766 0)
(1392.24 -307.27 0)
(1277.42 -561.861 0)
(1318.99 -650.754 0)
(1639.94 -404.116 0)
(1302.72 44.7684 0)
(754.382 455.418 0)
(329.502 572.49 0)
(1094.27 171.416 0)
(1255.94 -186.757 0)
(1224.97 -297.293 0)
(739.848 0.628836 0)
(491.239 374.905 0)
(487.901 260.955 0)
(522.212 341.723 0)
(-21.5285 655.335 0)
(-438.799 459.086 0)
(-56.8155 181.013 0)
(237.63 44.2536 0)
(248.873 169.386 0)
(7.80485 308.365 0)
(227.047 178.864 0)
(-210.182 163.334 0)
(-474.224 117.516 0)
(-507.085 247.117 0)
(-327.275 276.802 0)
(-304.274 51.4898 0)
(-122.462 58.427 0)
(46.4618 125.562 0)
(74.6205 151.781 0)
(111.227 171.66 0)
(72.097 175.71 0)
(58.3817 168.632 0)
(35.0687 148.148 0)
(27.1489 118.22 0)
(-3.03428 78.7211 0)
(-8.01104 42.2113 0)
(-9.15705 4.94061 0)
(-20.1337 -21.6753 0)
(-42.1524 -40.5887 0)
(-27.1496 -57.465 0)
(-42.0381 -76.9799 0)
(-46.4925 -87.4136 0)
(-50.9405 -85.722 0)
(-65.9758 -81.9387 0)
(-66.5424 -81.4474 0)
(-77.2791 -81.6922 0)
(-76.7381 -80.7483 0)
(-82.801 -78.7755 0)
(-78.2979 -69.0537 0)
(-83.2333 -42.7106 0)
(-83.2594 -14.1637 0)
(-118.471 50.069 0)
(-231.891 83.4277 0)
(-236.782 -12.1142 0)
(-238.585 -122.152 0)
(-228.947 -161.059 0)
(-164.355 -142.361 0)
(-122.936 -87.8313 0)
(-103.753 -38.0934 0)
(-109.317 21.1337 0)
(-129.624 83.2895 0)
(-119.975 124.365 0)
(-92.4913 115.133 0)
(-61.8779 78.0389 0)
(-55.6529 37.649 0)
(-65.2885 10.476 0)
(-67.2643 -17.2436 0)
(-65.7668 -39.8691 0)
(-71.9144 -47.7049 0)
(-56.343 -35.4185 0)
(-59.2732 -24.6697 0)
(-44.3096 -32.8367 0)
(-12.3554 -36.7942 0)
(21.4411 -30.2464 0)
(35.7715 -24.2926 0)
(39.0164 -22.1092 0)
(42.823 -11.7228 0)
(171.09 -280.369 0)
(100.302 -137.718 0)
(45.5382 -114.523 0)
(-186.439 -341.447 0)
(-104.963 -403.76 0)
(118.139 -353.466 0)
(259.713 -404.108 0)
(308.202 -387.19 0)
(712.777 -23.4962 0)
(413.95 -96.5265 0)
(427.256 -204.797 0)
(498.096 -380.751 0)
(519.053 -284.449 0)
(143.527 170.497 0)
(-602.169 659.519 0)
(-1154.15 170.325 0)
(-569.913 17.8441 0)
(-1017.77 -96.1016 0)
(-539.749 -155.637 0)
(-342.124 -191.714 0)
(336.371 -40.5629 0)
(639.697 -32.6348 0)
(966.209 -137.943 0)
(893.173 -285.595 0)
(595.551 -524.861 0)
(392.506 -671.403 0)
(451.303 -397.275 0)
(431.339 165.182 0)
(-133.015 579.253 0)
(105.931 497.247 0)
(1169.56 9.64872 0)
(1287.26 -185.289 0)
(954.546 -179.793 0)
(219.307 186.492 0)
(-166.734 467.11 0)
(-116.371 262.692 0)
(-113.365 416.549 0)
(-243.448 718.215 0)
(-373.975 411.123 0)
(-52.7086 148.917 0)
(277.417 -25.8226 0)
(312.762 157.409 0)
(-0.975679 349.803 0)
(110.877 279.346 0)
(-179.947 257.843 0)
(-273.836 147.541 0)
(-415.891 246.802 0)
(-391.795 303.507 0)
(-328.961 38.3495 0)
(-103.641 10.3236 0)
(34.7222 102.801 0)
(78.9786 144.968 0)
(63.9319 173.209 0)
(57.7741 181.949 0)
(26.0025 171.916 0)
(30.3783 151.039 0)
(19.7005 121.187 0)
(-1.28798 81.8288 0)
(5.59355 42.6954 0)
(17.099 7.18486 0)
(4.40825 -18.7121 0)
(-3.99884 -39.3238 0)
(-11.6248 -56.489 0)
(-13.6786 -75.4232 0)
(-11.6391 -85.8302 0)
(-31.8012 -83.3838 0)
(-37.7049 -79.8207 0)
(-50.738 -79.3674 0)
(-53.7887 -80.2113 0)
(-66.002 -79.7351 0)
(-65.4416 -78.1577 0)
(-73.1076 -68.9098 0)
(-72.4836 -42.3026 0)
(-78.8182 -9.77353 0)
(-118.119 67.8136 0)
(-221.938 93.8977 0)
(-211.532 -14.7594 0)
(-221.25 -124.092 0)
(-220.063 -169.112 0)
(-162.787 -154.92 0)
(-127.623 -94.3529 0)
(-111.097 -40.0667 0)
(-120.199 24.6182 0)
(-130.083 82.6765 0)
(-115.892 118.385 0)
(-74.8914 107.841 0)
(-42.8419 74.3235 0)
(-47.4953 38.152 0)
(-51.7197 11.0167 0)
(-47.4342 -16.1143 0)
(-60.9455 -39.1648 0)
(-65.1437 -48.2259 0)
(-58.6223 -36.7166 0)
(-51.6079 -26.4109 0)
(-43.1614 -39.8714 0)
(-7.887 -44.7808 0)
(26.2958 -35.572 0)
(38.6803 -26.9798 0)
(41.592 -23.0469 0)
(47.3127 -13.1558 0)
(166.409 -301.617 0)
(98.6508 -134.229 0)
(52.5485 -95.2306 0)
(-107.63 -294.245 0)
(-250.669 -431.337 0)
(-15.2045 -410.196 0)
(180.055 -436.244 0)
(209.835 -432.6 0)
(625.55 -44.4883 0)
(418.813 -62.8773 0)
(215.025 -191.342 0)
(156.498 -372.895 0)
(-44.6043 -241.242 0)
(-386.697 268.295 0)
(-547.608 783.01 0)
(-434.4 144.944 0)
(-663.448 40.0326 0)
(-631.865 -86.1037 0)
(-634.775 -203.278 0)
(-849.977 -328.155 0)
(-25.3454 -205.819 0)
(332.559 -106.599 0)
(678.592 -168.923 0)
(570.12 -203.458 0)
(-166.929 -405.592 0)
(-613.808 -604.579 0)
(-1010.43 -385.957 0)
(-995.837 164.696 0)
(-565.796 479.619 0)
(280.963 282.493 0)
(1159.59 -124.982 0)
(1195.53 -150.115 0)
(787.233 -1.11149 0)
(-94.6204 346.809 0)
(-472.477 462.158 0)
(-55.5343 233.133 0)
(-312.478 471.558 0)
(-472.99 727.327 0)
(-284.73 377.103 0)
(93.5121 88.0363 0)
(269.484 -59.7089 0)
(76.9124 216.589 0)
(23.3848 341.759 0)
(107.223 261.681 0)
(-132.926 294.611 0)
(-101.347 148.231 0)
(-183.291 247.474 0)
(-32.8567 278.607 0)
(-61.8696 5.25336 0)
(-64.754 -23.6722 0)
(65.2098 86.4383 0)
(49.1872 143.54 0)
(52.328 177.055 0)
(17.8295 186.473 0)
(10.8123 173.918 0)
(2.59613 151.564 0)
(18.1278 123.828 0)
(3.41232 80.3416 0)
(27.2023 40.3495 0)
(34.3472 6.58378 0)
(37.7941 -17.249 0)
(18.8509 -37.2539 0)
(19.1643 -54.851 0)
(7.16724 -74.6063 0)
(12.6638 -84.1408 0)
(-2.33261 -80.302 0)
(-19.7117 -77.0194 0)
(-25.4706 -77.0353 0)
(-38.9509 -77.7763 0)
(-47.6761 -77.648 0)
(-56.0097 -76.9348 0)
(-58.0803 -67.8744 0)
(-67.5809 -40.577 0)
(-68.704 -4.79904 0)
(-114.815 85.9469 0)
(-217.022 111.709 0)
(-187.937 -13.1938 0)
(-195.335 -125.375 0)
(-209.917 -172.982 0)
(-161.922 -165.358 0)
(-130.498 -99.9831 0)
(-120.515 -39.0775 0)
(-130.749 25.3029 0)
(-130.51 80.7509 0)
(-107.42 110.158 0)
(-62.6525 99.6599 0)
(-29.6566 70.615 0)
(-34.3248 37.8402 0)
(-30.2515 12.0409 0)
(-38.7008 -14.0469 0)
(-48.4974 -37.1587 0)
(-61.5557 -48.0876 0)
(-51.9697 -37.4282 0)
(-54.5784 -28.4778 0)
(-38.3687 -46.1182 0)
(-2.93729 -52.9492 0)
(29.4892 -41.6024 0)
(44.164 -29.1763 0)
(44.9601 -23.1814 0)
(45.5179 -14.6045 0)
(153.24 -320.671 0)
(96.8858 -132.558 0)
(60.7744 -82.0983 0)
(-53.7133 -235.585 0)
(-399.839 -431.502 0)
(-177.05 -472.371 0)
(95.4583 -470.604 0)
(93.9429 -475.829 0)
(520.006 -73.2971 0)
(389.843 -15.6281 0)
(75.6084 -146.55 0)
(-128.274 -297.019 0)
(-465.979 -192.755 0)
(-991.201 265.917 0)
(270.298 695.687 0)
(-58.5845 219.388 0)
(-1316.24 112.553 0)
(-815.673 -157.342 0)
(-600.268 -193.096 0)
(-534.549 -335.926 0)
(-397.777 -324.348 0)
(-80.0536 -177.268 0)
(483.496 -233.635 0)
(304.094 -95.1761 0)
(-666.999 -198.803 0)
(-1399.24 -490.294 0)
(-1681.49 -411.673 0)
(-1372.42 -7.15091 0)
(-490.034 289.449 0)
(186.633 98.7581 0)
(1044.39 -236.916 0)
(1051.18 -110.075 0)
(609.546 161.896 0)
(29.6219 439.503 0)
(-258.296 421.102 0)
(-128.986 276.968 0)
(-454.031 531.099 0)
(-464.68 648.016 0)
(-85.9844 273.537 0)
(144.283 47.5143 0)
(243.368 -49.2235 0)
(-232.531 247.642 0)
(91.9366 313.01 0)
(44.1662 305.285 0)
(-8.82834 302.294 0)
(156.03 116.033 0)
(77.726 232.477 0)
(84.8046 287.095 0)
(126.071 2.01776 0)
(-1.74758 -26.19 0)
(68.1869 80.7345 0)
(56.4179 145.598 0)
(12.4496 182.632 0)
(2.85054 191.854 0)
(-25.3026 175.786 0)
(-4.69001 148.891 0)
(4.83153 122.348 0)
(9.51401 77.656 0)
(38.9473 35.4927 0)
(60.9401 4.86535 0)
(56.4915 -15.6462 0)
(50.7518 -35.0522 0)
(36.8776 -53.2887 0)
(38.1608 -73.1347 0)
(25.8049 -82.0347 0)
(13.5078 -77.3297 0)
(4.46875 -74.1713 0)
(-9.13571 -74.301 0)
(-16.2204 -75.0584 0)
(-33.2841 -75.1837 0)
(-39.1339 -75.0172 0)
(-51.4989 -66.5363 0)
(-55.9698 -39.2041 0)
(-63.5226 2.15269 0)
(-111.388 102.487 0)
(-197.072 114.945 0)
(-151.514 -18.0411 0)
(-168.58 -124.247 0)
(-192.524 -175.921 0)
(-165.383 -172.512 0)
(-135.13 -104.793 0)
(-131.623 -39.6332 0)
(-135.725 25.446 0)
(-130.894 75.9622 0)
(-99.0297 101.304 0)
(-51.3941 90.2596 0)
(-18.8329 67.1147 0)
(-17.6368 37.7558 0)
(-19.6418 12.9558 0)
(-25.1085 -11.3013 0)
(-37.5539 -34.5713 0)
(-51.5747 -46.9163 0)
(-53.2205 -37.3767 0)
(-49.6335 -31.1701 0)
(-28.1727 -53.5732 0)
(1.34705 -60.3011 0)
(29.0925 -46.9986 0)
(44.6736 -31.3809 0)
(42.8111 -23.546 0)
(44.7919 -15.938 0)
(130.709 -339.303 0)
(102.429 -134.07 0)
(61.7325 -71.6998 0)
(-2.25422 -173.353 0)
(-335.168 -396.883 0)
(-350.43 -523.072 0)
(-66.5989 -519.07 0)
(-9.89039 -516.119 0)
(362.404 -123.218 0)
(387.711 24.2995 0)
(215.452 -46.4023 0)
(-101.349 -180.325 0)
(-594.14 -103.353 0)
(-1179.98 189.442 0)
(749.036 578.345 0)
(364.697 321.726 0)
(57.6573 247.585 0)
(-832.693 -199.387 0)
(-823.322 -257.322 0)
(-337.809 -335.671 0)
(-634.433 -375.994 0)
(-276.509 -313.82 0)
(673.221 -332.932 0)
(382.643 79.3252 0)
(-498.931 77.0183 0)
(-1025.91 -362.49 0)
(-1210.12 -439.286 0)
(-1160.94 -114.596 0)
(-464.809 104.38 0)
(163.128 -83.4483 0)
(928.994 -350.295 0)
(900.023 -60.2735 0)
(480.41 294.295 0)
(75.937 518.904 0)
(-113.507 438.281 0)
(-197.285 330.228 0)
(-421.39 550.613 0)
(-426.173 595.467 0)
(-47.186 216.716 0)
(201.68 16.5699 0)
(141.61 11.2941 0)
(-420.821 256.693 0)
(103.718 258.778 0)
(27.0585 308.437 0)
(114.235 272.186 0)
(293.481 117.774 0)
(-30.5927 258.839 0)
(200.117 283.767 0)
(197 10.5655 0)
(31.7455 -18.2928 0)
(95.7648 81.3929 0)
(25.668 153.992 0)
(7.04898 191.73 0)
(-35.0152 197.352 0)
(-23.4052 175.015 0)
(-23.1653 146.329 0)
(-4.7246 118.946 0)
(21.2466 69.7321 0)
(62.446 29.16 0)
(75.3688 2.92753 0)
(85.8538 -15.4026 0)
(70.4993 -32.6901 0)
(65.5859 -51.0569 0)
(54.5977 -70.7061 0)
(46.9423 -79.493 0)
(35.8578 -74.6472 0)
(22.0365 -71.4897 0)
(13.6813 -71.4911 0)
(0.862381 -71.7295 0)
(-13.4803 -71.7408 0)
(-26.7925 -72.3429 0)
(-37.3563 -64.0931 0)
(-50.2352 -37.2346 0)
(-53.7726 7.14006 0)
(-102.929 119.118 0)
(-182.724 125.349 0)
(-111.469 -19.977 0)
(-129.2 -120.144 0)
(-175.235 -173.398 0)
(-169.865 -177.209 0)
(-140.652 -108.983 0)
(-136.203 -38.9034 0)
(-141.295 23.7832 0)
(-130.801 70.7864 0)
(-89.8626 90.7949 0)
(-49.3458 80.9689 0)
(-12.5352 62.437 0)
(-6.45188 37.0984 0)
(-9.48116 13.9471 0)
(-10.4536 -8.95207 0)
(-21.4565 -31.4255 0)
(-40.1431 -44.5444 0)
(-45.9832 -37.2206 0)
(-37.4384 -34.8691 0)
(-17.503 -60.2018 0)
(6.6659 -66.0622 0)
(27.5567 -51.5499 0)
(40.8981 -33.3367 0)
(41.5826 -23.1441 0)
(40.9866 -17.4494 0)
(102.541 -351.018 0)
(95.1447 -139.367 0)
(74.9516 -63.9694 0)
(15.8918 -133.611 0)
(-212.032 -325.832 0)
(-512.412 -548.309 0)
(-259.957 -575.942 0)
(-164.184 -562.321 0)
(213.79 -178.668 0)
(285.568 21.9157 0)
(218.737 11.1612 0)
(-154.602 -76.0477 0)
(-639.987 -0.184452 0)
(-1245.77 64.9648 0)
(869.076 350.543 0)
(910.757 379.338 0)
(714.633 549.108 0)
(-136.232 44.2068 0)
(-1118.81 -314.825 0)
(-379.752 -388.629 0)
(-721.151 -447.508 0)
(276.615 -403.769 0)
(617.672 -393.271 0)
(247.417 134.342 0)
(-296.305 230.483 0)
(-646.447 -269.794 0)
(-914.296 -403.582 0)
(-942.166 -199.302 0)
(-349.121 -28.7479 0)
(114.152 -228.332 0)
(791.833 -446.411 0)
(764.39 -5.9548 0)
(386.812 400.111 0)
(97.9788 572.216 0)
(-59.5039 470.072 0)
(-179.505 384.412 0)
(-331.175 570.27 0)
(-311.285 529.285 0)
(-13.2204 172.897 0)
(206.183 1.41345 0)
(63.9466 82.3003 0)
(-401.569 248.891 0)
(98.3933 206.444 0)
(-1.60808 306.12 0)
(165.02 249.896 0)
(343.347 136.238 0)
(-107.142 275.715 0)
(328.419 256.262 0)
(268.508 36.5252 0)
(46.5795 -0.275745 0)
(65.365 89.5688 0)
(18.7603 161.585 0)
(-9.99333 198.526 0)
(-44.2712 200.904 0)
(-25.0579 174.001 0)
(-27.2739 143.119 0)
(14.5703 109.308 0)
(49.0833 59.9416 0)
(79.1667 22.7966 0)
(102.551 -0.389635 0)
(100.763 -14.8673 0)
(98.9243 -30.4183 0)
(83.301 -48.9383 0)
(77.6473 -68.1794 0)
(72.9486 -76.5272 0)
(53.3949 -71.8776 0)
(43.0373 -68.973 0)
(33.3787 -68.5896 0)
(16.7615 -68.1581 0)
(1.69807 -67.9491 0)
(-11.2471 -68.931 0)
(-28.47 -61.5075 0)
(-37.7491 -34.7344 0)
(-47.8617 14.0836 0)
(-94.5769 133.109 0)
(-156.084 124.23 0)
(-68.1704 -26.7667 0)
(-86.3255 -113.338 0)
(-150.591 -165.835 0)
(-167.827 -178.179 0)
(-146.679 -114.809 0)
(-142.023 -38.744 0)
(-148.093 22.3018 0)
(-131.009 64.0225 0)
(-90.6332 80.7648 0)
(-49.8663 71.4001 0)
(-7.85791 56.6648 0)
(1.3749 36.098 0)
(1.20031 14.3934 0)
(0.324076 -7.12225 0)
(-4.90425 -28.4013 0)
(-24.4724 -41.7541 0)
(-30.9618 -36.9004 0)
(-21.0739 -38.3116 0)
(-5.9501 -65.4191 0)
(11.9879 -70.5809 0)
(30.3541 -54.8759 0)
(34.9776 -34.8791 0)
(38.9399 -23.7773 0)
(38.7276 -18.9055 0)
(45.7803 -359.344 0)
(91.8906 -152.827 0)
(78.1338 -58.2589 0)
(39.2613 -102.412 0)
(-124.439 -250.192 0)
(-574.526 -524.513 0)
(-414.121 -622.056 0)
(-337.732 -609.367 0)
(6.81025 -235.947 0)
(157.965 6.49354 0)
(79.8147 54.6184 0)
(-172.646 55.4913 0)
(-718.204 103.173 0)
(-1108.37 -114.646 0)
(562.991 64.4205 0)
(956.986 378.422 0)
(512.392 592.686 0)
(653.09 209.316 0)
(-264.576 -223.444 0)
(116.745 -364.839 0)
(-870.494 -556.684 0)
(295.568 -601.89 0)
(466.023 -375.099 0)
(-127.511 245.044 0)
(-484.897 360.926 0)
(-678.509 -207.459 0)
(-842.276 -382.546 0)
(-865.745 -268.837 0)
(-294.639 -129.303 0)
(90.3684 -346.04 0)
(665.267 -540.325 0)
(626.449 51.8399 0)
(276.546 493.486 0)
(103.952 604.418 0)
(1.96854 495.858 0)
(-110.594 431.098 0)
(-297.644 582.515 0)
(-146.551 471.076 0)
(60.7463 136.552 0)
(188.314 -0.356192 0)
(53.6467 150.399 0)
(-266.263 238.561 0)
(92.9759 174.544 0)
(-39.244 294.106 0)
(212.418 209.521 0)
(339.308 155.948 0)
(10.8321 273.799 0)
(412.201 210.986 0)
(325.334 62.4103 0)
(53.4506 27.6893 0)
(43.3817 100.665 0)
(-29.1812 171.111 0)
(-58.9397 204.685 0)
(-36.5383 201.459 0)
(-25.2055 170.181 0)
(2.56241 136.345 0)
(39.1933 100.536 0)
(75.9538 51.9588 0)
(111.783 16.8007 0)
(115.924 -2.33263 0)
(131.366 -15.1013 0)
(121.859 -28.02 0)
(109.814 -46.6079 0)
(108.32 -65.9409 0)
(93.1784 -72.923 0)
(72.8357 -68.1697 0)
(62.0266 -66.2608 0)
(49.6261 -65.2454 0)
(34.6109 -64.192 0)
(17.9832 -63.8702 0)
(3.38445 -64.6828 0)
(-14.8671 -57.7163 0)
(-31.3223 -32.2527 0)
(-37.5126 19.1793 0)
(-79.7453 145.941 0)
(-124.185 119.623 0)
(-22.5423 -35.1458 0)
(-42.9579 -104.647 0)
(-110.448 -153.289 0)
(-166.287 -173.447 0)
(-151.291 -116.416 0)
(-144.922 -39.0103 0)
(-150.292 20.2403 0)
(-131.416 55.5854 0)
(-85.3771 69.6735 0)
(-43.0587 61.8256 0)
(-7.8128 50.1835 0)
(6.72875 34.1006 0)
(9.23241 14.3079 0)
(12.6351 -6.41576 0)
(11.4938 -25.9269 0)
(-5.57339 -38.7316 0)
(-19.017 -36.3324 0)
(-7.43641 -41.7032 0)
(3.48949 -69.8565 0)
(20.6612 -74.4663 0)
(31.4457 -56.4536 0)
(33.7176 -35.4435 0)
(34.6465 -24.0556 0)
(35.3208 -20.5676 0)
(-7.21449 -353.266 0)
(69.898 -179.868 0)
(94.9405 -55.277 0)
(51.6136 -77.2205 0)
(-60.9668 -179.173 0)
(-468.029 -462.607 0)
(-591.587 -650.109 0)
(-536.55 -653.243 0)
(-243.506 -300.174 0)
(-56.5284 -10.5212 0)
(-91.4046 89.6681 0)
(-229.951 146.223 0)
(-670.83 162.956 0)
(-798.367 -218.044 0)
(166.902 -142.673 0)
(-50.8496 326.281 0)
(644.492 588.264 0)
(1097.3 288.007 0)
(484.155 -169.432 0)
(751.085 -272.498 0)
(73.0296 -422.879 0)
(80.5157 -658.32 0)
(187.023 -327.823 0)
(-565.903 355.366 0)
(-574.7 437.032 0)
(-738.959 -194.422 0)
(-1109.82 -381.47 0)
(-1127.64 -343.143 0)
(-397.906 -257.171 0)
(146.724 -459.3 0)
(519.275 -599.485 0)
(390.235 83.4458 0)
(166.827 556.455 0)
(85.0901 616.886 0)
(45.7314 509.398 0)
(11.2565 474.774 0)
(-203.628 591.876 0)
(-34.0637 408.892 0)
(137.039 117.384 0)
(179.243 8.98671 0)
(-5.86359 202.575 0)
(-72.4015 223.392 0)
(113.765 159.923 0)
(3.87295 275.218 0)
(229.175 178.972 0)
(302.96 163.605 0)
(107.284 255.696 0)
(371.157 191.244 0)
(350.376 100.242 0)
(40.7171 63.2791 0)
(2.75653 120.42 0)
(-84.9752 178.289 0)
(-81.3615 201.193 0)
(-53.2981 195.702 0)
(-5.42719 162.925 0)
(24.2502 127.615 0)
(78.0954 88.5395 0)
(118.997 42.4959 0)
(140.263 12.6311 0)
(142.201 -4.2167 0)
(150.25 -15.0588 0)
(138.549 -26.6258 0)
(137.661 -45.4598 0)
(129.657 -63.4268 0)
(113.908 -68.1421 0)
(92.434 -64.7401 0)
(81.8222 -63.4115 0)
(66.4641 -61.6905 0)
(50.0852 -60.3026 0)
(33.5546 -59.6791 0)
(15.5087 -60.5582 0)
(-1.25434 -53.8596 0)
(-21.1467 -28.4492 0)
(-32.5843 26.0629 0)
(-71.0034 154.467 0)
(-78.4772 108.887 0)
(24.6109 -43.75 0)
(3.79364 -95.7696 0)
(-71.5364 -136.453 0)
(-146.867 -164.794 0)
(-155.933 -119.417 0)
(-153.817 -38.2556 0)
(-152.889 16.8072 0)
(-137.094 48.0981 0)
(-84.4624 58.1727 0)
(-41.3138 53.0242 0)
(-13.7429 43.9853 0)
(8.81497 31.1172 0)
(14.9928 13.0868 0)
(25.6366 -7.06085 0)
(28.9103 -24.4992 0)
(16.4981 -35.2671 0)
(-2.71025 -34.9469 0)
(8.09195 -44.5095 0)
(18.2617 -73.3858 0)
(28.2382 -76.8984 0)
(35.3199 -57.3776 0)
(32.4522 -35.6994 0)
(31.1697 -24.2735 0)
(29.5794 -22.0278 0)
(-9.27746 -339.942 0)
(52.814 -211.499 0)
(97.2983 -56.6918 0)
(73.413 -57.4053 0)
(-38.1884 -129.938 0)
(-328.584 -354.367 0)
(-862.269 -651.086 0)
(-803.705 -699.739 0)
(-473.037 -356.911 0)
(-254.894 -31.9833 0)
(-238.401 102.484 0)
(-296.434 207.889 0)
(-556.559 210.124 0)
(-749.158 -251.171 0)
(-607.932 -208.778 0)
(-702.979 111.942 0)
(528.298 408.334 0)
(685.134 229.761 0)
(429.425 -164.876 0)
(911.092 -203.569 0)
(40.1998 -385.544 0)
(-175.166 -609.146 0)
(-259.615 -251.486 0)
(-1230.26 443.147 0)
(-705.53 471.981 0)
(-755.967 -117.964 0)
(-1253.23 -345.143 0)
(-1199.11 -425.028 0)
(-529.437 -409.728 0)
(159.014 -571.696 0)
(247.11 -625.132 0)
(-30.5602 144.87 0)
(-33.8228 596.057 0)
(54.3292 615.504 0)
(99.6914 507.921 0)
(79.242 514.22 0)
(-111.28 587.503 0)
(40.4925 374.673 0)
(188.49 93.5712 0)
(161.379 31.4817 0)
(-42.2575 223.874 0)
(38.0627 197.678 0)
(114.656 159.337 0)
(61.6511 256.648 0)
(238.017 154.111 0)
(290.159 167.752 0)
(160.134 238.963 0)
(326.85 178.526 0)
(334.799 132.076 0)
(22.4395 106.296 0)
(-37.2038 144.737 0)
(-145.918 187.148 0)
(-127.523 195.718 0)
(-58.8688 183.133 0)
(21.2688 150.08 0)
(61.9367 114.782 0)
(120.63 77.0986 0)
(151.203 36.0616 0)
(157.888 11.0941 0)
(168.224 -4.65326 0)
(167.194 -15.0791 0)
(164.137 -25.2476 0)
(165.251 -44.3817 0)
(154.959 -59.5612 0)
(133.118 -62.6612 0)
(110.523 -60.7392 0)
(97.7708 -60.5334 0)
(85.6342 -57.8733 0)
(67.0052 -55.6743 0)
(45.7447 -54.7562 0)
(31.2122 -55.6436 0)
(9.27039 -48.9041 0)
(-13.6538 -24.7289 0)
(-22.4136 29.2916 0)
(-53.7545 159.07 0)
(-32.1007 95.6214 0)
(81.3283 -52.6291 0)
(54.2927 -86.4366 0)
(-23.6891 -115.857 0)
(-121.552 -150.08 0)
(-154.653 -117.433 0)
(-148.231 -39.7607 0)
(-155.878 14.5548 0)
(-130.978 39.1954 0)
(-95.4782 47.5862 0)
(-51.7699 43.3264 0)
(-12.9386 37.2155 0)
(4.73728 26.7729 0)
(28.1398 9.92389 0)
(38.8748 -8.60463 0)
(49.8792 -24.2429 0)
(37.227 -31.9957 0)
(21.5109 -33.0503 0)
(27.3412 -47.2148 0)
(39.0213 -75.8289 0)
(33.4443 -77.4173 0)
(37.2778 -56.745 0)
(30.3847 -34.9058 0)
(31.3052 -24.0797 0)
(26.8127 -23.1771 0)
(-7.69409 -339.308 0)
(13.1303 -240.971 0)
(113.115 -61.808 0)
(84.0426 -39.3127 0)
(-12.3541 -88.9988 0)
(-211.796 -236.751 0)
(-789.546 -571.097 0)
(-1054.38 -716.239 0)
(-806.496 -426.284 0)
(-450.193 -74.6151 0)
(-402.895 106.088 0)
(-340.19 236.542 0)
(-466.141 242.855 0)
(-612.124 -173.508 0)
(-1354.8 -186.324 0)
(-650.069 -36.2156 0)
(253.811 308.977 0)
(137.108 225.606 0)
(-162.343 -251.969 0)
(553.075 -155.393 0)
(-165.573 -308.775 0)
(-331.793 -500.389 0)
(-966.234 -166.264 0)
(-1947.96 445.882 0)
(-609.604 382.34 0)
(-705.431 -43.1988 0)
(-1299.24 -305.811 0)
(-1303.75 -514.443 0)
(-736.827 -557.194 0)
(28.2008 -658.811 0)
(-224.688 -627.125 0)
(-682.515 119.182 0)
(-334.381 548.539 0)
(-86.5244 561.926 0)
(48.0375 492.722 0)
(62.2331 543.26 0)
(-83.7415 581.372 0)
(33.6233 346.149 0)
(217.933 81.8714 0)
(119.587 64.2702 0)
(-125.442 235.962 0)
(79.832 166.366 0)
(122.837 158.974 0)
(83.8121 239.07 0)
(243.568 140.77 0)
(239.498 174.825 0)
(123.001 231.481 0)
(273.597 170.279 0)
(306.761 160.374 0)
(9.34124 151.356 0)
(-97.3484 174.888 0)
(-160.04 192.358 0)
(-130.801 181.493 0)
(-32.0023 162.487 0)
(60.6065 132.296 0)
(107.15 101.903 0)
(157.988 68.0596 0)
(176.27 31.9734 0)
(183.943 9.10746 0)
(191.642 -5.75363 0)
(188.591 -14.5146 0)
(184.03 -26.1454 0)
(193.372 -43.9891 0)
(174.766 -54.5917 0)
(153.413 -56.4293 0)
(124.313 -56.7545 0)
(120.738 -57.2078 0)
(102.842 -53.308 0)
(79.457 -50.6759 0)
(62.5457 -49.6766 0)
(39.7372 -50.8633 0)
(24.4392 -43.8086 0)
(-4.34556 -19.4279 0)
(-14.4408 33.1278 0)
(-32.4561 156.719 0)
(17.9577 78.3853 0)
(135.564 -60.6684 0)
(109.16 -73.774 0)
(20.5563 -92.4382 0)
(-86.8083 -129.995 0)
(-147.27 -111.678 0)
(-147.449 -39.3424 0)
(-147.377 11.5939 0)
(-131.318 33.0266 0)
(-87.9692 36.4905 0)
(-42.6104 34.5959 0)
(-19.3633 30.2711 0)
(12.9074 20.3927 0)
(38.9855 5.01213 0)
(63.5214 -11.7153 0)
(69.8594 -24.079 0)
(63.7113 -29.3774 0)
(43.9005 -31.4738 0)
(56.4753 -48.5463 0)
(50.1097 -75.8382 0)
(46.0903 -76.9515 0)
(37.4983 -54.9612 0)
(29.8052 -34.017 0)
(28.2003 -24.0584 0)
(25.3918 -23.7665 0)
(28.3489 -325.172 0)
(-20.2914 -266.562 0)
(107.593 -71.9366 0)
(102.697 -25.6791 0)
(13.5726 -49.8742 0)
(-183.14 -170.406 0)
(-524.934 -403.95 0)
(-1351.92 -710.803 0)
(-1202.58 -518.173 0)
(-802.418 -146.01 0)
(-557.911 71.687 0)
(-361.357 226.769 0)
(-387.041 265.72 0)
(-512.352 -34.4478 0)
(-1179.81 -197.085 0)
(-666.964 -252.304 0)
(159.475 239.158 0)
(118.935 269.536 0)
(-480.523 -248.42 0)
(-192.727 -189.107 0)
(-410.821 -236.589 0)
(-968.844 -308.643 0)
(-1870.42 -8.06937 0)
(-2173.88 417.595 0)
(-719.53 161.26 0)
(-518.114 -9.48974 0)
(-878.108 -233.643 0)
(-1193.96 -532.3 0)
(-1044.42 -692.554 0)
(-86.5333 -706.207 0)
(-616.672 -444.584 0)
(-1557.23 232.06 0)
(-1055.36 480.314 0)
(-467.786 491.996 0)
(-175.867 453.609 0)
(-144.914 546.526 0)
(-180.946 566.285 0)
(97.3621 307.966 0)
(241.479 79.3571 0)
(16.5675 112.197 0)
(-159.663 220.764 0)
(57.7777 129.857 0)
(68.5936 146.426 0)
(117.063 214.721 0)
(238.025 136.647 0)
(191.552 191.066 0)
(48.4836 219.557 0)
(223.008 161.185 0)
(217.294 188.361 0)
(-6.33066 198.156 0)
(-118.886 199.782 0)
(-127.774 190.482 0)
(-89.6802 164.168 0)
(31.8412 136.958 0)
(129.327 113.215 0)
(167.879 90.0351 0)
(206.294 60.9211 0)
(215.004 28.8342 0)
(211.612 7.63764 0)
(213.563 -5.81196 0)
(219.206 -14.3086 0)
(219.876 -26.7179 0)
(217.049 -42.2943 0)
(201.122 -48.2291 0)
(165.576 -49.5894 0)
(151.214 -52.6489 0)
(129.822 -54.1423 0)
(114.952 -49.3295 0)
(99.905 -45.3844 0)
(73.4719 -44.4004 0)
(59.6505 -45.7034 0)
(29.1704 -37.7383 0)
(9.45622 -15.0351 0)
(-3.201 35.4151 0)
(-8.7539 150.218 0)
(65.5352 57.0291 0)
(190.683 -71.1045 0)
(158.365 -60.4146 0)
(66.1056 -68.3225 0)
(-39.1912 -106.798 0)
(-121.924 -102.115 0)
(-133.946 -39.6719 0)
(-135.211 8.6097 0)
(-113.128 25.8471 0)
(-84.0026 26.6031 0)
(-34.8445 25.3797 0)
(-12.5294 23.0323 0)
(23.3933 13.1505 0)
(41.3724 -2.73314 0)
(89.1801 -16.337 0)
(101.265 -24.1484 0)
(84.4541 -27.0338 0)
(78.8404 -30.8178 0)
(86.575 -48.2582 0)
(68.3188 -73.3693 0)
(53.3607 -73.9851 0)
(41.5915 -51.6077 0)
(30.4505 -32.4019 0)
(24.0044 -23.8608 0)
(21.8536 -24.6376 0)
(84.1243 -310.653 0)
(-92.3689 -284.96 0)
(115.301 -86.3927 0)
(102.662 -15.3593 0)
(50.9527 -17.563 0)
(-127.064 -97.8979 0)
(-481.366 -308.275 0)
(-1029.16 -538.241 0)
(-1397.11 -482.713 0)
(-1353.98 -232.855 0)
(-1011.1 -35.0113 0)
(-368.501 170.546 0)
(-302.259 281.014 0)
(-453.656 102.348 0)
(-1274.13 -237.014 0)
(-823.964 -391.068 0)
(170.571 145.047 0)
(530.871 325.62 0)
(-34.4422 -103.735 0)
(-835.036 -186.793 0)
(-907.777 -148.384 0)
(-1532.9 -71.945 0)
(-2206.47 126.305 0)
(-2668.92 228.563 0)
(-751.82 -65.9172 0)
(-658.715 -53.0263 0)
(-853.679 -212.487 0)
(-1010.54 -526.514 0)
(-1002.63 -799.88 0)
(-186.512 -784.293 0)
(-622.882 -248.588 0)
(-1902.81 236.742 0)
(-1809.26 353.976 0)
(-1002.74 342.2 0)
(-664.241 444.144 0)
(-637.468 560.187 0)
(-311.985 518.767 0)
(43.2755 260.88 0)
(188.432 92.5177 0)
(-60.0221 159.291 0)
(-335.802 238.17 0)
(-34.9403 121.446 0)
(-114.311 151.671 0)
(-2.67506 196.38 0)
(203.068 126.805 0)
(106.662 214.651 0)
(10.507 215.165 0)
(119.006 151.119 0)
(161.061 209.234 0)
(-1.54855 231.514 0)
(-42.5123 213.47 0)
(-27.2495 182.192 0)
(44.4902 140.702 0)
(148.694 112.047 0)
(218.428 97.9593 0)
(241.641 82.1868 0)
(254.402 56.8029 0)
(261.079 28.1485 0)
(253.562 9.04886 0)
(241.462 -5.62838 0)
(249.404 -15.8979 0)
(260.076 -26.4968 0)
(249.826 -38.5972 0)
(215.648 -41.3233 0)
(193.986 -42.9989 0)
(163.683 -47.9225 0)
(150.283 -51.0275 0)
(141.744 -44.8862 0)
(112.436 -40.0612 0)
(96.6321 -39.4747 0)
(79.0304 -39.9861 0)
(51.3495 -31.0379 0)
(20.4459 -10.0825 0)
(10.9951 35.3661 0)
(19.7934 138.606 0)
(117.883 31.4523 0)
(238.191 -79.8967 0)
(208.786 -48.1927 0)
(117.897 -42.4204 0)
(4.75902 -82.9084 0)
(-81.5591 -87.2148 0)
(-109.966 -36.722 0)
(-113.14 6.17226 0)
(-92.3662 19.3771 0)
(-58.084 17.2305 0)
(-25.7102 16.8496 0)
(9.57666 15.974 0)
(33.1312 5.63404 0)
(77.5193 -12.4761 0)
(115.337 -23.7079 0)
(133.123 -23.8422 0)
(115.25 -23.7226 0)
(106.237 -30.2582 0)
(110.794 -46.6315 0)
(90.3399 -67.7672 0)
(54.6176 -69.3141 0)
(44.9399 -48.4388 0)
(33.748 -30.2461 0)
(24.8069 -22.9168 0)
(17.5595 -24.7578 0)
(114.683 -298.651 0)
(-155.382 -302.733 0)
(85.7159 -111.85 0)
(109.613 -10.5278 0)
(74.3087 8.12956 0)
(-36.9346 -34.4933 0)
(-356.438 -187.22 0)
(-1132.72 -401.037 0)
(-2092.58 -487.403 0)
(-1695.02 -271.935 0)
(-1357.67 -105.571 0)
(-701.328 90.092 0)
(-258.203 283.241 0)
(-341.167 205.906 0)
(-805.41 -169.379 0)
(-1160.58 -531.527 0)
(-206.337 7.44012 0)
(610.103 302.728 0)
(387.192 73.8231 0)
(-385.735 -8.71011 0)
(-548.478 -52.1213 0)
(-901.045 73.9199 0)
(-1457.41 217.949 0)
(-2404.69 118.289 0)
(-671.675 -185.438 0)
(-348.922 -24.8932 0)
(-573.392 -167.053 0)
(-577.95 -512.743 0)
(-599.038 -834.01 0)
(-249.637 -778.12 0)
(-1060.11 0.713584 0)
(-1783.85 439.649 0)
(-1826.07 292.318 0)
(-1323.17 183.211 0)
(-618.815 297.599 0)
(-1034.52 524.889 0)
(-336.891 383.965 0)
(3.74466 211.64 0)
(131.082 101.039 0)
(-157.628 223.207 0)
(-324.436 241.516 0)
(64.1594 61.0023 0)
(-127.783 139.209 0)
(-29.4642 158.499 0)
(38.8933 119.709 0)
(-52.5159 232.416 0)
(-7.88212 194.141 0)
(123.213 137.938 0)
(125.426 214.121 0)
(110.996 244.492 0)
(142.378 209.94 0)
(165.154 166.048 0)
(244.43 121.139 0)
(264.083 98.7145 0)
(312.735 89.659 0)
(302.859 79.131 0)
(314.006 54.7769 0)
(318.183 27.9513 0)
(290.122 12.9712 0)
(296.45 -5.1067 0)
(276.344 -18.7121 0)
(289.199 -26.6968 0)
(288.247 -33.5816 0)
(249.259 -32.701 0)
(210.959 -36.7226 0)
(207.752 -43.9683 0)
(190.22 -46.1477 0)
(154.16 -40.3111 0)
(142.264 -34.3674 0)
(109.14 -33.9184 0)
(88.8622 -34.3242 0)
(62.1182 -24.2178 0)
(50.5418 -6.54361 0)
(32.8797 34.0472 0)
(53.4904 122.462 0)
(175.64 1.12778 0)
(281.212 -87.8707 0)
(244.478 -36.5892 0)
(163.535 -16.7141 0)
(60.8712 -57.4895 0)
(-36.005 -68.8047 0)
(-72.0015 -33.9913 0)
(-72.6335 4.29959 0)
(-47.1524 13.5988 0)
(-26.7853 9.24773 0)
(1.55002 8.62064 0)
(30.2455 8.26077 0)
(71.3552 -2.57961 0)
(101.796 -22.3856 0)
(138.822 -32.1366 0)
(161.432 -25.68 0)
(154.817 -20.0612 0)
(123.127 -27.5591 0)
(124.786 -44.3792 0)
(95.3131 -61.8704 0)
(62.9826 -62.8507 0)
(46.8613 -44.1641 0)
(33.6721 -27.3451 0)
(21.2647 -21.234 0)
(9.6753 -24.1004 0)
(134.407 -280.972 0)
(-181.955 -309.033 0)
(19.2004 -136.954 0)
(77.3647 -14.4029 0)
(107.417 19.7086 0)
(45.1244 12.4522 0)
(-124.526 -81.1276 0)
(-706.292 -205.87 0)
(-1385.13 -274.229 0)
(-2088.97 -388.354 0)
(-2084.46 -288.555 0)
(-1400.25 -189.145 0)
(-195.602 175.19 0)
(-44.1924 277.561 0)
(-438.966 7.35387 0)
(-1812.72 -536.111 0)
(-930.441 -210.917 0)
(422.544 162.658 0)
(460.52 174.244 0)
(212.383 75.0799 0)
(-39.1894 72.0219 0)
(-393.97 160.385 0)
(-679.613 296.941 0)
(-594.44 41.1843 0)
(-405.657 -274.322 0)
(-351.238 -113.436 0)
(-270.727 -148.586 0)
(-183.239 -500.561 0)
(-287.535 -800.145 0)
(-332.291 -704.711 0)
(-1211.35 135.132 0)
(-1752.4 470.843 0)
(-1438.41 213.988 0)
(-1109.02 82.648 0)
(-1283.7 330.328 0)
(-1103.33 414.434 0)
(-555.595 271.955 0)
(-36.6349 151.318 0)
(-30.7051 142.084 0)
(-151.323 234.682 0)
(-69.1779 181.091 0)
(42.7816 105.943 0)
(-26.7749 108.76 0)
(-102.229 140.658 0)
(-198.381 164.685 0)
(-204.428 238.956 0)
(75.5496 147.714 0)
(165.609 122.979 0)
(266.576 206.805 0)
(316.162 234.03 0)
(378.285 200.694 0)
(383.611 158.638 0)
(396.9 117.275 0)
(369.644 97.1175 0)
(394.197 87.7457 0)
(363.003 78.5837 0)
(396.681 54.0974 0)
(360.903 31.5335 0)
(361.538 16.6182 0)
(333.018 -2.39046 0)
(339.252 -16.724 0)
(310.543 -27.9537 0)
(314.662 -29.0712 0)
(296.016 -24.0321 0)
(258.111 -30.4683 0)
(231.707 -40.6182 0)
(225.444 -40.5288 0)
(177.7 -33.8843 0)
(164.204 -29.7399 0)
(153.682 -28.3025 0)
(131.637 -27.1182 0)
(95.9589 -17.9134 0)
(74.9596 -3.87253 0)
(67.0661 32.5148 0)
(92.2714 103.651 0)
(237.051 -25.148 0)
(324.571 -89.1924 0)
(263.111 -24.6108 0)
(206.332 2.07415 0)
(114.727 -35.3642 0)
(28.2006 -51.3078 0)
(-18.3111 -29.4003 0)
(-17.2293 0.461234 0)
(8.48559 8.1562 0)
(25.1016 4.68228 0)
(44.7357 2.40345 0)
(71.2459 0.632163 0)
(104.02 -14.3883 0)
(155.885 -29.3513 0)
(159.54 -36.428 0)
(178.068 -29.0982 0)
(181.175 -17.2659 0)
(158.21 -22.0355 0)
(129.779 -39.1926 0)
(107.877 -53.7297 0)
(66.5554 -55.9133 0)
(48.3931 -39.1498 0)
(28.1102 -23.821 0)
(15.0176 -19.1539 0)
(6.99394 -23.045 0)
(166.526 -252.075 0)
(-308.065 -319.651 0)
(-105.599 -160.935 0)
(18.6224 -34.8717 0)
(78.5036 16.7243 0)
(116.098 32.5506 0)
(58.1552 -13.1763 0)
(-235.406 -81.4958 0)
(-594.44 -101.852 0)
(-968.082 -185.292 0)
(-1432.42 -386.904 0)
(-709.798 -341.449 0)
(-80.7173 82.79 0)
(7.56034 334.003 0)
(-670.643 74.0831 0)
(-1293.65 -453.475 0)
(-1217.04 -417.803 0)
(61.707 -61.9697 0)
(156.688 142.339 0)
(-117.488 128.546 0)
(-506.071 135.535 0)
(-573.656 224.59 0)
(-537.556 309.746 0)
(-620.747 26.6951 0)
(-727.43 -296.219 0)
(-706.019 -176.928 0)
(-309.612 -240.494 0)
(-130.519 -513.952 0)
(-243.019 -749.033 0)
(-627.262 -609.543 0)
(-1287.78 178.545 0)
(-1836.25 523.88 0)
(-1191.6 137.535 0)
(-1184.42 81.8974 0)
(-1364.99 329.597 0)
(-761.766 300.87 0)
(-553.031 204.257 0)
(-97.8069 79.5756 0)
(-9.0581 112.745 0)
(-513.604 300.894 0)
(-222.252 155.967 0)
(-54.0288 69.7555 0)
(-266.205 154.473 0)
(-512.637 194.768 0)
(-323.576 132.391 0)
(-121.775 172.465 0)
(63.6752 100.684 0)
(261.11 93.6598 0)
(319.914 187.427 0)
(457.03 215.011 0)
(490.475 193.96 0)
(517.862 160.469 0)
(488.815 123.503 0)
(460.877 100.846 0)
(464.795 91.2456 0)
(432.592 78.3222 0)
(469.19 56.4111 0)
(433.355 37.3155 0)
(404.166 20.7795 0)
(411.831 1.61694 0)
(371.934 -13.7361 0)
(382.224 -22.4068 0)
(332.814 -26.3663 0)
(336.813 -18.1885 0)
(323.504 -22.7878 0)
(299.329 -35.0456 0)
(257.7 -34.1593 0)
(238.133 -25.6447 0)
(197.754 -24.8704 0)
(187.516 -24.6839 0)
(188.535 -21.2369 0)
(148.113 -11.8986 0)
(142.419 0.243398 0)
(113.06 30.5626 0)
(148.38 80.0074 0)
(337.698 -50.8349 0)
(365.253 -87.3561 0)
(289.489 -11.4891 0)
(253.913 20.1248 0)
(181.361 -15.1884 0)
(106.226 -33.4791 0)
(54.3839 -24.1864 0)
(56.6993 -2.7526 0)
(80.5034 4.27971 0)
(89.2629 0.732436 0)
(96.0811 -2.80598 0)
(121.704 -8.81223 0)
(174.225 -22.878 0)
(205.603 -35.2829 0)
(206.796 -37.5417 0)
(183.193 -28.5209 0)
(185.679 -16.0422 0)
(178.913 -16.489 0)
(151.335 -31.064 0)
(110.876 -45.6832 0)
(70.4298 -47.8121 0)
(46.5637 -33.7788 0)
(31.1369 -20.0752 0)
(16.582 -16.8264 0)
(-0.666308 -21.6444 0)
(192.447 -208.171 0)
(-431.242 -311.831 0)
(-294.258 -187.11 0)
(-130.803 -56.3037 0)
(-6.57008 -3.87156 0)
(57.5049 23.2789 0)
(129.897 4.86339 0)
(-23.1746 -34.4142 0)
(-270.708 -56.5051 0)
(-569.452 -147.498 0)
(-651.933 -300.58 0)
(-869.887 -402.113 0)
(-926.831 -164.685 0)
(75.9376 412.575 0)
(-428.625 188.158 0)
(-954.706 -368.296 0)
(-1393.12 -468.389 0)
(-689.73 -218.105 0)
(-896.829 194.723 0)
(-1335.98 170.569 0)
(-786.299 103.72 0)
(-200.469 141.911 0)
(-381.319 299.889 0)
(-714.504 44.2454 0)
(-648.415 -248.079 0)
(-558.738 -226.071 0)
(-334.918 -296.416 0)
(-371.27 -486.71 0)
(-808.034 -614.342 0)
(-1688.65 -448.871 0)
(-1918.23 242.217 0)
(-2226.17 488.19 0)
(-1217.69 47.6131 0)
(-1430.02 136.327 0)
(-1057.11 247.768 0)
(-765.417 210.726 0)
(-306.846 81.876 0)
(-332.62 79.1014 0)
(-554.742 240.466 0)
(-428.486 199.451 0)
(-375.922 114.205 0)
(-326.947 96.7543 0)
(-619.587 212.115 0)
(-626.432 182.643 0)
(-374.284 95.5617 0)
(-102.178 119.109 0)
(86.7995 55.5735 0)
(215.1 61.2962 0)
(353.127 156.881 0)
(428.388 192.014 0)
(515.685 185.094 0)
(525.056 161.279 0)
(515.44 127.476 0)
(543.996 105.03 0)
(513.15 96.6624 0)
(497.389 79.7162 0)
(517.579 59.2592 0)
(473.749 45.4329 0)
(471.189 22.2102 0)
(489.599 7.23118 0)
(432.843 -7.65245 0)
(444.154 -15.6692 0)
(383.294 -20.442 0)
(388.184 -17.0678 0)
(386.322 -18.6163 0)
(382.025 -27.3235 0)
(341.141 -24.2798 0)
(291.024 -17.8122 0)
(278.289 -18.8107 0)
(246.978 -22.4523 0)
(250.355 -17.7226 0)
(231.539 -5.21447 0)
(207.196 4.92413 0)
(191.651 29.2509 0)
(218.128 46.6064 0)
(442.713 -82.2454 0)
(379.555 -76.6699 0)
(306.05 4.26887 0)
(290.747 29.4304 0)
(251.946 0.551848 0)
(200.313 -18.1177 0)
(142.419 -16.9647 0)
(135.071 -6.63153 0)
(157.907 0.180316 0)
(164.052 -0.455094 0)
(174.864 -8.01333 0)
(214.165 -18.3685 0)
(247.052 -29.0661 0)
(227.918 -37.1891 0)
(229.965 -34.6227 0)
(203.692 -23.5633 0)
(174.958 -13.6019 0)
(178.427 -13.0795 0)
(154.227 -23.578 0)
(119.314 -35.7277 0)
(75.7022 -38.705 0)
(50.2623 -27.7504 0)
(26.7031 -15.7044 0)
(11.2853 -14.0265 0)
(-1.948 -19.549 0)
(199.615 -161.883 0)
(-443.001 -248.218 0)
(-590.605 -207.565 0)
(-425.334 -114.534 0)
(-223.767 -32.9964 0)
(-115.789 5.71451 0)
(22.0062 -0.915612 0)
(-13.9098 1.35913 0)
(-110.148 11.6845 0)
(-498.782 -122.006 0)
(-383.108 -252.856 0)
(-984.851 -379.511 0)
(-858.448 -170.682 0)
(83.0491 362.194 0)
(-156.497 325.491 0)
(-1470.02 -258.998 0)
(-1440.84 -427.907 0)
(-1467.8 -214.992 0)
(-2032.2 259.857 0)
(-1908.63 76.0863 0)
(-1208.99 -72.1658 0)
(-1006.76 152.123 0)
(-845.725 320.852 0)
(-481.754 18.184 0)
(-273.444 -255.942 0)
(-271.745 -258.765 0)
(-381.142 -280.194 0)
(-1161.04 -388.523 0)
(-1457.15 -430.531 0)
(-2374.34 -227.53 0)
(-2873.54 433.684 0)
(-2503.39 348.846 0)
(-1495.71 -75.0134 0)
(-1353 95.7093 0)
(-967.48 134.604 0)
(-820.241 105.026 0)
(-832.983 96.6756 0)
(-620.925 77.1957 0)
(-1090.32 216.588 0)
(-763.707 197.931 0)
(-1016.52 172.391 0)
(-804.237 144.025 0)
(-658.191 193.324 0)
(-434.467 114.362 0)
(-457.597 75.2469 0)
(-130.573 69.3244 0)
(51.6465 9.06069 0)
(86.2111 28.7988 0)
(141.783 127.139 0)
(272.136 166.936 0)
(396.069 168.736 0)
(465.463 154.013 0)
(485.189 120.802 0)
(531.047 103.875 0)
(522.752 96.7226 0)
(561.474 77.0538 0)
(558.091 61.9251 0)
(591.726 45.0236 0)
(567.078 23.5083 0)
(587.168 12.8016 0)
(542.739 1.47593 0)
(501.517 -9.65238 0)
(506.008 -13.4053 0)
(454.22 -16.4951 0)
(468.436 -18.2357 0)
(467.625 -20.1672 0)
(420.322 -13.4181 0)
(381.558 -8.14314 0)
(347.655 -13.8521 0)
(358.969 -19.9227 0)
(324.424 -13.2143 0)
(309.915 -0.067595 0)
(300.4 11.5781 0)
(267.857 24.3851 0)
(327.491 12.4585 0)
(491.753 -91.5033 0)
(359.715 -55.6738 0)
(313.76 10.1371 0)
(325.516 32.2587 0)
(310.321 8.79457 0)
(275.11 -5.96423 0)
(243.411 -10.3134 0)
(223.666 -6.78745 0)
(235.281 -1.73109 0)
(240.833 -4.37016 0)
(263.907 -13.2731 0)
(263.544 -25.536 0)
(288.211 -30.9521 0)
(265.512 -31.9955 0)
(220.753 -28.2101 0)
(202.164 -17.6913 0)
(180.898 -8.85487 0)
(163.237 -10.2661 0)
(153.783 -17.2397 0)
(118.424 -26.8648 0)
(77.6686 -29.4402 0)
(49.6782 -20.997 0)
(29.0128 -11.0596 0)
(13.6894 -10.9006 0)
(-10.6469 -17.1547 0)
(168.084 -126.005 0)
(-341.591 -172.97 0)
(-618.216 -185.082 0)
(-686.463 -142.96 0)
(-632.111 -79.0056 0)
(-459.181 -38.0268 0)
(-273.466 -34.0369 0)
(-164.342 14.4236 0)
(-130.046 74.9175 0)
(-417.584 -70.8087 0)
(-450.444 -196.64 0)
(-804.55 -313.676 0)
(-849.644 -193.01 0)
(-398.104 215.667 0)
(-229.196 446.427 0)
(-958.656 -139.568 0)
(-1194.72 -380.577 0)
(-2046.42 -74.8764 0)
(-1790.98 86.5267 0)
(-946.047 17.2082 0)
(-860.586 -85.3704 0)
(-1402.73 159.847 0)
(-749.657 191.424 0)
(-139.491 -39.256 0)
(10.9042 -221.493 0)
(-191.496 -194.485 0)
(-852.545 -93.3805 0)
(-2218.98 -231.793 0)
(-2638.44 -268.349 0)
(-3247.66 -68.8135 0)
(-3555.06 278.385 0)
(-2385.77 115.606 0)
(-1943.89 -150.313 0)
(-1725.38 24.9942 0)
(-1760.85 160.887 0)
(-1798.77 149.356 0)
(-1694.76 52.199 0)
(-2007.1 126.465 0)
(-1672.44 184.274 0)
(-1213.58 191.925 0)
(-957.171 116.211 0)
(-878.356 91.2922 0)
(-596.322 105.806 0)
(-367.301 84.5587 0)
(-278.813 14.9632 0)
(-172.05 10.58 0)
(-59.2106 2.73141 0)
(-250.888 35.433 0)
(-333.697 117.025 0)
(-69.1396 126.112 0)
(163.107 133.549 0)
(286.092 132.014 0)
(381.965 105.876 0)
(424.447 91.9958 0)
(500.327 85.3847 0)
(519.122 67.2964 0)
(587.836 49.1896 0)
(599.689 38.0015 0)
(639.457 22.392 0)
(611.749 11.9327 0)
(630.641 4.77526 0)
(598.865 -5.92437 0)
(559.365 -11.7798 0)
(568.4 -13.7319 0)
(520.63 -15.7239 0)
(524.537 -14.2978 0)
(473.891 -3.59919 0)
(432.805 -3.23304 0)
(444.44 -13.2395 0)
(416.762 -16.1872 0)
(416.679 -7.91986 0)
(386.038 5.8698 0)
(367.169 13.8882 0)
(377.05 19.0341 0)
(421.579 -9.70069 0)
(462.247 -80.6345 0)
(327.106 -31.2072 0)
(307.767 12.3452 0)
(350.111 27.9925 0)
(344.998 12.5274 0)
(332.307 -0.486485 0)
(323.882 -5.89454 0)
(301.6 -5.05624 0)
(294.546 -2.89208 0)
(301.682 -5.71838 0)
(305.567 -16.7456 0)
(310.423 -24.9537 0)
(278.678 -27.0294 0)
(261.333 -23.4156 0)
(216.091 -19.4296 0)
(173.46 -11.4083 0)
(169.168 -5.9831 0)
(157.786 -6.65586 0)
(142.429 -11.6336 0)
(113.444 -18.1928 0)
(73.264 -20.4575 0)
(50.5566 -14.2037 0)
(24.2579 -6.3111 0)
(12.7778 -7.18979 0)
(-12.9302 -13.6517 0)
(137.366 -93.9348 0)
(-239.547 -82.9122 0)
(-516.495 -119.595 0)
(-698.92 -120.742 0)
(-840.615 -89.3166 0)
(-823.645 -67.3217 0)
(-844.167 -65.3074 0)
(-908.619 -15.7077 0)
(-471.617 69.1491 0)
(-570.787 -33.7882 0)
(-809.904 -152.694 0)
(-1436.82 -302.977 0)
(-1858.87 -282.745 0)
(-987.896 133.906 0)
(-380.958 464.753 0)
(-667.313 59.7078 0)
(-1050.6 -133.707 0)
(-1151.65 -51.508 0)
(-1007.63 -80.796 0)
(-392.065 -138.284 0)
(-325.714 -64.9042 0)
(-362.172 68.2806 0)
(-123.75 74.4705 0)
(-442.716 -81.861 0)
(-660.399 -204.013 0)
(-1184.68 -62.5944 0)
(-1777.02 79.6054 0)
(-2130.11 7.30201 0)
(-2970.46 -84.8757 0)
(-3462.12 43.0052 0)
(-3414.49 150.704 0)
(-2851.23 -0.362868 0)
(-2951.74 -157.044 0)
(-2720.9 -13.3442 0)
(-2229.53 109.277 0)
(-2559.6 160.808 0)
(-2394.67 129.348 0)
(-2326.23 86.6225 0)
(-1767.43 46.4906 0)
(-1356.16 68.1525 0)
(-1014.37 43.8195 0)
(-917.747 25.0209 0)
(-844.154 52.4706 0)
(-642.229 43.8096 0)
(-522.67 -1.47411 0)
(-511.72 5.63584 0)
(-383.469 14.4147 0)
(-570.987 38.4041 0)
(-597.696 79.8414 0)
(-355.672 79.1638 0)
(-290.17 95.128 0)
(-98.524 104.542 0)
(87.6842 85.8886 0)
(216.144 77.3466 0)
(292.614 70.6207 0)
(411.694 50.4133 0)
(459.907 36.5582 0)
(545.265 25.7449 0)
(554.439 14.0328 0)
(596.323 9.78663 0)
(578.864 3.89905 0)
(602.423 -2.1983 0)
(570.307 -8.21091 0)
(529.065 -9.42904 0)
(536.927 -10.1564 0)
(500.529 -7.33006 0)
(457.073 0.25512 0)
(477.004 -1.35875 0)
(442.1 -8.89662 0)
(440.072 -12.7933 0)
(398.859 -4.86882 0)
(413.85 7.73272 0)
(416.56 13.2072 0)
(417.699 11.9175 0)
(467.382 -16.4421 0)
(397.221 -56.5565 0)
(283.986 -18.7001 0)
(283.518 8.05986 0)
(331.107 20.7468 0)
(342.334 11.5039 0)
(356.991 1.07126 0)
(344.862 -2.59156 0)
(328.499 -0.787094 0)
(323.205 -0.556418 0)
(313.875 -6.68149 0)
(320.127 -13.7009 0)
(282.613 -18.5942 0)
(259.356 -18.43 0)
(209.987 -13.7 0)
(183.428 -9.40482 0)
(144.236 -6.05076 0)
(146.511 -3.23083 0)
(134.299 -3.76622 0)
(123.789 -6.54009 0)
(96.2945 -10.3026 0)
(63.6219 -12.5151 0)
(43.27 -8.05312 0)
(24.9405 -1.81632 0)
(13.677 -3.02793 0)
(-19.0183 -9.17738 0)
(23.1201 -79.5826 0)
(-155.701 -31.4547 0)
(-382.974 -44.1179 0)
(-570.71 -54.3417 0)
(-819.523 -54.3025 0)
(-979.968 -41.7897 0)
(-1005.38 -40.5296 0)
(-1190.21 -77.4301 0)
(-810.645 -1.46041 0)
(-680.886 51.3831 0)
(-1059.86 -27.1083 0)
(-1225.97 -82.1579 0)
(-2423.4 -242.655 0)
(-2582.73 -79.3422 0)
(-968.407 272.78 0)
(-977.68 41.8061 0)
(-984.556 -85.3819 0)
(-623.682 -58.3495 0)
(-917.372 -24.4732 0)
(-1465.49 -62.2724 0)
(-1867.62 -23.9815 0)
(-1785.39 73.4947 0)
(-1525.38 100.404 0)
(-1745.72 -4.40453 0)
(-2109.47 -62.782 0)
(-2445.18 76.5204 0)
(-2261.24 126.003 0)
(-2390.22 128.023 0)
(-2332.41 36.7676 0)
(-2362.81 14.7493 0)
(-2083.54 60.1097 0)
(-1976.56 24.0187 0)
(-2305.04 -117.601 0)
(-2746.5 -80.0471 0)
(-2678.09 122.2 0)
(-2247 127.811 0)
(-1779.92 26.8285 0)
(-1786.76 -5.06826 0)
(-1702.52 -5.4654 0)
(-1484.13 39.9201 0)
(-1429.02 59.4989 0)
(-1234.12 17.8819 0)
(-1255.29 34.0692 0)
(-1113.61 25.5632 0)
(-1061.11 3.40272 0)
(-1087.01 1.77021 0)
(-801.268 19.062 0)
(-1114.44 67.3822 0)
(-1046.13 72.6824 0)
(-746.548 37.5058 0)
(-584.097 41.7424 0)
(-334.984 52.2649 0)
(-186.596 39.2878 0)
(-85.1322 39.064 0)
(71.3376 42.1983 0)
(188.379 32.6487 0)
(268.838 23.8008 0)
(312.966 19.6816 0)
(375.526 12.6983 0)
(383.189 8.55878 0)
(430.407 6.05881 0)
(414.859 3.75396 0)
(425.076 1.63304 0)
(382.714 -3.71047 0)
(393.41 -4.22623 0)
(378.582 -0.329 0)
(355.965 2.61677 0)
(377.332 0.434958 0)
(370.186 -4.33878 0)
(345.627 -6.13704 0)
(309.232 -2.45232 0)
(319.017 3.5127 0)
(359.804 8.69559 0)
(374.366 5.52312 0)
(400.726 -10.1549 0)
(290.164 -28.6958 0)
(201.701 -8.18124 0)
(212.26 3.29117 0)
(244.796 10.8077 0)
(289.409 6.38158 0)
(288.535 0.19104 0)
(295.896 -0.532116 0)
(277.899 0.528513 0)
(283.54 0.295707 0)
(272.998 -4.35747 0)
(255.63 -8.97219 0)
(212.854 -9.83677 0)
(182.592 -8.14302 0)
(149.788 -5.53064 0)
(128.678 -3.1324 0)
(108.732 -2.15853 0)
(109.942 -1.66532 0)
(95.8244 -1.26355 0)
(88.724 -2.21059 0)
(70.4395 -4.06332 0)
(44.6182 -5.64548 0)
(24.3945 -3.40286 0)
(17.2418 0.654853 0)
(17.7641 -0.134636 0)
(-14.0176 -4.80387 0)
(-96.8596 -49.3447 0)
(-226.432 -19.3267 0)
(-374.211 -20.0226 0)
(-496.101 -19.6955 0)
(-606.593 -12.9225 0)
(-701.18 -21.0782 0)
(-808.347 -26.0465 0)
(-999.608 -43.0696 0)
(-1299.1 -56.1132 0)
(-1267.99 23.7957 0)
(-1171.43 52.3762 0)
(-1173.35 29.2468 0)
(-1480.49 -22.0034 0)
(-2099.98 -62.6933 0)
(-2103.57 5.65104 0)
(-1704.9 -19.5374 0)
(-1895.21 -100.118 0)
(-2396.95 -13.4606 0)
(-2511.99 25.8218 0)
(-2505.87 30.4221 0)
(-2475.38 22.1716 0)
(-2471.48 54.2707 0)
(-2087.61 51.6356 0)
(-1833.93 10.7394 0)
(-1927.04 -6.03443 0)
(-1851.16 15.9332 0)
(-1587.19 -0.287927 0)
(-1298.63 -104.337 0)
(-1119.64 -114.329 0)
(-1202.31 -131.269 0)
(-1205.73 -95.8619 0)
(-1069.69 -97.8301 0)
(-1125.03 -114.955 0)
(-1534.3 -72.0417 0)
(-1456.37 -67.0289 0)
(-1241.07 -108.701 0)
(-1122.58 -87.9893 0)
(-1126.64 -82.6238 0)
(-1182.11 -67.2786 0)
(-1199.7 -67.2265 0)
(-1171.04 -15.9721 0)
(-1189.88 8.58864 0)
(-1147.42 16.8644 0)
(-1028.66 15.5326 0)
(-1020.9 -1.02154 0)
(-1048.33 -18.3564 0)
(-1060.93 2.62582 0)
(-894.101 25.2779 0)
(-657.564 8.97505 0)
(-544.634 -1.86182 0)
(-525.899 9.33176 0)
(-403.828 -1.73877 0)
(-310.791 4.37014 0)
(-201.239 10.1356 0)
(-92.2254 13.1513 0)
(-16.1921 11.2778 0)
(42.339 9.69512 0)
(90.6222 7.68532 0)
(123.814 4.58113 0)
(138.146 2.65198 0)
(156.389 2.13942 0)
(156.594 2.43342 0)
(169.761 2.65442 0)
(162.419 0.417762 0)
(151.721 -0.687071 0)
(157.886 -0.804323 0)
(148.797 1.00186 0)
(160.584 0.954046 0)
(148.983 -0.0341981 0)
(148.612 -1.1211 0)
(131.921 -0.881476 0)
(141.543 0.0186653 0)
(151.463 2.60799 0)
(179.995 1.73073 0)
(174.973 -2.06043 0)
(123.369 -7.03837 0)
(86.5556 -1.95336 0)
(76.9735 -0.351201 0)
(101.248 2.43638 0)
(115.192 1.6655 0)
(127.975 0.0480003 0)
(120.956 0.061045 0)
(121.19 0.857524 0)
(128.201 -0.0537037 0)
(128.494 -2.13628 0)
(111.801 -2.91071 0)
(89.9016 -2.2314 0)
(71.428 -1.7717 0)
(55.7226 -0.885033 0)
(47.2665 -0.410126 0)
(41.5455 -0.542303 0)
(38.6253 -0.545626 0)
(34.1543 0.0337667 0)
(33.5316 -0.485236 0)
(25.1047 -0.900199 0)
(14.7355 -1.38689 0)
(4.64045 -0.82327 0)
(2.72339 1.12138 0)
(11.6095 1.10615 0)
(-1.50762 -0.902844 0)
)
;

boundaryField
{
    inlet
    {
        type            fixedValue;
        value           uniform (1 0 0);
    }
    outlet
    {
        type            zeroGradient;
    }
    lowerWall
    {
        type            fixedValue;
        value           uniform (0 0 0);
    }
    upperWall
    {
        type            fixedValue;
        value           uniform (0 0 0);
    }
    frontAndBack
    {
        type            empty;
    }
}


// ************************************************************************* //
