/*--------------------------------*- C++ -*----------------------------------*\
| =========                 |                                                 |
| \\      /  F ield         | foam-extend: Open Source CFD                    |
|  \\    /   O peration     | Version:     5.0                                |
|   \\  /    A nd           | Web:         http://www.foam-extend.org         |
|    \\/     M anipulation  |                                                 |
\*---------------------------------------------------------------------------*/
FoamFile
{
    version     2.0;
    format      ascii;
    class       volScalarField;
    location    "0.1";
    object      alpha1;
}
// * * * * * * * * * * * * * * * * * * * * * * * * * * * * * * * * * * * * * //

dimensions      [0 0 0 0 0 0 0];

internalField   nonuniform List<scalar> 
4000
(
1
0
0
1
1
0
1
0
1
0
1
0
1
0
1
0
1
0
1
0
1
0
1
0.910624
0
1
1
0
1
0
0
1
1
0
1
1
0
1
0.742384
0
1
0
0.605192
1
0
1
0
1
0
1
0
1
0
0.414711
0.975871
0.383157
0.262266
1
0.460223
0.412194
1
0
1
0.445146
0.157058
0.894159
0.813408
0.786333
0.56827
0.177268
0.46202
0.876958
0.820336
0.907313
0.242762
0
0.231469
0.734525
0.985559
0.976948
0.953875
0.931613
0.913712
0.583115
0.739724
0.836195
0.71019
0.446286
0.219301
0.510682
0.14091
0
0.802771
0.165136
0.334495
0.471461
0.782112
1
0.461822
0.11548
1
0
0
0
1
1
0
1
0
1
0
1
0
1
0
1
0
1
0
1
0
1
1
0
1
0
1
0
0
1
0.222017
0.00943175
0
1
1
0
1
0
1
0
0.999077
1
0
0
1
0
1
0
1
0
1
0
1
0.315825
0.8938
0
1
0.725048
0
1
0
1
0
0
1
0
0
1
0.164761
0.521418
0.668302
0.564485
0.540671
0.504491
0.44904
0.526562
0
1
0
0.88049
1
0
1
0
0.951465
1
0
1
0
0.674659
0.414146
0.172259
0.234007
0.576975
0.432829
0.313817
0.28139
0.553368
0.504957
0.00494547
0
1
0
1
0
1
0
1
1
0
1
0
1
0
1
0
1
0
1
0
1
0
0
1
0
1
0
1
0
1
0
1
0
1
0
1
0
1
0
1
1
0
1
0
1
0
1
1
0
1
0
1
0
1
0.132321
0
1
0
1
0
0
1
0
1
0
0
1
0
1
0
1
0.286129
0.39923
0.490795
0.742529
0
1
0
1
0
0.631773
1
0.808563
0
1
0
1
0
1
0.229207
0.248487
0.638509
0.257543
0.930976
0.999618
0.747404
0.693944
0.87743
0.533821
0.559721
1
0
1
0
1
0
1
0
0
1
0
1
0
0.995851
1
0
1
0
0
1
0
1
1
0
0
0
1
0
1
0
1
0
1
0
1
0
1
0
1
1
0
1
0
1
0
1
0
0
1
0
1
0
1
0
1
0
1
0
1
0
1
0
1
0
0
1
0
0
0.0360701
1
0
1
0
1
0
1
0
1
0
1
0
1
0
1
0
1
0
1
0
1
0.576342
0.443963
0.0315958
0.519587
0.959637
0.797041
0.130722
0.0203519
0.0430065
0.123823
0
0.095407
1
1
0
1
0
1
1
0
1
0
1
0
0
1
0
1
0
1
0
1
0
1
1
0
0
1
0
0
1
0
0
1
0
1
0
0
1
0
1
0
1
0
1
0
0
1
0
1
0
1
0
1
0
1
0
1
0
1
0
1
0
1
0.998483
0
1
0.0123468
1
0
1
0
1
0
1
0
1
0
1
0.00804365
1
0
1
0
1
0
1
0
1
0
1
0.219062
0.178392
0.011051
0.477
0.436861
0.117343
0.705176
0.564298
0.950728
1
1
0
0
1
0
1
0
1
0
0
1
1
1
0
0
1
0
1
0
1
0
1
1
0
0.979483
1
0
0
1
0
1
0
0
1
0
1
1
0
0
0
1
0
1
0.0418559
0
1
0
0
1
0
1
0
1
0
0
1
0
1
0
1
0
1
0.998142
0
1
0
1
0
0
1
1
0
1
0
1
0
1
0
0.968975
0.0157652
1
0
1
0
1
0
1
0
1
1
0.647552
0
0.921871
0.841631
0.208131
1
0.890255
0.919084
0.948239
0
0
0
1
0
1
0
1
0
1
0
1
0
1
1
1
0
1
0
1
0
1
0
1
1
0
0
1
0
0
1
0
1
1
0
1
0
1
0
1
0
0
1
0.60672
0
1
0
0
1
0
1
0
1
0
1
0
1
0
0
1
0
1
1
0
1
0
1
0
1
1
1
0
1
0
1
0
1
0
1
0
1
0
1
0
0.370378
0
1
0
1
1
0
0.617813
1
0.331017
1
0.412883
0.441589
1
0.551892
0.434156
0
0.398044
1
0
1
0
1
0
1
0
1
0
1
0
1
0
1
0
1
0
1
0
1
1
0
0
1
0
1
1
0
1
0
0
1
0
1
0
1
0
1
0
1
0
1
0
1
1
0
1
0
1
0
1
0
1
0
1
0
0
0.0630354
1
0
1
0
1
0
1
0
0.999783
0
1
0
1
0
1
0
1
0
0.160675
0.405298
1
0
1
0
1
0
1
0
0
1
0.198976
0
0.879725
0.487657
1
0
0.534658
0.0974269
0.000725111
0
0
0
1
0
1
0
1
0
1
0
1
0
1
0
1
0
1
0
1
0
1
0
1
0
1
0
1
0
0
1
0
1
0
0
0.999613
0
1
0
1
0
1
0
1
0
1
0
0
1
0
1
0
1
0
1
0
1
0
1
0
1
0
1
0
1
0
1
0
1
0
1
0
1
0
1
0
1
0
1
0.286359
0.138383
0
1
0.0467863
1
0
1
0
1
0
0
0.962262
1
0
1
0
1
0.356601
0.708559
0.425214
0
0
1
0
1
0
1
0
1
0
1
0
1
0
0
1
1
0
1
0
1
0
1
0
1
0
1
0
1
0
0
1
0
1
0
1
1
0
1
0
1
0
1
0
1
0
1
1
0
1
0
1
0
1
0
1
0
1
0
1
0
1
0
1
1
0
0
1
0
1
0
1
0
1
0
1
0
1
0
1
0
1
0
0.9875
0
1
0
1
0
1
0.539172
0.450274
0
1
0
1
0
1
0.69343
0.625182
0
1
0
1
0
1
0
1
0
1
0
1
0
1
1
1
0
1
0
1
0
1
0
1
0
1
0
1
0
1
1
0
1
0
1
0
1
1
0
1
0
1
0
1
0
1
1
0
1
0
1
0
1
1
1
0
1
0
1
0
1
0
0
1
0
1
1
0
1
1
0
1
1
0
1
0
1
0
1
0
1
0
1
0.268065
1
0
1
0
1
0
1
0
1
0
1
0
1
0.418208
1
1
1
0
1
0
1
0
0
0
1
0
1
0
1
0
1
0
1
0
1
1
0
1
1
0.981049
1
0
1
0
1
0
1
1
0
1
0
1
0
0
1
0
0
1
0
1
0
1
0
1
0
1
0
0.990026
1
0
0
1
0
1
1
0
1
0
1
0
1
0
0
1
0
0
1
0
0
1
0
1
0
1
0
1
0
1
0
0.321263
0
1
0
1
0
1
0
1
0
1
0
1
0
1
0
0.806693
0.865724
1
0
1
0
0
1
1
0
1
0
1
0
1
0
1
1
0
1
0
1
0
1
0
0
1
0
1
0
1
0
0
1
1
0
0
1
0
0.746471
0
1
0
1
0
1
0
1
0
1
0
1
1
0
0.55585
1
0
1
1
0
1
0
1
0
1
0
1
1
0
1
1
0
1
1
0
1
0
1
0
1
0
1
0
1
0.525449
1
0
0
0
1
0
1
0
1
0
1
0
1
0
1
0.692986
0
0
1
0
1
1
0
0
1
0
1
1
0
1
1
0
0
1
0
1
0
1
0
1
1
0
1
0
1
0
1
0
1
0
1
1
0
1
0
1
0
1
0
1
0
1
0
1
0
1
0
0
1
0
0
1
0
0
1
0
1
0
1
0
1
0.99863
0
1
0
1
1
0
1
1
0
1
0
1
0
1
0
1
0
1
0
0
1
1
0
1
0
1
0
1
0
0.403455
1
0.166611
0.894749
1
1
0
0
1
0
0
1
1
0
1
0
0
1
0
1
0
1
0
1
0
1
0
1
0
0
1
0
1
0
1
0
1
0
1
0
0
1
0
1
0
1
0
1
0
1
0
1
0
1
0
1
1
0
1
1
0
1
1
0
1
0
1
0
1
0.998545
0
1
0
1
0
0
1
0
1
0
1
0
1
1
0
1
0
1
0
1
1
1
0
1
0
1
0
1
0
1
0.217355
0
1
0
0.625101
0
1
0
0
1
0
1
0
1
0
1
1
0
1
0
1
0
1
1
0
0
0
1
0
1
0
1
0
1
0
1
0
0
0
1
1
0
1
0
1
0
1
0
1
0
1
0
1
0
1
0
0
1
0
1
0
1
0
1
0
1
0
1
0.998383
0
1
0
1
0
1
0
0
1
0
1
0
1
0
1
1
0
1
0
1
0
1
0
1
0
1
0
1
0
1
0
0
0.87767
0.870178
1
0.656005
1
0
1
1
0
1
0
1
0
1
0
1
1
0
1
0
1
0.419621
0
1
0
1
0
1
0
1
0
1
0
1
0
1
0
1
0
0
1
0
1
0
1
0
1
0
1
0
1
0
1
1
0
1
0
1
0
1
0
1
0
1
0
1
1
0
1
0
1
0
1
0
1
0
1
1
0
1
0
1
0
1
1
0
1
0
1
0
1
0
1
0
1
0
1
0
1
0.348047
1
0
0
0.939477
0
1
0
0
1
0
0
1
1
0
1
0
1
1
0
1
0
1
1
1
1
0
0
1
0
1
0
1
1
0
1
0
1
0
1
0
1
0
0
1
0
1
0
1
0
1
0
1
0
1
1
0
1
0
1
0
1
0
0.998995
0
1
0
0
1
0
1
0
1
0
1
0
1
0
1
1
0
1
0
1
0
1
1
0
1
0
1
0
0
1
1
0
1
0
1
0
1
0
1
1
0
1
0
0
1
1
0
1
0
1
0
1
1
0
1
1
0
1
0
1
0
1
0
1
0
1
0
1
0
1
1
0
1
0
1
0
1
0
1
1
0
1
0
1
0
0
1
0
0
1
0
1
1
0
1
0.0262216
0
0.00775792
1
1
0.501127
0.00977548
1
1
0
1
0
1
0
1
0
1
0
1
0
0
1
0
1
0
1
0
1
1
0
1
0
0
1
0
0.0475004
1
0
1
0
1
0
1
0
0
1
0
1
1
1
0
1
0
1
0
1
0
1
1
0
1
1
0
1
0
1
0
1
1
0
1
0
0
1
0
0
1
0
1
0
1
0
1
0
0
1
1
0
0
0
1
0
1
0
0
1
0
0.807227
0
1
0
1
0
0.33388
0
0.892806
0.97618
0
1
1
0
1
0
1
0
1
0
1
0
1
1
0
1
0
1
0
1
0
1
1
0
1
1
0
1
1
0
1
0
1
0
0
0
1
1
0
1
0
1
0
1
0
1
0
1
0
1
0
1
1
0
0
1
0
1
0
0
0.749441
0
1
0
1
1
0
1
1
0
1
0
1
0
1
0
1
1
0
0
1
1
0
1
0
1
1
1
0
1
0
1
0
1
0
1
0
0.999168
0.316154
0.91826
1
0
1
0
0
1
0
1
0
1
0
1
0
1
1
0
1
0
1
0
1
0
1
0
1
0
1
0
0.0892327
1
0
1
0
0
0
0
0
0
1
0
1
0
1
1
1
0
1
0
1
0
1
0
1
0
1
0
1
0
0
1
0
1
0
1
0
1
1
0
0
1
0
1
0
1
0
1
1
0
1
1
0
1
1
0
1
0
1
0
1
0
1
0
1
0
1
0
1
1
0
0.755799
0
1
0
1
1
0
1
0
1
0
1
0
1
0
1
1
0
1
0
1
0
1
0
1
0
1
0
0.562589
0.836352
0
1
0
0
0
1
0
0
1
0
0
0
0
1
0
1
1
0
1
0
1
0
1
0
1
0
1
0
1
1
0
1
0
1
0
1
0
1
1
0
0.120093
1
0
1
0
1
0.069158
0
1
0.596295
0
1
0
0
1
0
1
0
1
0
1
0
1
0
1
0
1
0.499571
0
1
0
1
0
0.889499
1
0
1
0.777365
0.248562
0
1
0
1
0
1
0
0
1
0
1
0
1
0
1
0
1
0
1
1
0.135692
1
0
0
0
1
0
1
0
0
1
1
0
1
0
1
0
1
0.724408
0
1
0
1
0
1
0
1
0
1
0
0.264132
1
1
0
1
0
0
1
0
1
1
1
0
1
0
1
0
0
0
1
0
1
0
0
1
0
1
0
1
0
1
0
1
0
1
0
1
0
0
1
0
1
0
1
1
0
1
0
0
1
1
0
1
0
1
0
1
1
0
1
0
1
0
1
0
1
0
1
0.252102
0.0171598
0.726693
0.590377
0
1
1
0
1
0
1
0
0
1
1
0
1
0
1
0
1
0
0
1
0
1
0
1
0
1
0
1
1
1
0
1
0
1
0
0
1
0
1
0
1
0
0
0
0
0
1
0
1
1
0
1
0
1
0
1
0
1
0
1
0
1
1
1
0
0
1
0
1
0
1
0
0
1
0
1
1
0
0
1
0
1
0
1
0
1
0
1
0
1
1
0
1
0
0.994865
0
0.863505
0
0.881855
0.015879
1
0
0
1
0
1
0
1
0
0
0
1
0
1
0
1
0
1
0.127124
0
1
0
1
1
1
0
1
0
0
0
1
0
1
0
1
1
1
0
0
1
0
1
1
1
1
1
0
1
0
0
1
0
1
0
1
0
1
0
1
0
0
1
0
1
0.825894
1
0
1
0
0.998581
1
0
1
0
1
1
0
0
1
0
1
0
0.715099
0
1
0
1
0
1
0
0
1
0
1
1
0.473165
0
1
0.104738
1
0
1
0
0.435645
1
0
1
0
1
1
1
0
1
0
1
1
1
0
1
0
1
0
1
0
0
1
0
1
1
0
0
1
0
0
1
1
0
0
1
0
1
0
0
0.561473
0
0
1
0
1
0
0
1
0
1
0.000903611
1
0
1
0
1
1
0
1
0
1
0
1
0
0.966658
1
0
1
0
1
0
0
1
1
0
1
0
1
0.56836
1
0
1
0
1
0
1
0
1
0.99954
0
0
1
1
0
1
0
1
0
1
0
1
1
0
1
0
1
0
1
0
1
0
0
1
1
0
1
0
1
0
1
0
1
1
1
0
1
0
0
1
0
1
0
1
0
1
0
1
0
0
0
1
1
0
1
0
0
1
0
0
1
0
0
1
0
1
0
1
1
0
1
0
1
0
0.886449
1
0
0
1
0
1
0
1
0
0
1
0
1
0
0.145815
0
1
0
1
0
1
0
1
0
1
0.99966
0
1
0
1
0
1
0
1
0.185693
1
0
1
0.0183093
0
1
0
1
0
1
0
1
0
1
0
1
0
1
0
1
0
1
0
1
0
1
0
1
1
0
1
0
1
0
1
0
1
0
0
1
1
1
1
1
0
0
1
0
0
1
0
1
1
1
0
1
0.892526
0
0
1
0
0
1
0
1
0
1
0
0
1
0
1
0
0
1
0
1
0
1
0.491897
0
0
1
0
1
1
1
0
1
0
1
1
0
1
0
1
0
1
0
0
1
0.00119481
0
1
0
0
1
0
1
0
1
0
1
0
1
1
0
0
1
0
1
0
1
0
1
0
1
0
0
1
0
1
0
1
0
0
0
1
0
1
1
1
0
0
0
1
1
0
1
0
1
0
1
0
1
0
1
0
0
1
0
1
0
1
0
1
0
1
0
0
1
0
1
1
0
1
1
0.170355
0
0.825467
1
1
0
1
0
0
1
1
0
1
0
0
1
0
0.239126
0.753551
0
0
1
0
0
1
0
1
0.462439
1
0.41582
0
1
1
0
1
0
1
0
0
1
0
0
1
0
1
0
1
0
1
0
1
1
0
1
0
1
0
1
1
1
0
1
1
0.907286
0
0
1
0
0
0
0
0
1
0
1
0
1
0
1
0
1
1
0
1
0
1
0
1
0
0
1
0
0
0.970879
1
0
0
1
0
0
1
0.2758
0
0
0
1
0
1
1
0
1
1
0
1
0.115024
0.704541
0
1
0
0
0
1
0
1
0
1
0
1
0
0
1
0
0
1
0
1
0
1
1
0
1
1
0
1
0
1
0
1
0
1
0
1
0
1
1
0
1
0
1
0
1
0
0
1
0
1
0
1
0.883778
1
1
0
0
1
0
1
0
1
0
1
1
0
1
0
1
0
0.999757
1
0
1
0
1
0
0
0.866233
1
0
0
1
0
0
1
0.956852
1
1
0
1
0
0
1
0
1
0.326396
0
1
0
1
0
1
0
0
0
1
0
1
0
0.180372
0
1
1
0.579325
0
1
0
1
0
1
0
0
1
0
0
1
0
1
0
1
0
1
0
1
0
1
0
0
1
0
1
0
1
0
0
1
0
1
0
1
0
0
0
1
0
1
0
1
0
1
0
1
1
0
1
1
0
1
0
1
0
1
0
1
0
1
0
0
0.881489
1
0
1
0.426984
0
0.777296
0.431675
1
0
1
0
1
0
0
1
1
0.720221
0.324822
0
0.785054
0
1
0
1
0
0
0
1
0
1
1
1
0
0.992914
0
1
0
1
0
1
0
0
1
0
1
0.999974
0
1
0
1
0
1
0
1
0
1
0
0.999975
1
1
1
0
1
0
0
1
0
1
0
1
0
0
1
1
0
1
0
1
0
1
0
1
0
0
0.13989
1
0
1
1
0
1
1
0
1
0
1
0
1
0
0
0.930735
1
0
1
0.329362
0
1
0
1
0
0
0.50906
1
1
0
1
1
0.154671
0.735558
1
0
1
0
0
1
0
1
0
0
1
0
0.784656
1
0
1
0
0
0
1
0
1
0
0
1
0
1
1
0
1
0
1
1
0
0
0
1
0
0.999732
1
0
0
1
0
1
1
0
1
0
1
0
1
0
1
0
1
0
1
0
1
0
1
0
1
0
1
0
1
1
0
1
1
0
0.999167
1
0
1
0
1
0
0
0
0
1
0
1
0
0
1
0
1
0
1
0.677632
0
1
0
0.116578
1
0
1
0
0
1
0
0
1
0
1
0
0
1
0
0
1
0
1
1
0.999903
1
1
0
0
1
0
1
0
0
1
0
1
1
1
0
1
0
1
0
0
1
1
1
0
1
0
1
0
1
0
1
1
0
0
1
0
1
0
1
1
0
1
0
1
0
1
1
1
1
1
0
1
0
1
0
1
0
0.998765
1
0
1
0
0
1
0
1
0
1
1
0
1
0
0.775824
1
0
1
0
1
0
0
1
0
1
0
0
1
0
0
1
0
1
0
0.587374
0.967534
0.126424
0
1
0
0.999711
0
0
0
0
1
0
1
0
1
0
0
0
1
1
0
1
0
1
1
0
1
0
1
0
0
1
0
1
0
0
1
0
0
1
1
0
1
0
1
0
1
1
0
1
0
1
1
0
0
1
0
1
0
1
0
1
0
1
0
0.998689
1
0
1
0
0.319809
1
0
1
0.065875
0
1
0
1
0.0696678
0
1
0
0.855717
1
0
0
0
1
0
1
0.908233
0
1
0.756356
0
1
0
1
0.29858
1
0.390906
1
0
1
0
0
1
0
1
0
1
0
1
0
1
0.999987
1
0
0.999965
1
1
0
1
0
0
0
1
0
1
1
0
1
0
1
0
1
0
1
0
0
0.851365
0
1
0
1
0
1
0
1
0
0
1
0
1
0
1
0
1
0
1
0
1
0
1
0
0.998645
1
0
0.96964
1
0
1
0
0
1
0
1
0
1
1
0
0.999687
1
0
1
0.0328331
0
0
1
0
1
0
1
0
1
0
1
0.944216
0.451561
0.693567
0.138558
0.999986
1
0
0
1
0.999598
0
1
0
1
0.922204
0
1
0
1
0
0.999996
0
0.999933
0
1
0
0
0
1
0
1
1
0
1
0
1
0
1
0
1
0
1
0
1
1
0
1
0
1
0
1
0
1
1
0
1
0
1
0
1
0
1
0
1
0
1
0
1
0
1
0
0.747878
1
0.569158
0
0
1
0.76111
0
1
0.0156188
0
1
0
1
0
0.989029
0.650993
1
1
0
0
1
0
1
0.00470014
0.0463636
0.284908
1
0
1
0.460719
0.638441
0.0111204
0.999984
0
0
1
0.992499
0.99934
0
0
1
0
1
0
1
0
1
0.99993
0
1
0.994157
0
1
0.999965
0
1
0
1
0
0
1
0
1
0
1
0
1
0
1
0
1
0
1
1
0
1
0
1
0
1
0
1
0
1
0
0
1
0
0.35577
0.126724
0.99935
0.979681
0.49097
0
1
0
1
0
0.975171
1
0
0
1
0.112601
0
0
1
0
0
0.434631
0
1
0
1
0
1
0
1
1
0.376387
0.230096
0.988566
0.0384437
0.149428
0.622086
0.60136
0.362837
0.249153
0.703435
0.338183
0.192948
0
)
;

boundaryField
{
    inlet
    {
        type            zeroGradient;
    }
    outlet
    {
        type            zeroGradient;
    }
    lowerWall
    {
        type            zeroGradient;
    }
    upperWall
    {
        type            zeroGradient;
    }
    frontAndBack
    {
        type            empty;
    }
}


// ************************************************************************* //
