/*--------------------------------*- C++ -*----------------------------------*\
| =========                 |                                                 |
| \\      /  F ield         | foam-extend: Open Source CFD                    |
|  \\    /   O peration     | Version:     5.0                                |
|   \\  /    A nd           | Web:         http://www.foam-extend.org         |
|    \\/     M anipulation  |                                                 |
\*---------------------------------------------------------------------------*/
FoamFile
{
    version     2.0;
    format      ascii;
    class       volVectorField;
    location    "0.1";
    object      U;
}
// * * * * * * * * * * * * * * * * * * * * * * * * * * * * * * * * * * * * * //

dimensions      [0 1 -1 0 0 0 0];

internalField   nonuniform List<vector> 
4000
(
(-1058.87 652.697 0)
(-2700.11 165.128 0)
(-3453.01 79.1001 0)
(-3478.19 39.2807 0)
(-3476.02 35.9552 0)
(-3531.35 17.3921 0)
(-3353.08 -63.461 0)
(-3410.54 10.61 0)
(-3970.9 397.489 0)
(-6502.93 571.79 0)
(-6995.79 -337.247 0)
(-3075.36 -397.2 0)
(-2425.63 -222.539 0)
(-1906.55 -165.124 0)
(-1476.22 128.777 0)
(-801.562 181.723 0)
(-414.495 -9.68455 0)
(500.137 46.9631 0)
(1293.93 260.176 0)
(-1173.59 228.603 0)
(-1737.33 72.5441 0)
(-1790.49 296.581 0)
(-2545.47 219.256 0)
(-2064.76 -104.9 0)
(-1477.43 -57.4015 0)
(-1166.13 -19.3948 0)
(-2619.09 -150.502 0)
(-1232.5 -253.814 0)
(1123.99 -190.892 0)
(2723.03 -131.811 0)
(3089.35 -60.7466 0)
(3138.61 -4.5933 0)
(2980.97 44.9852 0)
(2573.5 -17.6834 0)
(2579.19 -51.0066 0)
(2505.13 136.812 0)
(2015.28 172.609 0)
(1444.09 -22.5632 0)
(1335.57 -72.9774 0)
(1744.1 -46.0547 0)
(1920.2 -7.01369 0)
(1903.47 32.0505 0)
(1763.9 56.8284 0)
(1575.87 71.2745 0)
(1444.86 76.881 0)
(1063.36 77.8804 0)
(669.886 74.688 0)
(224.476 45.1269 0)
(-14.229 21.659 0)
(-154.944 -4.44773 0)
(-126.94 -11.099 0)
(-92.6202 -13.0299 0)
(-27.3124 -7.98072 0)
(-10.4632 -4.63566 0)
(7.41703 -1.47035 0)
(-7.11386 1.23423 0)
(-23.089 1.76915 0)
(-33.3519 0.994956 0)
(-47.3042 0.792274 0)
(-43.4112 0.425253 0)
(-46.3947 0.554574 0)
(-44.633 -0.264195 0)
(-40.0111 -0.688181 0)
(-31.2526 -0.837543 0)
(-26.5793 -0.931934 0)
(-19.9978 -0.0915244 0)
(-13.4005 -0.0295085 0)
(-10.96 -0.174041 0)
(-6.47298 -0.415468 0)
(0.284879 -0.596643 0)
(4.46067 -0.105158 0)
(3.39635 0.411856 0)
(2.42997 0.35365 0)
(2.47918 -0.124416 0)
(5.03395 -0.62466 0)
(11.9038 -0.928262 0)
(20.1152 -0.925999 0)
(26.061 -0.553948 0)
(28.1334 0.233024 0)
(26.2024 0.595095 0)
(22.1217 0.299245 0)
(20.2544 0.36889 0)
(18.4797 0.197269 0)
(20.8188 -0.42854 0)
(26.0392 -0.753107 0)
(28.5535 -0.418343 0)
(26.2042 0.311981 0)
(21.1439 0.718884 0)
(15.1081 0.519124 0)
(11.6664 0.41312 0)
(7.9402 0.117783 0)
(8.21298 0.0227612 0)
(8.34012 0.629001 0)
(2.44515 0.538322 0)
(0.729925 0.00218404 0)
(0.681729 -0.100317 0)
(1.83684 -0.0378764 0)
(1.24837 0.168358 0)
(-3.3579 0.735972 0)
(-3.89509 0.30053 0)
(194.193 934.454 0)
(-890.239 114.628 0)
(-1139.88 40.038 0)
(-869.22 3.20864 0)
(-1118.76 20.7953 0)
(-1248.11 91.2092 0)
(-2670.58 69.544 0)
(-3742.1 106.157 0)
(-5554.74 333.962 0)
(-1856.7 26.1396 0)
(-1640.03 -676.883 0)
(-181.718 -598.153 0)
(1063.78 -187.623 0)
(1416.96 -76.0503 0)
(1787.81 -166.439 0)
(2554.98 -205.414 0)
(2527.92 -77.7304 0)
(2574.3 -56.8139 0)
(1961.71 192.818 0)
(2427.77 436.296 0)
(1576.28 236.969 0)
(-229.605 22.1929 0)
(699.962 -141.833 0)
(1175.79 -88.367 0)
(2028.79 -0.00635606 0)
(933.952 258.176 0)
(1.00706 208.805 0)
(-618.786 -487.77 0)
(-1723.36 -744.558 0)
(-262.406 -380.846 0)
(-830.198 -47.6416 0)
(692.97 -42.1619 0)
(2016.86 3.75702 0)
(3494.94 -51.1264 0)
(4176.1 -40.6774 0)
(4392.89 46.3355 0)
(3629.97 177.232 0)
(3158.79 119.237 0)
(2886.9 -12.9728 0)
(2751.45 -81.7849 0)
(2732.97 13.0148 0)
(2476.26 60.2248 0)
(2338.96 25.9608 0)
(2436.74 47.9582 0)
(2310.62 82.9575 0)
(2093.39 165.954 0)
(1600.98 185.403 0)
(1080.58 159.14 0)
(571.413 97.6071 0)
(277.921 42.6531 0)
(86.8073 0.617092 0)
(59.9302 -12.9476 0)
(28.1883 -11.37 0)
(21.8579 -4.27224 0)
(-19.7506 1.29623 0)
(-48.7642 6.64228 0)
(-95.094 7.0137 0)
(-113.946 5.41873 0)
(-144.558 2.58943 0)
(-140.456 0.0884647 0)
(-147.394 -0.272379 0)
(-132.076 -1.60136 0)
(-128.253 -2.72633 0)
(-107.296 -3.13409 0)
(-104.628 -3.52637 0)
(-81.0435 -3.41998 0)
(-60.7193 -2.32436 0)
(-47.8335 -2.15677 0)
(-33.3595 -2.37138 0)
(-21.0685 -2.71698 0)
(-8.33159 -1.29422 0)
(-4.93531 0.309828 0)
(-2.01414 0.345633 0)
(1.07857 -1.05544 0)
(9.17855 -2.54125 0)
(23.4329 -3.37989 0)
(37.8577 -3.21616 0)
(47.4589 -1.92115 0)
(52.9331 0.176248 0)
(53.1128 1.49737 0)
(47.8035 1.15766 0)
(44.601 0.73576 0)
(46.1279 -0.184314 0)
(52.043 -1.58614 0)
(60.8543 -1.83478 0)
(62.1729 -0.618002 0)
(57.2801 1.85388 0)
(47.9928 2.85196 0)
(30.5105 2.24567 0)
(24.8324 1.79422 0)
(13.846 0.821601 0)
(12.6378 0.0353384 0)
(14.4908 1.43184 0)
(8.78225 1.66797 0)
(3.1854 0.486558 0)
(0.0434518 0.0308861 0)
(0.101308 0.168836 0)
(-2.88337 0.600303 0)
(-12.5981 1.67905 0)
(-9.79955 0.469322 0)
(941.51 982.694 0)
(-35.5806 58.8129 0)
(-346.894 99.6181 0)
(-606.893 54.7786 0)
(-873.508 54.8767 0)
(-657.66 324.045 0)
(-2470.99 386.144 0)
(-2654.49 396.418 0)
(-3774.3 491.764 0)
(-1510.44 -371.343 0)
(465.316 -997.54 0)
(1110.64 -889.67 0)
(1508.43 -383.41 0)
(1095.78 -128.704 0)
(695.738 -324.221 0)
(1352.94 -384.373 0)
(1923.14 -160.827 0)
(1864.12 -62.4469 0)
(2249.8 231.086 0)
(2395.05 359.701 0)
(2325.95 399.114 0)
(1824.26 595.873 0)
(-619.109 179.706 0)
(-3379.49 -476.144 0)
(-117.362 -367.28 0)
(1441.62 313.145 0)
(1445.41 400.554 0)
(1596.72 -83.0495 0)
(131.168 -521.228 0)
(-1417.81 -369.5 0)
(19.6363 -330.582 0)
(1194.15 -561.078 0)
(2789.99 -556.946 0)
(3896.24 -386.856 0)
(4271.54 -211.011 0)
(3390.31 235.447 0)
(2828.16 372.421 0)
(2306.63 203.956 0)
(1677.98 93.65 0)
(1141.68 117.853 0)
(1086.04 31.5894 0)
(963.486 66.0369 0)
(928.04 34.5769 0)
(1235.84 -4.76568 0)
(1807.36 40.8844 0)
(2042.37 130.494 0)
(1817.27 253.557 0)
(1407.28 263.276 0)
(994.32 196.793 0)
(602.429 107.604 0)
(369.821 40.061 0)
(211.445 4.67866 0)
(135.333 4.1993 0)
(33.1657 10.3951 0)
(-43.832 16.8968 0)
(-128.97 21.5238 0)
(-189.604 17.5829 0)
(-220.904 11.5895 0)
(-242.416 5.51533 0)
(-238.451 0.739115 0)
(-241.944 -1.33164 0)
(-225.219 -4.73055 0)
(-212.639 -6.07982 0)
(-195.633 -6.62206 0)
(-185.592 -8.27819 0)
(-160.476 -8.94114 0)
(-128.472 -7.95655 0)
(-99.1457 -7.13426 0)
(-80.3827 -6.8814 0)
(-51.7454 -7.31685 0)
(-35.9348 -4.27945 0)
(-21.5096 -1.05769 0)
(-15.0609 -0.282005 0)
(-10.5841 -2.60486 0)
(-2.35894 -5.85157 0)
(14.3956 -7.30932 0)
(26.1263 -6.70553 0)
(39.6286 -4.5703 0)
(46.1881 -1.17569 0)
(58.9523 1.54743 0)
(55.0928 2.25289 0)
(48.0386 0.40021 0)
(63.582 -1.55983 0)
(66.34 -3.15256 0)
(75.2032 -3.21599 0)
(72.5451 -0.0482016 0)
(61.4768 5.07394 0)
(39.2475 6.95126 0)
(26.4098 5.37106 0)
(11.6895 4.25261 0)
(4.42571 2.20049 0)
(-1.0353 0.160913 0)
(3.44333 1.70877 0)
(5.79771 2.68189 0)
(1.02272 1.59829 0)
(-4.56809 0.84432 0)
(-7.3293 0.990974 0)
(-11.7687 1.56775 0)
(-18.9519 2.93265 0)
(-14.0021 0.688415 0)
(1352.14 915.27 0)
(363.135 82.6429 0)
(-50.7086 218.672 0)
(-538.131 115.637 0)
(-578.207 87.5365 0)
(-373.964 486.288 0)
(-1196.87 525.411 0)
(-1434.82 439.012 0)
(-2148.47 301.267 0)
(-1167.09 -552.527 0)
(380.4 -1393.47 0)
(1572.98 -1076.64 0)
(122.372 -203.712 0)
(-1287.83 106.248 0)
(-718.839 -588.753 0)
(-163.792 -669.688 0)
(480.174 -340.152 0)
(588.3 -207.328 0)
(903.485 103.221 0)
(2388.44 312.999 0)
(2714.7 512.136 0)
(1803.44 777.522 0)
(1068.64 569.283 0)
(965.6 -425.727 0)
(-548.978 -803.231 0)
(2186.83 118.847 0)
(476.549 148.185 0)
(2923.49 -90.3964 0)
(2365.8 -128.804 0)
(-21.6424 -328.194 0)
(1692.63 -657.191 0)
(3051.99 -815.377 0)
(4087.08 -681.868 0)
(3752.96 -269.672 0)
(3343.39 19.9266 0)
(1814.17 592.234 0)
(1479.25 526.73 0)
(419.86 315.559 0)
(-42.3251 96.1823 0)
(176.404 26.9106 0)
(413.384 15.2051 0)
(879.065 16.5522 0)
(1123.61 -55.3085 0)
(1201 -89.4082 0)
(1354.21 -28.0079 0)
(1462.29 199.972 0)
(1729.53 315.117 0)
(1575.4 340.142 0)
(1216.62 290.691 0)
(859.893 194.619 0)
(541.462 96.8834 0)
(350.065 42.8632 0)
(180.496 35.5123 0)
(48.0571 39.5864 0)
(-90.0761 41.7619 0)
(-186.112 40.94 0)
(-256.618 30.7809 0)
(-299.75 18.9484 0)
(-320.195 7.50352 0)
(-317.916 0.45425 0)
(-319.573 -2.56105 0)
(-304.703 -8.12666 0)
(-295.615 -10.25 0)
(-267.344 -10.8 0)
(-261.509 -12.8674 0)
(-230.503 -16.841 0)
(-186.805 -16.88 0)
(-161.468 -14.7738 0)
(-124.425 -14.3829 0)
(-87.1884 -14.2568 0)
(-61.1472 -9.01418 0)
(-47.8501 -4.12177 0)
(-31.9635 -1.95904 0)
(-26.369 -4.39199 0)
(-19.7362 -8.84733 0)
(-5.11343 -10.5662 0)
(4.40303 -9.70434 0)
(14.1148 -8.0595 0)
(35.1878 -4.01737 0)
(39.9483 0.248591 0)
(54.8931 2.17003 0)
(47.6843 -0.891384 0)
(65.6383 -3.66625 0)
(67.7325 -4.7145 0)
(78.9342 -3.80924 0)
(68.6481 2.54234 0)
(48.1842 10.0468 0)
(26.6715 12.2868 0)
(0.78807 9.43813 0)
(-11.3391 7.10772 0)
(-18.42 3.64314 0)
(-20.6895 0.0307226 0)
(-15.4569 0.828891 0)
(-9.83427 2.57949 0)
(-10.9486 2.45824 0)
(-15.7772 1.94178 0)
(-18.1756 2.07717 0)
(-21.4889 2.19428 0)
(-27.946 3.39453 0)
(-20.6788 0.36355 0)
(1626.06 767.78 0)
(532.957 132.34 0)
(13.1222 378.03 0)
(-551.488 216.925 0)
(-758.882 5.83396 0)
(-295.485 505.425 0)
(-148.842 653.691 0)
(-856.189 522.849 0)
(-952.71 268.758 0)
(-249.156 -740.749 0)
(-179.301 -1708.78 0)
(-242.953 -1231.45 0)
(206.893 -385.366 0)
(1560.76 299.629 0)
(1549.84 -79.8693 0)
(-1537.27 -754.086 0)
(666.243 -467.341 0)
(609.069 -169.861 0)
(446.699 -101.119 0)
(2013.81 50.8044 0)
(2778.59 462.207 0)
(2770.5 978.555 0)
(1976.06 598.507 0)
(2002 -290.381 0)
(960.278 -974.557 0)
(3336.53 -25.6543 0)
(2668.77 206.57 0)
(3642.19 -165.7 0)
(3610.65 -31.1648 0)
(2662.55 -239.308 0)
(2630.91 -910.441 0)
(3483.02 -1145.34 0)
(4163.6 -781.489 0)
(3489.68 -355.611 0)
(1555.24 339.259 0)
(2331.79 698.463 0)
(1575.27 698.299 0)
(645.413 443.999 0)
(-55.0317 98.6099 0)
(-24.4627 25.0425 0)
(665.145 -111.778 0)
(999.622 -73.5216 0)
(1194.11 -67.8011 0)
(952.385 -24.9039 0)
(839.04 16.9117 0)
(1211.38 79.7103 0)
(1415.73 288.206 0)
(1453.87 396.572 0)
(1297.62 360.285 0)
(984.595 270.63 0)
(686.13 164.55 0)
(416.744 95.0396 0)
(224.59 79.658 0)
(35.4125 79.1671 0)
(-114.181 75.1214 0)
(-229.323 64.7285 0)
(-297.273 46.7671 0)
(-351.114 26.9313 0)
(-365.132 10.4943 0)
(-374.771 -0.0874491 0)
(-363.864 -4.52687 0)
(-358.598 -10.7409 0)
(-339.615 -14.4553 0)
(-325.639 -15.5572 0)
(-296.683 -19.6419 0)
(-274.992 -24.9749 0)
(-231.946 -25.8662 0)
(-191.339 -23.3091 0)
(-150.299 -23.3457 0)
(-116.982 -22.3378 0)
(-96.6087 -14.9952 0)
(-64.6031 -8.48653 0)
(-52.4651 -4.62658 0)
(-42.182 -6.09173 0)
(-37.2952 -11.2768 0)
(-26.9142 -13.1601 0)
(-21.1319 -12.4364 0)
(-6.68704 -12.0312 0)
(9.09772 -7.82115 0)
(32.3697 -2.99422 0)
(36.3143 0.457835 0)
(50.7123 -2.59038 0)
(55.5041 -6.06749 0)
(69.1315 -6.43332 0)
(70.0318 -3.20293 0)
(57.042 6.27097 0)
(32.0175 16.5093 0)
(-1.02302 18.7575 0)
(-20.5218 14.8375 0)
(-47.3394 9.84079 0)
(-43.9774 3.80125 0)
(-44.9419 -1.02672 0)
(-33.3091 -0.850301 0)
(-27.1546 1.79791 0)
(-26.147 2.82667 0)
(-29.0087 2.72376 0)
(-29.5826 2.96571 0)
(-32.3155 2.58757 0)
(-38.6896 3.50126 0)
(-28.4185 0.248353 0)
(1825.78 588.552 0)
(583.403 201.354 0)
(-4.9623 559.815 0)
(-499.179 377.86 0)
(-1255.92 -24.8672 0)
(-646.489 404.858 0)
(431.898 639.546 0)
(-224.553 579.349 0)
(-407.533 184.444 0)
(276.12 -703.413 0)
(-391.226 -1550.19 0)
(-1288.77 -1093.95 0)
(-1121 -643.261 0)
(1329.11 100.22 0)
(1189.99 53.7352 0)
(-46.7241 -486.889 0)
(-545.626 -542.42 0)
(-418.401 -187.685 0)
(608.834 -284.011 0)
(1473.78 -213.298 0)
(2271.48 310.523 0)
(2761.96 1034.87 0)
(2588.05 809.17 0)
(2151.04 -197.763 0)
(879.282 -1165.52 0)
(3704.5 -233.5 0)
(3747.63 327.269 0)
(2396.68 -173.761 0)
(3121.26 -49.473 0)
(3697.28 -162.845 0)
(3630.1 -717.588 0)
(3307.58 -1002.73 0)
(1916.15 -571.603 0)
(2015.36 24.6706 0)
(489.911 427.47 0)
(2529.34 586.876 0)
(1678.29 936.2 0)
(934.589 744.152 0)
(-25.3089 244.66 0)
(-313.693 -129.092 0)
(617.906 -255.294 0)
(903.442 -132.909 0)
(1130.39 -73.7226 0)
(1002.82 -24.5857 0)
(826.819 -3.47324 0)
(650.44 69.3068 0)
(977.647 250.147 0)
(1271.19 383.457 0)
(1195.18 411.526 0)
(992.291 340.313 0)
(760.26 231.605 0)
(463.625 156.024 0)
(246.933 133.743 0)
(25.5299 123.307 0)
(-138.403 107.83 0)
(-255.171 86.8224 0)
(-322.01 59.9935 0)
(-376.399 35.136 0)
(-386.77 13.1684 0)
(-397.124 0.0280319 0)
(-388.655 -6.43777 0)
(-372.939 -14.0616 0)
(-367.775 -18.2404 0)
(-340.184 -21.3665 0)
(-327.42 -26.0658 0)
(-294.388 -33.4598 0)
(-249.691 -36.0103 0)
(-223.666 -33.6092 0)
(-178.328 -32.9885 0)
(-157.847 -29.9002 0)
(-124.529 -22.6246 0)
(-85.3555 -14.936 0)
(-66.7022 -7.27748 0)
(-59.0858 -8.08063 0)
(-55.1587 -13.0088 0)
(-45.731 -14.9563 0)
(-41.6438 -14.6271 0)
(-34.5745 -16.4244 0)
(-6.11805 -13.0371 0)
(8.18142 -6.42329 0)
(32.5784 -2.75906 0)
(36.6891 -5.43799 0)
(54.109 -8.22485 0)
(58.695 -7.8339 0)
(63.3717 -1.34025 0)
(40.8541 12.1624 0)
(7.50545 24.5153 0)
(-23.0912 26.3906 0)
(-56.4305 20.823 0)
(-72.8042 11.6801 0)
(-63.7414 3.15087 0)
(-65.2672 -2.55895 0)
(-51.4089 -3.08101 0)
(-42.9523 0.672923 0)
(-41.1481 2.73848 0)
(-42.8964 2.90888 0)
(-40.0846 3.42769 0)
(-41.2823 2.73101 0)
(-45.9628 2.99307 0)
(-30.5454 -0.295383 0)
(2010.73 377.979 0)
(508.316 290.29 0)
(-146.131 743.415 0)
(-448.451 577.801 0)
(-1550.05 -19.6598 0)
(-782.386 175.935 0)
(641.792 573.403 0)
(-36.7326 677.397 0)
(-310.58 131.153 0)
(595.505 -647.034 0)
(-366.332 -1313.3 0)
(-2108.05 -1072.61 0)
(-2742.27 -902.629 0)
(147.317 -59.3518 0)
(28.3209 -17.7944 0)
(-453.168 -348.069 0)
(-681.625 -439.467 0)
(49.7829 -289.391 0)
(-153.449 -396.514 0)
(715.71 -422.381 0)
(1565.36 121.258 0)
(2183.6 999.097 0)
(3004.03 831.391 0)
(2901.81 -23.2248 0)
(987.692 -1161.84 0)
(1919.87 -682.706 0)
(3426.99 349.962 0)
(2252.48 -166.5 0)
(2294.82 -56.3194 0)
(1706.27 -257.256 0)
(1682.99 -884.215 0)
(2017.98 -1114.56 0)
(290.264 -337.323 0)
(338.002 164.162 0)
(1466.52 211.316 0)
(2472.48 495.336 0)
(2025.27 1048.33 0)
(1677.84 911.526 0)
(929.679 490.856 0)
(63.0712 51.6493 0)
(328.367 -354.685 0)
(476.994 -165.426 0)
(914.932 -93.3522 0)
(794.646 6.80769 0)
(778.246 34.9967 0)
(690.671 44.232 0)
(645.357 185.057 0)
(836.38 356.318 0)
(1017.05 419.567 0)
(917.647 381.62 0)
(720.846 296.425 0)
(480.174 217.91 0)
(237.801 190.655 0)
(33.8359 175.499 0)
(-142.447 143.925 0)
(-252.832 111.41 0)
(-318.893 77.3095 0)
(-381.618 42.9689 0)
(-392.97 14.6977 0)
(-403.052 -1.89485 0)
(-391.108 -9.62025 0)
(-375.206 -16.7156 0)
(-369.574 -22.3851 0)
(-342.409 -26.8934 0)
(-327.558 -32.4835 0)
(-292.219 -42.1323 0)
(-266.415 -44.1329 0)
(-231.74 -41.2867 0)
(-203.986 -40.294 0)
(-172.41 -37.3308 0)
(-134.093 -31.3794 0)
(-109.561 -21.686 0)
(-84.0221 -11.2551 0)
(-70.9911 -9.80105 0)
(-67.7644 -14.5323 0)
(-60.642 -15.9342 0)
(-64.9509 -16.1227 0)
(-54.4123 -20.941 0)
(-32.6064 -18.7555 0)
(-0.219733 -12.0142 0)
(13.3268 -6.85078 0)
(35.6736 -8.45099 0)
(41.7206 -10.7477 0)
(55.0367 -8.97035 0)
(49.804 1.11605 0)
(21.7655 19.2731 0)
(-13.8136 33.8308 0)
(-53.6079 34.2666 0)
(-76.0315 25.1628 0)
(-81.5922 13.291 0)
(-84.9164 1.90806 0)
(-74.5009 -4.95862 0)
(-63.9912 -5.40627 0)
(-60.4173 -0.713796 0)
(-54.2928 2.10765 0)
(-53.0383 2.54581 0)
(-48.7263 3.23334 0)
(-46.0079 1.95817 0)
(-47.1937 1.52253 0)
(-28.2854 -1.20845 0)
(2193.71 154.858 0)
(281.957 427.393 0)
(-372.594 943.634 0)
(-355.352 735.329 0)
(-1346.21 -38.3371 0)
(-537.945 -121.163 0)
(758.064 493.475 0)
(400.651 771.51 0)
(-137.36 90.5955 0)
(593.405 -612.715 0)
(-254.408 -982.031 0)
(-1305.09 -838.575 0)
(-1973.89 -1038.25 0)
(-981.442 -228.142 0)
(-378.306 153.592 0)
(-2428.76 -424.954 0)
(-2153.98 -710.444 0)
(-859.788 -468.436 0)
(-599.179 -632.438 0)
(1001.63 -705.07 0)
(672.696 -243.588 0)
(1361.05 829.959 0)
(3048.96 724.139 0)
(2818.08 365.09 0)
(1151.17 -813.356 0)
(-975.404 -992.833 0)
(2200.29 159.542 0)
(2243.7 135.833 0)
(566.312 56.7999 0)
(306.441 -310.817 0)
(426.012 -987.716 0)
(266.496 -522.3 0)
(-30.777 -264.189 0)
(413.269 -215.935 0)
(1923.05 -67.0924 0)
(1959.03 490.286 0)
(1842.76 1114.24 0)
(2018.31 969.518 0)
(1591.65 568.811 0)
(880.783 118.438 0)
(460.176 -357.634 0)
(52.2671 -221.986 0)
(750.512 -159.599 0)
(456.224 15.6318 0)
(664.981 42.571 0)
(559.658 65.1851 0)
(541.386 176.533 0)
(598.57 317.356 0)
(625.638 411.079 0)
(729.796 404.246 0)
(630.712 329.698 0)
(431.834 278.357 0)
(235.911 245.6 0)
(36.7123 219.095 0)
(-121.871 180.524 0)
(-241.084 132.856 0)
(-304.156 92.6733 0)
(-360.739 53.8371 0)
(-380.973 20.0438 0)
(-400.051 -0.67663 0)
(-380.52 -12.7444 0)
(-369.144 -20.0528 0)
(-352.963 -26.2235 0)
(-340.597 -31.7565 0)
(-316.464 -39.0289 0)
(-294.837 -48.9775 0)
(-262.241 -51.3897 0)
(-240.665 -48.7541 0)
(-205.726 -48.2145 0)
(-183.14 -46.071 0)
(-153.272 -39.5124 0)
(-122.674 -27.8968 0)
(-91.9241 -15.6417 0)
(-82.2213 -12.1017 0)
(-79.7749 -15.5445 0)
(-74.9408 -15.89 0)
(-83.1268 -16.102 0)
(-81.6675 -25.4049 0)
(-47.1567 -25.7374 0)
(-23.8648 -18.1754 0)
(12.6751 -11.9533 0)
(21.5475 -12.1432 0)
(39.4795 -12.6872 0)
(42.6678 -9.4666 0)
(37.5849 5.98881 0)
(1.80995 27.9426 0)
(-38.6635 43.0434 0)
(-67.6383 41.6679 0)
(-89.4968 29.178 0)
(-98.096 13.7414 0)
(-90.7909 0.459592 0)
(-85.9068 -7.18398 0)
(-76.3796 -6.91548 0)
(-71.3344 -2.17585 0)
(-62.865 0.634561 0)
(-58.1893 1.52525 0)
(-54.4648 2.61389 0)
(-48.8295 0.503371 0)
(-49.2271 -0.767852 0)
(-27.8776 -2.37322 0)
(2291.35 -19.8981 0)
(38.6262 554.18 0)
(-93.8876 1079.99 0)
(-8.28418 819.828 0)
(-770.073 -16.6375 0)
(-670.862 -374.818 0)
(670.339 384.605 0)
(916.27 821.012 0)
(219.492 148.582 0)
(447.096 -579.638 0)
(-11.6695 -756.494 0)
(-239.532 -784.194 0)
(-712.171 -1005.92 0)
(-1079.68 -284.511 0)
(-607.939 224.697 0)
(-1083.22 -166.709 0)
(-1970.51 -667.923 0)
(-1967.12 -784.669 0)
(829.721 -871.299 0)
(1795.34 -698.047 0)
(-56.5051 -296.851 0)
(1443.45 399.229 0)
(3147.77 490.525 0)
(2616.12 330.728 0)
(2585.69 -160.916 0)
(-2467.68 -886.877 0)
(996.063 -104.146 0)
(-173.924 14.3413 0)
(448.566 269.682 0)
(1417.82 -181.794 0)
(826.1 -749.818 0)
(-523.812 -548.672 0)
(-548.854 -397.123 0)
(227.653 -503.56 0)
(1238.72 -263.447 0)
(637.952 562.216 0)
(1141.24 1066.43 0)
(1742.84 957.263 0)
(1371.56 676.543 0)
(1108.86 183.248 0)
(665.477 -286.088 0)
(5.34813 -213.038 0)
(404.831 -191.445 0)
(171.988 14.5978 0)
(376.393 31.43 0)
(385.244 70.8537 0)
(246.518 186.352 0)
(300.906 305.844 0)
(402.683 383.61 0)
(408.524 399.466 0)
(449.988 367.028 0)
(362.569 312.148 0)
(209.388 292.776 0)
(52.7335 265.442 0)
(-100.399 212.088 0)
(-209.653 156.83 0)
(-280.134 106.882 0)
(-333.848 63.0752 0)
(-360.485 24.1177 0)
(-382.743 -1.59017 0)
(-365.214 -15.7694 0)
(-354.075 -23.8161 0)
(-341.265 -29.3054 0)
(-322.953 -36.3469 0)
(-309.322 -44.972 0)
(-277.163 -54.738 0)
(-263.49 -57.4259 0)
(-231.486 -55.1443 0)
(-209.283 -54.644 0)
(-179.285 -52.591 0)
(-155.764 -46.4828 0)
(-122.757 -35.4873 0)
(-100.799 -20.3986 0)
(-88.33 -13.9964 0)
(-86.3156 -16.2206 0)
(-86.3373 -14.4186 0)
(-105.336 -15.3212 0)
(-101.642 -29.761 0)
(-73.2296 -33.3244 0)
(-32.1257 -26.6688 0)
(2.74676 -18.3384 0)
(21.7009 -15.2713 0)
(28.0976 -15.0792 0)
(36.7559 -8.65701 0)
(21.7271 11.3888 0)
(-17.7192 37.4787 0)
(-54.1412 52.7177 0)
(-88.2923 47.3602 0)
(-96.1918 31.9778 0)
(-103.842 13.6127 0)
(-88.9943 -1.5966 0)
(-83.9573 -8.87116 0)
(-76.3561 -8.15423 0)
(-76.3574 -3.81055 0)
(-64.9508 -1.34323 0)
(-61.079 0.536161 0)
(-57.0779 1.95676 0)
(-52.5848 -1.27843 0)
(-52.9636 -3.22581 0)
(-29.9725 -3.56488 0)
(2316.53 -204.701 0)
(-232.975 650.176 0)
(251.718 1131.57 0)
(325.424 895.283 0)
(-239.404 136.887 0)
(-1166.28 -553.42 0)
(351.082 136.029 0)
(1396.35 785.193 0)
(800.869 278.347 0)
(604.04 -505.822 0)
(388.373 -701.252 0)
(493.808 -794.454 0)
(92.6203 -919.444 0)
(-309.334 -171.247 0)
(-33.5363 157.939 0)
(-237.718 -122.202 0)
(99.9142 -519.91 0)
(-339.632 -898.526 0)
(752.47 -1117.18 0)
(1768.25 -600.737 0)
(482.3 -251.47 0)
(1392.24 274.713 0)
(3169.63 336.187 0)
(3075.19 579.063 0)
(1292.25 399.384 0)
(-2497.05 -566.831 0)
(228.356 -259.178 0)
(-1921.94 -155.024 0)
(538.279 62.1118 0)
(1645.77 -396.918 0)
(1522.68 -717.316 0)
(1287.81 -294.825 0)
(570.794 -309.575 0)
(-638.397 -488.781 0)
(-501.657 -280.084 0)
(-692.368 606.799 0)
(590.104 853.787 0)
(1058.75 956.457 0)
(512.602 795.602 0)
(639.748 282.253 0)
(501.105 -115.898 0)
(163.819 -187.122 0)
(381.618 -178.683 0)
(62.7208 -15.0094 0)
(174.136 26.7669 0)
(119.194 84.5826 0)
(-16.6893 190.533 0)
(11.8222 299.71 0)
(68.6417 367.2 0)
(185.016 375.767 0)
(241.037 353.84 0)
(258.154 338.672 0)
(187.536 323.946 0)
(57.6506 300.697 0)
(-65.6108 244.823 0)
(-176.391 178.75 0)
(-243.102 123.53 0)
(-294.409 74.4577 0)
(-328.63 31.0036 0)
(-349.291 -0.797877 0)
(-344.855 -18.1163 0)
(-337.093 -26.9065 0)
(-319.154 -33.3328 0)
(-306.334 -39.9702 0)
(-294.152 -51.0646 0)
(-260.995 -61.1065 0)
(-254.056 -62.7229 0)
(-228.472 -61.2387 0)
(-201.698 -61.529 0)
(-177.775 -60.0121 0)
(-150.196 -53.6682 0)
(-126.041 -41.3457 0)
(-102.403 -24.4748 0)
(-93.6674 -15.8479 0)
(-92.7058 -16.0286 0)
(-98.8383 -11.0277 0)
(-124.727 -12.4535 0)
(-128.047 -34.6706 0)
(-87.5938 -42.0525 0)
(-54.5284 -36.1335 0)
(-8.26386 -25.7587 0)
(6.9636 -19.3687 0)
(24.3371 -16.2803 0)
(25.4537 -7.40329 0)
(8.53255 18.2231 0)
(-34.8158 47.714 0)
(-72.513 60.5483 0)
(-93.3887 52.3142 0)
(-105.941 32.8355 0)
(-98.8274 12.4637 0)
(-91.998 -3.52527 0)
(-85.7059 -10.4526 0)
(-79.2483 -9.22464 0)
(-73.8882 -5.4095 0)
(-67.5298 -3.3088 0)
(-61.3103 -0.435248 0)
(-59.6631 1.34513 0)
(-54.4808 -2.79828 0)
(-56.4705 -5.84217 0)
(-33.121 -4.84797 0)
(2292.97 -347.273 0)
(-217.805 701.781 0)
(544.881 1140.58 0)
(713.308 942.683 0)
(266.931 316.538 0)
(-944.737 -651.917 0)
(363.19 -201.561 0)
(1591.65 705.902 0)
(1243.63 393.774 0)
(801.862 -429.742 0)
(583.147 -735.578 0)
(648.168 -817.512 0)
(595.753 -836.831 0)
(-73.16 -55.1055 0)
(264.78 131.655 0)
(-123.532 -211.197 0)
(595.548 -558.551 0)
(683.106 -931.038 0)
(-204.413 -1328.92 0)
(902.952 -613.648 0)
(413.452 -272.09 0)
(2376.11 83.4092 0)
(3067.06 99.4505 0)
(2942.68 742.199 0)
(2297.34 642.514 0)
(1525.7 -219.405 0)
(711.912 -306.142 0)
(-324.138 -238.3 0)
(607.4 -224.225 0)
(1537.6 -568.443 0)
(1545.76 -667.653 0)
(628.434 -185.435 0)
(500.499 -72.1688 0)
(-533.734 -340.973 0)
(-1044.39 -290.059 0)
(-141.994 417.647 0)
(1024.73 592.942 0)
(966.825 927.211 0)
(321.047 761.563 0)
(624.655 225.955 0)
(510.622 -83.3435 0)
(292.532 -162.955 0)
(356.217 -134.981 0)
(1.67167 -4.21872 0)
(9.01478 43.0111 0)
(-74.6754 108.014 0)
(-225.191 216.714 0)
(-300.894 294.86 0)
(-215.893 349.884 0)
(-131.278 349.079 0)
(77.9421 330.698 0)
(147.23 330.718 0)
(158.92 347.693 0)
(76.1869 328.887 0)
(-34.0467 273.529 0)
(-131.336 201.04 0)
(-206.847 135.717 0)
(-253.527 84.5439 0)
(-287.775 38.3369 0)
(-316.172 2.32055 0)
(-315.156 -18.751 0)
(-310.801 -29.9859 0)
(-297.277 -36.0926 0)
(-288.118 -43.4486 0)
(-267.74 -56.2926 0)
(-252.106 -65.011 0)
(-235.192 -66.6464 0)
(-213.547 -66.6057 0)
(-196.35 -66.7677 0)
(-171.869 -65.8895 0)
(-151.316 -59.9553 0)
(-126.44 -46.8814 0)
(-106.058 -27.6048 0)
(-95.205 -17.5665 0)
(-95.7083 -14.5438 0)
(-113.7 -5.36686 0)
(-145.481 -9.08012 0)
(-147.773 -39.2273 0)
(-112.363 -51.9318 0)
(-62.3244 -46.0846 0)
(-29.0133 -33.8376 0)
(3.41874 -23.6332 0)
(13.0295 -18.3708 0)
(17.8679 -5.1344 0)
(-7.58635 26.0648 0)
(-51.4081 56.4864 0)
(-80.0431 68.39 0)
(-104.996 55.5387 0)
(-100.617 32.809 0)
(-97.9346 10.4707 0)
(-85.5148 -5.7732 0)
(-81.5299 -12.0426 0)
(-70.9713 -10.2893 0)
(-72.6899 -6.58442 0)
(-64.4638 -5.00223 0)
(-61.9502 -1.0799 0)
(-58.0567 0.928375 0)
(-54.2238 -4.24355 0)
(-56.8612 -8.01129 0)
(-35.8084 -5.95053 0)
(2264.01 -504.081 0)
(-27.7451 698.072 0)
(782.877 1130.33 0)
(953.876 959.477 0)
(702.875 528.25 0)
(-537.523 -682.714 0)
(54.4385 -500.799 0)
(1359.87 601.85 0)
(1482.76 502.64 0)
(935.527 -323.591 0)
(578.736 -741.689 0)
(616.5 -841.411 0)
(681.388 -751.328 0)
(114.752 55.1424 0)
(298.524 142.779 0)
(-525.167 -293.482 0)
(467.324 -658.235 0)
(351.345 -892.485 0)
(-85.6301 -1281.89 0)
(475.495 -521.815 0)
(-3046.27 -510.94 0)
(-747.449 -563.762 0)
(2093.99 -167.269 0)
(2507.3 774.981 0)
(2710.71 724.022 0)
(1733.72 -106.809 0)
(1901.06 -42.8953 0)
(623.324 -124.627 0)
(349.696 -372.155 0)
(1262.65 -740.308 0)
(1007.75 -580.245 0)
(20.0853 17.3626 0)
(88.2594 19.5656 0)
(637.03 -272.816 0)
(-69.878 -322.207 0)
(578.795 211.664 0)
(1201.43 514.563 0)
(533.761 1101.5 0)
(71.1402 815.461 0)
(535.192 208.547 0)
(426.284 -45.9693 0)
(325.229 -148.285 0)
(317.133 -92.2357 0)
(41.2493 40.6888 0)
(-3.36754 71.1681 0)
(-103.252 141.272 0)
(-363.612 252.989 0)
(-446.319 297.571 0)
(-435.755 333.665 0)
(-287.64 304.726 0)
(-102.963 286.916 0)
(70.8695 310.515 0)
(166.526 347.031 0)
(112.476 354.928 0)
(2.71607 293.505 0)
(-95.657 221.054 0)
(-160.352 155.475 0)
(-217.952 98.2729 0)
(-249.9 45.8926 0)
(-277.313 5.46813 0)
(-283.134 -18.7605 0)
(-278.689 -32.0375 0)
(-273.061 -38.246 0)
(-260.199 -46.8503 0)
(-252.463 -60.2857 0)
(-230.452 -69.6764 0)
(-226.114 -70.9858 0)
(-209.094 -71.0782 0)
(-186.181 -72.1558 0)
(-170.909 -71.6894 0)
(-152.841 -66.1211 0)
(-122.793 -52.7666 0)
(-104.172 -31.8709 0)
(-96.7179 -18.6885 0)
(-99.4651 -11.6303 0)
(-126.551 2.57111 0)
(-165.544 -4.351 0)
(-168.531 -44.555 0)
(-125.975 -62.3774 0)
(-81.7554 -56.6712 0)
(-33.8208 -42.5745 0)
(-10.2408 -29.201 0)
(8.33146 -19.7154 0)
(6.11109 -2.05549 0)
(-21.8285 34.3197 0)
(-64.6963 67.4483 0)
(-97.7043 74.0756 0)
(-100.213 56.7778 0)
(-101.599 31.0907 0)
(-87.4347 8.21603 0)
(-82.4648 -7.79003 0)
(-71.6394 -13.7874 0)
(-68.471 -11.2633 0)
(-64.8489 -7.40143 0)
(-63.0009 -6.14392 0)
(-58.5571 -1.70957 0)
(-54.4728 0.577972 0)
(-52.0221 -5.68561 0)
(-49.9922 -10.1624 0)
(-34.498 -6.75045 0)
(2242.53 -693.004 0)
(130.635 677.297 0)
(941.54 1112.13 0)
(1157.49 964.734 0)
(1008.21 646.912 0)
(182.61 -294.701 0)
(-1948.96 -773.128 0)
(605.022 337.36 0)
(1540.25 541.879 0)
(953.076 -207.224 0)
(454.95 -721.732 0)
(117.527 -872.447 0)
(367.566 -742.384 0)
(492.552 153.846 0)
(358.604 253.935 0)
(-851.037 -312.698 0)
(-865.93 -747.493 0)
(-1001.55 -1070.2 0)
(571.582 -1110.9 0)
(255.913 -253.586 0)
(-336.561 -414.122 0)
(1485.06 -906.023 0)
(1779.37 -331.468 0)
(2436.56 648.619 0)
(2591.21 740.529 0)
(1809.51 60.4647 0)
(2019.35 102.832 0)
(784.728 69.5082 0)
(-140.387 -319.069 0)
(1500.56 -891.093 0)
(236.514 -473.55 0)
(-314.728 119.299 0)
(582.617 -98.8297 0)
(920.661 -323.344 0)
(736.028 -320.696 0)
(1124.37 126.162 0)
(1104.58 575.082 0)
(131.838 1254.08 0)
(-2.35112 770.333 0)
(485.254 167.541 0)
(345.115 -16.984 0)
(141.037 -117.51 0)
(146.669 -55.2137 0)
(161.729 39.0448 0)
(129.709 102.33 0)
(-13.8995 202.423 0)
(-334.907 304.251 0)
(-547.874 316.176 0)
(-429.09 304.716 0)
(-286.85 256.382 0)
(-62.4151 231.799 0)
(92.6795 270.561 0)
(165.059 338.846 0)
(142.64 375.471 0)
(48.1101 325.375 0)
(-54.3712 239.975 0)
(-126.734 164.592 0)
(-183.776 106.254 0)
(-212.423 53.6612 0)
(-237.037 9.77864 0)
(-242.754 -18.0442 0)
(-249.287 -32.6716 0)
(-241.272 -40.137 0)
(-237.477 -48.7404 0)
(-223.788 -63.929 0)
(-216.273 -72.4099 0)
(-204.089 -72.9181 0)
(-190.754 -74.7831 0)
(-180.947 -75.4983 0)
(-164.039 -75.7934 0)
(-144.543 -72.0202 0)
(-124.216 -57.6974 0)
(-105.27 -33.7477 0)
(-94.8787 -20.1885 0)
(-102.479 -6.71485 0)
(-144.304 12.5311 0)
(-180.27 -0.555363 0)
(-183.781 -48.5739 0)
(-146.627 -74.5613 0)
(-88.1557 -67.9577 0)
(-50.0369 -51.898 0)
(-14.8289 -34.6827 0)
(-3.6116 -21.4938 0)
(-0.304523 1.76467 0)
(-36.1468 43.9669 0)
(-77.8118 75.0975 0)
(-101.165 78.4342 0)
(-102.519 56.2089 0)
(-90.0189 29.2361 0)
(-84.7529 5.95858 0)
(-73.2944 -9.98778 0)
(-68.3455 -15.3689 0)
(-59.598 -11.9605 0)
(-62.6505 -7.94094 0)
(-56.291 -7.24876 0)
(-55.5508 -2.46309 0)
(-47.0069 -0.324236 0)
(-44.8886 -7.23871 0)
(-44.8448 -11.8915 0)
(-31.5369 -7.03254 0)
(2231.73 -896.913 0)
(198.421 643.007 0)
(1014.23 1088.5 0)
(1278.83 949.56 0)
(1260.21 747.254 0)
(392.866 107.238 0)
(-1693.33 -818.333 0)
(713.068 17.6779 0)
(1342.35 536.065 0)
(808.216 -75.1427 0)
(20.6631 -573.705 0)
(-1827.79 -847.857 0)
(-962.722 -887.613 0)
(788.074 85.7085 0)
(901.787 362.528 0)
(745.602 -258.623 0)
(704.508 -623.827 0)
(-4.87585 -1163.67 0)
(361.876 -1268.07 0)
(837.705 -428.179 0)
(1825.69 -669.022 0)
(1794.9 -987.297 0)
(1847.94 -431.392 0)
(2334.33 565.179 0)
(2521.6 773.753 0)
(1640.55 185.26 0)
(1740.52 210.94 0)
(1012.72 264.184 0)
(614.647 -332.52 0)
(1792.39 -810.052 0)
(-821.431 -281.288 0)
(148.994 43.6258 0)
(657.752 -222.982 0)
(922.434 -378.044 0)
(892.118 -363.362 0)
(1280.98 134.595 0)
(544.282 768.914 0)
(-291.797 1381.5 0)
(61.0559 677.06 0)
(359.485 134.442 0)
(385.093 -7.89132 0)
(459.584 -74.2205 0)
(149.6 -49.6545 0)
(155.092 31.5906 0)
(200.135 127.954 0)
(84.4868 259.677 0)
(-315.495 379.623 0)
(-516.213 332.427 0)
(-430.954 269.068 0)
(-185.655 204.605 0)
(-0.356934 183.59 0)
(126.203 242.376 0)
(187.579 335.688 0)
(167.783 389.742 0)
(78.9239 347.949 0)
(-15.6628 264.394 0)
(-91.0695 185.9 0)
(-146.971 118.893 0)
(-172.282 59.3402 0)
(-192.013 13.574 0)
(-209.332 -15.8543 0)
(-209.89 -32.5894 0)
(-214.107 -40.828 0)
(-203.106 -51.0301 0)
(-200.459 -66.0274 0)
(-188.971 -74.849 0)
(-191.035 -75.3204 0)
(-181.932 -77.4686 0)
(-166.179 -79.3048 0)
(-156.119 -79.7864 0)
(-142.947 -77.103 0)
(-119.414 -62.895 0)
(-104.111 -37.6717 0)
(-93.9205 -19.8857 0)
(-106.855 0.0505021 0)
(-150.567 24.1935 0)
(-195.221 4.28795 0)
(-193.802 -54.9326 0)
(-157.856 -85.1524 0)
(-102.718 -80.5593 0)
(-54.284 -61.3492 0)
(-27.4881 -40.4193 0)
(-8.1604 -23.1409 0)
(-11.5537 6.20477 0)
(-47.4745 51.1719 0)
(-80.9101 82.8086 0)
(-91.9112 80.5667 0)
(-90.6132 54.9811 0)
(-87.3414 27.0285 0)
(-73.908 3.77942 0)
(-71.0809 -11.8876 0)
(-60.2739 -17.0015 0)
(-58.1956 -12.6419 0)
(-54.2836 -8.4348 0)
(-52.9902 -8.21746 0)
(-48.8365 -3.91597 0)
(-33.3201 -1.53333 0)
(-30.5619 -8.04964 0)
(-36.7282 -12.6385 0)
(-27.8632 -7.24805 0)
(2194.6 -1104.46 0)
(195.2 607.036 0)
(993.998 1058.16 0)
(1368.71 908.389 0)
(1409.72 844.994 0)
(680.529 295.861 0)
(-295.019 -762.372 0)
(216.899 -379.019 0)
(1070.54 603.67 0)
(528.46 88.7186 0)
(-802.037 -359.998 0)
(-2128.73 -606.375 0)
(-403.192 -1077.12 0)
(1483.53 -1.86085 0)
(1807.24 250.244 0)
(1798.31 -232.707 0)
(1428.38 -495.133 0)
(533.788 -1038.84 0)
(483.625 -1262.79 0)
(1401.9 -616.647 0)
(2178.43 -765.206 0)
(1962.36 -942.13 0)
(1848.26 -472.023 0)
(2187.96 503.705 0)
(2386.27 812.927 0)
(1675.11 338.183 0)
(1021.89 309.435 0)
(912.974 310.316 0)
(1315.82 -334.1 0)
(1963.35 -634.113 0)
(-1006.05 -94.0489 0)
(-372.557 -93.3068 0)
(356.277 -316.042 0)
(515.69 -472.455 0)
(868.514 -391.951 0)
(778.831 208.375 0)
(-294.733 961.378 0)
(-695.365 1368.63 0)
(173.381 578.132 0)
(130.709 129.711 0)
(84.4686 -38.9408 0)
(675.303 -95.1862 0)
(369.681 4.60018 0)
(194.184 20.0097 0)
(206.259 138.056 0)
(42.0129 321.441 0)
(-365.519 448.671 0)
(-474.474 342.952 0)
(-389.536 232.37 0)
(-128.077 145.802 0)
(101.933 142.728 0)
(199.719 222.78 0)
(191.005 330.749 0)
(168.654 403.047 0)
(95.3318 368.443 0)
(8.49341 282.606 0)
(-68.6698 196.789 0)
(-116.355 128.814 0)
(-132.884 65.9431 0)
(-159.03 17.6439 0)
(-167.355 -13.5762 0)
(-179.661 -31.7244 0)
(-176.919 -41.0823 0)
(-175.428 -52.4357 0)
(-163.561 -67.3475 0)
(-171.734 -75.4003 0)
(-171.21 -75.6756 0)
(-159.762 -79.6092 0)
(-157.111 -81.6699 0)
(-141.987 -83.2553 0)
(-129.667 -81.2415 0)
(-120.132 -66.9684 0)
(-98.5885 -39.8412 0)
(-92.9632 -20.6179 0)
(-108.28 7.34871 0)
(-159.997 36.7335 0)
(-202.838 8.57973 0)
(-191.708 -59.9645 0)
(-167.809 -96.3757 0)
(-107.413 -92.5044 0)
(-67.462 -71.4954 0)
(-31.5951 -46.3632 0)
(-19.2968 -24.4417 0)
(-19.6824 10.7948 0)
(-57.8064 60.5985 0)
(-79.7685 88.5448 0)
(-87.0113 81.7992 0)
(-87.3668 53.2612 0)
(-74.2217 25.0334 0)
(-72.1882 2.06917 0)
(-62.949 -13.7216 0)
(-59.6274 -18.3909 0)
(-50.1596 -13.332 0)
(-52.9266 -9.23332 0)
(-44.224 -9.68495 0)
(-39.636 -6.06736 0)
(-20.4866 -3.79888 0)
(-19.2894 -8.83387 0)
(-19.7536 -12.5747 0)
(-18.2155 -6.90948 0)
(2144.44 -1300.63 0)
(88.0796 572.875 0)
(877.94 1015.77 0)
(1356.51 845.568 0)
(1537.12 899.003 0)
(1128 417.403 0)
(382.018 -643.616 0)
(-543.688 -539.213 0)
(752.1 601.632 0)
(102.194 390.37 0)
(-2131.35 -201.627 0)
(-1015.59 -976.146 0)
(-819.38 -1450.23 0)
(1451.34 -535.795 0)
(2350.93 195.02 0)
(2011.17 -179.555 0)
(1424.31 -287.423 0)
(491.186 -948.629 0)
(623.023 -1435.27 0)
(1664.47 -872.202 0)
(2174 -796.705 0)
(1920.31 -885.674 0)
(1782.99 -469.35 0)
(1993.72 448.971 0)
(2307.66 827.891 0)
(1861.47 543.974 0)
(668.949 364.602 0)
(1075.24 162.588 0)
(2199.66 -368.752 0)
(1999.06 -311.995 0)
(-679.374 179.742 0)
(-1572.18 -125.995 0)
(425.622 -493.407 0)
(90.3826 -570.681 0)
(625.341 -373.532 0)
(-56.7196 454.23 0)
(-1453.77 1193.32 0)
(-779.303 1219.02 0)
(308.425 473.249 0)
(-54.6785 181.425 0)
(-6.63771 -191.291 0)
(938.468 -128.329 0)
(404.29 63.5181 0)
(376.35 47.9975 0)
(71.3496 177.702 0)
(-113.888 399.366 0)
(-478.249 517.198 0)
(-431.216 350.625 0)
(-411.383 188.135 0)
(-39.0693 75.7249 0)
(168.484 101.697 0)
(234.918 216.323 0)
(199.406 342.509 0)
(139.668 420.816 0)
(85.9517 388.17 0)
(19.9792 302.494 0)
(-51.2948 213.623 0)
(-88.2944 136.54 0)
(-105.831 70.7542 0)
(-120.487 21.8655 0)
(-139.461 -10.9292 0)
(-141.549 -30.3511 0)
(-150.933 -41.4467 0)
(-135.74 -54.2766 0)
(-133.561 -67.2052 0)
(-143.974 -74.394 0)
(-142.205 -76.5367 0)
(-144.164 -80.7212 0)
(-136.613 -83.4204 0)
(-133.846 -85.6238 0)
(-122.491 -84.4174 0)
(-109.875 -70.5913 0)
(-99.0711 -42.232 0)
(-88.6478 -19.3807 0)
(-108.466 15.8809 0)
(-173.436 50.7276 0)
(-198.968 11.3829 0)
(-193.782 -65.0031 0)
(-169.223 -106.235 0)
(-116.581 -104.907 0)
(-70.5623 -81.2262 0)
(-42.3596 -52.3994 0)
(-23.5307 -25.8945 0)
(-31.0848 16.3419 0)
(-67.0691 65.1301 0)
(-79.7844 91.6372 0)
(-84.2212 81.4522 0)
(-73.379 51.8243 0)
(-70.903 23.4592 0)
(-62.5787 0.599981 0)
(-62.5485 -14.9993 0)
(-53.0086 -19.941 0)
(-50.5847 -14.2925 0)
(-44.5194 -10.0547 0)
(-41.2066 -11.813 0)
(-30.7323 -9.5508 0)
(-7.40929 -6.3016 0)
(-5.60988 -9.60407 0)
(-7.60649 -12.466 0)
(-4.43006 -6.33615 0)
(2102.8 -1473.14 0)
(-201.997 554.929 0)
(635.396 954.95 0)
(1318.35 745.86 0)
(1570.98 900.976 0)
(1412.51 503.369 0)
(682.257 -458.118 0)
(-126.658 -385.35 0)
(739.76 591.802 0)
(339.128 673.317 0)
(-724.111 -160.301 0)
(733.894 -1198.93 0)
(941.782 -1558.99 0)
(1752.84 -964.653 0)
(2722.83 92.4678 0)
(2788.73 -35.9434 0)
(756.8 -125.676 0)
(546.775 -831.802 0)
(432.774 -1606.32 0)
(1366.5 -1031.87 0)
(1727.21 -795.412 0)
(1687.52 -803.596 0)
(1570.32 -472.838 0)
(1829.42 392.706 0)
(2150.13 808.75 0)
(1883.6 755.107 0)
(884.228 382.906 0)
(1893.14 -53.2995 0)
(2537.09 -379.551 0)
(1530.59 13.8212 0)
(300.259 379.215 0)
(337.828 -211.628 0)
(484.428 -556.929 0)
(49.0316 -547.945 0)
(-147.873 -330.596 0)
(-529.138 660.825 0)
(-1452.19 1233.99 0)
(-553.535 975.516 0)
(497.043 373.355 0)
(249.969 182.134 0)
(935.73 -372.548 0)
(1085.8 -105.659 0)
(531.756 159.042 0)
(615.974 58.2847 0)
(-147.5 265.628 0)
(-335.348 443.996 0)
(-326.828 501.219 0)
(-387.42 350.992 0)
(-356.977 139.649 0)
(8.552 -1.80164 0)
(219.917 60.647 0)
(281.106 213.091 0)
(197.381 356.965 0)
(125.209 434.301 0)
(63.0934 401.365 0)
(16.9094 316.484 0)
(-40.0464 223.917 0)
(-69.8549 142.318 0)
(-75.5426 75.5348 0)
(-98.9608 25.0452 0)
(-103.081 -8.55526 0)
(-117.829 -28.7927 0)
(-120.482 -42.2345 0)
(-105.687 -56.033 0)
(-110.543 -66.3155 0)
(-113.22 -73.8535 0)
(-122.173 -75.7399 0)
(-119.296 -80.7662 0)
(-122.828 -84.2376 0)
(-115.625 -87.233 0)
(-116.471 -86.9401 0)
(-104.589 -73.2434 0)
(-97.0041 -44.4706 0)
(-87.7051 -17.9568 0)
(-107.116 25.564 0)
(-170.485 63.6214 0)
(-201.304 14.3165 0)
(-186.784 -71.0761 0)
(-168.846 -114.205 0)
(-124.656 -115.368 0)
(-77.9915 -91.6038 0)
(-45.3289 -57.9397 0)
(-33.482 -26.0326 0)
(-41.0592 20.5683 0)
(-71.8339 71.0689 0)
(-80.113 93.8958 0)
(-73.6982 80.7845 0)
(-68.8844 49.463 0)
(-59.0477 22.3654 0)
(-61.5355 0.0239112 0)
(-54.7739 -16.2379 0)
(-54.2428 -21.1878 0)
(-43.6246 -15.2729 0)
(-45.255 -11.4083 0)
(-32.6136 -14.5994 0)
(-17.7448 -13.3924 0)
(3.87678 -9.34606 0)
(8.51065 -10.57 0)
(8.51407 -12.4671 0)
(8.90952 -6.17585 0)
(2021.51 -1591.53 0)
(-766.257 564.063 0)
(386.428 913.31 0)
(1168.71 584.343 0)
(1597.79 870.045 0)
(1608.27 575.314 0)
(714.345 -276.801 0)
(84.1431 -370.485 0)
(1047.52 570.795 0)
(904.013 728.337 0)
(840.083 -302.315 0)
(1384.79 -1266.61 0)
(1130.31 -1616.87 0)
(1778.93 -1038.98 0)
(2620.18 -31.4961 0)
(2472.94 286.084 0)
(1117.01 197.909 0)
(746.003 -577.452 0)
(-172.419 -1633.34 0)
(95.1984 -1231.02 0)
(1169.13 -776.321 0)
(917.381 -881.817 0)
(1146.19 -456.58 0)
(1571.85 340.318 0)
(1950.68 791.09 0)
(1733.67 900.371 0)
(975.887 309.281 0)
(1864.69 -215.738 0)
(2723.85 -296.194 0)
(1407.68 237.918 0)
(1016.4 399.109 0)
(1236.55 -126.657 0)
(991.989 -471.312 0)
(390.084 -389.72 0)
(-690.819 -262.511 0)
(-836.212 809.943 0)
(-1148.96 1144.54 0)
(-172.297 710.929 0)
(632.137 263.225 0)
(553.79 156.007 0)
(1413.34 -484.879 0)
(1114.09 -29.4248 0)
(578.94 251.687 0)
(652.763 174.697 0)
(-429.127 418.735 0)
(-602.758 507.719 0)
(-372.925 483.079 0)
(-287.061 350.278 0)
(-306 84.7896 0)
(81.0365 -75.8518 0)
(259.138 29.8856 0)
(287.429 222.127 0)
(192.25 381.471 0)
(90.8435 457.311 0)
(38.6581 417.57 0)
(-2.02022 326.952 0)
(-32.4054 232.173 0)
(-47.9355 146.208 0)
(-52.0649 79.9075 0)
(-71.6018 29.0711 0)
(-84.4022 -6.756 0)
(-84.5989 -27.6094 0)
(-83.4101 -42.3521 0)
(-84.5775 -56.4464 0)
(-80.1559 -65.9822 0)
(-89.6884 -72.0148 0)
(-94.4141 -74.427 0)
(-102 -80.1009 0)
(-100.426 -84.259 0)
(-103.737 -87.3892 0)
(-100.77 -88.1837 0)
(-101.671 -75.8341 0)
(-87.5802 -45.286 0)
(-87.4369 -16.8662 0)
(-103.326 34.5553 0)
(-175.227 77.8041 0)
(-190.221 14.3758 0)
(-179.268 -75.7643 0)
(-163.947 -122.449 0)
(-128.768 -124.357 0)
(-84.4992 -102.1 0)
(-53.0977 -63.4166 0)
(-39.0793 -26.3982 0)
(-51.4967 26.1516 0)
(-76.9727 73.7306 0)
(-73.6427 94.3663 0)
(-68.193 78.5938 0)
(-57.4779 47.3305 0)
(-49.2033 22.0542 0)
(-59.1789 0.180623 0)
(-55.4297 -17.2968 0)
(-48.1988 -22.676 0)
(-45.5378 -16.4014 0)
(-38.6858 -12.9076 0)
(-32.9974 -18.5797 0)
(-12.0901 -18.2648 0)
(12.2609 -12.6113 0)
(17.375 -11.7806 0)
(17.8979 -12.7136 0)
(25.5971 -6.55957 0)
(1932.89 -1588.73 0)
(-1837.82 606.949 0)
(781.107 707.711 0)
(939.884 403.884 0)
(1581.54 801.18 0)
(1741.11 663.089 0)
(581.459 -105.368 0)
(235.703 -370.996 0)
(1271.76 479.483 0)
(1408.42 671.511 0)
(1619.12 -375.705 0)
(1845.53 -1125.18 0)
(496.011 -1649.74 0)
(1121.76 -1298.99 0)
(2420.25 -109.859 0)
(2269.89 359.057 0)
(2004.5 231.652 0)
(1600.04 -309.615 0)
(-67.0607 -1624.65 0)
(-107.835 -1578.14 0)
(-1365.23 -1200.32 0)
(398.206 -851.881 0)
(-846.88 -670.333 0)
(733.534 120.891 0)
(1695.44 751.348 0)
(1347.12 1076.42 0)
(463.065 279.458 0)
(1100.71 -399.614 0)
(2404.73 -218.149 0)
(1276.43 398.875 0)
(1493.12 327.579 0)
(1753.94 -58.6137 0)
(1030.99 -330.693 0)
(348.565 -163.083 0)
(-907.464 -161.888 0)
(-1345.51 909.062 0)
(-1050.99 1080.05 0)
(163.916 461.889 0)
(671.509 153.828 0)
(680.679 101.516 0)
(1704.21 -561.073 0)
(1025.32 83.3094 0)
(798.649 300.043 0)
(659.823 301.741 0)
(-205.42 506.211 0)
(-288.012 481.227 0)
(-370.592 487.316 0)
(-218.546 336.03 0)
(-223.295 54.2447 0)
(135.355 -142.143 0)
(293.377 3.92179 0)
(298.351 234.848 0)
(173.288 409.981 0)
(62.4463 477.773 0)
(19.1374 427.483 0)
(-11.7924 334.099 0)
(-24.0264 234.715 0)
(-32.9122 147.532 0)
(-37.0006 81.774 0)
(-39.0347 31.7481 0)
(-53.3636 -4.13835 0)
(-67.2852 -27.8122 0)
(-55.1588 -43.2632 0)
(-53.2503 -56.3853 0)
(-59.2897 -64.974 0)
(-63.121 -70.4636 0)
(-75.4885 -72.6062 0)
(-77.2204 -78.9639 0)
(-84.5978 -83.6157 0)
(-84.4189 -86.8175 0)
(-90.9049 -88.2746 0)
(-88.6954 -76.9994 0)
(-86.2357 -46.478 0)
(-78.6239 -14.1669 0)
(-98.4371 42.8714 0)
(-167.853 90.9738 0)
(-182.959 16.1956 0)
(-164.425 -80.6369 0)
(-156.649 -126.78 0)
(-130.268 -132.976 0)
(-89.9166 -111.898 0)
(-59.1023 -68.8765 0)
(-49.0434 -24.7743 0)
(-59.5674 28.3206 0)
(-76.7163 75.3707 0)
(-68.5163 92.8498 0)
(-54.9826 76.0137 0)
(-44.3399 45.6668 0)
(-49.5595 22.7556 0)
(-52.5122 -0.155671 0)
(-45.8799 -18.4531 0)
(-49.7951 -23.5223 0)
(-39.5307 -17.361 0)
(-41.2489 -14.5969 0)
(-28.6654 -22.4508 0)
(-9.88701 -23.5627 0)
(17.3936 -16.4866 0)
(25.6779 -13.2129 0)
(28.3623 -13.5838 0)
(30.5269 -7.33348 0)
(1746.49 -1456.27 0)
(-1855.26 543.683 0)
(375.765 462.173 0)
(555.408 251.749 0)
(1504.9 672.916 0)
(1873.31 758.503 0)
(680.016 55.81 0)
(454.17 -425.378 0)
(1449.52 334.637 0)
(1822.62 578.245 0)
(2046.43 -473.601 0)
(1717.61 -1039.96 0)
(689.489 -1639.93 0)
(730.991 -1491.9 0)
(1594.36 -378.293 0)
(1891 227.441 0)
(1691.08 267.905 0)
(2206.2 -105.448 0)
(1441.57 -1081.28 0)
(1492.85 -1165.87 0)
(1686.22 -808.66 0)
(1092.26 -605.296 0)
(-1792.6 -693.722 0)
(550.639 -132.624 0)
(1132.5 600.808 0)
(1089.48 1283.42 0)
(61.4185 282.405 0)
(182.881 -656.816 0)
(1541.81 -290.666 0)
(1268.7 407.389 0)
(1751.29 251.27 0)
(1465.65 144.089 0)
(934.139 -146.664 0)
(124.687 187.584 0)
(-1034.91 20.626 0)
(-2169.89 863.757 0)
(-326.659 768.417 0)
(299.745 307.448 0)
(564.907 89.4986 0)
(617.785 -0.374521 0)
(1774.42 -630.647 0)
(905.891 180.821 0)
(899.622 377.409 0)
(553.064 463.438 0)
(-347.497 638.582 0)
(-227.034 500.314 0)
(-124.928 426.766 0)
(-152.307 331.347 0)
(-22.4229 10.8109 0)
(319.006 -228.763 0)
(351.585 -7.89576 0)
(295.267 252.376 0)
(150.718 439.481 0)
(23.7782 501.469 0)
(-13.8573 436.361 0)
(-19.0427 336.264 0)
(-16.4097 234.916 0)
(-21.0136 147.729 0)
(-8.36411 83.3102 0)
(-22.6113 33.7721 0)
(-32.828 -2.37781 0)
(-32.019 -27.3356 0)
(-38.3055 -43.8075 0)
(-31.8466 -56.4055 0)
(-31.051 -63.9316 0)
(-41.1668 -68.424 0)
(-49.33 -70.605 0)
(-59.2672 -77.3628 0)
(-61.9462 -82.4706 0)
(-70.2461 -85.4947 0)
(-73.6915 -87.3252 0)
(-81.765 -77.9013 0)
(-76.3248 -46.8262 0)
(-77.8006 -12.4804 0)
(-88.7271 51.4061 0)
(-167.447 103.293 0)
(-164.071 12.3926 0)
(-150.383 -85.254 0)
(-144.038 -132.15 0)
(-127.002 -138.648 0)
(-89.6968 -121.053 0)
(-63.6621 -73.698 0)
(-58.6119 -25.2706 0)
(-65.0358 31.3326 0)
(-79.3245 75.5056 0)
(-59.58 90.6209 0)
(-43.0086 73.0425 0)
(-37.6317 44.8255 0)
(-40.4408 23.038 0)
(-35.4905 0.245775 0)
(-44.7815 -18.2566 0)
(-42.8885 -24.2292 0)
(-41.9788 -18.3219 0)
(-35.9661 -15.8581 0)
(-30.276 -26.9881 0)
(-6.99451 -29.3369 0)
(20.8236 -20.4267 0)
(29.147 -15.2225 0)
(32.2745 -14.272 0)
(38.2149 -8.31748 0)
(1654.51 -1331.82 0)
(-1206.27 427.878 0)
(-343.148 492.4 0)
(402.966 107.898 0)
(1407.75 491.259 0)
(1871.7 788.217 0)
(1189.3 218.172 0)
(653.342 -475.482 0)
(1568.33 135.647 0)
(2069.62 502.597 0)
(1918.44 -427.206 0)
(1082.05 -784.155 0)
(1551.64 -1193.42 0)
(-58.4859 -1427.12 0)
(439.551 -395.855 0)
(2491.17 395.729 0)
(1274.18 191.846 0)
(2186.18 -83.0887 0)
(2151.6 -975.014 0)
(1210.96 -1315.74 0)
(1962.5 -728.798 0)
(2091.87 -382.09 0)
(2112.74 -184.929 0)
(-294.129 -535.08 0)
(58.0178 561.077 0)
(687.542 1409.61 0)
(138.937 339.465 0)
(-288.146 -764.059 0)
(247.161 -264.357 0)
(1107.1 312.407 0)
(1969.54 114.775 0)
(1496.99 357.817 0)
(1518.22 -63.5276 0)
(324.462 447.214 0)
(-1095.83 379.192 0)
(-2746.09 934.34 0)
(-197.617 430.003 0)
(454.743 171.012 0)
(235.67 96.8222 0)
(254.749 -198.596 0)
(1804.89 -738.82 0)
(726.494 242.702 0)
(861.97 473.663 0)
(296.677 633.429 0)
(-148.734 656.116 0)
(-233.265 504.145 0)
(-104.278 413.276 0)
(-158.632 328.779 0)
(326.867 -73.322 0)
(358.586 -220.374 0)
(351.96 -8.00252 0)
(264.472 279.484 0)
(95.6146 469.21 0)
(-31.0819 524.421 0)
(-40.4312 441.21 0)
(-31.6731 334.735 0)
(-6.27096 231.401 0)
(3.49952 146.211 0)
(14.0231 83.8223 0)
(4.83152 35.7425 0)
(5.13965 -0.718749 0)
(-12.8173 -26.5187 0)
(-7.41575 -43.264 0)
(-16.4212 -56.5534 0)
(-10.5553 -63.469 0)
(-16.9353 -66.1959 0)
(-30.6387 -68.2269 0)
(-35.2777 -75.5079 0)
(-44.6782 -80.8405 0)
(-50.6949 -83.6114 0)
(-60.8905 -85.7503 0)
(-66.3374 -77.2181 0)
(-72.0683 -47.0634 0)
(-68.242 -10.3747 0)
(-81.3439 60.324 0)
(-154.12 116.502 0)
(-146.708 12.8276 0)
(-128.438 -88.4441 0)
(-132.412 -133.431 0)
(-123.108 -144.521 0)
(-90.2042 -128.393 0)
(-68.9963 -76.5523 0)
(-64.7728 -24.3884 0)
(-72.9247 32.2587 0)
(-75.7883 73.3474 0)
(-54.5242 86.2843 0)
(-32.2619 69.5107 0)
(-25.6269 44.1533 0)
(-26.3098 23.9165 0)
(-30.6594 1.34515 0)
(-34.9153 -17.2795 0)
(-43.225 -24.3153 0)
(-36.3303 -18.5821 0)
(-39.9466 -17.1678 0)
(-27.2806 -31.5219 0)
(-2.90071 -35.4502 0)
(23.337 -25.081 0)
(34.1119 -16.9957 0)
(36.9288 -14.9426 0)
(38.2975 -9.36058 0)
(1723.27 -1256.7 0)
(-1494.47 404.266 0)
(2.8428 389.263 0)
(749.786 -119.483 0)
(1254.39 331.508 0)
(1843.28 751.102 0)
(1593.42 320.475 0)
(989.738 -447.114 0)
(1528.13 -53.2622 0)
(2240.19 466.908 0)
(1768.75 -336.472 0)
(823.189 -786.296 0)
(997.365 -1180.02 0)
(-76.0284 -1273.83 0)
(-1814.94 -780.297 0)
(1144.49 24.8165 0)
(628.779 140.267 0)
(935.938 -131.287 0)
(388.972 -1351.26 0)
(-1426.04 -1223.45 0)
(-2158.62 -1282.95 0)
(1904.69 -563.703 0)
(2145.87 -94.2364 0)
(-20.5119 -221.526 0)
(-2089.94 485.916 0)
(11.1281 1367.68 0)
(-262.35 537.333 0)
(-1577.28 -655.169 0)
(-1152.15 -543.865 0)
(2051.62 -242.129 0)
(2871.97 21.8074 0)
(1646.23 479.295 0)
(1908.74 103.413 0)
(-386.003 691.06 0)
(-65.103 491.917 0)
(-1533.31 607.51 0)
(-171.835 267.734 0)
(578.558 64.463 0)
(281.713 119.457 0)
(412.047 -358.668 0)
(1692.88 -764.958 0)
(327.493 342.875 0)
(706.081 556.578 0)
(79.4143 727.613 0)
(-65.806 688.53 0)
(-165.692 517.15 0)
(-195.103 398.439 0)
(-372.534 299.532 0)
(452.497 -165.948 0)
(376.344 -234.789 0)
(319.425 14.8678 0)
(167.66 317.018 0)
(9.59247 502.407 0)
(-81.6846 542.029 0)
(-71.4927 439.75 0)
(-33.4115 325.662 0)
(9.36725 223.867 0)
(21.4412 143.713 0)
(30.5261 83.1717 0)
(38.1247 36.6761 0)
(23.2598 0.862464 0)
(24.0612 -24.836 0)
(9.9114 -42.0339 0)
(12.5605 -56.2178 0)
(9.31038 -63.1323 0)
(5.57447 -64.0712 0)
(-6.68562 -65.7513 0)
(-15.933 -73.4494 0)
(-22.4348 -78.7537 0)
(-34.6944 -81.0365 0)
(-43.1476 -83.2601 0)
(-56.4503 -76.1628 0)
(-59.7036 -46.1335 0)
(-63.5092 -7.70109 0)
(-72.0931 68.4458 0)
(-139.809 123.501 0)
(-118.829 6.55202 0)
(-108.059 -90.3829 0)
(-114.56 -134.627 0)
(-118.811 -147.844 0)
(-89.4704 -134 0)
(-75.4039 -79.3645 0)
(-73.1335 -22.9026 0)
(-77.3619 32.05 0)
(-74.282 70.611 0)
(-46.7915 81.0808 0)
(-22.3848 65.9478 0)
(-18.7414 43.1112 0)
(-16.2612 24.1629 0)
(-18.4975 2.88549 0)
(-31.0403 -15.4724 0)
(-34.8694 -23.7251 0)
(-38.6361 -18.4953 0)
(-36.8284 -19.0564 0)
(-19.6268 -36.953 0)
(1.48964 -41.0644 0)
(23.4665 -29.3439 0)
(35.9224 -19.0419 0)
(36.52 -15.5081 0)
(40.4091 -10.4479 0)
(1818.61 -1193.17 0)
(-1552.03 358.347 0)
(837.759 291.988 0)
(264.943 -354.179 0)
(958.86 194.939 0)
(1735.93 664.13 0)
(1805.54 372.106 0)
(1275.78 -373.915 0)
(1333.37 -190.196 0)
(2180.93 388.923 0)
(2643.97 -232.613 0)
(184.366 -787.703 0)
(779.833 -1243.57 0)
(834.684 -938.14 0)
(-535.981 -717.821 0)
(1559.87 -214.525 0)
(524.522 264.595 0)
(649.346 183.711 0)
(-2023.01 -947.295 0)
(-3287.24 -1361.58 0)
(-333.987 -1647.46 0)
(1124.29 -1196.31 0)
(2283.02 166.951 0)
(1458 219.636 0)
(-906.436 495.362 0)
(870.348 1006.42 0)
(1157.96 624.356 0)
(390.59 -712.876 0)
(1214.32 -1015.56 0)
(3362.64 -644.224 0)
(2638.13 115.874 0)
(1734.2 599.291 0)
(1791.47 447.684 0)
(-1145.01 1037.39 0)
(269.574 725.589 0)
(-1263.44 611.393 0)
(202.994 117.273 0)
(600.099 -51.0242 0)
(578.749 126.959 0)
(1097.86 -456.134 0)
(1450.19 -664.304 0)
(545.935 407.461 0)
(477.624 650.212 0)
(-111.585 791.858 0)
(-126.803 697.167 0)
(-196.673 551.549 0)
(-130.714 405.086 0)
(-555.14 238.23 0)
(330.73 -237.093 0)
(353.26 -240.023 0)
(206.496 39.2736 0)
(39.2296 360.539 0)
(-74.453 516.986 0)
(-132.642 552.55 0)
(-89.1999 433.733 0)
(-29.6388 312.623 0)
(23.369 216.908 0)
(44.8208 139.929 0)
(61.9274 81.6765 0)
(57.1531 37.6312 0)
(58.322 2.32689 0)
(40.3677 -22.8763 0)
(41.1144 -40.2531 0)
(31.0444 -55.7374 0)
(33.9875 -62.2842 0)
(24.6533 -61.6017 0)
(11.0803 -63.2474 0)
(5.4467 -71.3544 0)
(-2.58796 -76.3684 0)
(-15.823 -78.0961 0)
(-27.1927 -80.2725 0)
(-40.344 -73.7565 0)
(-53.7162 -45.5173 0)
(-52.4715 -6.45254 0)
(-63.3672 76.1899 0)
(-127.221 133.263 0)
(-91.3573 4.60317 0)
(-80.2878 -92.0077 0)
(-98.9725 -132.224 0)
(-112.026 -150.752 0)
(-92.2059 -136.988 0)
(-81.5063 -81.3844 0)
(-81.9165 -23.2584 0)
(-80.531 30.9657 0)
(-73.0434 65.3598 0)
(-40.4812 75.4724 0)
(-13.8141 61.9836 0)
(-9.40113 41.9601 0)
(-7.89765 24.5095 0)
(-11.9661 4.84861 0)
(-19.0132 -13.3941 0)
(-31.8091 -22.4241 0)
(-32.6894 -18.5381 0)
(-26.6173 -21.6415 0)
(-10.0454 -41.974 0)
(5.09275 -45.4547 0)
(22.7024 -33.212 0)
(34.3406 -20.9108 0)
(37.4735 -15.8311 0)
(37.8555 -11.5821 0)
(1816.24 -1135.63 0)
(-1590.92 241.488 0)
(1481.21 273.893 0)
(-225.344 -376.037 0)
(679.615 83.6396 0)
(1568.35 513.06 0)
(1797.38 362.046 0)
(1375.5 -191.975 0)
(916.897 -278.626 0)
(1893.08 187.992 0)
(2538.69 140.929 0)
(502.27 -51.224 0)
(792.508 -1192.06 0)
(766.368 -995.493 0)
(970.294 -774.253 0)
(1715.6 -137.33 0)
(-389.802 291.835 0)
(1323.75 459.607 0)
(-152.109 -386.785 0)
(-972.706 -1443.57 0)
(232.477 -1660.07 0)
(-1131.93 -1613.18 0)
(1604.19 198.52 0)
(1303.41 580.245 0)
(-1052.55 661.152 0)
(-41.7882 639.515 0)
(1516.73 514.685 0)
(1847.76 -580.465 0)
(2057.49 -1043.99 0)
(2701.15 -767.581 0)
(2563.63 -34.1435 0)
(590.469 804.111 0)
(765.829 756.182 0)
(-108.992 1052.28 0)
(649.562 822.263 0)
(-492.074 483.676 0)
(616.575 -81.3645 0)
(485.932 -93.5779 0)
(368.382 63.5493 0)
(1636.34 -654.643 0)
(1144.56 -469.562 0)
(336.699 482.19 0)
(350.337 773.361 0)
(-290.75 870.566 0)
(-282.815 708.742 0)
(-520.056 613.099 0)
(-356.7 479.393 0)
(-270.835 133.957 0)
(343.088 -335.037 0)
(170.149 -225.778 0)
(32.2736 87.024 0)
(-113.878 397.211 0)
(-190.415 529.052 0)
(-175.55 549.075 0)
(-93.3855 419.394 0)
(-14.5814 293.705 0)
(45.1133 204.595 0)
(79.2116 134.899 0)
(84.0468 80.453 0)
(90.0593 38.1045 0)
(73.8607 3.9133 0)
(72.9257 -20.383 0)
(59.3371 -38.7877 0)
(61.1995 -54.9637 0)
(54.6375 -60.7514 0)
(42.8215 -58.9443 0)
(31.7477 -60.8959 0)
(25.1045 -69.5269 0)
(17.6891 -73.8595 0)
(1.82411 -74.6007 0)
(-10.9909 -76.571 0)
(-27.4169 -70.7779 0)
(-40.7449 -43.4963 0)
(-46.7612 -3.37374 0)
(-52.558 82.7634 0)
(-106.746 134.7 0)
(-57.2348 -2.13772 0)
(-50.9262 -90.4302 0)
(-75.1826 -127.516 0)
(-107.244 -149.585 0)
(-96.9503 -138.796 0)
(-90.3212 -83.0528 0)
(-85.4928 -23.2962 0)
(-83.3843 27.9495 0)
(-72.4297 60.4024 0)
(-35.2419 68.6337 0)
(-10.6589 57.6512 0)
(-2.17419 40.6331 0)
(-0.269012 24.764 0)
(-2.14806 6.65006 0)
(-10.5007 -10.9446 0)
(-21.4702 -21.3277 0)
(-18.4228 -19.2345 0)
(-10.9996 -24.1376 0)
(-2.95968 -45.5821 0)
(9.21015 -48.7929 0)
(23.2331 -35.9522 0)
(30.5666 -22.7791 0)
(35.9369 -16.6429 0)
(37.4794 -12.7427 0)
(1638.57 -1024.91 0)
(-1944.99 76.709 0)
(1750.46 234.846 0)
(2.67907 -342.774 0)
(1038.1 -35.8409 0)
(1379.5 373.78 0)
(1711.31 404.392 0)
(729.522 -26.9366 0)
(203.212 -407.706 0)
(1606.08 -27.4429 0)
(2292.9 261.375 0)
(1642.3 -170.367 0)
(1177.65 -950.921 0)
(636.85 -1114.02 0)
(1858.67 -622.765 0)
(1000.2 -32.7793 0)
(385.308 351.723 0)
(1695.49 400.412 0)
(767.426 -260.186 0)
(-64.2719 -1240.25 0)
(-578.1 -1461.44 0)
(-3164.12 -1911.92 0)
(-223.945 -162.374 0)
(862.038 808.241 0)
(892.189 996.993 0)
(234.084 605.108 0)
(1399.57 303.98 0)
(1747.63 -769.8 0)
(2362.33 -1088.94 0)
(1706.83 -608.358 0)
(860.328 454.36 0)
(-2020.25 1122.5 0)
(-474.53 686.196 0)
(-924.471 979.307 0)
(611.745 795.495 0)
(-286.438 534.705 0)
(786.353 -122.092 0)
(373.648 -29.8685 0)
(-618.065 -24.4974 0)
(1654.26 -797.009 0)
(697.34 -380.143 0)
(-252.821 527.297 0)
(256.961 853.955 0)
(-599.999 977.948 0)
(-404.666 721.265 0)
(-323.602 571.525 0)
(-182.396 377.829 0)
(-44.0034 58.6722 0)
(333.55 -350.917 0)
(51.2973 -186.109 0)
(-184.252 135.07 0)
(-285.152 429.603 0)
(-254.437 522.39 0)
(-205.637 538.828 0)
(-82.775 400.466 0)
(12.0848 274.128 0)
(78.6059 192.223 0)
(106.716 129.488 0)
(117.341 79.6208 0)
(106.94 40.0865 0)
(105.221 6.33174 0)
(86.3081 -19.0279 0)
(88.805 -37.1344 0)
(82.7641 -53.7313 0)
(71.6834 -58.3384 0)
(64.0319 -55.9844 0)
(49.5196 -58.9269 0)
(45.78 -67.462 0)
(36.3736 -70.7572 0)
(19.169 -70.7359 0)
(5.12818 -72.3487 0)
(-12.1181 -66.8109 0)
(-32.8832 -41.7259 0)
(-35.5869 -2.08982 0)
(-41.0479 88.6033 0)
(-86.7868 135.138 0)
(-19.7611 -8.74536 0)
(-19.6579 -88.1738 0)
(-49.6263 -119.911 0)
(-99.675 -145.905 0)
(-98.9969 -138.282 0)
(-96.4942 -85.2498 0)
(-92.5268 -24.2723 0)
(-88.7195 25.354 0)
(-69.5911 53.6287 0)
(-35.5226 61.4994 0)
(-7.37857 53.0236 0)
(1.86616 38.891 0)
(6.07907 24.6474 0)
(6.9798 7.90042 0)
(-0.0329136 -8.99104 0)
(-4.72092 -20.4589 0)
(-10.8626 -19.8237 0)
(-2.23742 -26.0087 0)
(4.54386 -48.1391 0)
(13.8332 -51.5399 0)
(23.8898 -37.9403 0)
(29.8727 -23.9725 0)
(32.3329 -17.4738 0)
(34.4265 -14.0767 0)
(1109.34 -848.574 0)
(-2148.43 -128.877 0)
(1807.76 77.1085 0)
(653.929 -282.938 0)
(764.248 -251.15 0)
(1097.66 283.699 0)
(1602.02 460.107 0)
(764.903 117.88 0)
(653.173 -425.564 0)
(828.459 -334.84 0)
(1850.37 101.947 0)
(1792.8 -25.0436 0)
(1742.98 -1046.12 0)
(1666.05 -1195.4 0)
(1156.44 -952.297 0)
(-775.792 7.55289 0)
(272.401 185.012 0)
(2100.59 359.903 0)
(588.172 -139.097 0)
(135.755 -940.069 0)
(-854.049 -1124.75 0)
(-2201.61 -1717.37 0)
(-2994.87 -616.446 0)
(-637.14 509.66 0)
(-396.157 734.614 0)
(-536.788 546.07 0)
(968.047 77.7043 0)
(1350.55 -979.816 0)
(1127.23 -1064.04 0)
(820.626 -446.151 0)
(-3002.77 1113.62 0)
(-2494.87 1000.17 0)
(-1530.59 636.553 0)
(-1320.02 831.761 0)
(529.979 606.861 0)
(53.6196 466.636 0)
(893.591 -167.26 0)
(611.591 87.571 0)
(259.442 -166.358 0)
(1601.95 -808.306 0)
(490.354 -221.502 0)
(-32.603 519.536 0)
(-72.0236 980.732 0)
(-670.709 1016.02 0)
(-386.136 642.16 0)
(-162.174 525.714 0)
(-112.881 366.875 0)
(94.825 -1.95013 0)
(317.743 -339.453 0)
(-21.9578 -124.621 0)
(-367.996 187.891 0)
(-400.107 439.227 0)
(-224.477 480.282 0)
(-216.02 515.234 0)
(-51.3302 371.67 0)
(50.2599 252.06 0)
(110.303 179.777 0)
(143.172 125.513 0)
(137.007 80.513 0)
(132.238 42.3601 0)
(124.623 7.16826 0)
(110.765 -16.8562 0)
(110.957 -36.2455 0)
(104.268 -51.9686 0)
(97.3588 -55.6485 0)
(82.9075 -52.8152 0)
(69.5397 -56.588 0)
(65.5016 -65.7651 0)
(54.832 -67.8659 0)
(36.1489 -66.6744 0)
(20.2124 -67.8838 0)
(3.73986 -62.1776 0)
(-20.9611 -38.6185 0)
(-28.959 -0.287399 0)
(-27.9889 93.5293 0)
(-60.1504 131.235 0)
(14.7364 -16.3841 0)
(15.7024 -84.8815 0)
(-23.9951 -109.096 0)
(-81.1548 -138.468 0)
(-102.393 -135.284 0)
(-103.525 -87.0573 0)
(-96.0189 -25.3883 0)
(-92.5237 21.5702 0)
(-72.8857 47.5225 0)
(-37.5739 54.2391 0)
(-3.96815 47.8376 0)
(7.37785 36.7355 0)
(10.7018 23.9079 0)
(14.8522 8.43375 0)
(13.742 -7.72356 0)
(8.14136 -19.3725 0)
(0.300131 -19.7856 0)
(8.7871 -27.9253 0)
(15.1589 -50.0453 0)
(18.5414 -53.1304 0)
(24.6438 -39.6205 0)
(29.4634 -24.8199 0)
(29.8069 -17.9641 0)
(28.6405 -15.1959 0)
(675.803 -676.316 0)
(-1363.02 -403.221 0)
(1777.53 -178.471 0)
(1333.66 -105.08 0)
(40.6446 -272.536 0)
(812.105 224.738 0)
(1449.86 438.758 0)
(1273.71 223.267 0)
(1352.2 -148.794 0)
(-504.884 -619.685 0)
(911.445 -77.9851 0)
(1592.96 -149.003 0)
(1655.57 -1069.61 0)
(2236.28 -851.627 0)
(-639.07 -551.204 0)
(-455.721 138.372 0)
(237.928 -71.0853 0)
(1753.23 385.39 0)
(-138.024 35.2455 0)
(-1771.94 -1048.38 0)
(-445.379 -977.296 0)
(-1651.81 -1159.15 0)
(-7045.75 -839.967 0)
(-1941.66 79.5853 0)
(-2582.93 504.924 0)
(-799.91 307.675 0)
(838.184 -180.875 0)
(1414.76 -961.116 0)
(255.341 -808.849 0)
(-881.235 420.383 0)
(-4519.04 1299.97 0)
(-3687.21 807.624 0)
(-795.532 397.228 0)
(-410.361 551.743 0)
(444.543 476.563 0)
(234.481 409.449 0)
(906.698 -217.535 0)
(642.196 154.925 0)
(1053.6 -296.379 0)
(1574.57 -713.025 0)
(610.958 -19.9397 0)
(62.916 608.281 0)
(-703.508 1150.67 0)
(-616.906 956.053 0)
(-341.935 561.173 0)
(-162.469 479.889 0)
(-18.3015 337.887 0)
(145.297 -43.4826 0)
(279.805 -306.903 0)
(-99.5829 -39.5978 0)
(-602.865 244.023 0)
(-397.521 405.238 0)
(-217.239 455.725 0)
(-241.289 496.177 0)
(-10.7294 339.944 0)
(86.6372 230.269 0)
(146.938 168.615 0)
(165.118 123.476 0)
(158.8 82.3558 0)
(153.135 43.8975 0)
(138.514 9.46417 0)
(139.035 -15.1537 0)
(129.64 -35.2584 0)
(133.544 -50.1973 0)
(114.921 -52.4663 0)
(101.655 -49.4775 0)
(87.6037 -54.9837 0)
(85.8005 -63.3862 0)
(71.7778 -63.7058 0)
(50.8167 -62.08 0)
(34.6974 -63.1515 0)
(16.1463 -56.8137 0)
(-9.12848 -35.5849 0)
(-17.8342 1.09755 0)
(-14.7522 95.4517 0)
(-35.092 124.465 0)
(53.8101 -24.7926 0)
(50.6248 -80.73 0)
(5.89858 -96.9636 0)
(-65.7878 -127.082 0)
(-96.1252 -129.849 0)
(-109.155 -87.2345 0)
(-105.705 -26.8133 0)
(-93.1894 16.588 0)
(-70.8434 40.0885 0)
(-35.9541 46.299 0)
(-6.39401 42.1647 0)
(6.71679 34.1948 0)
(16.5479 22.3309 0)
(22.0956 8.15942 0)
(24.9508 -7.2465 0)
(22.5806 -18.2543 0)
(13.506 -19.4612 0)
(21.6825 -29.628 0)
(25.2667 -51.3288 0)
(24.8497 -53.8221 0)
(25.5283 -40.0502 0)
(28.5592 -25.09 0)
(28.7033 -17.937 0)
(24.9497 -15.9539 0)
(110.252 -543.257 0)
(-662.531 -681.109 0)
(1785.86 -437.517 0)
(1724.25 84.6068 0)
(240.951 -222.718 0)
(1168.49 147.13 0)
(1306.55 328.216 0)
(1439.19 271.455 0)
(1010.4 -45.7143 0)
(497.247 -415.369 0)
(1231.38 -166.17 0)
(1842.07 -170.165 0)
(1275.49 -1158.15 0)
(1494.88 -633.186 0)
(72.8459 -124.099 0)
(-583.782 -152.077 0)
(-243.247 -266.469 0)
(1426.31 346.962 0)
(1167.79 486.616 0)
(-2416.14 -481.726 0)
(-1786.92 -1080.18 0)
(-1452.95 -594.781 0)
(-4793.62 -316.586 0)
(-2586.38 -27.2564 0)
(-5194.52 214.689 0)
(-519.655 -331.615 0)
(810.763 -481.484 0)
(1547.63 -925.393 0)
(765.237 -415.06 0)
(-2732.32 1229.75 0)
(-1239.7 976.941 0)
(-2070.46 401.305 0)
(-653.686 13.8703 0)
(-108.317 431.147 0)
(268.601 432.334 0)
(268.727 354.88 0)
(897.835 -260.751 0)
(247.746 123.768 0)
(1507.21 -446.153 0)
(1471.04 -581.592 0)
(-9.36413 148.139 0)
(158.649 690.665 0)
(-1382.28 1341.04 0)
(-770.016 948.386 0)
(-380.215 457.61 0)
(-314.761 444.25 0)
(-21.7594 306.192 0)
(196.765 -82.6036 0)
(235.778 -263.567 0)
(-174.589 65.0525 0)
(-666.565 278.812 0)
(-353.764 355.365 0)
(-213.686 429.476 0)
(-249.338 467.198 0)
(30.5589 301.037 0)
(131.39 209.215 0)
(173.962 159.893 0)
(188.838 122.768 0)
(176.455 84.0927 0)
(169.173 46.5573 0)
(166.112 10.7685 0)
(163.362 -15.0722 0)
(159.997 -34.3274 0)
(158.492 -48.4325 0)
(139.348 -48.1574 0)
(122.239 -45.4694 0)
(109.925 -52.6463 0)
(105.39 -60.9203 0)
(87.0353 -59.9153 0)
(67.9418 -57.1788 0)
(45.5359 -58.1597 0)
(29.3533 -51.0585 0)
(2.48722 -31.5689 0)
(-11.0931 2.00252 0)
(-2.16037 96.2716 0)
(-6.63248 114.1 0)
(90.3751 -33.5315 0)
(86.9891 -75.0111 0)
(37.8455 -81.641 0)
(-40.8492 -113.715 0)
(-90.2239 -120.213 0)
(-110.566 -87.0757 0)
(-105.268 -29.3419 0)
(-98.8432 11.9628 0)
(-70.2405 33.1552 0)
(-35.305 39.0839 0)
(-12.0331 36.5532 0)
(9.14976 30.6392 0)
(19.4046 20.1049 0)
(29.0775 6.80456 0)
(37.4471 -7.71738 0)
(38.9577 -17.3724 0)
(26.9641 -19.2673 0)
(37.965 -30.4403 0)
(32.5241 -51.6108 0)
(33.406 -53.6502 0)
(27.2061 -39.4467 0)
(28.6216 -24.9187 0)
(25.8178 -17.7597 0)
(23.1777 -16.3878 0)
(10.5332 -411.946 0)
(-188.319 -1017.58 0)
(1660.61 -656.836 0)
(1912.87 203.689 0)
(883.748 -162.243 0)
(1134.67 -19.0086 0)
(1187.05 296.329 0)
(1517.24 291.49 0)
(1357.39 12.0148 0)
(1075.43 -425.418 0)
(198.414 -446.274 0)
(1458.6 -261.99 0)
(1291.03 -1033.01 0)
(-58.0752 -406.336 0)
(-963.862 -173.762 0)
(65.351 -40.1898 0)
(-945.917 -463.992 0)
(144.186 152.445 0)
(301.638 1025.82 0)
(-3257.45 -102.162 0)
(-3756.89 -1218.6 0)
(-3146.85 -679.242 0)
(-2710.19 179.007 0)
(-4094.41 11.4736 0)
(-6208.72 -307.731 0)
(-452.318 -1055.27 0)
(643.071 -722.105 0)
(1289.51 -957.257 0)
(517.863 76.6163 0)
(-1556.5 1338.64 0)
(-410.861 991.408 0)
(-798.137 462.758 0)
(-1017.48 63.6252 0)
(-122.822 257.265 0)
(52.9402 386.584 0)
(241.846 275.806 0)
(808.026 -251.858 0)
(-480.697 51.6436 0)
(1722.73 -678.907 0)
(1133.89 -376.618 0)
(-31.2954 302.452 0)
(68.3832 833.873 0)
(-1728.79 1483.84 0)
(-655.988 769.243 0)
(-659.359 430.217 0)
(-421.402 391.345 0)
(-93.3098 256.042 0)
(252.493 -116.526 0)
(206.425 -208.878 0)
(-212.08 163.93 0)
(-574.038 304.182 0)
(-361.012 317.249 0)
(-246.16 414.459 0)
(-212.699 426.014 0)
(76.6537 259.671 0)
(169.76 189.674 0)
(199.089 153.53 0)
(202.855 124.542 0)
(191.147 86.1165 0)
(194.517 48.1572 0)
(191.845 10.6133 0)
(184.962 -13.711 0)
(187.935 -33.5168 0)
(182.076 -45.6311 0)
(159.193 -43.0603 0)
(143.173 -41.8368 0)
(128.127 -50.9571 0)
(125.727 -58.0922 0)
(106.102 -54.7068 0)
(80.1149 -51.8691 0)
(61.2764 -52.8828 0)
(37.0028 -45.0974 0)
(18.983 -27.939 0)
(-0.505913 2.92588 0)
(12.8072 94.4257 0)
(22.6143 100.78 0)
(123.994 -41.2155 0)
(120.454 -69.3013 0)
(70.7245 -66.4818 0)
(-13.9837 -96.9113 0)
(-70.5697 -109.286 0)
(-106.979 -83.4545 0)
(-107.082 -30.2751 0)
(-98.693 6.85219 0)
(-75.1286 25.6421 0)
(-41.1191 31.7305 0)
(-10.2017 30.9909 0)
(7.84663 26.1173 0)
(27.7687 16.7496 0)
(36.2497 4.39827 0)
(55.8567 -9.07728 0)
(53.6366 -16.5156 0)
(44.9904 -19.5015 0)
(58.9595 -30.7162 0)
(44.2306 -50.0862 0)
(38.64 -52.3253 0)
(29.9384 -38.5807 0)
(29.0393 -24.264 0)
(24.7947 -17.3875 0)
(20.2661 -16.7078 0)
(104.632 -408.394 0)
(10.6644 -1302.49 0)
(1384.49 -854.817 0)
(2049.6 222.078 0)
(1672.26 27.0527 0)
(284.488 0.0617733 0)
(844.827 288.139 0)
(1445.62 257.923 0)
(1421.73 21.9751 0)
(1289.39 -315.116 0)
(811.403 -387.724 0)
(1609.98 -312.697 0)
(1311.7 -653.565 0)
(-4709.03 -91.6855 0)
(-1880.24 -14.6425 0)
(2018.16 92.3921 0)
(182.884 -233.431 0)
(-1155.77 111.603 0)
(-394.186 957.613 0)
(-307.909 588.536 0)
(-4119.1 -949.708 0)
(-5085.37 -850.53 0)
(-5263.65 111.851 0)
(-2455.89 498.968 0)
(-1642.41 -976.192 0)
(-1028.74 -1492.14 0)
(549.639 -963.228 0)
(832.842 -923.235 0)
(-909.446 434.238 0)
(-1184.86 1367.91 0)
(-982.428 863.893 0)
(-724.031 271.831 0)
(405.677 -134.608 0)
(-265.513 205.617 0)
(-141.181 325.574 0)
(245.654 197.739 0)
(641.106 -126.29 0)
(-1597.34 -45.0778 0)
(1598.76 -949.62 0)
(576.653 -197.783 0)
(252.12 408.497 0)
(-237.66 1030.91 0)
(-1517.68 1525.6 0)
(-667.181 706.238 0)
(-721.909 354.988 0)
(-408.493 285.747 0)
(-197.99 191.618 0)
(299.082 -161.15 0)
(159.263 -150.624 0)
(-207.849 239.487 0)
(-398.532 317.027 0)
(-320.467 278.602 0)
(-261.148 385.264 0)
(-118.758 367.228 0)
(132.803 221.56 0)
(193.205 174.4 0)
(215.37 151.779 0)
(213.066 125.16 0)
(217.319 85.7927 0)
(223.468 46.8071 0)
(225.205 11.2118 0)
(218.7 -13.3951 0)
(217.28 -32.7873 0)
(207.162 -41.7679 0)
(183.211 -37.7358 0)
(160.164 -37.7822 0)
(154.697 -48.5437 0)
(145.464 -54.259 0)
(120.446 -49.533 0)
(99.2843 -45.887 0)
(71.0689 -46.9211 0)
(53.623 -39.0646 0)
(27.7118 -23.8804 0)
(9.21927 3.54017 0)
(26.8347 89.8691 0)
(54.2215 84.0909 0)
(161.653 -50.7813 0)
(151.402 -63.4644 0)
(106.624 -49.7757 0)
(12.0762 -78.3793 0)
(-46.5187 -95.5812 0)
(-92.4415 -78.5933 0)
(-101.782 -31.0766 0)
(-97.6491 1.6592 0)
(-70.188 19.5208 0)
(-41.0748 24.404 0)
(-14.6906 24.0985 0)
(16.3417 20.8281 0)
(32.938 12.7927 0)
(47.2195 0.103523 0)
(75.6331 -11.0731 0)
(76.2791 -15.2265 0)
(57.4149 -19.9097 0)
(75.0759 -30.7825 0)
(60.2147 -46.5341 0)
(39.3061 -49.96 0)
(31.6203 -36.6547 0)
(28.637 -23.0467 0)
(24.2016 -16.8582 0)
(18.5376 -16.77 0)
(187.908 -423.145 0)
(68.5722 -1481.22 0)
(837.858 -1074.08 0)
(2032.4 135.988 0)
(1971.53 259.478 0)
(587.282 40.9405 0)
(1331.36 267.546 0)
(1314.65 173.433 0)
(1510.33 45.0218 0)
(998.432 -235.263 0)
(639.936 -498.317 0)
(1309.26 -326.157 0)
(952.818 209.293 0)
(-4863.99 86.3694 0)
(-3113.15 -1440.98 0)
(282.274 -632.849 0)
(990.973 124.493 0)
(181.655 306.591 0)
(915.501 970.334 0)
(-547.047 572.056 0)
(-195.974 -131.89 0)
(-4247.75 -643.816 0)
(-4199.16 -281.087 0)
(-852.718 -332.178 0)
(-20.6771 -1146.41 0)
(415.493 -1516.73 0)
(623.323 -1077.26 0)
(200.6 -587.755 0)
(-3085.19 852.273 0)
(-3514.11 1475.51 0)
(-1409.53 599.78 0)
(-417.751 69.6083 0)
(452.981 -96.6846 0)
(-500.199 370.313 0)
(-316.584 267.452 0)
(308.594 107.729 0)
(673.533 55.7927 0)
(-485.009 -175.461 0)
(1503.84 -1078.19 0)
(-91.7639 -66.1716 0)
(425.158 511.716 0)
(-871.625 1293.45 0)
(-1344.82 1498.82 0)
(-705.73 614.843 0)
(-800.158 345.188 0)
(-600.147 229.393 0)
(-400.382 117.03 0)
(330.908 -225.635 0)
(97.7659 -95.9943 0)
(-165.766 288.755 0)
(-249.46 336.865 0)
(-290.574 283.989 0)
(-271.281 361.948 0)
(-24.3011 310.593 0)
(152.499 197.591 0)
(203.286 165.489 0)
(228.196 148.468 0)
(238.629 122.501 0)
(258.89 83.4074 0)
(256.958 46.874 0)
(252.876 11.8024 0)
(250.746 -13.0221 0)
(250.165 -30.6734 0)
(235.971 -36.4137 0)
(202.74 -31.8061 0)
(190.572 -34.2941 0)
(179.595 -46.1441 0)
(162.75 -50.2367 0)
(142.615 -43.8117 0)
(111.474 -39.2538 0)
(85.6471 -40.8631 0)
(62.4857 -33.773 0)
(51.3947 -19.8781 0)
(25.2437 3.77706 0)
(43.6798 83.8157 0)
(85.0129 64.6588 0)
(189.861 -60.5106 0)
(182.722 -58.8075 0)
(139.686 -32.0688 0)
(44.9398 -59.0593 0)
(-23.7342 -80.1455 0)
(-81.8486 -70.1623 0)
(-87.3324 -31.277 0)
(-87.8583 -1.77819 0)
(-64.8633 12.4786 0)
(-31.8965 17.4467 0)
(-10.7149 17.2888 0)
(22.4297 14.7306 0)
(37.1719 7.69247 0)
(67.1959 -6.0782 0)
(90.6228 -14.8427 0)
(97.0957 -13.522 0)
(77.8668 -18.4674 0)
(83.7247 -29.8547 0)
(62.5387 -42.254 0)
(46.0539 -45.9283 0)
(31.3834 -34.5326 0)
(26.8079 -21.7538 0)
(22.542 -16.1448 0)
(14.0458 -16.3946 0)
(598.304 -397.51 0)
(-114.202 -1514.29 0)
(-145.284 -1236.58 0)
(1748.48 -89.0373 0)
(2189.02 354.128 0)
(1499.2 106.441 0)
(672.757 183.262 0)
(420.439 94.9681 0)
(1385.55 45.5425 0)
(1023.47 -201.232 0)
(897.164 -354.5 0)
(813.286 -342.019 0)
(769.033 807.924 0)
(-1994.57 1292.54 0)
(-3893.12 -1120.39 0)
(-1653.18 -1389.41 0)
(-840.1 -330.737 0)
(-635.489 141.102 0)
(826.003 1000.59 0)
(722.909 852.122 0)
(894.309 521.804 0)
(-3802.81 -451.082 0)
(-2558.35 -841.144 0)
(976.454 -834.303 0)
(1044.45 -1311.89 0)
(524.612 -1573.28 0)
(106.896 -1019.79 0)
(-824.223 -164.896 0)
(-4497.89 1107.14 0)
(-4697.6 1229.54 0)
(-748.527 126.906 0)
(-267.157 -117.442 0)
(-37.2458 -46.9029 0)
(-595.278 374.102 0)
(-93.6604 125.675 0)
(293.665 -7.35332 0)
(472.341 170.54 0)
(757.356 -366.436 0)
(1361.98 -981.152 0)
(-527.153 60.0249 0)
(383.583 665.258 0)
(-1359.82 1545.56 0)
(-1662.81 1630.39 0)
(-599.143 579.764 0)
(-462.148 292.29 0)
(-583.63 211.674 0)
(-633.7 21.0027 0)
(332.477 -309.481 0)
(31.5596 -49.8804 0)
(-125.158 319.977 0)
(-112.785 358.455 0)
(-216.25 292.897 0)
(-166.386 317.134 0)
(71.1999 258.252 0)
(194.612 175.421 0)
(233.759 154.942 0)
(251.803 142.565 0)
(276.302 117.128 0)
(301.83 79.9164 0)
(295.847 47.5771 0)
(300.706 12.4847 0)
(283.058 -13.1334 0)
(278.899 -27.7957 0)
(267.833 -31.2687 0)
(237.599 -25.9728 0)
(211.625 -30.8318 0)
(203.292 -42.9367 0)
(193.121 -44.7101 0)
(156.937 -37.4161 0)
(140.901 -32.9496 0)
(115.584 -33.4228 0)
(80.9751 -27.9857 0)
(66.9116 -16.4557 0)
(47.5167 3.90003 0)
(61.5851 76.043 0)
(119.742 42.3096 0)
(227.468 -68.4571 0)
(207.421 -53.806 0)
(166.426 -16.9781 0)
(77.6464 -39.1223 0)
(17.6621 -62.7573 0)
(-53.7119 -60.1941 0)
(-68.9253 -30.1933 0)
(-70.672 -4.58361 0)
(-47.4683 6.71291 0)
(-22.351 10.8001 0)
(3.65174 10.5899 0)
(29.6746 8.41436 0)
(56.4907 1.89079 0)
(75.2202 -12.1986 0)
(99.4161 -19.8384 0)
(112.966 -13.807 0)
(104.708 -15.9543 0)
(84.7554 -26.5574 0)
(73.568 -37.5496 0)
(49.1145 -42.0049 0)
(34.1251 -31.5987 0)
(26.6977 -19.7031 0)
(17.983 -15.1287 0)
(12.3682 -15.9177 0)
(826.649 -394.13 0)
(-401.887 -1414.63 0)
(-1426.74 -1486.1 0)
(1372.5 -490.022 0)
(2387.53 310.589 0)
(2017.58 437.14 0)
(-209.639 352.607 0)
(290.539 26.5437 0)
(1167 -83.2424 0)
(807.324 -101.251 0)
(-63.6779 -339.985 0)
(201.778 -396.343 0)
(-80.1093 1098.51 0)
(-1263.58 1397.96 0)
(-2634.37 -1592.49 0)
(-4422.51 -1342.1 0)
(-1515.19 -10.1933 0)
(-1311.48 160.377 0)
(235.428 615.647 0)
(1593.55 858.56 0)
(1489.05 740.838 0)
(-101.909 68.4346 0)
(-706.084 -774.93 0)
(788.04 -1170.95 0)
(987.498 -1231.77 0)
(-213.137 -1308.17 0)
(-1453.16 -810.752 0)
(-3303.02 306.404 0)
(-5609.55 1584.09 0)
(-3722.18 541.394 0)
(-1318.96 -398.509 0)
(-977.233 -242.18 0)
(-1060.27 -0.124031 0)
(-941.09 295.336 0)
(-234.26 67.5057 0)
(118.748 -65.1314 0)
(-170.707 123.216 0)
(846.176 -551.732 0)
(840.661 -714.171 0)
(-593.154 138.316 0)
(113.611 808.534 0)
(-753.422 1482.31 0)
(-974.11 1592.8 0)
(-119.029 498.864 0)
(-91.2715 266.278 0)
(-194.411 225.693 0)
(-595.343 -39.4319 0)
(319.201 -387.807 0)
(-31.4638 -16.5027 0)
(-78.7279 328.019 0)
(-10.7657 368.127 0)
(-91.1774 318.848 0)
(3.84997 279.732 0)
(192.092 214.205 0)
(251.481 163.203 0)
(276.304 149.932 0)
(286.347 136.591 0)
(333.441 110.362 0)
(340.686 78.8565 0)
(354.407 47.7493 0)
(337.521 15.2986 0)
(336.446 -9.58683 0)
(306.068 -25.4239 0)
(295.724 -26.1396 0)
(278.23 -19.3473 0)
(256.894 -26.6677 0)
(237.114 -39.5185 0)
(224.435 -38.6717 0)
(181.158 -30.7531 0)
(162.5 -27.9949 0)
(148.369 -26.9882 0)
(123.523 -21.8285 0)
(103.768 -11.8429 0)
(78.966 4.29482 0)
(88.5879 67.6452 0)
(161.241 20.711 0)
(255.623 -76.4164 0)
(235.27 -45.4582 0)
(180.482 -2.54624 0)
(117.491 -22.9014 0)
(58.439 -46.308 0)
(-7.04042 -48.8401 0)
(-35.5627 -27.7477 0)
(-40.3832 -7.63303 0)
(-21.7501 1.44248 0)
(1.68378 5.07369 0)
(17.4311 4.22212 0)
(52.9314 2.41113 0)
(65.1711 -5.74665 0)
(104.682 -16.5879 0)
(102.516 -22.2846 0)
(117 -15.8918 0)
(120.338 -13.2187 0)
(101.097 -21.5929 0)
(74.4172 -32.8315 0)
(55.4489 -37.0204 0)
(35.4597 -27.9225 0)
(26.6203 -17.2257 0)
(17.6184 -13.9964 0)
(7.16831 -15.1779 0)
(962.335 -407.713 0)
(-438.482 -1286.1 0)
(-618.848 -1561.11 0)
(1025.23 -955.327 0)
(2168.03 180.965 0)
(2764.17 621.369 0)
(1671.36 627.271 0)
(1773.25 4.43436 0)
(776.139 -232.252 0)
(920.108 45.6566 0)
(5.77648 -117.171 0)
(-969.304 -341.483 0)
(-719.772 809.776 0)
(63.0402 1566.5 0)
(-354.399 -578.275 0)
(-5437.12 -1449.38 0)
(-2127.27 -614.956 0)
(-3206.43 -374.761 0)
(-2389.53 -182.47 0)
(876.467 494.159 0)
(2363.02 785.278 0)
(2245.68 262.303 0)
(1158.77 -668.492 0)
(1005.64 -1187.73 0)
(1034.57 -1140.87 0)
(-395.86 -779.373 0)
(-3268.53 -74.2207 0)
(-6369.22 1002.07 0)
(-5328.9 1343.83 0)
(-3358.75 275.343 0)
(-2803.06 -353.074 0)
(-2715.59 -312.862 0)
(-3084.69 -15.0824 0)
(-1821.87 168.527 0)
(-516.025 -109.543 0)
(-180.162 -71.0382 0)
(-733.093 23.6478 0)
(151.721 -574.037 0)
(-296.773 -504.573 0)
(-2579.58 232.896 0)
(-519.924 806.288 0)
(-1496.3 1444.74 0)
(-299.436 1280.16 0)
(141.384 376.948 0)
(-435.54 309.552 0)
(34.3796 245.172 0)
(-123.704 -86.3789 0)
(313.4 -414.053 0)
(-98.6903 16.7418 0)
(-154.216 325.903 0)
(-5.37695 351.23 0)
(62.4866 303.59 0)
(166.568 241.746 0)
(250.584 190.659 0)
(291.006 159.923 0)
(319.879 144.798 0)
(332.058 128.698 0)
(377.455 104.614 0)
(397.716 76.1985 0)
(390.539 48.9723 0)
(403.116 17.6192 0)
(367.452 -4.61842 0)
(365.34 -18.2337 0)
(319.775 -21.8023 0)
(317.534 -15.1997 0)
(307.18 -21.4555 0)
(292.307 -33.7522 0)
(255.614 -31.4416 0)
(229.027 -23.2316 0)
(196.926 -23.1288 0)
(184.645 -22.1393 0)
(169.787 -16.3899 0)
(144.575 -6.97342 0)
(129.186 7.32605 0)
(115.645 57.3374 0)
(212.781 -3.20804 0)
(297.082 -79.1402 0)
(253.745 -37.228 0)
(202.501 11.9406 0)
(161.624 -9.20757 0)
(117.087 -30.2313 0)
(45.7821 -35.6474 0)
(11.4896 -23.9231 0)
(3.81464 -8.99351 0)
(15.1374 -2.11256 0)
(32.2749 0.30932 0)
(42.2805 -1.59923 0)
(82.2084 -3.6573 0)
(94.7748 -11.684 0)
(129.63 -21.1247 0)
(131.128 -23.0176 0)
(110.19 -16.2322 0)
(118.565 -11.8981 0)
(100.815 -16.5149 0)
(83.1055 -26.9036 0)
(61.0287 -31.9738 0)
(34.5734 -23.418 0)
(24.8724 -14.1256 0)
(12.7239 -12.4756 0)
(5.12732 -14.1896 0)
(1095.71 -422.226 0)
(-638.815 -1194.08 0)
(-363.101 -1524.32 0)
(-212.444 -1341.11 0)
(1398 -101.022 0)
(2316.75 580.294 0)
(2739.73 652.366 0)
(2778.48 537.208 0)
(520.605 36.9406 0)
(613.277 60.8706 0)
(-70.4442 103.098 0)
(-937.907 -292.23 0)
(212.007 884.25 0)
(923.172 1504.06 0)
(1133.58 -154.786 0)
(-2648.14 -1030.15 0)
(-3045.6 -668.74 0)
(-2508.08 -36.5113 0)
(-3264.38 -220.728 0)
(-2223.4 -184.96 0)
(839.072 402.271 0)
(2103.81 176.611 0)
(1154.47 -642.319 0)
(1261.1 -1155.78 0)
(1467.7 -943.89 0)
(-141.617 -140.095 0)
(-3747.14 809.888 0)
(-4575.66 1002.35 0)
(-3003.01 795.225 0)
(-2488.99 35.2623 0)
(-2893.41 -398.334 0)
(-4359.94 -326.567 0)
(-4167.81 -471.388 0)
(-2514 -83.5931 0)
(-817.904 -299.187 0)
(-1413.48 50.6243 0)
(-790.123 -84.7053 0)
(-763.722 -466.148 0)
(-2665.67 -118.566 0)
(-4291.19 250.449 0)
(-2051.72 548.338 0)
(-3209.45 1348.15 0)
(-359.469 1043.21 0)
(-186.374 415.553 0)
(-417.702 250.358 0)
(86.5322 185.033 0)
(274.531 -113.498 0)
(357.228 -338.439 0)
(-211.222 46.7487 0)
(-371.869 329.796 0)
(-127.023 312.043 0)
(67.0452 273.895 0)
(176.066 217.013 0)
(243.448 171.721 0)
(325.77 151.534 0)
(345.688 138.706 0)
(372.86 119.998 0)
(419.908 96.9621 0)
(424.115 73.6541 0)
(444.88 45.4194 0)
(463.419 22.7047 0)
(416.614 0.836508 0)
(415.325 -11.5365 0)
(365.708 -15.8778 0)
(361.88 -13.6123 0)
(356.2 -17.5764 0)
(346.552 -27.3776 0)
(312.874 -22.9615 0)
(272.757 -16.6298 0)
(259.666 -17.9528 0)
(236.019 -17.7527 0)
(220.912 -11.8857 0)
(204.1 -1.17946 0)
(179.735 11.377 0)
(161.049 46.1448 0)
(300.347 -26.4552 0)
(307.475 -79.4905 0)
(255.977 -23.3768 0)
(226.307 19.8687 0)
(205.355 -0.861816 0)
(169.665 -17.1184 0)
(118.607 -23.1638 0)
(69.9163 -16.6272 0)
(53.5456 -9.58226 0)
(62.6209 -4.83882 0)
(75.7215 -1.91346 0)
(85.0075 -7.42698 0)
(108.727 -12.3967 0)
(143.202 -15.6179 0)
(135.497 -23.5389 0)
(142.967 -20.6809 0)
(123.401 -12.8627 0)
(104.912 -9.73511 0)
(103.839 -12.704 0)
(80.8679 -22.2857 0)
(62.76 -26.1992 0)
(35.7517 -18.5414 0)
(27.0755 -10.9471 0)
(11.8979 -10.3526 0)
(-2.26644 -12.849 0)
(1239.31 -392.968 0)
(-1413.05 -1071.34 0)
(-1025.54 -1527.29 0)
(-2116.12 -1563.37 0)
(317.189 -488.373 0)
(1518.25 240.56 0)
(2226.17 579.227 0)
(2260.62 570.643 0)
(1369.95 290.278 0)
(-544.578 164.154 0)
(-836.386 319.961 0)
(-980.718 -162.095 0)
(-1929.38 554.585 0)
(922.545 1425.61 0)
(1440.42 171.142 0)
(-1674.5 -526.419 0)
(-3562.94 -525.208 0)
(-4296.41 -346.918 0)
(-3506.34 -564.697 0)
(-2303.29 -628.458 0)
(-170.729 85.9868 0)
(920.286 109.59 0)
(436.084 -567.959 0)
(1065.73 -1218.8 0)
(1315.09 -789.911 0)
(-539.064 327.36 0)
(-2852.49 949.675 0)
(-4024.87 736.707 0)
(-1692.82 511.157 0)
(-1995.8 120.786 0)
(-2754.34 -57.3423 0)
(-3601.9 60.6566 0)
(-4432.28 -443.134 0)
(-3492.71 -536.261 0)
(-1747.75 -531.647 0)
(-2749.61 -327.944 0)
(-2311.65 -192.954 0)
(-2227.96 -329.829 0)
(-3878.61 186.171 0)
(-4310.96 232.048 0)
(-4160 531.466 0)
(-2608.1 1127.5 0)
(-843.012 914.248 0)
(-397.82 384.808 0)
(-512.581 273.979 0)
(-237.31 162.421 0)
(244.883 -141.742 0)
(247.914 -240.324 0)
(-399.634 94.8399 0)
(-721.58 335.235 0)
(-354.428 253.178 0)
(-119.514 230.063 0)
(45.8617 189.587 0)
(138.959 147.423 0)
(258.722 135.759 0)
(310.552 126.974 0)
(387.765 108.453 0)
(422.986 89.2157 0)
(479.876 66.3653 0)
(491.165 41.3833 0)
(518.008 24.1057 0)
(490.272 7.98388 0)
(451.678 -6.24881 0)
(450.16 -10.659 0)
(409.823 -12.2659 0)
(408.843 -15.8934 0)
(398.555 -20.5332 0)
(351.265 -15.3865 0)
(334.465 -10.5133 0)
(310.09 -13.5348 0)
(304.977 -13.4111 0)
(280.098 -6.36714 0)
(257.103 4.29864 0)
(244.73 15.6195 0)
(212.796 29.7115 0)
(371.955 -46.771 0)
(313.011 -68.5489 0)
(253.515 -13.4232 0)
(244.456 21.3421 0)
(239.378 4.84047 0)
(222.01 -7.32779 0)
(174.734 -11.5515 0)
(148.058 -9.82933 0)
(120.826 -7.47534 0)
(115.29 -6.21426 0)
(127.753 -6.19865 0)
(143.156 -10.9078 0)
(144.392 -17.3217 0)
(173.425 -19.5797 0)
(163.931 -21.0038 0)
(132.037 -16.7175 0)
(119.129 -9.50968 0)
(109.311 -6.70217 0)
(96.143 -10.0422 0)
(85.3359 -17.3393 0)
(58.3559 -20.3595 0)
(34.5356 -13.8234 0)
(27.2689 -7.46816 0)
(12.1943 -7.51221 0)
(-7.15283 -10.6704 0)
(1426.88 -288.482 0)
(-2022.5 -846.812 0)
(-1474.05 -1457.07 0)
(-3003.91 -1573.63 0)
(-1033.8 -883.715 0)
(-139.545 49.572 0)
(370.648 355.57 0)
(1351.02 616.476 0)
(1221.62 754.401 0)
(-1782.44 478.745 0)
(-2664.39 348.212 0)
(-2143.3 -42.4093 0)
(-3705.04 291.336 0)
(137.299 886.497 0)
(1466.75 608.948 0)
(-2155.11 -80.5004 0)
(-1166.75 -230.054 0)
(-298.205 -274.123 0)
(1131.43 -613.76 0)
(-373.437 -550.015 0)
(-1654.2 -311.15 0)
(-221.526 -139.702 0)
(-414.782 -711.426 0)
(20.2268 -1301.59 0)
(-63.4105 -795.074 0)
(-1363.88 577.338 0)
(-3618.77 1273.46 0)
(-3798.48 479.736 0)
(-2157.46 310.686 0)
(-3325.98 435.813 0)
(-3761.77 242.992 0)
(-2646.42 -126.172 0)
(-3620.91 -675.065 0)
(-2474.51 -877.837 0)
(-2709.76 -410.36 0)
(-5503.64 269.689 0)
(-5214.13 -27.9669 0)
(-5792.81 74.5839 0)
(-5862.33 387.116 0)
(-4651.86 229.591 0)
(-4201.18 235.358 0)
(-3555.47 567.079 0)
(-941.227 475.709 0)
(-938.104 400.817 0)
(-653.658 213.218 0)
(-186.304 -24.5571 0)
(40.1745 -190.475 0)
(-100.383 -186.866 0)
(-735.421 173.448 0)
(-941.143 307.348 0)
(-646.024 191.35 0)
(-499.369 189.707 0)
(-195.98 151.724 0)
(-50.8749 115.499 0)
(79.1858 110.903 0)
(220.835 105.464 0)
(303.111 90.3134 0)
(393.917 73.3696 0)
(440.387 54.6698 0)
(497.099 34.0611 0)
(502.432 21.7634 0)
(522.576 10.8669 0)
(500.113 -2.3669 0)
(467.15 -7.89118 0)
(470.806 -9.03307 0)
(434.02 -11.7834 0)
(432.024 -13.7659 0)
(392.949 -7.66408 0)
(361.408 -6.30335 0)
(357.625 -10.8439 0)
(332.935 -9.17934 0)
(329.718 -1.95545 0)
(307.134 9.56685 0)
(295.458 18.242 0)
(289.83 12.7087 0)
(403.795 -50.5587 0)
(280.419 -49.581 0)
(234.908 -6.14551 0)
(252.373 19.7899 0)
(261.904 5.96087 0)
(255.358 -0.667165 0)
(223.112 -4.24813 0)
(207.169 -3.79631 0)
(183.657 -3.49924 0)
(169.557 -6.03353 0)
(178.227 -7.35338 0)
(179.401 -13.8281 0)
(187.513 -18.4066 0)
(166.069 -19.2469 0)
(162.732 -16.1304 0)
(132.054 -10.8609 0)
(109.365 -5.43105 0)
(102.197 -4.43253 0)
(96.0538 -7.02584 0)
(79.4873 -12.4949 0)
(55.0924 -14.3732 0)
(30.5618 -9.51601 0)
(27.3319 -4.20675 0)
(10.7015 -4.10483 0)
(-8.61733 -8.05045 0)
(1359.55 -226.635 0)
(-814.12 -476.281 0)
(-2213.95 -1125.62 0)
(-5184.04 -1373.22 0)
(-5672.12 -948.564 0)
(-3927.08 -135.933 0)
(-2567.53 184.419 0)
(-1620.3 571.179 0)
(-1696.1 874.772 0)
(-2043.28 871.032 0)
(-3551.76 352.133 0)
(-3426.5 49.5161 0)
(-5215.49 -160.612 0)
(-746.243 199.057 0)
(1018.59 684.53 0)
(436.743 274.368 0)
(325.713 -141.198 0)
(634.551 -487.998 0)
(621.811 -570.947 0)
(-96.9705 -469.168 0)
(-2.21661 -201.062 0)
(11.4379 -96.0418 0)
(-925.311 -451.423 0)
(-3062.08 -921.303 0)
(-3784.88 -453.628 0)
(-6877.14 1386.12 0)
(-4528.54 1529.64 0)
(-3656.23 415.883 0)
(-4544.29 491.733 0)
(-3524.05 361.597 0)
(-2689.98 120.153 0)
(-2494.06 6.23207 0)
(-4422.76 -295.775 0)
(-4507.2 -551.947 0)
(-6054.46 83.4397 0)
(-6020.4 260.312 0)
(-5194.88 -50.9197 0)
(-5022.95 -96.1721 0)
(-4387.79 -48.3516 0)
(-4482.7 40.6233 0)
(-4179.51 191.246 0)
(-3771.2 237.276 0)
(-2308.6 228.091 0)
(-1665.1 140.032 0)
(-1182.02 80.8409 0)
(-908.045 -56.6398 0)
(-1038.57 -144.284 0)
(-1232.29 -43.35 0)
(-1687.1 272.738 0)
(-1367.85 276.505 0)
(-899.14 154.664 0)
(-610.9 113.076 0)
(-395.271 95.5235 0)
(-297.379 78.9713 0)
(-123.198 76.9251 0)
(30.4334 72.6917 0)
(159.292 66.3408 0)
(240.348 54.8261 0)
(347.8 38.792 0)
(390.007 25.0563 0)
(441.381 17.4692 0)
(448.947 11.1079 0)
(464.602 3.00007 0)
(444.224 -3.09818 0)
(411.92 -3.78848 0)
(416.946 -6.46219 0)
(397.507 -7.55283 0)
(360.394 -2.62933 0)
(365.126 -2.3684 0)
(336.215 -5.7972 0)
(330.835 -6.18657 0)
(323.611 1.05859 0)
(310.033 11.1811 0)
(334.566 16.9879 0)
(338.987 3.48608 0)
(368.208 -39.5528 0)
(235.975 -26.7601 0)
(205.027 -1.99717 0)
(243.344 12.7607 0)
(258.937 5.0867 0)
(250.83 1.92818 0)
(249.605 0.811522 0)
(231.739 -0.0311409 0)
(220.718 0.917893 0)
(209.335 -3.10626 0)
(203.352 -8.02015 0)
(204.371 -11.3811 0)
(176.539 -14.8472 0)
(160.532 -13.9205 0)
(126.252 -9.94539 0)
(112.238 -5.15365 0)
(95.0726 -2.54297 0)
(89.571 -2.55625 0)
(84.6207 -4.37646 0)
(68.2151 -7.48779 0)
(45.3712 -8.37151 0)
(23.3826 -5.86539 0)
(21.9436 -1.6763 0)
(11.7865 -0.904916 0)
(-9.58947 -5.00249 0)
(1183.46 -176.675 0)
(-306.087 -193.443 0)
(-1998.01 -432.429 0)
(-5027.98 -862.108 0)
(-8645.97 -940.814 0)
(-8028.06 -516.12 0)
(-9006.5 -107.757 0)
(-7019.86 346.606 0)
(-4803.47 711.036 0)
(-3699.63 845.425 0)
(-2676.74 598.127 0)
(-1990.83 262.052 0)
(-2464.68 -113.473 0)
(-3074.82 -468.405 0)
(-1046.96 167.036 0)
(245.986 110.189 0)
(-125.242 -213.619 0)
(-217.591 -482.234 0)
(-1711.93 -453.844 0)
(-4338.99 -230.59 0)
(-2638.26 -130.542 0)
(-3510.65 -29.6087 0)
(-4148.67 -129.288 0)
(-7257.36 -550.145 0)
(-8713.78 343.376 0)
(-8728.55 1285.27 0)
(-4270.41 979.745 0)
(-3930.19 716.413 0)
(-3183.27 552.532 0)
(-2999.15 482.031 0)
(-2050.06 243.201 0)
(-1233.57 89.6033 0)
(-1437.81 -143.953 0)
(-4209.35 -127.407 0)
(-5031.99 278.051 0)
(-3886.79 202.359 0)
(-3546.32 -70.9028 0)
(-3408.03 -164.167 0)
(-3654.45 -3.15484 0)
(-3451.69 53.4018 0)
(-2995.81 52.3662 0)
(-2820.42 72.7243 0)
(-2494 57.5949 0)
(-2179.48 97.0613 0)
(-1774.64 39.682 0)
(-1663.59 -50.1813 0)
(-1872.78 -112.658 0)
(-1943.26 50.9977 0)
(-1880.84 237.716 0)
(-1504.86 149.877 0)
(-1036.38 79.4034 0)
(-870.394 65.8607 0)
(-616.962 56.9727 0)
(-442.837 42.3408 0)
(-285.695 35.0171 0)
(-195.466 35.8276 0)
(-46.9672 36.2715 0)
(86.6266 29.1049 0)
(172.101 21.0354 0)
(234.947 13.521 0)
(261.442 9.80732 0)
(303.343 7.61381 0)
(309.842 3.68438 0)
(314.103 1.24394 0)
(290.369 -1.58748 0)
(292.985 -3.1184 0)
(285.017 -2.47531 0)
(262.342 -0.196868 0)
(266.533 -0.432704 0)
(256.775 -2.77337 0)
(248.116 -3.70577 0)
(234.407 1.30703 0)
(246.842 6.81792 0)
(288.068 10.7333 0)
(317.195 0.164887 0)
(272.709 -21.8745 0)
(181.142 -11.6327 0)
(153.917 -2.8366 0)
(185.352 4.995 0)
(196.102 3.59183 0)
(208.49 1.47002 0)
(204.888 1.39939 0)
(215.154 1.96501 0)
(200.441 1.61571 0)
(204.269 -1.59371 0)
(191.886 -5.44514 0)
(174.437 -7.28996 0)
(146.128 -7.70539 0)
(114.423 -6.37608 0)
(92.7167 -4.24987 0)
(76.7945 -1.88381 0)
(69.8697 -0.643841 0)
(66.5167 -1.11385 0)
(62.3079 -1.81438 0)
(46.6841 -2.99001 0)
(30.6303 -3.52489 0)
(12.747 -2.60225 0)
(10.6926 -0.167742 0)
(9.5633 0.8434 0)
(-7.43483 -2.29322 0)
(455.915 -187.886 0)
(-728.857 -245.208 0)
(-1773.89 -183.748 0)
(-2642.74 -220.594 0)
(-5204.69 -262.014 0)
(-6699.39 -139.757 0)
(-7477.06 -166.887 0)
(-8139.22 -152.931 0)
(-7267.39 229.57 0)
(-5315.78 449.911 0)
(-3060.99 339.552 0)
(-1965.24 130.397 0)
(-1575.67 50.2626 0)
(-2348.37 -114.289 0)
(-3348.42 -213.482 0)
(-3588.27 -168.474 0)
(-3790.59 -199.904 0)
(-4703.28 -180.169 0)
(-5998.05 -109.083 0)
(-6712.27 -21.4355 0)
(-7109.62 -91.3707 0)
(-7146.61 -15.9451 0)
(-7037.52 -59.9352 0)
(-7552.04 -74.5101 0)
(-7937.15 158.745 0)
(-6042.71 121.378 0)
(-3536.6 71.7511 0)
(-1939.2 -171.837 0)
(-810.887 -346.82 0)
(-124.857 -534.17 0)
(21.0353 -526.953 0)
(-162.99 -471.224 0)
(-494.284 -409.166 0)
(-846.484 -360.02 0)
(-611.459 -418.82 0)
(-565.457 -436.501 0)
(-910.764 -402.223 0)
(-1588.02 -353.519 0)
(-2134.54 -237.625 0)
(-2061.63 -119.331 0)
(-1963.85 -78.9539 0)
(-1766.02 -17.0773 0)
(-1526.92 -26.6254 0)
(-1374.05 -27.3955 0)
(-1288.77 -35.1776 0)
(-1382.63 -28.4175 0)
(-1663.86 -22.264 0)
(-1861.46 20.3551 0)
(-1335.81 -0.930446 0)
(-976.413 -12.0349 0)
(-667.285 -17.3975 0)
(-580.577 0.906471 0)
(-423.927 4.17555 0)
(-359.404 -2.98226 0)
(-272.102 5.48809 0)
(-179.116 11.0514 0)
(-96.6498 9.77569 0)
(-31.4009 9.6566 0)
(21.0777 7.85223 0)
(56.8873 5.52378 0)
(80.8931 4.02433 0)
(101.757 2.88658 0)
(111.749 2.71409 0)
(118.226 2.67646 0)
(116.211 1.20549 0)
(115.112 -1.08802 0)
(114.282 -0.710114 0)
(101.253 1.51016 0)
(109.583 0.85228 0)
(102.986 -0.632616 0)
(98.1606 -0.970993 0)
(90.5766 0.543103 0)
(104.031 2.01589 0)
(124.264 2.4064 0)
(152.085 0.165086 0)
(117.39 -5.32225 0)
(75.9566 -2.52321 0)
(65.8439 -1.43926 0)
(65.6757 1.17125 0)
(81.7532 0.369534 0)
(78.7945 0.403519 0)
(86.3739 0.391489 0)
(88.8511 0.852982 0)
(93.9997 1.41871 0)
(100.97 -0.316437 0)
(91.9185 -2.39323 0)
(76.5487 -2.2781 0)
(60.4301 -1.9206 0)
(44.9109 -1.43847 0)
(34.6824 -0.801297 0)
(27.5691 -0.271246 0)
(24.9528 -0.0106039 0)
(24.3619 -0.324099 0)
(21.3681 -0.367235 0)
(16.2071 -0.604782 0)
(9.17378 -0.728337 0)
(1.74075 -0.661169 0)
(0.0471704 0.27019 0)
(4.40144 0.967067 0)
(-0.39304 -0.270567 0)
)
;

boundaryField
{
    inlet
    {
        type            fixedValue;
        value           uniform (1 0 0);
    }
    outlet
    {
        type            zeroGradient;
    }
    lowerWall
    {
        type            fixedValue;
        value           uniform (0 0 0);
    }
    upperWall
    {
        type            fixedValue;
        value           uniform (0 0 0);
    }
    frontAndBack
    {
        type            empty;
    }
}


// ************************************************************************* //
