/*--------------------------------*- C++ -*----------------------------------*\
| =========                 |                                                 |
| \\      /  F ield         | foam-extend: Open Source CFD                    |
|  \\    /   O peration     | Version:     5.0                                |
|   \\  /    A nd           | Web:         http://www.foam-extend.org         |
|    \\/     M anipulation  |                                                 |
\*---------------------------------------------------------------------------*/
FoamFile
{
    version     2.0;
    format      ascii;
    class       volScalarField;
    location    "0.04";
    object      alpha1;
}
// * * * * * * * * * * * * * * * * * * * * * * * * * * * * * * * * * * * * * //

dimensions      [0 0 0 0 0 0 0];

internalField   nonuniform List<scalar> 
4000
(
1
1
1
1
1
1
1
1
0.985856
0.999749
1
1
1
1
1
0.993029
0.994916
0.999692
1
1
1
1
1
0.997682
0.999894
0.999999
1
0.998867
0.999996
1
1
0.99971
0.999853
0.99995
1
1
0.999992
1
0.999874
0.999977
1
1
0.549246
1
1
0.999955
1
1
1
1
1
1
0.999999
0.999994
1
1
1
1
1
1
1
1
1
0.999944
1
1
1
1
1
1
0.999998
1
1
1
1
1
1
0.999997
1
1
1
1
1
1
1
1
1
0.999925
1
1
1
1
1
1
1
1
1
1
1
1
1
1
1
1
1
1
1
1
0.9955
1
1
0.998129
0.978155
0.999999
0.999142
1
0.790584
1
0.935348
0.998902
0.999723
1
0.98078
0.999671
1
1
1
0.997387
1
1
1
0.999238
1
1
0.837963
0.999988
1
0.892996
1
1
1
0.976171
0.999995
0.99997
1
1
0.99999
0.999998
1
0.955462
1
1
1
1
0.73769
0.958485
1
0.999987
1
1
0.644691
1
1
1
1
0.999998
1
0.999995
1
1
0.999991
1
1
0.999986
1
1
0.710753
1
1
0.999979
1
1
0.981639
0.997478
1
1
0.97383
1
1
1
0.99879
0.99831
1
1
1
0.938169
1
0.757753
1
1
1
1
1
1
1
1
1
1
1
1
1
1
1
0.635934
0.999996
1
1
1
1
1
0.71923
1
1
1
1
1
0.993751
1
0.90903
1
1
1
0.930509
1
0.99996
1
0.718482
1
1
1
1
1
1
1
0.415055
0.998797
1
0.999999
1
0.790494
0.876835
1
0.917908
1
0.315698
0.963505
0.999997
1
1
1
0.958869
0.418654
1
1
1
1
1
1
1
1
1
0.387102
1
1
1
0.944912
0.672195
1
1
1
1
0.999641
1
0.808757
1
0.998627
1
1
1
0.997052
1
0.499913
0.998875
1
1
0.891924
0.781321
1
0.415036
1
1
1
1
1
1
1
1
1
1
1
0.814844
1
0.265714
1
1
1
1
1
1
1
0.0162098
1
1
1
1
0.992228
1
0.61217
0.267437
1
1
1
1
1
1
0.560733
1
0.102237
1
0.999938
1
1
0.988412
0.913418
0
1
1
1
1
1
1
1
1
0.866245
0.0807236
1
1
1
0
1
1
0
1
1
1
0.999998
1
1
0.805027
1
0.881531
0.503527
1
1
1
1
1
0.975008
0.634101
1
1
0.999998
0.998748
1
1
1
1
1
0.629285
1
0.982016
0.999942
1
1
0.955952
1
0.334165
0.820079
1
1
1
1
1
1
1
1
1
1
1
0.940611
1
0.428412
1
1
1
1
1
1
1
1
1
1
1
1
0.998215
1
1
0
1
1
1
0.998037
1
1
0
1
0.963303
0
1
1
1
0.376607
1
1
0.0312806
1
1
1
0.0237093
1
1
1
1
0
1
1
1
1
0.971394
0.865066
0
1
1
0.999996
1
1
1
0.999924
1
0
1
0.525302
0.680172
1
0.999745
1
0.793515
1
0.444283
1
1
1
1
1
1
1
1
0.988486
1
0.331183
1
0.999369
1
1
0.896061
0.799738
1
0.00556758
1
1
1
1
1
1
1
1
1
1
1
1
0.444129
1
1
1
1
1
1
1
1
1
1
1
1
1
1
1
0.835918
0
1
1
1
1
1
0
1
1
1
0
1
1
0.120336
1
0
1
1
0.999995
1
1
1
0
1
1
1
0.829028
1
0.999744
1
0
1
0.990811
0
1
1
1
0.554827
1
1
1
0.86902
1
0.634674
1
0
1
1
0.999728
1
1
1
0.929542
0.0075131
1
1
0.999999
0.999701
0.999999
0.999998
1
0.978054
1
1
1
1
1
1
0.918843
0.980511
0.0358609
1
1
1
1
1
1
1
1
1
1
0.996655
1
0.640682
1
1
1
1
1
1
1
1
1
1
0.859251
1
1
1
0.986242
0
1
1
0.862651
1
1
1
1
0
1
1
1
0.999426
0.999383
1
1
0
1
1
1
1
1
0.88821
0.598034
0.416449
1
1
1
0.999873
1
1
0.385395
0.999925
1
0.89395
1
1
1
0.258746
1
1
0.99117
1
0.999982
1
0
1
1
1
1
1
0.999497
0.999298
1
0.597363
1
1
1
1
1
0.73677
1
1
0.997817
1
1
1
0.922488
0.853178
1
1
0.173458
1
1
1
1
1
1
1
1
1
1
0.769652
1
0.999853
1
1
1
1
1
1
1
1
1
1
1
1
1
1
1
0.534999
1
1
1
0.235624
1
1
1
1
1
0.874829
1
1
0.969439
1
0.994001
0.336036
1
1
1
0.999869
1
0.286998
1
0.804589
1
1
0.999993
1
0.99509
0.83145
1
1
1
1
0.103471
1
1
0.372596
0.76479
1
1
1
1
1
1
0.701951
1
0.526623
0.912375
1
0.999997
1
0.279383
1
1
0.919599
1
1
1
0.88255
0.999945
0.999987
1
1
0.901169
1
1
0.435398
0.917854
0.365582
1
1
1
1
1
1
1
1
1
0.99996
1
1
1
0.999988
0.999886
0.999976
1
1
1
1
1
1
1
1
1
1
1
1
1
1
1
1
0.618835
1
1
1
1
1
1
1
0.52374
0.999394
1
1
1
0.999756
1
0.999834
1
1
1
0.999941
1
0.541011
1
1
1
1
0.927784
1
1
1
1
0.999813
0.999945
1
1
0.980624
1
1
1
1
0.700417
0.96044
1
1
0.999389
1
1
1
1
0.999298
0.999999
0.999999
0.998147
1
1
0.936974
0.991124
1
1
1
1
0.92656
1
1
0.575221
1
1
0.785875
1
1
1
1
1
1
0.71152
1
1
0.999992
0.999982
1
1
0.999927
0.998545
1
0.897937
1
1
1
1
1
1
1
1
1
0.999599
1
1
0.978954
0.992771
1
0.98581
1
1
0.999907
0.998771
0.999999
1
0.969069
0.999591
1
0.998562
1
1
0.999706
1
0.999998
1
0.999994
0.999989
1
0.934548
1
1
0.999994
1
1
1
1
1
0.999997
1
0.999999
1
1
1
1
1
1
0.999974
0.999984
1
1
1
0.99998
1
1
1
1
0.999133
1
1
0.999997
0.998604
0.996874
1
1
1
1
0.999881
0.999345
0.999043
1
0.934339
0.862004
0.845435
0.957714
1
1
1
1
1
1
1
1
1
0.98407
1
1
1
1
1
1
0.905968
1
1
1
1
1
0.923803
0.999999
1
1
1
1
0.982541
1
1
0.974187
1
0.999754
1
1
0.929623
0.999902
0.954163
0.998698
1
1
1
1
0.999795
1
0.975043
1
1
0.999864
0.952651
0.999984
0.999982
1
0.999999
1
0.993248
0.995598
1
1
0.762999
0.990345
0.962073
0.999918
1
0.99723
0.999999
1
1
1
0.999866
0.952535
0.999381
1
1
0.834482
0.999997
0.999095
0.951197
1
1
1
1
1
1
0.999978
0.961957
1
1
1
1
1
1
0.993411
1
0.964115
0.965434
1
1
1
0.750032
1
1
1
1
1
1
1
1
1
1
1
1
1
1
1
1
1
1
1
1
1
0.998462
1
1
1
1
0.991406
0.983982
0.972646
1
1
0.991357
0.998415
1
1
1
1
0.999997
0.998878
0.999834
1
1
1
1
1
0.9999
1
0.999999
1
1
0.999971
0.999969
1
1
0.999958
0.999881
1
1
1
1
0.999996
0.999767
1
0.999989
1
1
1
1
0.999996
1
0.999782
1
1
0.999999
1
1
0.999942
1
0.999992
0.999871
0.999998
1
1
0.999993
0.998379
0.999558
0.999242
0.997266
0.997529
1
1
1
1
1
1
1
1
1
0.891919
1
1
1
1
1
1
1
1
1
1
1
1
1
1
1
1
1
1
1
1
1
1
1
1
1
1
0.929224
0.965642
0.968165
1
1
1
1
1
0.999879
1
1
1
1
0.999471
1
1
1
1
1
1
1
1
1
1
0.999605
0.999864
1
1
1
1
0.999998
1
1
0.99995
1
0.999914
0.999865
0.999979
1
1
1
1
1
1
0.999925
0.999819
1
1
1
0.999978
1
1
1
1
0.997491
1
1
1
0.999173
1
1
0.999959
1
1
1
1
1
1
1
0.982246
1
1
1
1
1
1
1
1
1
1
1
1
1
1
1
1
1
1
1
1
1
1
1
1
1
1
1
1
1
0.610128
1
0.744851
1
1
1
1
0.984588
0.990418
1
0.993559
1
1
1
0.997808
0.998397
1
1
1
1
1
0.999946
0.999613
1
0.998331
0.778271
1
1
1
1
0.99964
1
1
1
1
0.939646
1
0.794762
1
1
1
1
1
1
0.990802
0.605729
1
1
1
0.999408
0.999943
1
1
1
0.951577
0.798233
1
0.783138
1
0.980048
0.660868
0.994134
1
1
1
1
1
0.976852
0.981673
0.954674
1
1
1
1
1
1
1
1
1
1
1
1
1
1
1
1
1
1
1
1
1
1
1
1
1
1
1
1
1
1
1
1
0.505784
1
1
1
0.812282
1
1
0.955107
1
1
1
0.587227
1
1
1
1
1
0.99973
0.648871
0.663435
1
0.999934
1
0.462023
1
1
1
1
1
1
1
1
1
0.208157
1
1
1
1
1
0.996379
1
1
0.207511
1
1
1
1
1
0.92774
0.999413
1
1
0.434442
1
1
1
1
0.98051
1
0.990361
0.991222
0.993365
0.99587
0.991931
1
1
1
1
1
1
1
1
1
1
1
1
1
1
1
1
1
1
1
1
1
1
1
1
1
1
1
1
1
1
1
1
1
1
1
1
1
1
1
1
1
1
1
0.933924
1
1
1
0.961392
0.988184
1
1
1
0.776041
0.521931
0.750044
1
1
1
1
0.454208
1
1
1
1
1
1
1
1
1
0
1
1
1
1
0.999998
0.95485
1
0.386704
0.504529
1
1
1
1
1
0.0516336
1
1
1
0.0448193
1
1
1
1
1
0.974078
0.995804
0.994262
0.995407
1
1
1
1
1
1
1
1
1
1
1
1
1
1
1
1
1
1
1
1
1
1
1
1
1
1
1
1
1
1
1
1
1
1
1
1
1
1
1
1
1
1
1
1
1
1
1
1
1
1
1
1
1
1
1
1
1
1
1
1
1
1
1
1
1
1
1
1
1
1
1
1
1
1
1
1
1
1
1
1
0.999896
1
1
1
1
1
1
0.999682
0.999943
1
1
0.99974
0.999729
1
1
1
1
1
1
1
1
1
1
1
1
1
1
1
1
1
1
1
1
1
1
1
1
1
1
1
1
1
1
1
1
1
1
1
1
1
1
1
1
1
1
1
1
1
1
1
1
1
1
1
1
1
1
1
1
1
1
1
1
1
1
1
1
1
1
1
1
1
1
1
1
1
1
1
1
1
1
1
1
1
1
1
1
1
1
1
1
1
1
1
1
1
1
1
1
1
1
1
1
1
1
1
1
1
1
1
1
1
1
1
1
1
1
1
1
1
1
1
1
1
1
1
1
1
1
1
1
1
1
1
1
1
1
1
1
1
1
1
1
1
1
1
1
1
1
1
1
1
1
1
1
1
1
1
1
1
1
1
1
1
1
1
1
1
1
1
1
1
1
1
1
1
1
1
1
1
1
1
1
1
1
1
1
1
1
1
1
1
1
1
1
1
1
1
1
1
1
1
1
1
1
1
1
1
1
1
1
1
1
1
1
1
1
1
1
1
1
1
1
1
1
1
1
1
1
1
1
1
1
1
1
1
1
1
1
1
1
1
1
1
1
1
1
1
1
1
1
1
1
1
1
1
1
1
1
1
1
1
1
1
1
1
1
1
1
1
1
1
1
1
1
1
1
1
1
1
1
1
1
1
1
1
1
1
1
1
1
1
1
1
1
1
1
1
1
1
1
1
1
1
1
1
1
1
1
1
1
1
1
1
1
1
1
1
1
1
1
1
1
1
1
1
1
1
1
1
1
1
1
1
1
1
1
1
1
1
1
1
1
1
1
1
1
1
1
1
1
1
1
1
1
1
1
1
1
1
1
1
1
1
1
1
1
1
1
1
1
1
1
1
1
1
1
1
1
1
1
1
1
1
1
1
1
1
1
1
1
1
1
1
1
1
1
1
1
1
1
1
1
1
1
1
1
1
1
1
1
1
1
1
1
1
1
1
1
1
1
1
1
1
1
1
1
1
1
1
1
1
1
1
1
1
1
1
1
1
1
1
1
1
1
1
1
1
1
1
1
1
1
1
1
1
1
1
1
1
1
1
1
1
1
1
1
1
1
1
1
1
1
1
1
1
1
1
1
1
1
1
1
1
1
1
1
1
1
1
1
1
1
1
1
1
1
1
1
1
1
1
1
1
1
1
1
1
1
1
1
1
1
1
1
1
1
1
1
1
1
1
1
1
1
1
1
1
1
1
1
1
1
1
1
1
1
1
1
1
1
1
1
1
1
1
1
1
1
1
1
1
1
1
1
1
1
1
1
1
1
1
1
1
1
1
1
1
1
1
1
1
1
1
1
1
1
1
1
1
1
1
1
1
1
1
1
1
1
1
1
1
1
1
1
1
1
1
1
1
1
1
1
1
1
1
1
1
1
1
1
1
1
1
1
1
1
1
1
1
1
1
1
1
1
1
0.836298
1
1
1
1
1
1
1
1
1
1
1
1
1
1
1
1
1
1
1
1
1
1
1
1
1
1
1
1
1
1
1
1
1
1
1
1
1
1
1
1
1
1
1
1
1
1
1
1
1
1
1
1
1
1
1
1
1
1
1
1
1
1
1
1
1
1
1
1
1
1
1
1
1
1
1
1
1
1
1
1
1
1
1
1
1
1
1
1
1
1
1
1
1
1
1
1
1
1
1
1
1
1
1
1
1
1
1
1
1
1
1
1
1
1
1
1
1
1
1
1
1
1
1
1
1
1
1
1
1
1
1
1
1
1
1
1
1
1
1
1
1
1
1
1
1
1
1
1
1
1
1
1
1
1
1
1
1
1
1
1
1
1
1
1
1
1
1
1
1
1
1
1
1
1
1
1
1
1
1
1
1
1
1
1
1
1
1
1
1
1
1
1
1
1
1
1
1
1
1
0.869946
1
1
1
1
1
1
1
1
1
1
1
1
1
1
1
1
1
1
1
1
1
1
1
1
1
1
1
1
1
1
1
1
1
1
1
1
1
1
1
1
1
1
1
1
1
1
1
1
1
1
1
1
1
1
1
1
1
1
1
1
1
1
1
1
1
1
1
1
1
1
1
1
1
1
1
1
1
1
1
1
1
1
1
1
1
1
1
1
1
1
1
1
1
1
1
1
1
1
1
1
0.859943
1
1
1
1
1
1
1
1
1
1
1
1
1
1
1
1
1
1
1
1
1
1
1
1
1
1
1
1
1
1
1
1
1
1
1
1
1
1
1
1
1
1
1
1
1
1
1
1
1
1
1
1
1
1
1
1
1
1
1
1
1
1
1
1
1
1
1
1
1
1
1
1
1
1
1
1
1
1
1
1
1
1
1
1
1
1
1
1
1
1
1
1
1
1
1
1
1
1
1
1
0.959076
0.952169
1
1
1
1
1
1
1
1
1
1
1
1
1
1
1
1
1
1
1
1
1
1
1
1
1
1
1
1
1
1
1
1
1
1
1
1
1
1
1
1
1
1
1
1
1
1
1
1
1
1
1
1
1
1
1
1
1
1
1
1
1
1
1
1
1
1
1
1
1
1
1
1
1
1
1
1
1
1
1
1
1
1
1
1
1
1
1
1
1
1
1
1
1
1
1
1
1
0.997127
0.965243
0.983163
1
1
1
1
1
1
1
0.317359
0.403534
1
1
1
1
1
1
1
1
1
1
1
1
1
1
1
1
1
1
1
1
1
1
1
1
1
1
1
1
1
1
1
1
1
1
1
1
1
1
1
1
1
1
1
1
1
1
1
1
1
1
1
1
1
1
1
1
1
1
1
1
1
1
1
1
1
1
1
1
1
1
1
1
1
1
1
1
1
1
1
1
1
1
1
1
1
1
1
1
1
0.929009
0.921895
0.859342
1
1
1
1
1
1
0.826849
1
1
0.780438
1
1
1
1
1
1
1
1
1
1
1
1
1
1
1
1
1
1
1
1
1
1
1
1
1
1
1
1
1
1
1
1
1
1
1
1
1
1
1
1
1
1
1
1
1
1
1
1
1
1
1
1
1
1
1
1
1
1
1
1
1
1
1
1
1
1
1
1
1
1
1
1
1
1
1
1
1
1
1
1
1
1
1
1
1
1
1
1
1
0.893629
1
1
1
1
1
1
1
0.731144
1
0.299237
1
1
1
1
1
1
1
1
1
1
1
1
1
1
1
1
1
1
1
1
1
1
1
1
1
1
1
1
1
1
1
1
1
1
1
1
1
1
1
1
1
1
1
1
1
1
1
1
1
1
1
1
1
1
1
1
1
1
1
1
1
1
1
1
1
1
1
1
1
1
1
1
1
1
1
1
1
1
1
1
1
1
1
1
1
1
1
0.956123
1
1
1
1
1
1
1
1
0.895818
1
0.534578
1
1
1
1
1
1
1
1
1
1
1
1
1
1
1
1
1
1
1
1
1
1
1
1
1
1
1
1
1
1
1
1
1
1
1
1
1
1
1
1
1
1
1
1
1
1
1
1
1
1
1
1
1
1
1
1
1
1
1
1
1
1
1
1
1
1
1
1
1
1
1
1
1
1
1
1
1
1
1
1
1
1
1
1
1
1
1
0.911502
1
1
1
1
0.69965
1
0.303431
1
1
0
0.500896
1
1
1
1
1
1
1
1
1
1
1
1
1
1
1
1
1
1
1
1
1
1
1
1
1
1
1
1
1
1
1
1
1
1
1
1
1
1
1
1
1
1
1
1
1
1
1
1
1
1
1
1
1
1
1
1
1
1
1
1
1
1
1
1
1
1
1
1
1
1
1
1
1
1
1
1
1
1
1
1
1
1
1
1
1
1
1
1
0.999998
1
1
1
1
1
0.274478
0.900297
1
1
0
1
1
1
1
1
1
1
1
1
1
1
1
1
1
1
1
1
1
1
1
1
1
1
1
1
1
1
1
1
1
1
1
1
1
1
1
1
1
1
1
1
1
1
1
1
1
1
1
1
1
1
1
1
1
1
1
1
1
1
1
1
1
1
1
1
1
1
1
1
1
1
1
1
1
1
1
1
1
1
1
1
1
1
1
1
1
1
1
1
1
1
1
1
1
1
0.937266
1
1
1
0
1
1
1
1
1
1
1
1
1
1
1
1
1
1
1
1
1
1
1
1
1
1
1
1
1
1
1
1
1
1
1
1
1
1
1
1
1
1
1
1
1
1
1
1
1
1
1
1
1
1
1
1
1
1
1
1
1
1
1
1
1
1
1
1
1
1
1
1
1
1
1
1
1
1
1
1
1
1
1
1
1
1
1
1
1
1
1
1
1
1
1
0.444713
0.929679
1
1
1
0.870618
1
1
0
1
1
1
1
1
1
1
1
1
1
1
1
1
1
1
1
1
1
1
1
1
1
1
1
1
1
1
1
1
1
1
1
1
1
1
1
1
1
1
1
1
1
1
1
1
1
1
1
1
1
1
1
1
1
1
1
1
1
1
1
1
1
1
1
1
1
1
1
1
1
1
1
1
1
1
1
1
1
1
1
1
1
1
1
1
1
1
1
1
1
1
0.824747
1
0.865226
1
0.819948
0.861689
0.998016
1
0
1
1
1
1
1
1
1
1
1
1
1
1
1
1
1
1
1
1
1
1
1
1
1
1
1
1
1
1
1
1
1
1
1
1
1
1
1
1
1
1
1
1
1
1
1
1
1
1
1
1
1
1
1
1
1
1
1
1
1
1
1
1
1
1
1
1
1
1
1
1
1
1
1
1
1
1
1
1
1
1
1
1
1
1
1
1
1
1
1
1
1
0.930872
0.999963
1
0.49394
0.962173
0.850891
0.937847
1
0
1
1
1
1
1
1
1
1
1
1
1
1
1
1
1
1
1
1
1
1
1
1
1
1
1
1
1
1
1
1
1
1
1
1
1
1
1
1
1
1
1
1
1
1
1
1
1
1
1
1
1
1
1
1
1
1
1
1
1
1
1
1
1
1
1
1
1
1
1
1
1
1
1
1
1
1
1
1
1
1
1
1
1
1
1
1
1
1
1
1
1
0.999198
0.99251
1
0.95379
0.965394
0.966043
0.972576
1
0.110335
1
1
1
1
1
1
1
1
1
1
1
1
1
1
1
1
1
1
1
1
1
1
1
1
1
1
1
1
1
1
1
1
1
1
1
1
1
1
1
1
1
1
1
1
1
1
1
1
1
1
1
1
1
1
1
1
1
1
1
1
1
1
1
1
1
1
1
1
1
1
1
1
1
1
1
1
1
1
1
1
1
1
1
1
1
1
1
1
1
0.995052
0.99623
1
0.990259
0.998318
0.996214
0.997646
0.986098
0.990102
1
0.686277
1
1
1
1
1
1
1
1
1
1
1
1
1
1
1
1
1
1
1
1
1
1
1
1
1
1
1
1
1
1
1
1
1
1
1
1
1
1
1
1
1
1
1
1
1
1
1
1
1
1
1
1
1
1
1
1
1
1
1
1
1
1
1
1
1
1
1
1
1
1
1
1
1
1
1
1
1
1
1
1
1
1
1
1
1
1
1
1
)
;

boundaryField
{
    inlet
    {
        type            zeroGradient;
    }
    outlet
    {
        type            zeroGradient;
    }
    lowerWall
    {
        type            zeroGradient;
    }
    upperWall
    {
        type            zeroGradient;
    }
    frontAndBack
    {
        type            empty;
    }
}


// ************************************************************************* //
