/*--------------------------------*- C++ -*----------------------------------*\
| =========                 |                                                 |
| \\      /  F ield         | foam-extend: Open Source CFD                    |
|  \\    /   O peration     | Version:     5.0                                |
|   \\  /    A nd           | Web:         http://www.foam-extend.org         |
|    \\/     M anipulation  |                                                 |
\*---------------------------------------------------------------------------*/
FoamFile
{
    version     2.0;
    format      ascii;
    class       volVectorField;
    location    "0.04";
    object      bodyForce;
}
// * * * * * * * * * * * * * * * * * * * * * * * * * * * * * * * * * * * * * //

dimensions      [0 1 -2 0 0 0 0];

internalField   nonuniform List<vector> 
4000
(
(21.8599 -0 0)
(278.577 -0 0)
(492.436 -0 0)
(731.082 -0 0)
(963.326 -0 0)
(1161.21 -0 0)
(1333.9 -0 0)
(1485.17 -0 0)
(1636.02 -0 0)
(1778.98 -0 0)
(1895.17 -0 0)
(1965.44 -0 0)
(2022.26 -0 0)
(2076.92 -0 0)
(2132.34 -0 0)
(2188.05 -0 0)
(2230.28 -0 0)
(2270.35 -0 0)
(2302.16 -0 0)
(2330.98 -0 0)
(2353.68 -0 0)
(2371.16 -0 0)
(2383.32 -0 0)
(2395.63 -0 0)
(2406.62 -0 0)
(2413.91 -0 0)
(2418.53 -0 0)
(2422.8 -0 0)
(2426.29 -0 0)
(2429.13 -0 0)
(2431.53 -0 0)
(2433.46 -0 0)
(2434.9 -0 0)
(2435.65 -0 0)
(2436.17 -0 0)
(2436.6 -0 0)
(2436.95 -0 0)
(2437.21 -0 0)
(2437.47 -0 0)
(2437.69 -0 0)
(2437.93 -0 0)
(2438.12 -0 0)
(2438.17 -0 0)
(2438.3 -0 0)
(2438.43 -0 0)
(2438.27 -0 0)
(2438.05 -0 0)
(2437.98 -0 0)
(2437.98 -0 0)
(2437.94 -0 0)
(2437.93 -0 0)
(2437.97 -0 0)
(2438.02 -0 0)
(2438.04 -0 0)
(2438.11 -0 0)
(2438.29 -0 0)
(2438.44 -0 0)
(2438.35 -0 0)
(2438.16 -0 0)
(2438.07 -0 0)
(2438.06 -0 0)
(2438.07 -0 0)
(2438.07 -0 0)
(2438.12 -0 0)
(2438.29 -0 0)
(2438.42 -0 0)
(2438.31 -0 0)
(2438.12 -0 0)
(2437.99 -0 0)
(2437.94 -0 0)
(2437.97 -0 0)
(2438.19 -0 0)
(2438.39 -0 0)
(2438.23 -0 0)
(2437.94 -0 0)
(2437.74 -0 0)
(2437.56 -0 0)
(2437.33 -0 0)
(2437 -0 0)
(2436.51 -0 0)
(2435.86 -0 0)
(2434.75 -0 0)
(2432.86 -0 0)
(2430.02 -0 0)
(2425.9 -0 0)
(2420.11 -0 0)
(2411.71 -0 0)
(2399.49 -0 0)
(2382.22 -0 0)
(2357.96 -0 0)
(2323.73 -0 0)
(2275.21 -0 0)
(2207.88 -0 0)
(2113.55 -0 0)
(1986.64 -0 0)
(1823.76 -0 0)
(1594.83 -0 0)
(1336.43 -0 0)
(1385.61 -0 0)
(1564.02 -0 0)
(141.234 -0 0)
(933.111 -0 0)
(1549.8 -0 0)
(2165.62 -0 0)
(2768.23 -0 0)
(3307.08 -0 0)
(3783.6 -0 0)
(4200.82 -0 0)
(4608.43 -0 0)
(4976.74 -0 0)
(5281.9 -0 0)
(5487.2 -0 0)
(5691.77 -0 0)
(5867.81 -0 0)
(6017.97 -0 0)
(6177.03 -0 0)
(6293.12 -0 0)
(6405.53 -0 0)
(6492.93 -0 0)
(6567.51 -0 0)
(6624.83 -0 0)
(6675.51 -0 0)
(6710.11 -0 0)
(6742.63 -0 0)
(6769.41 -0 0)
(6788.58 -0 0)
(6801.67 -0 0)
(6813.1 -0 0)
(6822.11 -0 0)
(6829.27 -0 0)
(6835.1 -0 0)
(6839.77 -0 0)
(6843.12 -0 0)
(6845.2 -0 0)
(6846.58 -0 0)
(6847.66 -0 0)
(6848.6 -0 0)
(6849.27 -0 0)
(6849.9 -0 0)
(6850.41 -0 0)
(6850.92 -0 0)
(6851.31 -0 0)
(6851.47 -0 0)
(6851.71 -0 0)
(6851.94 -0 0)
(6851.66 -0 0)
(6851.28 -0 0)
(6851.15 -0 0)
(6851.13 -0 0)
(6851.04 -0 0)
(6850.99 -0 0)
(6851.09 -0 0)
(6851.21 -0 0)
(6851.27 -0 0)
(6851.4 -0 0)
(6851.69 -0 0)
(6851.94 -0 0)
(6851.81 -0 0)
(6851.5 -0 0)
(6851.34 -0 0)
(6851.32 -0 0)
(6851.33 -0 0)
(6851.34 -0 0)
(6851.43 -0 0)
(6851.69 -0 0)
(6851.9 -0 0)
(6851.75 -0 0)
(6851.44 -0 0)
(6851.19 -0 0)
(6851.07 -0 0)
(6851.09 -0 0)
(6851.5 -0 0)
(6851.86 -0 0)
(6851.6 -0 0)
(6851.08 -0 0)
(6850.68 -0 0)
(6850.3 -0 0)
(6849.83 -0 0)
(6849.15 -0 0)
(6848.16 -0 0)
(6846.8 -0 0)
(6844.5 -0 0)
(6840.7 -0 0)
(6834.96 -0 0)
(6826.6 -0 0)
(6814.72 -0 0)
(6797.33 -0 0)
(6772.22 -0 0)
(6736.4 -0 0)
(6685.55 -0 0)
(6612.38 -0 0)
(6508.75 -0 0)
(6366.2 -0 0)
(6164.9 -0 0)
(5895.38 -0 0)
(5545.73 -0 0)
(5076.6 -0 0)
(4613.09 -0 0)
(4645.15 -0 0)
(4692.03 -0 0)
(213.451 -0 0)
(1433.25 -0 0)
(2366.16 -0 0)
(3248.9 -0 0)
(4112.47 -0 0)
(4902.79 -0 0)
(5610.27 -0 0)
(6238.84 -0 0)
(6825.05 -0 0)
(7340.21 -0 0)
(7768.69 -0 0)
(8053.31 -0 0)
(8432.82 -0 0)
(8725.82 -0 0)
(8976.73 -0 0)
(9196.47 -0 0)
(9374.52 -0 0)
(9526.07 -0 0)
(9650.35 -0 0)
(9751.94 -0 0)
(9839.03 -0 0)
(9905.72 -0 0)
(9955.68 -0 0)
(9999.44 -0 0)
(10034.3 -0 0)
(10060.6 -0 0)
(10079.4 -0 0)
(10095 -0 0)
(10107.1 -0 0)
(10116.5 -0 0)
(10123.9 -0 0)
(10129.8 -0 0)
(10134 -0 0)
(10136.8 -0 0)
(10138.5 -0 0)
(10139.8 -0 0)
(10141.2 -0 0)
(10142.2 -0 0)
(10142.9 -0 0)
(10143.5 -0 0)
(10144.1 -0 0)
(10144.6 -0 0)
(10144.7 -0 0)
(10145 -0 0)
(10145.3 -0 0)
(10145 -0 0)
(10144.6 -0 0)
(10144.4 -0 0)
(10144.5 -0 0)
(10144.4 -0 0)
(10144.3 -0 0)
(10144.4 -0 0)
(10144.6 -0 0)
(10144.6 -0 0)
(10144.7 -0 0)
(10145 -0 0)
(10145.3 -0 0)
(10145.2 -0 0)
(10144.8 -0 0)
(10144.7 -0 0)
(10144.7 -0 0)
(10144.7 -0 0)
(10144.7 -0 0)
(10144.8 -0 0)
(10145 -0 0)
(10145.3 -0 0)
(10145.1 -0 0)
(10144.8 -0 0)
(10144.5 -0 0)
(10144.4 -0 0)
(10144.4 -0 0)
(10144.8 -0 0)
(10145.3 -0 0)
(10145 -0 0)
(10144.4 -0 0)
(10144 -0 0)
(10143.5 -0 0)
(10143 -0 0)
(10142.3 -0 0)
(10141.2 -0 0)
(10139.7 -0 0)
(10137.2 -0 0)
(10133.1 -0 0)
(10126.8 -0 0)
(10117.7 -0 0)
(10104.7 -0 0)
(10085.2 -0 0)
(10057.7 -0 0)
(10018.1 -0 0)
(9961.32 -0 0)
(9876.37 -0 0)
(9757.06 -0 0)
(9598.09 -0 0)
(9366.75 -0 0)
(9062.65 -0 0)
(8662.29 -0 0)
(8120.61 -0 0)
(7568.95 -0 0)
(7342.79 -0 0)
(6937.05 -0 0)
(216.658 -0 0)
(1713.06 -0 0)
(2830.51 -0 0)
(3875.17 -0 0)
(4903.47 -0 0)
(5854.56 -0 0)
(6715.14 -0 0)
(7484.19 -0 0)
(8193.37 -0 0)
(8775.64 -0 0)
(9257.27 -0 0)
(9575.25 -0 0)
(10170.8 -0 0)
(10562 -0 0)
(10883.9 -0 0)
(11152.2 -0 0)
(11372.6 -0 0)
(11554.3 -0 0)
(11704.3 -0 0)
(11820.1 -0 0)
(11928.4 -0 0)
(12008 -0 0)
(12068.3 -0 0)
(12120.1 -0 0)
(12157.8 -0 0)
(12189.9 -0 0)
(12213.2 -0 0)
(12231.9 -0 0)
(12246.1 -0 0)
(12256.9 -0 0)
(12265.2 -0 0)
(12271.6 -0 0)
(12276.3 -0 0)
(12279.5 -0 0)
(12281.1 -0 0)
(12283.2 -0 0)
(12284.7 -0 0)
(12285.8 -0 0)
(12286.6 -0 0)
(12287.2 -0 0)
(12287.8 -0 0)
(12288.4 -0 0)
(12288.5 -0 0)
(12288.8 -0 0)
(12289.1 -0 0)
(12288.8 -0 0)
(12288.4 -0 0)
(12288.3 -0 0)
(12288.3 -0 0)
(12288.2 -0 0)
(12288.1 -0 0)
(12288.2 -0 0)
(12288.4 -0 0)
(12288.5 -0 0)
(12288.6 -0 0)
(12288.9 -0 0)
(12289.1 -0 0)
(12289 -0 0)
(12288.6 -0 0)
(12288.5 -0 0)
(12288.5 -0 0)
(12288.5 -0 0)
(12288.5 -0 0)
(12288.6 -0 0)
(12288.9 -0 0)
(12289.1 -0 0)
(12288.9 -0 0)
(12288.6 -0 0)
(12288.4 -0 0)
(12288.2 -0 0)
(12288.1 -0 0)
(12288.6 -0 0)
(12289.1 -0 0)
(12288.8 -0 0)
(12288.2 -0 0)
(12287.8 -0 0)
(12287.4 -0 0)
(12286.9 -0 0)
(12286.2 -0 0)
(12285.1 -0 0)
(12283.7 -0 0)
(12281 -0 0)
(12277.2 -0 0)
(12271 -0 0)
(12262.1 -0 0)
(12249.4 -0 0)
(12229.3 -0 0)
(12202.9 -0 0)
(12163.9 -0 0)
(12107.3 -0 0)
(12025 -0 0)
(11903.9 -0 0)
(11734.9 -0 0)
(11490.8 -0 0)
(11193.6 -0 0)
(10786.1 -0 0)
(10214.7 -0 0)
(9581.78 -0 0)
(9091.13 -0 0)
(8324.94 -0 0)
(144.042 -0 0)
(1763.44 -0 0)
(2926.4 -0 0)
(4021.19 -0 0)
(5118.89 -0 0)
(6139.66 -0 0)
(7071.88 -0 0)
(7909.51 -0 0)
(8683.15 -0 0)
(9208.34 -0 0)
(9643.04 -0 0)
(10362.1 -0 0)
(10911.3 -0 0)
(11338.1 -0 0)
(11695.8 -0 0)
(11993.1 -0 0)
(12238.4 -0 0)
(12439.4 -0 0)
(12604.3 -0 0)
(12738.9 -0 0)
(12845.7 -0 0)
(12934 -0 0)
(13001.1 -0 0)
(13058.2 -0 0)
(13090.1 -0 0)
(13130.9 -0 0)
(13158.6 -0 0)
(13179.6 -0 0)
(13195.1 -0 0)
(13206.7 -0 0)
(13214.9 -0 0)
(13221.3 -0 0)
(13226.4 -0 0)
(13230.2 -0 0)
(13232.6 -0 0)
(13234.4 -0 0)
(13236 -0 0)
(13237.2 -0 0)
(13238 -0 0)
(13238.5 -0 0)
(13239.1 -0 0)
(13239.8 -0 0)
(13239.9 -0 0)
(13240.2 -0 0)
(13240.7 -0 0)
(13240.3 -0 0)
(13239.7 -0 0)
(13239.7 -0 0)
(13239.8 -0 0)
(13239.7 -0 0)
(13239.4 -0 0)
(13239.7 -0 0)
(13239.9 -0 0)
(13239.9 -0 0)
(13240 -0 0)
(13240.4 -0 0)
(13240.5 -0 0)
(13240.4 -0 0)
(13240 -0 0)
(13240 -0 0)
(13240 -0 0)
(13240 -0 0)
(13240 -0 0)
(13240 -0 0)
(13240.4 -0 0)
(13240.6 -0 0)
(13240.4 -0 0)
(13239.9 -0 0)
(13239.8 -0 0)
(13239.7 -0 0)
(13239.5 -0 0)
(13240.1 -0 0)
(13240.6 -0 0)
(13240.3 -0 0)
(13239.7 -0 0)
(13239.3 -0 0)
(13238.9 -0 0)
(13238.4 -0 0)
(13237.7 -0 0)
(13236.7 -0 0)
(13235.5 -0 0)
(13233.2 -0 0)
(13229.3 -0 0)
(13222.9 -0 0)
(13214.8 -0 0)
(13202.8 -0 0)
(13180.4 -0 0)
(13157.9 -0 0)
(13120.2 -0 0)
(13066.1 -0 0)
(12984.3 -0 0)
(12859.1 -0 0)
(12680.7 -0 0)
(12415.6 -0 0)
(12165.5 -0 0)
(11765.6 -0 0)
(11179.1 -0 0)
(10468.3 -0 0)
(9796.67 -0 0)
(8831.32 -0 0)
(2.60503 -0 0)
(1605.46 -0 0)
(2686.37 -0 0)
(3715.81 -0 0)
(4787.45 -0 0)
(5787.78 -0 0)
(6709.94 -0 0)
(7544.71 -0 0)
(8325.34 -0 0)
(8813.49 -0 0)
(9509.39 -0 0)
(10127.4 -0 0)
(10639 -0 0)
(11064.7 -0 0)
(11427.6 -0 0)
(11732.3 -0 0)
(11984.9 -0 0)
(12191.9 -0 0)
(12360.5 -0 0)
(12500.4 -0 0)
(12591.5 -0 0)
(12692.1 -0 0)
(12763.9 -0 0)
(12823.1 -0 0)
(12828.7 -0 0)
(12893.5 -0 0)
(12925 -0 0)
(12947 -0 0)
(12962.5 -0 0)
(12974.1 -0 0)
(12980.9 -0 0)
(12986.5 -0 0)
(12992.2 -0 0)
(12997.4 -0 0)
(13000 -0 0)
(13001.3 -0 0)
(13003.4 -0 0)
(13004.6 -0 0)
(13005.4 -0 0)
(13005.8 -0 0)
(13006.6 -0 0)
(13007.2 -0 0)
(13007.2 -0 0)
(13007.6 -0 0)
(13008.1 -0 0)
(13007.6 -0 0)
(13007 -0 0)
(13007 -0 0)
(13007.2 -0 0)
(13007.2 -0 0)
(13007 -0 0)
(13007.1 -0 0)
(13007.2 -0 0)
(13007.3 -0 0)
(13007.4 -0 0)
(13007.8 -0 0)
(13008.1 -0 0)
(13007.8 -0 0)
(13007.3 -0 0)
(13007.3 -0 0)
(13007.3 -0 0)
(13007.3 -0 0)
(13007.3 -0 0)
(13007.4 -0 0)
(13007.8 -0 0)
(13008.1 -0 0)
(13007.7 -0 0)
(13007.1 -0 0)
(13007.2 -0 0)
(13007 -0 0)
(13006.8 -0 0)
(13007.5 -0 0)
(13008 -0 0)
(13007.7 -0 0)
(13007 -0 0)
(13006.6 -0 0)
(13006.2 -0 0)
(13005.9 -0 0)
(13005 -0 0)
(13004.3 -0 0)
(13003.3 -0 0)
(13001.2 -0 0)
(12997.6 -0 0)
(12990.4 -0 0)
(12984 -0 0)
(12973.2 -0 0)
(12955.3 -0 0)
(12931.9 -0 0)
(12894.2 -0 0)
(12843.5 -0 0)
(12768.8 -0 0)
(12619.5 -0 0)
(12475.7 -0 0)
(12274.9 -0 0)
(12003.2 -0 0)
(11612 -0 0)
(11030.8 -0 0)
(10278.6 -0 0)
(9514.46 -0 0)
(8427.69 -0 0)
(-179.139 0 0)
(1287.32 -0 0)
(2193.3 -0 0)
(3061.35 -0 0)
(4026.42 -0 0)
(4929.58 -0 0)
(5769.48 -0 0)
(6537.67 -0 0)
(7268.18 -0 0)
(7631.63 -0 0)
(8455.28 -0 0)
(9018.89 -0 0)
(9483.83 -0 0)
(9880.59 -0 0)
(10222.2 -0 0)
(10511.9 -0 0)
(10752.8 -0 0)
(10950.4 -0 0)
(11110.3 -0 0)
(11243.5 -0 0)
(11280.8 -0 0)
(11418.2 -0 0)
(11491.8 -0 0)
(11549.2 -0 0)
(11579.4 -0 0)
(11619.3 -0 0)
(11645.7 -0 0)
(11665.4 -0 0)
(11679.3 -0 0)
(11690.3 -0 0)
(11697.9 -0 0)
(11704.1 -0 0)
(11708.8 -0 0)
(11712.3 -0 0)
(11714.3 -0 0)
(11716 -0 0)
(11717.5 -0 0)
(11718.6 -0 0)
(11719.2 -0 0)
(11719.7 -0 0)
(11720.4 -0 0)
(11720.8 -0 0)
(11720.8 -0 0)
(11721.2 -0 0)
(11721.7 -0 0)
(11721.2 -0 0)
(11720.6 -0 0)
(11720.7 -0 0)
(11720.9 -0 0)
(11721 -0 0)
(11720.8 -0 0)
(11720.9 -0 0)
(11720.9 -0 0)
(11721 -0 0)
(11721 -0 0)
(11721.6 -0 0)
(11721.7 -0 0)
(11721.4 -0 0)
(11720.8 -0 0)
(11721 -0 0)
(11721 -0 0)
(11721 -0 0)
(11721 -0 0)
(11721 -0 0)
(11721.5 -0 0)
(11721.7 -0 0)
(11721.4 -0 0)
(11720.7 -0 0)
(11720.9 -0 0)
(11720.8 -0 0)
(11720.3 -0 0)
(11721.2 -0 0)
(11721.6 -0 0)
(11721.3 -0 0)
(11720.6 -0 0)
(11720.4 -0 0)
(11720.1 -0 0)
(11719.7 -0 0)
(11719 -0 0)
(11718.3 -0 0)
(11717.5 -0 0)
(11715.7 -0 0)
(11712.4 -0 0)
(11707 -0 0)
(11700.7 -0 0)
(11691 -0 0)
(11676 -0 0)
(11654.5 -0 0)
(11612.9 -0 0)
(11568.2 -0 0)
(11501.3 -0 0)
(11399 -0 0)
(11270.1 -0 0)
(11084.5 -0 0)
(10824.1 -0 0)
(10457 -0 0)
(9906.9 -0 0)
(9160.32 -0 0)
(8374.2 -0 0)
(7191.09 -0 0)
(-374.911 0 0)
(870.605 -0 0)
(1540.2 -0 0)
(2175.38 -0 0)
(2971.76 -0 0)
(3716.98 -0 0)
(4414.97 -0 0)
(5061.25 -0 0)
(5693.15 -0 0)
(6190.52 -0 0)
(6781.74 -0 0)
(7248.74 -0 0)
(7639.15 -0 0)
(7984.91 -0 0)
(8282.61 -0 0)
(8536.94 -0 0)
(8748.7 -0 0)
(8922.49 -0 0)
(9062.89 -0 0)
(9180.53 -0 0)
(9250.48 -0 0)
(9337.38 -0 0)
(9397.09 -0 0)
(9446.15 -0 0)
(9479.53 -0 0)
(9508.88 -0 0)
(9529.11 -0 0)
(9545.29 -0 0)
(9556.12 -0 0)
(9565.91 -0 0)
(9573.01 -0 0)
(9578.86 -0 0)
(9582.31 -0 0)
(9585.15 -0 0)
(9586.34 -0 0)
(9588.23 -0 0)
(9589.36 -0 0)
(9590.2 -0 0)
(9590.57 -0 0)
(9590.93 -0 0)
(9591.7 -0 0)
(9591.82 -0 0)
(9591.78 -0 0)
(9592.32 -0 0)
(9592.37 -0 0)
(9592.3 -0 0)
(9591.78 -0 0)
(9592.03 -0 0)
(9592.18 -0 0)
(9592.34 -0 0)
(9592.16 -0 0)
(9592.36 -0 0)
(9592.16 -0 0)
(9592.3 -0 0)
(9592.18 -0 0)
(9592.85 -0 0)
(9592.52 -0 0)
(9592.59 -0 0)
(9591.83 -0 0)
(9592.18 -0 0)
(9592.26 -0 0)
(9592.25 -0 0)
(9592.2 -0 0)
(9592.09 -0 0)
(9592.79 -0 0)
(9592.46 -0 0)
(9592.53 -0 0)
(9591.76 -0 0)
(9592.11 -0 0)
(9592.1 -0 0)
(9591.73 -0 0)
(9592.64 -0 0)
(9592.33 -0 0)
(9592.35 -0 0)
(9591.64 -0 0)
(9591.6 -0 0)
(9591.45 -0 0)
(9591.02 -0 0)
(9590.38 -0 0)
(9589.84 -0 0)
(9589.26 -0 0)
(9587.53 -0 0)
(9585 -0 0)
(9580.84 -0 0)
(9575.52 -0 0)
(9567.38 -0 0)
(9555.16 -0 0)
(9537.19 -0 0)
(9507.44 -0 0)
(9446.07 -0 0)
(9384.81 -0 0)
(9322.88 -0 0)
(9224.02 -0 0)
(9065.44 -0 0)
(8835.79 -0 0)
(8510.19 -0 0)
(8015.02 -0 0)
(7310.97 -0 0)
(6511.26 -0 0)
(5228.84 -0 0)
(-567.587 0 0)
(412.675 -0 0)
(812.06 -0 0)
(1172.89 -0 0)
(1759.48 -0 0)
(2304.03 -0 0)
(2815.46 -0 0)
(3306.97 -0 0)
(3794.73 -0 0)
(4246.34 -0 0)
(4679.47 -0 0)
(5035.6 -0 0)
(5323.05 -0 0)
(5605.06 -0 0)
(5840.41 -0 0)
(6042.61 -0 0)
(6210.42 -0 0)
(6348.48 -0 0)
(6459.86 -0 0)
(6553.66 -0 0)
(6619.96 -0 0)
(6679.95 -0 0)
(6723.18 -0 0)
(6760.23 -0 0)
(6788.23 -0 0)
(6809.56 -0 0)
(6822.53 -0 0)
(6835.36 -0 0)
(6841.42 -0 0)
(6851.03 -0 0)
(6856.51 -0 0)
(6861.32 -0 0)
(6862.24 -0 0)
(6865.91 -0 0)
(6865.87 -0 0)
(6868.01 -0 0)
(6868.69 -0 0)
(6869.41 -0 0)
(6869.72 -0 0)
(6869.87 -0 0)
(6870.47 -0 0)
(6869.63 -0 0)
(6870.12 -0 0)
(6870.77 -0 0)
(6869.32 -0 0)
(6870.7 -0 0)
(6870.48 -0 0)
(6870.95 -0 0)
(6870.98 -0 0)
(6871.17 -0 0)
(6871.02 -0 0)
(6871.54 -0 0)
(6870.92 -0 0)
(6871.02 -0 0)
(6870.74 -0 0)
(6871.48 -0 0)
(6869.58 -0 0)
(6871.32 -0 0)
(6870.35 -0 0)
(6870.86 -0 0)
(6870.92 -0 0)
(6870.92 -0 0)
(6870.84 -0 0)
(6870.61 -0 0)
(6871.39 -0 0)
(6869.5 -0 0)
(6871.27 -0 0)
(6870.27 -0 0)
(6870.83 -0 0)
(6870.87 -0 0)
(6870.45 -0 0)
(6871.64 -0 0)
(6869.35 -0 0)
(6870.69 -0 0)
(6870.16 -0 0)
(6870.34 -0 0)
(6870.28 -0 0)
(6870.01 -0 0)
(6869.52 -0 0)
(6868.92 -0 0)
(6868.41 -0 0)
(6866.14 -0 0)
(6865.18 -0 0)
(6862.23 -0 0)
(6858.38 -0 0)
(6852.38 -0 0)
(6843.31 -0 0)
(6829.42 -0 0)
(6808.58 -0 0)
(6773.25 -0 0)
(6728.24 -0 0)
(6676.88 -0 0)
(6596.07 -0 0)
(6470.24 -0 0)
(6283.87 -0 0)
(6014.31 -0 0)
(5591.7 -0 0)
(4947.73 -0 0)
(4084.02 -0 0)
(2681.47 -0 0)
(-746.837 0 0)
(-40.7714 0 0)
(74.1385 -0 0)
(147.006 -0 0)
(501.698 -0 0)
(821.279 -0 0)
(1120.05 -0 0)
(1431.46 -0 0)
(1760.75 -0 0)
(2076.76 -0 0)
(2359.57 -0 0)
(2591.43 -0 0)
(2743.07 -0 0)
(2964.75 -0 0)
(3123.2 -0 0)
(3260.36 -0 0)
(3372.77 -0 0)
(3466.69 -0 0)
(3541.93 -0 0)
(3605.58 -0 0)
(3653.16 -0 0)
(3690.51 -0 0)
(3715.98 -0 0)
(3739.26 -0 0)
(3758.56 -0 0)
(3771.53 -0 0)
(3774.49 -0 0)
(3786.11 -0 0)
(3789.72 -0 0)
(3796.66 -0 0)
(3799.78 -0 0)
(3803.03 -0 0)
(3798.5 -0 0)
(3806.35 -0 0)
(3805.43 -0 0)
(3807.12 -0 0)
(3807.5 -0 0)
(3807.82 -0 0)
(3807.94 -0 0)
(3807.87 -0 0)
(3808.3 -0 0)
(3805.05 -0 0)
(3807.54 -0 0)
(3808.21 -0 0)
(3802.51 -0 0)
(3808.25 -0 0)
(3808.43 -0 0)
(3809.2 -0 0)
(3808.92 -0 0)
(3809.12 -0 0)
(3808.96 -0 0)
(3810.16 -0 0)
(3808.83 -0 0)
(3808.89 -0 0)
(3808.36 -0 0)
(3809.07 -0 0)
(3802.83 -0 0)
(3809.5 -0 0)
(3808.04 -0 0)
(3808.73 -0 0)
(3808.64 -0 0)
(3808.7 -0 0)
(3808.59 -0 0)
(3808.19 -0 0)
(3808.96 -0 0)
(3802.74 -0 0)
(3809.46 -0 0)
(3807.96 -0 0)
(3808.73 -0 0)
(3808.76 -0 0)
(3808.18 -0 0)
(3809.87 -0 0)
(3802.67 -0 0)
(3808.06 -0 0)
(3807.84 -0 0)
(3808.23 -0 0)
(3808.26 -0 0)
(3808.1 -0 0)
(3807.72 -0 0)
(3807.14 -0 0)
(3806.32 -0 0)
(3802.01 -0 0)
(3804.7 -0 0)
(3802.98 -0 0)
(3800.8 -0 0)
(3797.14 -0 0)
(3791.49 -0 0)
(3781.92 -0 0)
(3768.75 -0 0)
(3751.55 -0 0)
(3720.07 -0 0)
(3690.59 -0 0)
(3635.62 -0 0)
(3548.45 -0 0)
(3414.42 -0 0)
(3212.56 -0 0)
(2875.57 -0 0)
(2302.07 -0 0)
(1297.4 -0 0)
(-231.757 0 0)
(-907.491 0 0)
(-465.236 0 0)
(-627.592 0 0)
(-828.849 0 0)
(-716.033 0 0)
(-634.393 0 0)
(-562.4 0 0)
(-452.448 0 0)
(-307.383 0 0)
(-156.928 0 0)
(-30.0459 0 0)
(69.1218 -0 0)
(136.273 -0 0)
(229.83 -0 0)
(300.128 -0 0)
(364.239 -0 0)
(413.426 -0 0)
(459.397 -0 0)
(494.811 -0 0)
(524.492 -0 0)
(547.065 -0 0)
(562.035 -0 0)
(568.462 -0 0)
(579.063 -0 0)
(587.901 -0 0)
(592.673 -0 0)
(578.544 -0 0)
(597.652 -0 0)
(597.854 -0 0)
(600.581 -0 0)
(601.079 -0 0)
(602.563 -0 0)
(585.916 -0 0)
(605.058 -0 0)
(602.533 -0 0)
(604.001 -0 0)
(604.007 -0 0)
(604.018 -0 0)
(603.95 -0 0)
(603.658 -0 0)
(603.865 -0 0)
(594.827 -0 0)
(603.013 -0 0)
(603.417 -0 0)
(586.892 -0 0)
(603.878 -0 0)
(604.262 -0 0)
(605.306 -0 0)
(604.575 -0 0)
(604.768 -0 0)
(604.522 -0 0)
(606.665 -0 0)
(604.442 -0 0)
(604.48 -0 0)
(603.785 -0 0)
(604.268 -0 0)
(587.119 -0 0)
(605.953 -0 0)
(603.595 -0 0)
(604.322 -0 0)
(603.902 -0 0)
(604.275 -0 0)
(604.132 -0 0)
(603.584 -0 0)
(604.148 -0 0)
(587.025 -0 0)
(605.921 -0 0)
(603.424 -0 0)
(604.374 -0 0)
(604.384 -0 0)
(603.59 -0 0)
(605.818 -0 0)
(587.206 -0 0)
(603.307 -0 0)
(603.458 -0 0)
(603.969 -0 0)
(604.052 -0 0)
(603.982 -0 0)
(603.729 -0 0)
(603.227 -0 0)
(601.212 -0 0)
(591.295 -0 0)
(602.49 -0 0)
(601.904 -0 0)
(601.486 -0 0)
(600.442 -0 0)
(598.599 -0 0)
(595.268 -0 0)
(591.458 -0 0)
(586.734 -0 0)
(577.295 -0 0)
(566.651 -0 0)
(543.073 -0 0)
(501.251 -0 0)
(429.332 -0 0)
(309.468 -0 0)
(77.5728 -0 0)
(-392.028 0 0)
(-1553.36 0 0)
(-3064.28 0 0)
(-1046.58 0 0)
(-847.875 0 0)
(-1260.21 0 0)
(-1703.77 0 0)
(-1823.98 0 0)
(-1974.2 0 0)
(-2122.64 0 0)
(-2215.44 0 0)
(-2262.04 0 0)
(-2288.76 0 0)
(-2321.53 0 0)
(-2359.79 0 0)
(-2400.29 0 0)
(-2422.7 0 0)
(-2443.34 0 0)
(-2455.96 0 0)
(-2467.64 0 0)
(-2475.92 0 0)
(-2482.59 0 0)
(-2488.99 0 0)
(-2493.7 0 0)
(-2501.03 0 0)
(-2509.99 0 0)
(-2514.34 0 0)
(-2517.26 0 0)
(-2520.67 0 0)
(-2530.21 0 0)
(-2525.37 0 0)
(-2528.78 0 0)
(-2529.82 0 0)
(-2531.84 0 0)
(-2532.02 0 0)
(-2538.87 0 0)
(-2531.75 0 0)
(-2533.96 0 0)
(-2533.51 0 0)
(-2533.86 0 0)
(-2534.11 0 0)
(-2534.35 0 0)
(-2534.73 0 0)
(-2534.66 0 0)
(-2537.96 0 0)
(-2535.25 0 0)
(-2535.16 0 0)
(-2540.74 0 0)
(-2534.37 0 0)
(-2534.61 0 0)
(-2533.79 0 0)
(-2534.18 0 0)
(-2533.99 0 0)
(-2534.3 0 0)
(-2532.9 0 0)
(-2534.27 0 0)
(-2534.29 0 0)
(-2534.88 0 0)
(-2534.51 0 0)
(-2540.67 0 0)
(-2533.04 0 0)
(-2534.94 0 0)
(-2534.36 0 0)
(-2534.47 0 0)
(-2534.43 0 0)
(-2534.6 0 0)
(-2535.09 0 0)
(-2534.62 0 0)
(-2540.76 0 0)
(-2533.09 0 0)
(-2535 0 0)
(-2534.34 0 0)
(-2534.36 0 0)
(-2535.16 0 0)
(-2533.51 0 0)
(-2540.53 0 0)
(-2534.44 0 0)
(-2534.95 0 0)
(-2534.56 0 0)
(-2534.44 0 0)
(-2534.41 0 0)
(-2534.51 0 0)
(-2534.73 0 0)
(-2535.05 0 0)
(-2538.07 0 0)
(-2533.43 0 0)
(-2533.11 0 0)
(-2531.83 0 0)
(-2530.13 0 0)
(-2527.96 0 0)
(-2524.9 0 0)
(-2520.22 0 0)
(-2512.08 0 0)
(-2502.49 0 0)
(-2490.39 0 0)
(-2479.76 0 0)
(-2473.23 0 0)
(-2478.64 0 0)
(-2509.64 0 0)
(-2625.4 0 0)
(-2955.42 0 0)
(-4168.97 0 0)
(-5060.5 0 0)
(-1162.69 0 0)
(-1177.3 0 0)
(-1804.74 0 0)
(-2455.57 0 0)
(-2789.87 0 0)
(-3156.16 0 0)
(-3512.58 0 0)
(-3802.86 0 0)
(-4039.43 0 0)
(-4242.73 0 0)
(-4432.36 0 0)
(-4606.88 0 0)
(-4761.91 0 0)
(-4892.29 0 0)
(-5002.39 0 0)
(-5091.03 0 0)
(-5164.91 0 0)
(-5225.9 0 0)
(-5276.07 0 0)
(-5315.9 0 0)
(-5347.96 0 0)
(-5376.93 0 0)
(-5401.77 0 0)
(-5420.03 0 0)
(-5433.76 0 0)
(-5444.99 0 0)
(-5455.98 0 0)
(-5458.38 0 0)
(-5465.9 0 0)
(-5470.1 0 0)
(-5474.9 0 0)
(-5476.56 0 0)
(-5480.01 0 0)
(-5478.72 0 0)
(-5480.69 0 0)
(-5481.11 0 0)
(-5481.73 0 0)
(-5482.19 0 0)
(-5482.58 0 0)
(-5482.99 0 0)
(-5482.95 0 0)
(-5483.97 0 0)
(-5483.4 0 0)
(-5483.33 0 0)
(-5484.65 0 0)
(-5482.69 0 0)
(-5483.27 0 0)
(-5482.76 0 0)
(-5482.87 0 0)
(-5482.72 0 0)
(-5482.93 0 0)
(-5482.32 0 0)
(-5482.94 0 0)
(-5482.98 0 0)
(-5483.37 0 0)
(-5482.94 0 0)
(-5484.64 0 0)
(-5482.06 0 0)
(-5483.37 0 0)
(-5482.99 0 0)
(-5482.98 0 0)
(-5483.04 0 0)
(-5483.22 0 0)
(-5483.55 0 0)
(-5483.04 0 0)
(-5484.72 0 0)
(-5482.11 0 0)
(-5483.39 0 0)
(-5483.01 0 0)
(-5483.03 0 0)
(-5483.6 0 0)
(-5482.5 0 0)
(-5484.5 0 0)
(-5482.55 0 0)
(-5483.22 0 0)
(-5482.97 0 0)
(-5482.82 0 0)
(-5482.7 0 0)
(-5482.61 0 0)
(-5482.46 0 0)
(-5481.81 0 0)
(-5481.79 0 0)
(-5479.32 0 0)
(-5477.91 0 0)
(-5474.95 0 0)
(-5470.72 0 0)
(-5464.59 0 0)
(-5455.45 0 0)
(-5441.59 0 0)
(-5420.77 0 0)
(-5392.58 0 0)
(-5355.3 0 0)
(-5307.75 0 0)
(-5248.9 0 0)
(-5180.99 0 0)
(-5109.5 0 0)
(-5080.9 0 0)
(-5199.75 0 0)
(-6267.62 0 0)
(-5943.93 0 0)
(-1255.67 0 0)
(-1445.54 0 0)
(-2248.15 0 0)
(-3069.95 0 0)
(-3589.12 0 0)
(-4145.09 0 0)
(-4687.1 0 0)
(-5157.48 0 0)
(-5569.66 0 0)
(-5938.26 0 0)
(-6275.61 0 0)
(-6579.59 0 0)
(-6846.66 0 0)
(-7077.06 0 0)
(-7271.83 0 0)
(-7432.54 0 0)
(-7566.06 0 0)
(-7676.56 0 0)
(-7767.05 0 0)
(-7839.3 0 0)
(-7897.03 0 0)
(-7946.14 0 0)
(-7986.3 0 0)
(-8017.17 0 0)
(-8040.65 0 0)
(-8059.11 0 0)
(-8074.21 0 0)
(-8084.49 0 0)
(-8094.32 0 0)
(-8100.8 0 0)
(-8106.25 0 0)
(-8109.15 0 0)
(-8112 0 0)
(-8113.52 0 0)
(-8115.79 0 0)
(-8116.63 0 0)
(-8117.4 0 0)
(-8118.04 0 0)
(-8118.54 0 0)
(-8118.95 0 0)
(-8118.92 0 0)
(-8119.17 0 0)
(-8119.34 0 0)
(-8119.2 0 0)
(-8119.13 0 0)
(-8118.88 0 0)
(-8119.58 0 0)
(-8119.34 0 0)
(-8119.29 0 0)
(-8119.16 0 0)
(-8119.32 0 0)
(-8119.15 0 0)
(-8119.37 0 0)
(-8119.37 0 0)
(-8119.55 0 0)
(-8119.03 0 0)
(-8119.18 0 0)
(-8118.72 0 0)
(-8119.6 0 0)
(-8119.34 0 0)
(-8119.28 0 0)
(-8119.37 0 0)
(-8119.51 0 0)
(-8119.7 0 0)
(-8119.11 0 0)
(-8119.24 0 0)
(-8118.76 0 0)
(-8119.63 0 0)
(-8119.39 0 0)
(-8119.38 0 0)
(-8119.73 0 0)
(-8118.95 0 0)
(-8119.06 0 0)
(-8118.65 0 0)
(-8119.28 0 0)
(-8119.11 0 0)
(-8118.92 0 0)
(-8118.69 0 0)
(-8118.41 0 0)
(-8117.9 0 0)
(-8116.64 0 0)
(-8115.25 0 0)
(-8113.14 0 0)
(-8110.57 0 0)
(-8105.97 0 0)
(-8099.22 0 0)
(-8089.21 0 0)
(-8074.26 0 0)
(-8051.84 0 0)
(-8018.91 0 0)
(-7972.98 0 0)
(-7910.26 0 0)
(-7825.52 0 0)
(-7713.25 0 0)
(-7568.52 0 0)
(-7383.73 0 0)
(-7182.53 0 0)
(-7028.6 0 0)
(-7788.62 0 0)
(-6125.45 0 0)
(-1325.89 0 0)
(-1650.93 0 0)
(-2589.77 0 0)
(-3547.73 0 0)
(-4219.76 0 0)
(-4935.36 0 0)
(-5637 0 0)
(-6265.59 0 0)
(-6833.83 0 0)
(-7350.34 0 0)
(-7820.51 0 0)
(-8241.59 0 0)
(-8611.12 0 0)
(-8931.08 0 0)
(-9202.32 0 0)
(-9428.12 0 0)
(-9615.73 0 0)
(-9770.78 0 0)
(-9897.43 0 0)
(-9998.98 0 0)
(-10080.2 0 0)
(-10147.2 0 0)
(-10201.2 0 0)
(-10243.1 0 0)
(-10275.3 0 0)
(-10300.2 0 0)
(-10319.9 0 0)
(-10335.2 0 0)
(-10347.4 0 0)
(-10356 0 0)
(-10362.5 0 0)
(-10366.5 0 0)
(-10369.8 0 0)
(-10372.7 0 0)
(-10375.2 0 0)
(-10376.5 0 0)
(-10377.4 0 0)
(-10378.2 0 0)
(-10378.8 0 0)
(-10379.2 0 0)
(-10379.2 0 0)
(-10379.3 0 0)
(-10379.6 0 0)
(-10379.4 0 0)
(-10379.1 0 0)
(-10379.4 0 0)
(-10380.1 0 0)
(-10380 0 0)
(-10380 0 0)
(-10379.9 0 0)
(-10379.9 0 0)
(-10380 0 0)
(-10380 0 0)
(-10380 0 0)
(-10380 0 0)
(-10379.5 0 0)
(-10379.2 0 0)
(-10379.5 0 0)
(-10380.1 0 0)
(-10380 0 0)
(-10379.9 0 0)
(-10380 0 0)
(-10380.1 0 0)
(-10380.1 0 0)
(-10379.5 0 0)
(-10379.2 0 0)
(-10379.5 0 0)
(-10380.2 0 0)
(-10380 0 0)
(-10380 0 0)
(-10380.1 0 0)
(-10379.5 0 0)
(-10379.1 0 0)
(-10379.2 0 0)
(-10379.7 0 0)
(-10379.5 0 0)
(-10379.3 0 0)
(-10379 0 0)
(-10378.5 0 0)
(-10377.7 0 0)
(-10376 0 0)
(-10373.9 0 0)
(-10371.5 0 0)
(-10367.8 0 0)
(-10361.6 0 0)
(-10352.5 0 0)
(-10338.9 0 0)
(-10318.6 0 0)
(-10288.4 0 0)
(-10244.2 0 0)
(-10181.7 0 0)
(-10094.5 0 0)
(-9973.79 0 0)
(-9808.87 0 0)
(-9586.16 0 0)
(-9280.67 0 0)
(-8886.65 0 0)
(-8426.15 0 0)
(-8807.59 0 0)
(-5981.54 0 0)
(-1375.41 0 0)
(-1798.36 0 0)
(-2838.33 0 0)
(-3899.94 0 0)
(-4692.95 0 0)
(-5537.43 0 0)
(-6371.12 0 0)
(-7133.32 0 0)
(-7834.96 0 0)
(-8478.73 0 0)
(-9063.72 0 0)
(-9586.4 0 0)
(-10045.1 0 0)
(-10442.4 0 0)
(-10779.9 0 0)
(-11062 0 0)
(-11296.5 0 0)
(-11490 0 0)
(-11647.8 0 0)
(-11774.6 0 0)
(-11876.2 0 0)
(-11958.5 0 0)
(-12024.4 0 0)
(-12075.8 0 0)
(-12115.4 0 0)
(-12145.9 0 0)
(-12169.8 0 0)
(-12188.6 0 0)
(-12203 0 0)
(-12213.3 0 0)
(-12220.9 0 0)
(-12226 0 0)
(-12229.9 0 0)
(-12233.5 0 0)
(-12236.4 0 0)
(-12237.9 0 0)
(-12239.1 0 0)
(-12240 0 0)
(-12240.6 0 0)
(-12241.1 0 0)
(-12241.2 0 0)
(-12241.2 0 0)
(-12241.5 0 0)
(-12241.4 0 0)
(-12241.1 0 0)
(-12241.5 0 0)
(-12242.2 0 0)
(-12242.2 0 0)
(-12242.2 0 0)
(-12242.1 0 0)
(-12242.1 0 0)
(-12242.2 0 0)
(-12242.2 0 0)
(-12242.2 0 0)
(-12242.1 0 0)
(-12241.5 0 0)
(-12241.2 0 0)
(-12241.7 0 0)
(-12242.2 0 0)
(-12242.1 0 0)
(-12242 0 0)
(-12242.1 0 0)
(-12242.2 0 0)
(-12242.1 0 0)
(-12241.6 0 0)
(-12241.2 0 0)
(-12241.7 0 0)
(-12242.3 0 0)
(-12242.2 0 0)
(-12242.1 0 0)
(-12242.1 0 0)
(-12241.6 0 0)
(-12241.1 0 0)
(-12241.3 0 0)
(-12241.7 0 0)
(-12241.5 0 0)
(-12241.2 0 0)
(-12240.8 0 0)
(-12240.2 0 0)
(-12239.1 0 0)
(-12237.2 0 0)
(-12234.7 0 0)
(-12231.7 0 0)
(-12227 0 0)
(-12219.4 0 0)
(-12208.1 0 0)
(-12191.3 0 0)
(-12166.3 0 0)
(-12129.1 0 0)
(-12074.8 0 0)
(-11997.3 0 0)
(-11887.6 0 0)
(-11733.3 0 0)
(-11518.2 0 0)
(-11219.1 0 0)
(-10791.6 0 0)
(-10200.1 0 0)
(-9435.64 0 0)
(-9454.1 0 0)
(-5738.32 0 0)
(-1407.25 0 0)
(-1896.41 0 0)
(-3008.01 0 0)
(-4144.11 0 0)
(-5028.1 0 0)
(-5971.78 0 0)
(-6909.66 0 0)
(-7779.57 0 0)
(-8590.29 0 0)
(-9338.74 0 0)
(-10018.4 0 0)
(-10625 0 0)
(-11157.3 0 0)
(-11618.2 0 0)
(-12010.1 0 0)
(-12338.5 0 0)
(-12611.5 0 0)
(-12836.5 0 0)
(-13019.8 0 0)
(-13167.4 0 0)
(-13285.5 0 0)
(-13380.5 0 0)
(-13456.1 0 0)
(-13515.2 0 0)
(-13560.8 0 0)
(-13595.9 0 0)
(-13623.1 0 0)
(-13644.6 0 0)
(-13660.8 0 0)
(-13672.5 0 0)
(-13681.1 0 0)
(-13687.1 0 0)
(-13691.6 0 0)
(-13695.7 0 0)
(-13698.8 0 0)
(-13700.6 0 0)
(-13701.9 0 0)
(-13702.9 0 0)
(-13703.6 0 0)
(-13704.1 0 0)
(-13704.2 0 0)
(-13704.3 0 0)
(-13704.6 0 0)
(-13704.5 0 0)
(-13704.3 0 0)
(-13704.8 0 0)
(-13705.3 0 0)
(-13705.4 0 0)
(-13705.4 0 0)
(-13705.3 0 0)
(-13705.3 0 0)
(-13705.4 0 0)
(-13705.5 0 0)
(-13705.4 0 0)
(-13705.2 0 0)
(-13704.7 0 0)
(-13704.5 0 0)
(-13704.9 0 0)
(-13705.4 0 0)
(-13705.3 0 0)
(-13705.3 0 0)
(-13705.3 0 0)
(-13705.3 0 0)
(-13705.2 0 0)
(-13704.8 0 0)
(-13704.5 0 0)
(-13705 0 0)
(-13705.4 0 0)
(-13705.4 0 0)
(-13705.3 0 0)
(-13705.2 0 0)
(-13704.8 0 0)
(-13704.4 0 0)
(-13704.5 0 0)
(-13704.8 0 0)
(-13704.6 0 0)
(-13704.3 0 0)
(-13703.8 0 0)
(-13703 0 0)
(-13701.7 0 0)
(-13699.6 0 0)
(-13696.8 0 0)
(-13693.2 0 0)
(-13687.7 0 0)
(-13678.9 0 0)
(-13665.8 0 0)
(-13646.3 0 0)
(-13617.2 0 0)
(-13574.2 0 0)
(-13511.3 0 0)
(-13420.8 0 0)
(-13291.5 0 0)
(-13107.4 0 0)
(-12847 0 0)
(-12477.5 0 0)
(-11935.7 0 0)
(-11161.3 0 0)
(-10126.6 0 0)
(-9852.93 0 0)
(-5505.73 0 0)
(-1424.83 0 0)
(-1955.31 0 0)
(-3115.09 0 0)
(-4300.39 0 0)
(-5248.11 0 0)
(-6263.18 0 0)
(-7277.81 0 0)
(-8229.05 0 0)
(-9123.68 0 0)
(-9953.14 0 0)
(-10706 0 0)
(-11377.1 0 0)
(-11966 0 0)
(-12475.5 0 0)
(-12909.1 0 0)
(-13272.8 0 0)
(-13575.2 0 0)
(-13824.2 0 0)
(-14027 0 0)
(-14190.3 0 0)
(-14321 0 0)
(-14425.6 0 0)
(-14508.5 0 0)
(-14573.4 0 0)
(-14623.5 0 0)
(-14662.1 0 0)
(-14692 0 0)
(-14715.3 0 0)
(-14732.8 0 0)
(-14745.7 0 0)
(-14755.1 0 0)
(-14761.7 0 0)
(-14766.8 0 0)
(-14771.1 0 0)
(-14774.3 0 0)
(-14776.3 0 0)
(-14777.8 0 0)
(-14778.8 0 0)
(-14779.6 0 0)
(-14780.1 0 0)
(-14780.3 0 0)
(-14780.4 0 0)
(-14780.7 0 0)
(-14780.6 0 0)
(-14780.5 0 0)
(-14780.9 0 0)
(-14781.4 0 0)
(-14781.6 0 0)
(-14781.6 0 0)
(-14781.5 0 0)
(-14781.5 0 0)
(-14781.6 0 0)
(-14781.6 0 0)
(-14781.5 0 0)
(-14781.4 0 0)
(-14781 0 0)
(-14780.7 0 0)
(-14781.1 0 0)
(-14781.5 0 0)
(-14781.5 0 0)
(-14781.4 0 0)
(-14781.5 0 0)
(-14781.5 0 0)
(-14781.4 0 0)
(-14781 0 0)
(-14780.7 0 0)
(-14781.2 0 0)
(-14781.6 0 0)
(-14781.5 0 0)
(-14781.4 0 0)
(-14781.3 0 0)
(-14780.9 0 0)
(-14780.6 0 0)
(-14780.7 0 0)
(-14780.9 0 0)
(-14780.7 0 0)
(-14780.3 0 0)
(-14779.8 0 0)
(-14778.9 0 0)
(-14777.5 0 0)
(-14775.3 0 0)
(-14772.2 0 0)
(-14768.2 0 0)
(-14761.9 0 0)
(-14752.2 0 0)
(-14737.7 0 0)
(-14716.1 0 0)
(-14683.9 0 0)
(-14636.2 0 0)
(-14566.6 0 0)
(-14465.7 0 0)
(-14320.5 0 0)
(-14112.1 0 0)
(-13814.3 0 0)
(-13385.6 0 0)
(-12747.5 0 0)
(-11821.4 0 0)
(-10572.5 0 0)
(-10095 0 0)
(-5325.32 0 0)
(-1431.37 0 0)
(-1984.94 0 0)
(-3174.92 0 0)
(-4387.94 0 0)
(-5374.95 0 0)
(-6435.58 0 0)
(-7500.12 0 0)
(-8506.11 0 0)
(-9459.02 0 0)
(-10345.1 0 0)
(-11148.5 0 0)
(-11863.9 0 0)
(-12491.2 0 0)
(-13033.6 0 0)
(-13495.3 0 0)
(-13882.9 0 0)
(-14205 0 0)
(-14470.2 0 0)
(-14686.1 0 0)
(-14860 0 0)
(-14999.1 0 0)
(-15110.2 0 0)
(-15198 0 0)
(-15266.7 0 0)
(-15319.8 0 0)
(-15360.8 0 0)
(-15392.4 0 0)
(-15416.9 0 0)
(-15435.3 0 0)
(-15448.9 0 0)
(-15458.9 0 0)
(-15466 0 0)
(-15471.4 0 0)
(-15475.8 0 0)
(-15479.2 0 0)
(-15481.3 0 0)
(-15482.9 0 0)
(-15484 0 0)
(-15484.8 0 0)
(-15485.3 0 0)
(-15485.5 0 0)
(-15485.7 0 0)
(-15485.9 0 0)
(-15485.9 0 0)
(-15485.9 0 0)
(-15486.2 0 0)
(-15486.6 0 0)
(-15486.8 0 0)
(-15486.9 0 0)
(-15486.8 0 0)
(-15486.8 0 0)
(-15486.9 0 0)
(-15486.9 0 0)
(-15486.8 0 0)
(-15486.6 0 0)
(-15486.3 0 0)
(-15486.1 0 0)
(-15486.5 0 0)
(-15486.8 0 0)
(-15486.8 0 0)
(-15486.7 0 0)
(-15486.7 0 0)
(-15486.7 0 0)
(-15486.6 0 0)
(-15486.3 0 0)
(-15486.1 0 0)
(-15486.5 0 0)
(-15486.8 0 0)
(-15486.8 0 0)
(-15486.7 0 0)
(-15486.5 0 0)
(-15486.2 0 0)
(-15486 0 0)
(-15486.1 0 0)
(-15486.1 0 0)
(-15485.9 0 0)
(-15485.5 0 0)
(-15484.9 0 0)
(-15484 0 0)
(-15482.5 0 0)
(-15480.2 0 0)
(-15477 0 0)
(-15472.6 0 0)
(-15465.9 0 0)
(-15455.5 0 0)
(-15440 0 0)
(-15416.9 0 0)
(-15382.6 0 0)
(-15331.8 0 0)
(-15257.5 0 0)
(-15149.4 0 0)
(-14993.2 0 0)
(-14767.5 0 0)
(-14442.7 0 0)
(-13971.1 0 0)
(-13263.3 0 0)
(-12229.4 0 0)
(-10835 0 0)
(-10236.3 0 0)
(-5207.97 0 0)
(-1432.24 0 0)
(-1996.58 0 0)
(-3201.62 0 0)
(-4426.4 0 0)
(-5431.95 0 0)
(-6514.03 0 0)
(-7602.2 0 0)
(-8636.13 0 0)
(-9620.85 0 0)
(-10537.8 0 0)
(-11367.8 0 0)
(-12105.4 0 0)
(-12751.7 0 0)
(-13310.2 0 0)
(-13785.6 0 0)
(-14184.8 0 0)
(-14516.7 0 0)
(-14789.7 0 0)
(-15012 0 0)
(-15191.1 0 0)
(-15334.5 0 0)
(-15448.7 0 0)
(-15538.9 0 0)
(-15609.5 0 0)
(-15664.1 0 0)
(-15706.2 0 0)
(-15738.6 0 0)
(-15763.6 0 0)
(-15782.5 0 0)
(-15796.5 0 0)
(-15806.7 0 0)
(-15814.1 0 0)
(-15819.7 0 0)
(-15824.1 0 0)
(-15827.5 0 0)
(-15829.8 0 0)
(-15831.3 0 0)
(-15832.5 0 0)
(-15833.3 0 0)
(-15833.8 0 0)
(-15834.1 0 0)
(-15834.3 0 0)
(-15834.5 0 0)
(-15834.5 0 0)
(-15834.5 0 0)
(-15834.9 0 0)
(-15835.2 0 0)
(-15835.4 0 0)
(-15835.4 0 0)
(-15835.4 0 0)
(-15835.4 0 0)
(-15835.4 0 0)
(-15835.5 0 0)
(-15835.4 0 0)
(-15835.2 0 0)
(-15834.9 0 0)
(-15834.8 0 0)
(-15835.1 0 0)
(-15835.4 0 0)
(-15835.4 0 0)
(-15835.3 0 0)
(-15835.3 0 0)
(-15835.3 0 0)
(-15835.2 0 0)
(-15834.9 0 0)
(-15834.8 0 0)
(-15835.1 0 0)
(-15835.4 0 0)
(-15835.4 0 0)
(-15835.3 0 0)
(-15835.1 0 0)
(-15834.8 0 0)
(-15834.7 0 0)
(-15834.7 0 0)
(-15834.7 0 0)
(-15834.5 0 0)
(-15834.1 0 0)
(-15833.4 0 0)
(-15832.5 0 0)
(-15830.9 0 0)
(-15828.6 0 0)
(-15825.4 0 0)
(-15820.7 0 0)
(-15813.7 0 0)
(-15803.1 0 0)
(-15787.1 0 0)
(-15763.3 0 0)
(-15727.9 0 0)
(-15675.6 0 0)
(-15598.9 0 0)
(-15487.3 0 0)
(-15325.3 0 0)
(-15090.8 0 0)
(-14752 0 0)
(-14258 0 0)
(-13513.8 0 0)
(-12424.3 0 0)
(-10957.5 0 0)
(-10302.4 0 0)
(-5149.29 0 0)
(-1432.31 0 0)
(-1996.46 0 0)
(-3201.03 0 0)
(-4425.42 0 0)
(-5429.76 0 0)
(-6508.96 0 0)
(-7594.26 0 0)
(-8628.79 0 0)
(-9618.18 0 0)
(-10539.7 0 0)
(-11371.4 0 0)
(-12109 0 0)
(-12754.4 0 0)
(-13311.9 0 0)
(-13786.5 0 0)
(-14185.3 0 0)
(-14516.9 0 0)
(-14789.8 0 0)
(-15012 0 0)
(-15191.2 0 0)
(-15334.6 0 0)
(-15448.8 0 0)
(-15538.9 0 0)
(-15609.4 0 0)
(-15664.1 0 0)
(-15706.2 0 0)
(-15738.6 0 0)
(-15763.6 0 0)
(-15782.4 0 0)
(-15796.4 0 0)
(-15806.6 0 0)
(-15814.1 0 0)
(-15819.7 0 0)
(-15824.1 0 0)
(-15827.4 0 0)
(-15829.7 0 0)
(-15831.3 0 0)
(-15832.5 0 0)
(-15833.3 0 0)
(-15833.8 0 0)
(-15834.1 0 0)
(-15834.3 0 0)
(-15834.5 0 0)
(-15834.6 0 0)
(-15834.6 0 0)
(-15834.9 0 0)
(-15835.2 0 0)
(-15835.3 0 0)
(-15835.4 0 0)
(-15835.4 0 0)
(-15835.4 0 0)
(-15835.4 0 0)
(-15835.5 0 0)
(-15835.4 0 0)
(-15835.2 0 0)
(-15835 0 0)
(-15834.9 0 0)
(-15835.1 0 0)
(-15835.3 0 0)
(-15835.4 0 0)
(-15835.3 0 0)
(-15835.3 0 0)
(-15835.3 0 0)
(-15835.2 0 0)
(-15835 0 0)
(-15834.9 0 0)
(-15835.1 0 0)
(-15835.3 0 0)
(-15835.3 0 0)
(-15835.2 0 0)
(-15835.1 0 0)
(-15834.9 0 0)
(-15834.7 0 0)
(-15834.7 0 0)
(-15834.7 0 0)
(-15834.5 0 0)
(-15834 0 0)
(-15833.4 0 0)
(-15832.4 0 0)
(-15830.9 0 0)
(-15828.6 0 0)
(-15825.4 0 0)
(-15820.7 0 0)
(-15813.7 0 0)
(-15803 0 0)
(-15787 0 0)
(-15763.2 0 0)
(-15727.8 0 0)
(-15675.5 0 0)
(-15599 0 0)
(-15487.5 0 0)
(-15325.6 0 0)
(-15091 0 0)
(-14752.2 0 0)
(-14258.1 0 0)
(-13513.8 0 0)
(-12424.2 0 0)
(-10957.4 0 0)
(-10302.3 0 0)
(-5149.18 0 0)
(-1431.57 0 0)
(-1984.61 0 0)
(-3173.18 0 0)
(-4385.05 0 0)
(-5368.52 0 0)
(-6420.55 0 0)
(-7476.36 0 0)
(-8484.08 0 0)
(-9451.06 0 0)
(-10350.8 0 0)
(-11159.4 0 0)
(-11874.4 0 0)
(-12499.3 0 0)
(-13038.7 0 0)
(-13498.1 0 0)
(-13884.4 0 0)
(-14205.7 0 0)
(-14470.4 0 0)
(-14686 0 0)
(-14860.1 0 0)
(-14999.5 0 0)
(-15110.4 0 0)
(-15198.1 0 0)
(-15266.6 0 0)
(-15319.8 0 0)
(-15360.8 0 0)
(-15392.4 0 0)
(-15416.7 0 0)
(-15435 0 0)
(-15448.6 0 0)
(-15458.7 0 0)
(-15466 0 0)
(-15471.5 0 0)
(-15475.8 0 0)
(-15479 0 0)
(-15481.2 0 0)
(-15482.8 0 0)
(-15483.9 0 0)
(-15484.7 0 0)
(-15485.2 0 0)
(-15485.5 0 0)
(-15485.7 0 0)
(-15485.9 0 0)
(-15486 0 0)
(-15486.1 0 0)
(-15486.3 0 0)
(-15486.5 0 0)
(-15486.7 0 0)
(-15486.8 0 0)
(-15486.8 0 0)
(-15486.8 0 0)
(-15486.8 0 0)
(-15486.9 0 0)
(-15486.8 0 0)
(-15486.6 0 0)
(-15486.4 0 0)
(-15486.3 0 0)
(-15486.5 0 0)
(-15486.7 0 0)
(-15486.8 0 0)
(-15486.7 0 0)
(-15486.7 0 0)
(-15486.7 0 0)
(-15486.6 0 0)
(-15486.4 0 0)
(-15486.3 0 0)
(-15486.5 0 0)
(-15486.7 0 0)
(-15486.7 0 0)
(-15486.6 0 0)
(-15486.5 0 0)
(-15486.3 0 0)
(-15486.2 0 0)
(-15486.2 0 0)
(-15486.1 0 0)
(-15485.9 0 0)
(-15485.5 0 0)
(-15484.9 0 0)
(-15483.9 0 0)
(-15482.4 0 0)
(-15480.2 0 0)
(-15477.1 0 0)
(-15472.5 0 0)
(-15465.7 0 0)
(-15455.3 0 0)
(-15439.8 0 0)
(-15416.6 0 0)
(-15382.3 0 0)
(-15331.8 0 0)
(-15257.8 0 0)
(-15150.1 0 0)
(-14993.9 0 0)
(-14768.2 0 0)
(-14443.3 0 0)
(-13971.4 0 0)
(-13263.2 0 0)
(-12229.2 0 0)
(-10834.6 0 0)
(-10235.9 0 0)
(-5207.63 0 0)
(-1425.17 0 0)
(-1954.79 0 0)
(-3112.2 0 0)
(-4295.72 0 0)
(-5237.68 0 0)
(-6238.2 0 0)
(-7237.81 0 0)
(-8191.79 0 0)
(-9110.48 0 0)
(-9963.17 0 0)
(-10724.4 0 0)
(-11394.8 0 0)
(-11979.5 0 0)
(-12483.9 0 0)
(-12913.6 0 0)
(-13275.2 0 0)
(-13576.3 0 0)
(-13824.4 0 0)
(-14026.9 0 0)
(-14190.4 0 0)
(-14321.6 0 0)
(-14426 0 0)
(-14508.6 0 0)
(-14573.2 0 0)
(-14623.4 0 0)
(-14662.2 0 0)
(-14692 0 0)
(-14714.9 0 0)
(-14732.3 0 0)
(-14745.2 0 0)
(-14754.7 0 0)
(-14761.7 0 0)
(-14766.9 0 0)
(-14771 0 0)
(-14774 0 0)
(-14776.2 0 0)
(-14777.7 0 0)
(-14778.7 0 0)
(-14779.5 0 0)
(-14780 0 0)
(-14780.3 0 0)
(-14780.5 0 0)
(-14780.7 0 0)
(-14780.7 0 0)
(-14780.8 0 0)
(-14781 0 0)
(-14781.2 0 0)
(-14781.4 0 0)
(-14781.5 0 0)
(-14781.5 0 0)
(-14781.5 0 0)
(-14781.5 0 0)
(-14781.5 0 0)
(-14781.5 0 0)
(-14781.3 0 0)
(-14781.2 0 0)
(-14781.1 0 0)
(-14781.2 0 0)
(-14781.4 0 0)
(-14781.5 0 0)
(-14781.5 0 0)
(-14781.4 0 0)
(-14781.4 0 0)
(-14781.3 0 0)
(-14781.1 0 0)
(-14781.1 0 0)
(-14781.2 0 0)
(-14781.4 0 0)
(-14781.4 0 0)
(-14781.3 0 0)
(-14781.2 0 0)
(-14781 0 0)
(-14780.9 0 0)
(-14780.9 0 0)
(-14780.8 0 0)
(-14780.6 0 0)
(-14780.2 0 0)
(-14779.7 0 0)
(-14778.8 0 0)
(-14777.4 0 0)
(-14775.3 0 0)
(-14772.4 0 0)
(-14768.1 0 0)
(-14761.6 0 0)
(-14751.8 0 0)
(-14737.2 0 0)
(-14715.5 0 0)
(-14683.4 0 0)
(-14636.1 0 0)
(-14567 0 0)
(-14466.7 0 0)
(-14321.8 0 0)
(-14113.4 0 0)
(-13815.3 0 0)
(-13386 0 0)
(-12747.4 0 0)
(-11821 0 0)
(-10571.9 0 0)
(-10094.4 0 0)
(-5324.76 0 0)
(-1407.81 0 0)
(-1895.77 0 0)
(-3003.98 0 0)
(-4137.86 0 0)
(-5014.08 0 0)
(-5936.91 0 0)
(-6852.69 0 0)
(-7726.13 0 0)
(-8571.87 0 0)
(-9353.87 0 0)
(-10045 0 0)
(-10650 0 0)
(-11176.3 0 0)
(-11629.9 0 0)
(-12016.3 0 0)
(-12341.7 0 0)
(-12613 0 0)
(-12836.8 0 0)
(-13019.7 0 0)
(-13167.6 0 0)
(-13286.5 0 0)
(-13381.2 0 0)
(-13456.1 0 0)
(-13514.9 0 0)
(-13560.6 0 0)
(-13596 0 0)
(-13623.2 0 0)
(-13644.2 0 0)
(-13660 0 0)
(-13671.9 0 0)
(-13680.6 0 0)
(-13687.1 0 0)
(-13691.9 0 0)
(-13695.6 0 0)
(-13698.4 0 0)
(-13700.4 0 0)
(-13701.8 0 0)
(-13702.7 0 0)
(-13703.4 0 0)
(-13703.9 0 0)
(-13704.2 0 0)
(-13704.4 0 0)
(-13704.5 0 0)
(-13704.6 0 0)
(-13704.7 0 0)
(-13704.9 0 0)
(-13705.1 0 0)
(-13705.2 0 0)
(-13705.3 0 0)
(-13705.3 0 0)
(-13705.3 0 0)
(-13705.3 0 0)
(-13705.4 0 0)
(-13705.3 0 0)
(-13705.2 0 0)
(-13705 0 0)
(-13705 0 0)
(-13705.1 0 0)
(-13705.2 0 0)
(-13705.3 0 0)
(-13705.3 0 0)
(-13705.3 0 0)
(-13705.2 0 0)
(-13705.1 0 0)
(-13705 0 0)
(-13704.9 0 0)
(-13705 0 0)
(-13705.2 0 0)
(-13705.2 0 0)
(-13705.1 0 0)
(-13705 0 0)
(-13704.9 0 0)
(-13704.8 0 0)
(-13704.8 0 0)
(-13704.7 0 0)
(-13704.5 0 0)
(-13704.2 0 0)
(-13703.6 0 0)
(-13702.8 0 0)
(-13701.6 0 0)
(-13699.7 0 0)
(-13697 0 0)
(-13693.1 0 0)
(-13687.2 0 0)
(-13678.4 0 0)
(-13665.2 0 0)
(-13645.5 0 0)
(-13616.5 0 0)
(-13574 0 0)
(-13512 0 0)
(-13422.3 0 0)
(-13293.3 0 0)
(-13109.1 0 0)
(-12848.4 0 0)
(-12478.1 0 0)
(-11935.6 0 0)
(-11160.7 0 0)
(-10125.8 0 0)
(-9852.01 0 0)
(-5504.93 0 0)
(-1376.29 0 0)
(-1797.73 0 0)
(-2833.16 0 0)
(-3892.48 0 0)
(-4676.06 0 0)
(-5492.9 0 0)
(-6296.33 0 0)
(-7062.48 0 0)
(-7811.42 0 0)
(-8500.08 0 0)
(-9099.23 0 0)
(-9619.18 0 0)
(-10069.7 0 0)
(-10457.3 0 0)
(-10787.6 0 0)
(-11065.9 0 0)
(-11298.3 0 0)
(-11490.3 0 0)
(-11647.5 0 0)
(-11775 0 0)
(-11877.5 0 0)
(-11959.5 0 0)
(-12024.4 0 0)
(-12075.4 0 0)
(-12115.2 0 0)
(-12146.1 0 0)
(-12169.9 0 0)
(-12188.2 0 0)
(-12202.1 0 0)
(-12212.5 0 0)
(-12220.2 0 0)
(-12225.9 0 0)
(-12230.1 0 0)
(-12233.4 0 0)
(-12235.9 0 0)
(-12237.7 0 0)
(-12238.9 0 0)
(-12239.8 0 0)
(-12240.4 0 0)
(-12240.8 0 0)
(-12241.1 0 0)
(-12241.3 0 0)
(-12241.4 0 0)
(-12241.5 0 0)
(-12241.5 0 0)
(-12241.7 0 0)
(-12241.9 0 0)
(-12242 0 0)
(-12242.1 0 0)
(-12242.1 0 0)
(-12242.1 0 0)
(-12242.1 0 0)
(-12242.1 0 0)
(-12242.1 0 0)
(-12242 0 0)
(-12241.9 0 0)
(-12241.8 0 0)
(-12241.9 0 0)
(-12242 0 0)
(-12242.1 0 0)
(-12242.1 0 0)
(-12242.1 0 0)
(-12242 0 0)
(-12241.9 0 0)
(-12241.8 0 0)
(-12241.8 0 0)
(-12241.8 0 0)
(-12242 0 0)
(-12242 0 0)
(-12241.9 0 0)
(-12241.8 0 0)
(-12241.7 0 0)
(-12241.7 0 0)
(-12241.6 0 0)
(-12241.6 0 0)
(-12241.4 0 0)
(-12241.1 0 0)
(-12240.6 0 0)
(-12239.9 0 0)
(-12238.8 0 0)
(-12237.2 0 0)
(-12234.9 0 0)
(-12231.5 0 0)
(-12226.4 0 0)
(-12218.7 0 0)
(-12207.3 0 0)
(-12190.3 0 0)
(-12165.3 0 0)
(-12128.7 0 0)
(-12075.6 0 0)
(-11999.1 0 0)
(-11889.9 0 0)
(-11735.5 0 0)
(-11520 0 0)
(-11219.9 0 0)
(-10791.3 0 0)
(-10199.3 0 0)
(-9434.54 0 0)
(-9452.9 0 0)
(-5737.27 0 0)
(-1327.25 0 0)
(-1650.48 0 0)
(-2583.46 0 0)
(-3539.6 0 0)
(-4201.05 0 0)
(-4881.61 0 0)
(-5543.72 0 0)
(-6176.11 0 0)
(-6805.45 0 0)
(-7379.5 0 0)
(-7865.94 0 0)
(-8282.42 0 0)
(-8641.07 0 0)
(-8948.99 0 0)
(-9211.27 0 0)
(-9432.62 0 0)
(-9617.73 0 0)
(-9771.11 0 0)
(-9897.01 0 0)
(-9999.41 0 0)
(-10082.1 0 0)
(-10148.3 0 0)
(-10201 0 0)
(-10242.6 0 0)
(-10275.1 0 0)
(-10300.3 0 0)
(-10319.9 0 0)
(-10335 0 0)
(-10346.5 0 0)
(-10355.1 0 0)
(-10361.5 0 0)
(-10366.3 0 0)
(-10369.8 0 0)
(-10372.6 0 0)
(-10374.7 0 0)
(-10376.2 0 0)
(-10377.2 0 0)
(-10378 0 0)
(-10378.5 0 0)
(-10378.8 0 0)
(-10379.1 0 0)
(-10379.2 0 0)
(-10379.3 0 0)
(-10379.4 0 0)
(-10379.4 0 0)
(-10379.6 0 0)
(-10379.7 0 0)
(-10379.8 0 0)
(-10379.9 0 0)
(-10379.9 0 0)
(-10379.9 0 0)
(-10380 0 0)
(-10380 0 0)
(-10380 0 0)
(-10379.9 0 0)
(-10379.7 0 0)
(-10379.7 0 0)
(-10379.8 0 0)
(-10379.9 0 0)
(-10379.9 0 0)
(-10379.9 0 0)
(-10379.9 0 0)
(-10379.9 0 0)
(-10379.8 0 0)
(-10379.7 0 0)
(-10379.6 0 0)
(-10379.7 0 0)
(-10379.8 0 0)
(-10379.9 0 0)
(-10379.8 0 0)
(-10379.7 0 0)
(-10379.6 0 0)
(-10379.6 0 0)
(-10379.6 0 0)
(-10379.5 0 0)
(-10379.4 0 0)
(-10379.1 0 0)
(-10378.7 0 0)
(-10378.1 0 0)
(-10377.2 0 0)
(-10375.9 0 0)
(-10374 0 0)
(-10371.2 0 0)
(-10367 0 0)
(-10360.8 0 0)
(-10351.4 0 0)
(-10337.6 0 0)
(-10317.3 0 0)
(-10287.7 0 0)
(-10244.9 0 0)
(-10183.8 0 0)
(-10097.3 0 0)
(-9976.57 0 0)
(-9811.1 0 0)
(-9587.1 0 0)
(-9280.3 0 0)
(-8885.55 0 0)
(-8424.76 0 0)
(-8806.09 0 0)
(-5980.21 0 0)
(-1257.72 0 0)
(-1445.5 0 0)
(-2240.69 0 0)
(-3061.94 0 0)
(-3570.1 0 0)
(-4083.09 0 0)
(-4575.74 0 0)
(-5049.12 0 0)
(-5537.29 0 0)
(-5977.36 0 0)
(-6332.17 0 0)
(-6628.77 0 0)
(-6881.51 0 0)
(-7097.64 0 0)
(-7281.7 0 0)
(-7437.37 0 0)
(-7568.01 0 0)
(-7676.75 0 0)
(-7766.46 0 0)
(-7839.81 0 0)
(-7899.37 0 0)
(-7947.39 0 0)
(-7985.81 0 0)
(-8016.28 0 0)
(-8040.26 0 0)
(-8059.01 0 0)
(-8073.62 0 0)
(-8084.95 0 0)
(-8093.64 0 0)
(-8100.19 0 0)
(-8105.07 0 0)
(-8108.68 0 0)
(-8111.41 0 0)
(-8113.53 0 0)
(-8115.17 0 0)
(-8116.36 0 0)
(-8117.19 0 0)
(-8117.78 0 0)
(-8118.18 0 0)
(-8118.45 0 0)
(-8118.62 0 0)
(-8118.72 0 0)
(-8118.8 0 0)
(-8118.85 0 0)
(-8118.92 0 0)
(-8119.02 0 0)
(-8119.15 0 0)
(-8119.26 0 0)
(-8119.34 0 0)
(-8119.37 0 0)
(-8119.37 0 0)
(-8119.38 0 0)
(-8119.4 0 0)
(-8119.37 0 0)
(-8119.29 0 0)
(-8119.19 0 0)
(-8119.14 0 0)
(-8119.2 0 0)
(-8119.3 0 0)
(-8119.35 0 0)
(-8119.35 0 0)
(-8119.33 0 0)
(-8119.29 0 0)
(-8119.21 0 0)
(-8119.13 0 0)
(-8119.09 0 0)
(-8119.14 0 0)
(-8119.24 0 0)
(-8119.26 0 0)
(-8119.22 0 0)
(-8119.14 0 0)
(-8119.07 0 0)
(-8119.05 0 0)
(-8119.04 0 0)
(-8119 0 0)
(-8118.9 0 0)
(-8118.72 0 0)
(-8118.42 0 0)
(-8117.96 0 0)
(-8117.27 0 0)
(-8116.27 0 0)
(-8114.83 0 0)
(-8112.73 0 0)
(-8109.61 0 0)
(-8104.93 0 0)
(-8097.96 0 0)
(-8087.68 0 0)
(-8072.62 0 0)
(-8050.8 0 0)
(-8019.52 0 0)
(-7975.25 0 0)
(-7913.45 0 0)
(-7828.78 0 0)
(-7715.92 0 0)
(-7569.6 0 0)
(-7383.18 0 0)
(-7181.13 0 0)
(-7026.89 0 0)
(-7786.82 0 0)
(-6123.79 0 0)
(-1165.71 0 0)
(-1178 0 0)
(-1796.15 0 0)
(-2448.94 0 0)
(-2772.58 0 0)
(-3087.74 0 0)
(-3386.75 0 0)
(-3678.76 0 0)
(-4005.27 0 0)
(-4294.61 0 0)
(-4501.42 0 0)
(-4664.61 0 0)
(-4800.12 0 0)
(-4914.93 0 0)
(-5012.73 0 0)
(-5095.92 0 0)
(-5166.41 0 0)
(-5225.76 0 0)
(-5275.35 0 0)
(-5316.45 0 0)
(-5350.29 0 0)
(-5377.99 0 0)
(-5400.48 0 0)
(-5418.56 0 0)
(-5432.98 0 0)
(-5444.41 0 0)
(-5453.44 0 0)
(-5460.56 0 0)
(-5466.07 0 0)
(-5470.26 0 0)
(-5473.4 0 0)
(-5475.74 0 0)
(-5477.53 0 0)
(-5478.95 0 0)
(-5480.08 0 0)
(-5480.9 0 0)
(-5481.48 0 0)
(-5481.89 0 0)
(-5482.16 0 0)
(-5482.34 0 0)
(-5482.45 0 0)
(-5482.51 0 0)
(-5482.56 0 0)
(-5482.59 0 0)
(-5482.64 0 0)
(-5482.73 0 0)
(-5482.83 0 0)
(-5482.94 0 0)
(-5483.01 0 0)
(-5483.04 0 0)
(-5483.04 0 0)
(-5483.05 0 0)
(-5483.07 0 0)
(-5483.04 0 0)
(-5482.97 0 0)
(-5482.88 0 0)
(-5482.84 0 0)
(-5482.88 0 0)
(-5482.97 0 0)
(-5483.02 0 0)
(-5483.03 0 0)
(-5483.01 0 0)
(-5482.97 0 0)
(-5482.9 0 0)
(-5482.82 0 0)
(-5482.78 0 0)
(-5482.83 0 0)
(-5482.9 0 0)
(-5482.94 0 0)
(-5482.9 0 0)
(-5482.84 0 0)
(-5482.78 0 0)
(-5482.77 0 0)
(-5482.77 0 0)
(-5482.76 0 0)
(-5482.71 0 0)
(-5482.59 0 0)
(-5482.38 0 0)
(-5482.08 0 0)
(-5481.62 0 0)
(-5480.95 0 0)
(-5480.02 0 0)
(-5478.68 0 0)
(-5476.7 0 0)
(-5473.72 0 0)
(-5469.31 0 0)
(-5462.84 0 0)
(-5453.43 0 0)
(-5439.94 0 0)
(-5420.89 0 0)
(-5394.47 0 0)
(-5358.62 0 0)
(-5311.37 0 0)
(-5251.96 0 0)
(-5182.13 0 0)
(-5108.7 0 0)
(-5079.14 0 0)
(-5197.68 0 0)
(-6265.49 0 0)
(-5941.9 0 0)
(-1050.96 0 0)
(-849.759 0 0)
(-1250.69 0 0)
(-1700.78 0 0)
(-1811.15 0 0)
(-1902.8 0 0)
(-1994.01 0 0)
(-2087.97 0 0)
(-2231.39 0 0)
(-2356.94 0 0)
(-2404.14 0 0)
(-2425.68 0 0)
(-2437.72 0 0)
(-2446.18 0 0)
(-2453.49 0 0)
(-2460.59 0 0)
(-2467.78 0 0)
(-2475.06 0 0)
(-2482.23 0 0)
(-2489.11 0 0)
(-2495.59 0 0)
(-2501.6 0 0)
(-2507.02 0 0)
(-2511.8 0 0)
(-2515.93 0 0)
(-2519.46 0 0)
(-2522.45 0 0)
(-2524.98 0 0)
(-2527.05 0 0)
(-2528.67 0 0)
(-2529.91 0 0)
(-2530.85 0 0)
(-2531.6 0 0)
(-2532.25 0 0)
(-2532.82 0 0)
(-2533.24 0 0)
(-2533.54 0 0)
(-2533.75 0 0)
(-2533.88 0 0)
(-2533.96 0 0)
(-2533.99 0 0)
(-2534.01 0 0)
(-2534.02 0 0)
(-2534.03 0 0)
(-2534.06 0 0)
(-2534.13 0 0)
(-2534.22 0 0)
(-2534.31 0 0)
(-2534.38 0 0)
(-2534.41 0 0)
(-2534.41 0 0)
(-2534.42 0 0)
(-2534.44 0 0)
(-2534.42 0 0)
(-2534.35 0 0)
(-2534.27 0 0)
(-2534.23 0 0)
(-2534.26 0 0)
(-2534.34 0 0)
(-2534.39 0 0)
(-2534.4 0 0)
(-2534.38 0 0)
(-2534.34 0 0)
(-2534.28 0 0)
(-2534.21 0 0)
(-2534.17 0 0)
(-2534.2 0 0)
(-2534.27 0 0)
(-2534.31 0 0)
(-2534.28 0 0)
(-2534.23 0 0)
(-2534.18 0 0)
(-2534.18 0 0)
(-2534.21 0 0)
(-2534.22 0 0)
(-2534.21 0 0)
(-2534.16 0 0)
(-2534.06 0 0)
(-2533.91 0 0)
(-2533.69 0 0)
(-2533.38 0 0)
(-2532.97 0 0)
(-2532.42 0 0)
(-2531.61 0 0)
(-2530.41 0 0)
(-2528.65 0 0)
(-2526.11 0 0)
(-2522.53 0 0)
(-2517.61 0 0)
(-2511.09 0 0)
(-2502.86 0 0)
(-2493.22 0 0)
(-2483.39 0 0)
(-2476.5 0 0)
(-2479.7 0 0)
(-2508.43 0 0)
(-2623.19 0 0)
(-2952.94 0 0)
(-4166.49 0 0)
(-5058.05 0 0)
(-913.746 0 0)
(-468.995 0 0)
(-618.112 0 0)
(-834.221 0 0)
(-711.54 0 0)
(-567.966 0 0)
(-464.797 0 0)
(-359.482 0 0)
(-293.07 0 0)
(-244.085 0 0)
(-124.617 0 0)
(-2.05457 0 0)
(110.059 -0 0)
(208.074 -0 0)
(291.278 -0 0)
(360.359 -0 0)
(416.639 -0 0)
(461.74 -0 0)
(497.365 -0 0)
(525.124 -0 0)
(546.433 -0 0)
(562.542 -0 0)
(574.564 -0 0)
(583.437 -0 0)
(589.905 -0 0)
(594.546 -0 0)
(597.803 -0 0)
(600.037 -0 0)
(601.562 -0 0)
(602.627 -0 0)
(603.385 -0 0)
(603.917 -0 0)
(604.254 -0 0)
(604.41 -0 0)
(604.444 -0 0)
(604.441 -0 0)
(604.444 -0 0)
(604.455 -0 0)
(604.475 -0 0)
(604.505 -0 0)
(604.543 -0 0)
(604.577 -0 0)
(604.601 -0 0)
(604.615 -0 0)
(604.606 -0 0)
(604.559 -0 0)
(604.485 -0 0)
(604.406 -0 0)
(604.343 -0 0)
(604.313 -0 0)
(604.31 -0 0)
(604.304 -0 0)
(604.293 -0 0)
(604.311 -0 0)
(604.367 -0 0)
(604.434 -0 0)
(604.475 -0 0)
(604.453 -0 0)
(604.387 -0 0)
(604.339 -0 0)
(604.325 -0 0)
(604.338 -0 0)
(604.374 -0 0)
(604.43 -0 0)
(604.493 -0 0)
(604.53 -0 0)
(604.508 -0 0)
(604.451 -0 0)
(604.418 -0 0)
(604.432 -0 0)
(604.475 -0 0)
(604.508 -0 0)
(604.498 -0 0)
(604.457 -0 0)
(604.412 -0 0)
(604.381 -0 0)
(604.366 -0 0)
(604.362 -0 0)
(604.362 -0 0)
(604.355 -0 0)
(604.317 -0 0)
(604.211 -0 0)
(604 -0 0)
(603.658 -0 0)
(603.135 -0 0)
(602.326 -0 0)
(601.049 -0 0)
(598.992 -0 0)
(595.637 -0 0)
(590.113 -0 0)
(580.951 -0 0)
(565.661 -0 0)
(540.243 -0 0)
(498.296 -0 0)
(428.706 -0 0)
(311.321 -0 0)
(80.3329 -0 0)
(-389.134 0 0)
(-1550.56 0 0)
(-3061.45 0 0)
(-755.712 0 0)
(-47.3945 0 0)
(80.6657 -0 0)
(126.28 -0 0)
(492.671 -0 0)
(868.261 -0 0)
(1107.21 -0 0)
(1400.41 -0 0)
(1735.25 -0 0)
(1971.7 -0 0)
(2256.7 -0 0)
(2518.03 -0 0)
(2748.26 -0 0)
(2947.15 -0 0)
(3116.09 -0 0)
(3257.47 -0 0)
(3374.19 -0 0)
(3469.37 -0 0)
(3546.09 -0 0)
(3607.27 -0 0)
(3655.52 -0 0)
(3693.16 -0 0)
(3722.25 -0 0)
(3744.54 -0 0)
(3761.46 -0 0)
(3774.19 -0 0)
(3783.67 -0 0)
(3790.65 -0 0)
(3795.78 -0 0)
(3799.54 -0 0)
(3802.31 -0 0)
(3804.33 -0 0)
(3805.77 -0 0)
(3806.74 -0 0)
(3807.38 -0 0)
(3807.82 -0 0)
(3808.13 -0 0)
(3808.36 -0 0)
(3808.53 -0 0)
(3808.67 -0 0)
(3808.79 -0 0)
(3808.87 -0 0)
(3808.93 -0 0)
(3808.97 -0 0)
(3808.98 -0 0)
(3808.96 -0 0)
(3808.9 -0 0)
(3808.84 -0 0)
(3808.79 -0 0)
(3808.76 -0 0)
(3808.75 -0 0)
(3808.75 -0 0)
(3808.74 -0 0)
(3808.76 -0 0)
(3808.8 -0 0)
(3808.86 -0 0)
(3808.9 -0 0)
(3808.88 -0 0)
(3808.83 -0 0)
(3808.79 -0 0)
(3808.77 -0 0)
(3808.78 -0 0)
(3808.81 -0 0)
(3808.86 -0 0)
(3808.91 -0 0)
(3808.95 -0 0)
(3808.94 -0 0)
(3808.89 -0 0)
(3808.86 -0 0)
(3808.86 -0 0)
(3808.9 -0 0)
(3808.92 -0 0)
(3808.9 -0 0)
(3808.84 -0 0)
(3808.77 -0 0)
(3808.7 -0 0)
(3808.62 -0 0)
(3808.51 -0 0)
(3808.37 -0 0)
(3808.14 -0 0)
(3807.77 -0 0)
(3807.17 -0 0)
(3806.23 -0 0)
(3804.78 -0 0)
(3802.61 -0 0)
(3799.34 -0 0)
(3794.4 -0 0)
(3786.93 -0 0)
(3775.65 -0 0)
(3758.59 -0 0)
(3732.81 -0 0)
(3693.79 -0 0)
(3634.93 -0 0)
(3546.78 -0 0)
(3414.85 -0 0)
(3215.39 -0 0)
(2879.05 -0 0)
(2305.45 -0 0)
(1300.54 -0 0)
(-228.655 0 0)
(-580.087 0 0)
(401.552 -0 0)
(808.582 -0 0)
(1125.26 -0 0)
(1730.01 -0 0)
(2301.89 -0 0)
(2499.14 -0 0)
(2946.18 -0 0)
(3694.8 -0 0)
(4132.35 -0 0)
(4577.22 -0 0)
(4965.72 -0 0)
(5301.91 -0 0)
(5590.64 -0 0)
(5835.75 -0 0)
(6041.4 -0 0)
(6211.97 -0 0)
(6351.9 -0 0)
(6465.51 -0 0)
(6556.83 -0 0)
(6629.5 -0 0)
(6686.77 -0 0)
(6731.5 -0 0)
(6766.13 -0 0)
(6792.72 -0 0)
(6812.98 -0 0)
(6828.26 -0 0)
(6839.7 -0 0)
(6848.22 -0 0)
(6854.54 -0 0)
(6859.21 -0 0)
(6862.65 -0 0)
(6865.15 -0 0)
(6866.91 -0 0)
(6868.14 -0 0)
(6869 -0 0)
(6869.61 -0 0)
(6870.05 -0 0)
(6870.38 -0 0)
(6870.63 -0 0)
(6870.81 -0 0)
(6870.95 -0 0)
(6871.05 -0 0)
(6871.11 -0 0)
(6871.14 -0 0)
(6871.14 -0 0)
(6871.1 -0 0)
(6871.05 -0 0)
(6871.01 -0 0)
(6870.98 -0 0)
(6870.98 -0 0)
(6870.98 -0 0)
(6870.97 -0 0)
(6870.99 -0 0)
(6871.02 -0 0)
(6871.07 -0 0)
(6871.1 -0 0)
(6871.1 -0 0)
(6871.06 -0 0)
(6871.02 -0 0)
(6871 -0 0)
(6871 -0 0)
(6871.03 -0 0)
(6871.07 -0 0)
(6871.12 -0 0)
(6871.15 -0 0)
(6871.14 -0 0)
(6871.11 -0 0)
(6871.08 -0 0)
(6871.08 -0 0)
(6871.1 -0 0)
(6871.11 -0 0)
(6871.08 -0 0)
(6871.01 -0 0)
(6870.92 -0 0)
(6870.81 -0 0)
(6870.67 -0 0)
(6870.48 -0 0)
(6870.19 -0 0)
(6869.76 -0 0)
(6869.09 -0 0)
(6868.05 -0 0)
(6866.44 -0 0)
(6864 -0 0)
(6860.33 -0 0)
(6854.82 -0 0)
(6846.58 -0 0)
(6834.25 -0 0)
(6815.85 -0 0)
(6788.47 -0 0)
(6747.88 -0 0)
(6687.89 -0 0)
(6599.75 -0 0)
(6471.53 -0 0)
(6286.43 -0 0)
(6018.73 -0 0)
(5596.14 -0 0)
(4951.68 -0 0)
(4087.5 -0 0)
(2684.79 -0 0)
(-392.333 0 0)
(852.387 -0 0)
(1509.32 -0 0)
(2065.21 -0 0)
(2913.87 -0 0)
(3615.46 -0 0)
(4240.83 -0 0)
(3895.5 -0 0)
(5474.67 -0 0)
(6115.23 -0 0)
(6697.06 -0 0)
(7191.67 -0 0)
(7614.27 -0 0)
(7975.2 -0 0)
(8281.08 -0 0)
(8537.85 -0 0)
(8751.27 -0 0)
(8926.89 -0 0)
(9070.03 -0 0)
(9185.58 -0 0)
(9277.98 -0 0)
(9351.19 -0 0)
(9408.67 -0 0)
(9453.44 -0 0)
(9488.02 -0 0)
(9514.52 -0 0)
(9534.65 -0 0)
(9549.83 -0 0)
(9561.2 -0 0)
(9569.68 -0 0)
(9575.98 -0 0)
(9580.63 -0 0)
(9584.03 -0 0)
(9586.47 -0 0)
(9588.2 -0 0)
(9589.43 -0 0)
(9590.3 -0 0)
(9590.93 -0 0)
(9591.39 -0 0)
(9591.73 -0 0)
(9591.98 -0 0)
(9592.17 -0 0)
(9592.3 -0 0)
(9592.38 -0 0)
(9592.43 -0 0)
(9592.44 -0 0)
(9592.42 -0 0)
(9592.39 -0 0)
(9592.35 -0 0)
(9592.33 -0 0)
(9592.32 -0 0)
(9592.33 -0 0)
(9592.33 -0 0)
(9592.34 -0 0)
(9592.37 -0 0)
(9592.41 -0 0)
(9592.44 -0 0)
(9592.43 -0 0)
(9592.4 -0 0)
(9592.37 -0 0)
(9592.35 -0 0)
(9592.35 -0 0)
(9592.37 -0 0)
(9592.4 -0 0)
(9592.44 -0 0)
(9592.47 -0 0)
(9592.47 -0 0)
(9592.45 -0 0)
(9592.42 -0 0)
(9592.42 -0 0)
(9592.43 -0 0)
(9592.42 -0 0)
(9592.39 -0 0)
(9592.31 -0 0)
(9592.2 -0 0)
(9592.05 -0 0)
(9591.86 -0 0)
(9591.59 -0 0)
(9591.19 -0 0)
(9590.57 -0 0)
(9589.63 -0 0)
(9588.19 -0 0)
(9585.98 -0 0)
(9582.64 -0 0)
(9577.64 -0 0)
(9570.14 -0 0)
(9558.95 -0 0)
(9542.28 -0 0)
(9517.54 -0 0)
(9481 -0 0)
(9427.34 -0 0)
(9348.94 -0 0)
(9235.29 -0 0)
(9072.51 -0 0)
(8842.11 -0 0)
(8517.03 -0 0)
(8020.77 -0 0)
(7315.6 -0 0)
(6515.13 -0 0)
(5232.4 -0 0)
(-202.943 0 0)
(1258.82 -0 0)
(2093.39 -0 0)
(2807.78 -0 0)
(3929.49 -0 0)
(4791.01 -0 0)
(5515.33 -0 0)
(5983.18 -0 0)
(7046.93 -0 0)
(7755.57 -0 0)
(8421.61 -0 0)
(8988.21 -0 0)
(9469.48 -0 0)
(9878.71 -0 0)
(10224.8 -0 0)
(10515.2 -0 0)
(10756.8 -0 0)
(10955.9 -0 0)
(11118.6 -0 0)
(11250.3 -0 0)
(11356 -0 0)
(11440 -0 0)
(11506.2 -0 0)
(11558 -0 0)
(11598.1 -0 0)
(11629 -0 0)
(11652.5 -0 0)
(11670.4 -0 0)
(11683.8 -0 0)
(11693.9 -0 0)
(11701.3 -0 0)
(11706.9 -0 0)
(11711 -0 0)
(11713.9 -0 0)
(11716 -0 0)
(11717.5 -0 0)
(11718.6 -0 0)
(11719.4 -0 0)
(11719.9 -0 0)
(11720.3 -0 0)
(11720.6 -0 0)
(11720.9 -0 0)
(11721 -0 0)
(11721.1 -0 0)
(11721.2 -0 0)
(11721.2 -0 0)
(11721.2 -0 0)
(11721.2 -0 0)
(11721.1 -0 0)
(11721.1 -0 0)
(11721.1 -0 0)
(11721.1 -0 0)
(11721.1 -0 0)
(11721.1 -0 0)
(11721.2 -0 0)
(11721.2 -0 0)
(11721.2 -0 0)
(11721.2 -0 0)
(11721.2 -0 0)
(11721.2 -0 0)
(11721.2 -0 0)
(11721.1 -0 0)
(11721.2 -0 0)
(11721.2 -0 0)
(11721.2 -0 0)
(11721.3 -0 0)
(11721.3 -0 0)
(11721.2 -0 0)
(11721.2 -0 0)
(11721.2 -0 0)
(11721.2 -0 0)
(11721.2 -0 0)
(11721.2 -0 0)
(11721.1 -0 0)
(11720.9 -0 0)
(11720.8 -0 0)
(11720.5 -0 0)
(11720.2 -0 0)
(11719.7 -0 0)
(11718.9 -0 0)
(11717.7 -0 0)
(11716 -0 0)
(11713.2 -0 0)
(11709.1 -0 0)
(11703 -0 0)
(11693.8 -0 0)
(11680.1 -0 0)
(11659.8 -0 0)
(11629.7 -0 0)
(11585.5 -0 0)
(11521 -0 0)
(11427.4 -0 0)
(11293 -0 0)
(11102.5 -0 0)
(10836.4 -0 0)
(10467.1 -0 0)
(9914.22 -0 0)
(9165.71 -0 0)
(8378.48 -0 0)
(7194.89 -0 0)
(-28.7716 0 0)
(1564.4 -0 0)
(2419.19 -0 0)
(3367.92 -0 0)
(4646.33 -0 0)
(5430.46 -0 0)
(6456.39 -0 0)
(7073.13 -0 0)
(8090.54 -0 0)
(8838.86 -0 0)
(9540.58 -0 0)
(10138.4 -0 0)
(10644.2 -0 0)
(11072.9 -0 0)
(11434.7 -0 0)
(11738 -0 0)
(11990.4 -0 0)
(12198.7 -0 0)
(12369.1 -0 0)
(12507.3 -0 0)
(12618.5 -0 0)
(12707.1 -0 0)
(12777.2 -0 0)
(12832.1 -0 0)
(12874.8 -0 0)
(12907.8 -0 0)
(12933.1 -0 0)
(12952.3 -0 0)
(12966.7 -0 0)
(12977.6 -0 0)
(12985.7 -0 0)
(12991.8 -0 0)
(12996.2 -0 0)
(12999.4 -0 0)
(13001.8 -0 0)
(13003.4 -0 0)
(13004.6 -0 0)
(13005.5 -0 0)
(13006.1 -0 0)
(13006.5 -0 0)
(13006.9 -0 0)
(13007.1 -0 0)
(13007.3 -0 0)
(13007.4 -0 0)
(13007.5 -0 0)
(13007.5 -0 0)
(13007.5 -0 0)
(13007.5 -0 0)
(13007.5 -0 0)
(13007.4 -0 0)
(13007.4 -0 0)
(13007.4 -0 0)
(13007.4 -0 0)
(13007.5 -0 0)
(13007.5 -0 0)
(13007.5 -0 0)
(13007.5 -0 0)
(13007.5 -0 0)
(13007.5 -0 0)
(13007.5 -0 0)
(13007.5 -0 0)
(13007.5 -0 0)
(13007.5 -0 0)
(13007.5 -0 0)
(13007.5 -0 0)
(13007.6 -0 0)
(13007.6 -0 0)
(13007.6 -0 0)
(13007.5 -0 0)
(13007.5 -0 0)
(13007.5 -0 0)
(13007.5 -0 0)
(13007.4 -0 0)
(13007.4 -0 0)
(13007.2 -0 0)
(13007 -0 0)
(13006.7 -0 0)
(13006.3 -0 0)
(13005.8 -0 0)
(13004.9 -0 0)
(13003.5 -0 0)
(13001.5 -0 0)
(12998.3 -0 0)
(12993.6 -0 0)
(12986.6 -0 0)
(12976.1 -0 0)
(12960.4 -0 0)
(12937.2 -0 0)
(12903 -0 0)
(12852.9 -0 0)
(12780 -0 0)
(12675 -0 0)
(12525.2 -0 0)
(12314.6 -0 0)
(12023.8 -0 0)
(11625.6 -0 0)
(11039.5 -0 0)
(10284.6 -0 0)
(9519.1 -0 0)
(8431.72 -0 0)
(107.072 -0 0)
(1711.36 -0 0)
(2246.15 -0 0)
(3707.1 -0 0)
(4940.21 -0 0)
(5122.96 -0 0)
(6495.48 -0 0)
(6999.03 -0 0)
(8401.18 -0 0)
(9173.97 -0 0)
(9862.09 -0 0)
(10445.8 -0 0)
(10938.5 -0 0)
(11355.1 -0 0)
(11706.2 -0 0)
(12000.3 -0 0)
(12245.1 -0 0)
(12447.3 -0 0)
(12612.9 -0 0)
(12747.5 -0 0)
(12856 -0 0)
(12942.7 -0 0)
(13011.5 -0 0)
(13065.5 -0 0)
(13107.7 -0 0)
(13140.3 -0 0)
(13165.4 -0 0)
(13184.5 -0 0)
(13199 -0 0)
(13209.9 -0 0)
(13218 -0 0)
(13224.1 -0 0)
(13228.6 -0 0)
(13231.9 -0 0)
(13234.2 -0 0)
(13235.9 -0 0)
(13237.2 -0 0)
(13238 -0 0)
(13238.7 -0 0)
(13239.1 -0 0)
(13239.5 -0 0)
(13239.7 -0 0)
(13239.9 -0 0)
(13240 -0 0)
(13240.1 -0 0)
(13240.1 -0 0)
(13240.1 -0 0)
(13240.1 -0 0)
(13240.1 -0 0)
(13240.1 -0 0)
(13240.1 -0 0)
(13240.1 -0 0)
(13240.1 -0 0)
(13240.1 -0 0)
(13240.1 -0 0)
(13240.1 -0 0)
(13240.2 -0 0)
(13240.2 -0 0)
(13240.2 -0 0)
(13240.1 -0 0)
(13240.1 -0 0)
(13240.1 -0 0)
(13240.1 -0 0)
(13240.1 -0 0)
(13240.2 -0 0)
(13240.2 -0 0)
(13240.2 -0 0)
(13240.2 -0 0)
(13240.2 -0 0)
(13240.2 -0 0)
(13240.1 -0 0)
(13240.1 -0 0)
(13240.1 -0 0)
(13240 -0 0)
(13239.8 -0 0)
(13239.6 -0 0)
(13239.3 -0 0)
(13238.9 -0 0)
(13238.2 -0 0)
(13237.2 -0 0)
(13235.7 -0 0)
(13233.5 -0 0)
(13230.1 -0 0)
(13224.9 -0 0)
(13217.2 -0 0)
(13205.7 -0 0)
(13188.6 -0 0)
(13163.3 -0 0)
(13126.1 -0 0)
(13071.8 -0 0)
(12993.2 -0 0)
(12880.4 -0 0)
(12720.5 -0 0)
(12497.6 -0 0)
(12192.7 -0 0)
(11781 -0 0)
(11188.5 -0 0)
(10474.7 -0 0)
(9801.52 -0 0)
(8835.51 -0 0)
(180.871 -0 0)
(1668.96 -0 0)
(2479.57 -0 0)
(3644.05 -0 0)
(4708.82 -0 0)
(5117.83 -0 0)
(6018.37 -0 0)
(7004.81 -0 0)
(7975.67 -0 0)
(8632.46 -0 0)
(9239.53 -0 0)
(9761.82 -0 0)
(10204.6 -0 0)
(10579.3 -0 0)
(10895 -0 0)
(11159.8 -0 0)
(11380.4 -0 0)
(11562.9 -0 0)
(11712.8 -0 0)
(11834.9 -0 0)
(11933.7 -0 0)
(12012.9 -0 0)
(12075.9 -0 0)
(12125.7 -0 0)
(12164.6 -0 0)
(12194.9 -0 0)
(12218.2 -0 0)
(12236.1 -0 0)
(12249.6 -0 0)
(12259.9 -0 0)
(12267.6 -0 0)
(12273.3 -0 0)
(12277.6 -0 0)
(12280.7 -0 0)
(12283 -0 0)
(12284.6 -0 0)
(12285.8 -0 0)
(12286.6 -0 0)
(12287.3 -0 0)
(12287.7 -0 0)
(12288 -0 0)
(12288.3 -0 0)
(12288.4 -0 0)
(12288.5 -0 0)
(12288.6 -0 0)
(12288.6 -0 0)
(12288.7 -0 0)
(12288.6 -0 0)
(12288.6 -0 0)
(12288.6 -0 0)
(12288.6 -0 0)
(12288.6 -0 0)
(12288.6 -0 0)
(12288.6 -0 0)
(12288.7 -0 0)
(12288.7 -0 0)
(12288.7 -0 0)
(12288.7 -0 0)
(12288.7 -0 0)
(12288.7 -0 0)
(12288.7 -0 0)
(12288.6 -0 0)
(12288.7 -0 0)
(12288.7 -0 0)
(12288.7 -0 0)
(12288.7 -0 0)
(12288.7 -0 0)
(12288.7 -0 0)
(12288.7 -0 0)
(12288.7 -0 0)
(12288.7 -0 0)
(12288.7 -0 0)
(12288.6 -0 0)
(12288.5 -0 0)
(12288.3 -0 0)
(12288.1 -0 0)
(12287.8 -0 0)
(12287.3 -0 0)
(12286.6 -0 0)
(12285.6 -0 0)
(12284 -0 0)
(12281.6 -0 0)
(12278 -0 0)
(12272.5 -0 0)
(12264.3 -0 0)
(12252.1 -0 0)
(12234.1 -0 0)
(12207.4 -0 0)
(12168.4 -0 0)
(12111.5 -0 0)
(12029.5 -0 0)
(11912.4 -0 0)
(11747.5 -0 0)
(11519.2 -0 0)
(11210.1 -0 0)
(10798.6 -0 0)
(10223.3 -0 0)
(9587.98 -0 0)
(9096.01 -0 0)
(8329.21 -0 0)
(182.131 -0 0)
(1401.07 -0 0)
(2202.9 -0 0)
(3078.41 -0 0)
(3978.62 -0 0)
(3701.18 -0 0)
(5328.57 -0 0)
(5971.22 -0 0)
(6689.77 -0 0)
(7174.22 -0 0)
(7647.1 -0 0)
(8066.17 -0 0)
(8424.95 -0 0)
(8729.63 -0 0)
(8986.99 -0 0)
(9203.26 -0 0)
(9383.99 -0 0)
(9534.08 -0 0)
(9657.89 -0 0)
(9759.28 -0 0)
(9841.7 -0 0)
(9908.16 -0 0)
(9961.33 -0 0)
(10003.5 -0 0)
(10036.8 -0 0)
(10062.7 -0 0)
(10082.9 -0 0)
(10098.4 -0 0)
(10110.2 -0 0)
(10119.2 -0 0)
(10126 -0 0)
(10131.1 -0 0)
(10134.8 -0 0)
(10137.6 -0 0)
(10139.7 -0 0)
(10141.1 -0 0)
(10142.2 -0 0)
(10143 -0 0)
(10143.5 -0 0)
(10143.9 -0 0)
(10144.2 -0 0)
(10144.5 -0 0)
(10144.6 -0 0)
(10144.7 -0 0)
(10144.8 -0 0)
(10144.8 -0 0)
(10144.8 -0 0)
(10144.8 -0 0)
(10144.8 -0 0)
(10144.8 -0 0)
(10144.8 -0 0)
(10144.8 -0 0)
(10144.8 -0 0)
(10144.8 -0 0)
(10144.8 -0 0)
(10144.8 -0 0)
(10144.9 -0 0)
(10144.9 -0 0)
(10144.8 -0 0)
(10144.8 -0 0)
(10144.8 -0 0)
(10144.8 -0 0)
(10144.8 -0 0)
(10144.8 -0 0)
(10144.9 -0 0)
(10144.9 -0 0)
(10144.9 -0 0)
(10144.9 -0 0)
(10144.9 -0 0)
(10144.9 -0 0)
(10144.8 -0 0)
(10144.8 -0 0)
(10144.8 -0 0)
(10144.6 -0 0)
(10144.5 -0 0)
(10144.3 -0 0)
(10143.9 -0 0)
(10143.5 -0 0)
(10142.7 -0 0)
(10141.7 -0 0)
(10140 -0 0)
(10137.5 -0 0)
(10133.8 -0 0)
(10128.2 -0 0)
(10119.8 -0 0)
(10107.3 -0 0)
(10088.8 -0 0)
(10061.6 -0 0)
(10021.8 -0 0)
(9964.17 -0 0)
(9881.36 -0 0)
(9763.72 -0 0)
(9598.98 -0 0)
(9372.8 -0 0)
(9069.51 -0 0)
(8670.86 -0 0)
(8127.87 -0 0)
(7574.75 -0 0)
(7347.6 -0 0)
(6941.37 -0 0)
(115.323 -0 0)
(911.773 -0 0)
(1494.89 -0 0)
(2041.7 -0 0)
(2700.37 -0 0)
(2966.98 -0 0)
(3822.45 -0 0)
(4211.43 -0 0)
(4547.9 -0 0)
(4826.01 -0 0)
(5128.19 -0 0)
(5408.48 -0 0)
(5651.52 -0 0)
(5858.91 -0 0)
(6034.73 -0 0)
(6183.12 -0 0)
(6307.79 -0 0)
(6411.99 -0 0)
(6498.57 -0 0)
(6570.05 -0 0)
(6628.62 -0 0)
(6676.25 -0 0)
(6714.68 -0 0)
(6745.44 -0 0)
(6769.86 -0 0)
(6789.09 -0 0)
(6804.11 -0 0)
(6815.75 -0 0)
(6824.7 -0 0)
(6831.54 -0 0)
(6836.75 -0 0)
(6840.68 -0 0)
(6843.62 -0 0)
(6845.8 -0 0)
(6847.39 -0 0)
(6848.55 -0 0)
(6849.38 -0 0)
(6849.99 -0 0)
(6850.44 -0 0)
(6850.77 -0 0)
(6851.01 -0 0)
(6851.19 -0 0)
(6851.31 -0 0)
(6851.4 -0 0)
(6851.45 -0 0)
(6851.47 -0 0)
(6851.47 -0 0)
(6851.46 -0 0)
(6851.45 -0 0)
(6851.43 -0 0)
(6851.43 -0 0)
(6851.43 -0 0)
(6851.44 -0 0)
(6851.45 -0 0)
(6851.47 -0 0)
(6851.49 -0 0)
(6851.5 -0 0)
(6851.51 -0 0)
(6851.5 -0 0)
(6851.48 -0 0)
(6851.47 -0 0)
(6851.46 -0 0)
(6851.47 -0 0)
(6851.49 -0 0)
(6851.52 -0 0)
(6851.53 -0 0)
(6851.54 -0 0)
(6851.53 -0 0)
(6851.52 -0 0)
(6851.51 -0 0)
(6851.49 -0 0)
(6851.47 -0 0)
(6851.41 -0 0)
(6851.31 -0 0)
(6851.17 -0 0)
(6850.96 -0 0)
(6850.66 -0 0)
(6850.22 -0 0)
(6849.57 -0 0)
(6848.58 -0 0)
(6847.07 -0 0)
(6844.79 -0 0)
(6841.35 -0 0)
(6836.19 -0 0)
(6828.49 -0 0)
(6817.07 -0 0)
(6800.21 -0 0)
(6775.46 -0 0)
(6739.41 -0 0)
(6687.33 -0 0)
(6612.88 -0 0)
(6507.65 -0 0)
(6361.18 -0 0)
(6161.56 -0 0)
(5896.51 -0 0)
(5551.18 -0 0)
(5082.31 -0 0)
(4618.06 -0 0)
(4649.46 -0 0)
(4695.96 -0 0)
(7.44305 -0 0)
(267.914 -0 0)
(486.81 -0 0)
(675.312 -0 0)
(933.704 -0 0)
(1148 -0 0)
(1435.73 -0 0)
(1542.79 -0 0)
(1626.37 -0 0)
(1695.73 -0 0)
(1803.57 -0 0)
(1907.7 -0 0)
(1996.94 -0 0)
(2072.33 -0 0)
(2135.97 -0 0)
(2189.67 -0 0)
(2234.92 -0 0)
(2272.92 -0 0)
(2304.69 -0 0)
(2331.1 -0 0)
(2352.9 -0 0)
(2370.75 -0 0)
(2385.26 -0 0)
(2396.94 -0 0)
(2406.29 -0 0)
(2413.69 -0 0)
(2419.5 -0 0)
(2424.03 -0 0)
(2427.53 -0 0)
(2430.22 -0 0)
(2432.28 -0 0)
(2433.84 -0 0)
(2435.01 -0 0)
(2435.88 -0 0)
(2436.52 -0 0)
(2436.98 -0 0)
(2437.31 -0 0)
(2437.55 -0 0)
(2437.73 -0 0)
(2437.87 -0 0)
(2437.97 -0 0)
(2438.04 -0 0)
(2438.1 -0 0)
(2438.13 -0 0)
(2438.15 -0 0)
(2438.16 -0 0)
(2438.16 -0 0)
(2438.15 -0 0)
(2438.14 -0 0)
(2438.13 -0 0)
(2438.13 -0 0)
(2438.13 -0 0)
(2438.14 -0 0)
(2438.14 -0 0)
(2438.15 -0 0)
(2438.16 -0 0)
(2438.17 -0 0)
(2438.17 -0 0)
(2438.17 -0 0)
(2438.16 -0 0)
(2438.15 -0 0)
(2438.15 -0 0)
(2438.15 -0 0)
(2438.16 -0 0)
(2438.18 -0 0)
(2438.19 -0 0)
(2438.19 -0 0)
(2438.18 -0 0)
(2438.18 -0 0)
(2438.17 -0 0)
(2438.17 -0 0)
(2438.15 -0 0)
(2438.12 -0 0)
(2438.07 -0 0)
(2438 -0 0)
(2437.89 -0 0)
(2437.75 -0 0)
(2437.53 -0 0)
(2437.21 -0 0)
(2436.72 -0 0)
(2435.98 -0 0)
(2434.85 -0 0)
(2433.16 -0 0)
(2430.63 -0 0)
(2426.87 -0 0)
(2421.3 -0 0)
(2413.11 -0 0)
(2401.12 -0 0)
(2383.73 -0 0)
(2358.71 -0 0)
(2323.12 -0 0)
(2273.09 -0 0)
(2203.78 -0 0)
(2109.84 -0 0)
(1986.25 -0 0)
(1826.34 -0 0)
(1597.63 -0 0)
(1338.84 -0 0)
(1387.68 -0 0)
(1565.9 -0 0)
)
;

boundaryField
{
    inlet
    {
        type            calculated;
        value           nonuniform List<vector> 
40
(
(21.8599 -0 0)
(141.234 -0 0)
(213.451 -0 0)
(216.658 -0 0)
(144.042 -0 0)
(2.60503 -0 0)
(-179.139 0 0)
(-374.911 0 0)
(-567.587 0 0)
(-746.837 0 0)
(-907.491 0 0)
(-1046.58 0 0)
(-1162.69 0 0)
(-1255.67 0 0)
(-1325.89 0 0)
(-1375.41 0 0)
(-1407.25 0 0)
(-1424.83 0 0)
(-1431.37 0 0)
(-1432.24 0 0)
(-1432.31 0 0)
(-1431.57 0 0)
(-1425.17 0 0)
(-1407.81 0 0)
(-1376.29 0 0)
(-1327.25 0 0)
(-1257.72 0 0)
(-1165.71 0 0)
(-1050.96 0 0)
(-913.746 0 0)
(-755.712 0 0)
(-580.087 0 0)
(-392.333 0 0)
(-202.943 0 0)
(-28.7716 0 0)
(107.072 -0 0)
(180.871 -0 0)
(182.131 -0 0)
(115.323 -0 0)
(7.44305 -0 0)
)
;
    }
    outlet
    {
        type            calculated;
        value           nonuniform List<vector> 
40
(
(1564.02 -0 0)
(4692.03 -0 0)
(6937.05 -0 0)
(8324.94 -0 0)
(8831.32 -0 0)
(8427.69 -0 0)
(7191.09 -0 0)
(5228.84 -0 0)
(2681.47 -0 0)
(-231.757 0 0)
(-3064.28 0 0)
(-5060.5 0 0)
(-5943.93 0 0)
(-6125.45 0 0)
(-5981.54 0 0)
(-5738.32 0 0)
(-5505.73 0 0)
(-5325.32 0 0)
(-5207.97 0 0)
(-5149.29 0 0)
(-5149.18 0 0)
(-5207.63 0 0)
(-5324.76 0 0)
(-5504.93 0 0)
(-5737.27 0 0)
(-5980.21 0 0)
(-6123.79 0 0)
(-5941.9 0 0)
(-5058.05 0 0)
(-3061.45 0 0)
(-228.655 0 0)
(2684.79 -0 0)
(5232.4 -0 0)
(7194.89 -0 0)
(8431.72 -0 0)
(8835.51 -0 0)
(8329.21 -0 0)
(6941.37 -0 0)
(4695.96 -0 0)
(1565.9 -0 0)
)
;
    }
    lowerWall
    {
        type            calculated;
        value           nonuniform List<vector> 
100
(
(21.8599 -0 0)
(278.577 -0 0)
(492.436 -0 0)
(731.082 -0 0)
(963.326 -0 0)
(1161.21 -0 0)
(1333.9 -0 0)
(1485.17 -0 0)
(1636.02 -0 0)
(1778.98 -0 0)
(1895.17 -0 0)
(1965.44 -0 0)
(2022.26 -0 0)
(2076.92 -0 0)
(2132.34 -0 0)
(2188.05 -0 0)
(2230.28 -0 0)
(2270.35 -0 0)
(2302.16 -0 0)
(2330.98 -0 0)
(2353.68 -0 0)
(2371.16 -0 0)
(2383.32 -0 0)
(2395.63 -0 0)
(2406.62 -0 0)
(2413.91 -0 0)
(2418.53 -0 0)
(2422.8 -0 0)
(2426.29 -0 0)
(2429.13 -0 0)
(2431.53 -0 0)
(2433.46 -0 0)
(2434.9 -0 0)
(2435.65 -0 0)
(2436.17 -0 0)
(2436.6 -0 0)
(2436.95 -0 0)
(2437.21 -0 0)
(2437.47 -0 0)
(2437.69 -0 0)
(2437.93 -0 0)
(2438.12 -0 0)
(2438.17 -0 0)
(2438.3 -0 0)
(2438.43 -0 0)
(2438.27 -0 0)
(2438.05 -0 0)
(2437.98 -0 0)
(2437.98 -0 0)
(2437.94 -0 0)
(2437.93 -0 0)
(2437.97 -0 0)
(2438.02 -0 0)
(2438.04 -0 0)
(2438.11 -0 0)
(2438.29 -0 0)
(2438.44 -0 0)
(2438.35 -0 0)
(2438.16 -0 0)
(2438.07 -0 0)
(2438.06 -0 0)
(2438.07 -0 0)
(2438.07 -0 0)
(2438.12 -0 0)
(2438.29 -0 0)
(2438.42 -0 0)
(2438.31 -0 0)
(2438.12 -0 0)
(2437.99 -0 0)
(2437.94 -0 0)
(2437.97 -0 0)
(2438.19 -0 0)
(2438.39 -0 0)
(2438.23 -0 0)
(2437.94 -0 0)
(2437.74 -0 0)
(2437.56 -0 0)
(2437.33 -0 0)
(2437 -0 0)
(2436.51 -0 0)
(2435.86 -0 0)
(2434.75 -0 0)
(2432.86 -0 0)
(2430.02 -0 0)
(2425.9 -0 0)
(2420.11 -0 0)
(2411.71 -0 0)
(2399.49 -0 0)
(2382.22 -0 0)
(2357.96 -0 0)
(2323.73 -0 0)
(2275.21 -0 0)
(2207.88 -0 0)
(2113.55 -0 0)
(1986.64 -0 0)
(1823.76 -0 0)
(1594.83 -0 0)
(1336.43 -0 0)
(1385.61 -0 0)
(1564.02 -0 0)
)
;
    }
    upperWall
    {
        type            calculated;
        value           nonuniform List<vector> 
100
(
(7.44305 -0 0)
(267.914 -0 0)
(486.81 -0 0)
(675.312 -0 0)
(933.704 -0 0)
(1148 -0 0)
(1435.73 -0 0)
(1542.79 -0 0)
(1626.37 -0 0)
(1695.73 -0 0)
(1803.57 -0 0)
(1907.7 -0 0)
(1996.94 -0 0)
(2072.33 -0 0)
(2135.97 -0 0)
(2189.67 -0 0)
(2234.92 -0 0)
(2272.92 -0 0)
(2304.69 -0 0)
(2331.1 -0 0)
(2352.9 -0 0)
(2370.75 -0 0)
(2385.26 -0 0)
(2396.94 -0 0)
(2406.29 -0 0)
(2413.69 -0 0)
(2419.5 -0 0)
(2424.03 -0 0)
(2427.53 -0 0)
(2430.22 -0 0)
(2432.28 -0 0)
(2433.84 -0 0)
(2435.01 -0 0)
(2435.88 -0 0)
(2436.52 -0 0)
(2436.98 -0 0)
(2437.31 -0 0)
(2437.55 -0 0)
(2437.73 -0 0)
(2437.87 -0 0)
(2437.97 -0 0)
(2438.04 -0 0)
(2438.1 -0 0)
(2438.13 -0 0)
(2438.15 -0 0)
(2438.16 -0 0)
(2438.16 -0 0)
(2438.15 -0 0)
(2438.14 -0 0)
(2438.13 -0 0)
(2438.13 -0 0)
(2438.13 -0 0)
(2438.14 -0 0)
(2438.14 -0 0)
(2438.15 -0 0)
(2438.16 -0 0)
(2438.17 -0 0)
(2438.17 -0 0)
(2438.17 -0 0)
(2438.16 -0 0)
(2438.15 -0 0)
(2438.15 -0 0)
(2438.15 -0 0)
(2438.16 -0 0)
(2438.18 -0 0)
(2438.19 -0 0)
(2438.19 -0 0)
(2438.18 -0 0)
(2438.18 -0 0)
(2438.17 -0 0)
(2438.17 -0 0)
(2438.15 -0 0)
(2438.12 -0 0)
(2438.07 -0 0)
(2438 -0 0)
(2437.89 -0 0)
(2437.75 -0 0)
(2437.53 -0 0)
(2437.21 -0 0)
(2436.72 -0 0)
(2435.98 -0 0)
(2434.85 -0 0)
(2433.16 -0 0)
(2430.63 -0 0)
(2426.87 -0 0)
(2421.3 -0 0)
(2413.11 -0 0)
(2401.12 -0 0)
(2383.73 -0 0)
(2358.71 -0 0)
(2323.12 -0 0)
(2273.09 -0 0)
(2203.78 -0 0)
(2109.84 -0 0)
(1986.25 -0 0)
(1826.34 -0 0)
(1597.63 -0 0)
(1338.84 -0 0)
(1387.68 -0 0)
(1565.9 -0 0)
)
;
    }
    frontAndBack
    {
        type            empty;
    }
}


// ************************************************************************* //
