/*--------------------------------*- C++ -*----------------------------------*\
| =========                 |                                                 |
| \\      /  F ield         | foam-extend: Open Source CFD                    |
|  \\    /   O peration     | Version:     5.0                                |
|   \\  /    A nd           | Web:         http://www.foam-extend.org         |
|    \\/     M anipulation  |                                                 |
\*---------------------------------------------------------------------------*/
FoamFile
{
    version     2.0;
    format      ascii;
    class       volVectorField;
    location    "0.025";
    object      bodyForce;
}
// * * * * * * * * * * * * * * * * * * * * * * * * * * * * * * * * * * * * * //

dimensions      [0 1 -2 0 0 0 0];

internalField   nonuniform List<vector> 
4000
(
(-116.771 0 0)
(-129.018 0 0)
(-99.8253 0 0)
(-79.2751 0 0)
(-48.9472 0 0)
(-27.9761 0 0)
(-12.8929 0 0)
(1.27715 -0 0)
(14.3765 -0 0)
(25.6207 -0 0)
(35.0422 -0 0)
(42.94 -0 0)
(49.5004 -0 0)
(54.8689 -0 0)
(59.1844 -0 0)
(62.6084 -0 0)
(65.286 -0 0)
(67.3511 -0 0)
(68.925 -0 0)
(70.1093 -0 0)
(70.9911 -0 0)
(71.6407 -0 0)
(72.1143 -0 0)
(72.4568 -0 0)
(72.7023 -0 0)
(72.8767 -0 0)
(72.9997 -0 0)
(73.0857 -0 0)
(73.1456 -0 0)
(73.187 -0 0)
(73.2154 -0 0)
(73.2348 -0 0)
(73.2479 -0 0)
(73.2568 -0 0)
(73.2627 -0 0)
(73.2667 -0 0)
(73.2694 -0 0)
(73.2711 -0 0)
(73.2723 -0 0)
(73.273 -0 0)
(73.2735 -0 0)
(73.2739 -0 0)
(73.2741 -0 0)
(73.2742 -0 0)
(73.2743 -0 0)
(73.2743 -0 0)
(73.2744 -0 0)
(73.2744 -0 0)
(73.2744 -0 0)
(73.2744 -0 0)
(73.2744 -0 0)
(73.2744 -0 0)
(73.2744 -0 0)
(73.2744 -0 0)
(73.2744 -0 0)
(73.2744 -0 0)
(73.2744 -0 0)
(73.2744 -0 0)
(73.2744 -0 0)
(73.2744 -0 0)
(73.2744 -0 0)
(73.2745 -0 0)
(73.2745 -0 0)
(73.2744 -0 0)
(73.2744 -0 0)
(73.2745 -0 0)
(73.2744 -0 0)
(73.2744 -0 0)
(73.2744 -0 0)
(73.2744 -0 0)
(73.2744 -0 0)
(73.2743 -0 0)
(73.2742 -0 0)
(73.2741 -0 0)
(73.2739 -0 0)
(73.2737 -0 0)
(73.2733 -0 0)
(73.2728 -0 0)
(73.2721 -0 0)
(73.2711 -0 0)
(73.2698 -0 0)
(73.2681 -0 0)
(73.2658 -0 0)
(73.2629 -0 0)
(73.259 -0 0)
(73.254 -0 0)
(73.2474 -0 0)
(73.2386 -0 0)
(73.2266 -0 0)
(73.2098 -0 0)
(73.1819 -0 0)
(73.1281 -0 0)
(73.046 -0 0)
(72.9785 -0 0)
(72.8393 -0 0)
(72.1698 -0 0)
(71.3665 -0 0)
(71.3573 -0 0)
(68.9569 -0 0)
(68.1585 -0 0)
(-203.216 0 0)
(-157.748 0 0)
(-70.5658 0 0)
(-19.591 0 0)
(51.8387 -0 0)
(109.245 -0 0)
(152.147 -0 0)
(189.529 -0 0)
(222.677 -0 0)
(250.906 -0 0)
(274.4 -0 0)
(293.824 -0 0)
(309.713 -0 0)
(322.573 -0 0)
(332.805 -0 0)
(340.848 -0 0)
(347.086 -0 0)
(351.86 -0 0)
(355.477 -0 0)
(358.181 -0 0)
(360.183 -0 0)
(361.651 -0 0)
(362.715 -0 0)
(363.482 -0 0)
(364.03 -0 0)
(364.418 -0 0)
(364.69 -0 0)
(364.88 -0 0)
(365.012 -0 0)
(365.103 -0 0)
(365.165 -0 0)
(365.208 -0 0)
(365.236 -0 0)
(365.256 -0 0)
(365.269 -0 0)
(365.277 -0 0)
(365.283 -0 0)
(365.287 -0 0)
(365.289 -0 0)
(365.291 -0 0)
(365.292 -0 0)
(365.293 -0 0)
(365.293 -0 0)
(365.293 -0 0)
(365.293 -0 0)
(365.294 -0 0)
(365.294 -0 0)
(365.294 -0 0)
(365.294 -0 0)
(365.294 -0 0)
(365.294 -0 0)
(365.294 -0 0)
(365.294 -0 0)
(365.294 -0 0)
(365.294 -0 0)
(365.294 -0 0)
(365.294 -0 0)
(365.294 -0 0)
(365.294 -0 0)
(365.294 -0 0)
(365.294 -0 0)
(365.294 -0 0)
(365.294 -0 0)
(365.294 -0 0)
(365.294 -0 0)
(365.294 -0 0)
(365.294 -0 0)
(365.294 -0 0)
(365.294 -0 0)
(365.294 -0 0)
(365.294 -0 0)
(365.294 -0 0)
(365.293 -0 0)
(365.293 -0 0)
(365.293 -0 0)
(365.292 -0 0)
(365.291 -0 0)
(365.29 -0 0)
(365.289 -0 0)
(365.287 -0 0)
(365.284 -0 0)
(365.28 -0 0)
(365.275 -0 0)
(365.268 -0 0)
(365.259 -0 0)
(365.247 -0 0)
(365.232 -0 0)
(365.211 -0 0)
(365.184 -0 0)
(365.144 -0 0)
(365.079 -0 0)
(364.965 -0 0)
(364.802 -0 0)
(364.632 -0 0)
(364.2 -0 0)
(362.79 -0 0)
(361.608 -0 0)
(361.58 -0 0)
(355.135 -0 0)
(355.626 -0 0)
(-255.62 0 0)
(-150.047 0 0)
(-10.2498 0 0)
(61.2713 -0 0)
(155.267 -0 0)
(236.358 -0 0)
(298.94 -0 0)
(352.109 -0 0)
(397.566 -0 0)
(435.761 -0 0)
(467.189 -0 0)
(492.824 -0 0)
(513.478 -0 0)
(530.001 -0 0)
(542.995 -0 0)
(553.098 -0 0)
(560.855 -0 0)
(566.743 -0 0)
(571.163 -0 0)
(574.445 -0 0)
(576.858 -0 0)
(578.616 -0 0)
(579.883 -0 0)
(580.792 -0 0)
(581.437 -0 0)
(581.893 -0 0)
(582.211 -0 0)
(582.433 -0 0)
(582.586 -0 0)
(582.691 -0 0)
(582.762 -0 0)
(582.811 -0 0)
(582.844 -0 0)
(582.866 -0 0)
(582.88 -0 0)
(582.89 -0 0)
(582.897 -0 0)
(582.901 -0 0)
(582.904 -0 0)
(582.906 -0 0)
(582.907 -0 0)
(582.908 -0 0)
(582.908 -0 0)
(582.908 -0 0)
(582.909 -0 0)
(582.909 -0 0)
(582.909 -0 0)
(582.909 -0 0)
(582.909 -0 0)
(582.909 -0 0)
(582.909 -0 0)
(582.909 -0 0)
(582.909 -0 0)
(582.909 -0 0)
(582.909 -0 0)
(582.909 -0 0)
(582.909 -0 0)
(582.909 -0 0)
(582.909 -0 0)
(582.909 -0 0)
(582.909 -0 0)
(582.909 -0 0)
(582.909 -0 0)
(582.909 -0 0)
(582.909 -0 0)
(582.909 -0 0)
(582.909 -0 0)
(582.909 -0 0)
(582.909 -0 0)
(582.909 -0 0)
(582.909 -0 0)
(582.909 -0 0)
(582.909 -0 0)
(582.908 -0 0)
(582.908 -0 0)
(582.907 -0 0)
(582.906 -0 0)
(582.905 -0 0)
(582.903 -0 0)
(582.901 -0 0)
(582.897 -0 0)
(582.892 -0 0)
(582.886 -0 0)
(582.878 -0 0)
(582.867 -0 0)
(582.852 -0 0)
(582.833 -0 0)
(582.807 -0 0)
(582.772 -0 0)
(582.723 -0 0)
(582.646 -0 0)
(582.518 -0 0)
(582.339 -0 0)
(582.132 -0 0)
(581.585 -0 0)
(580.023 -0 0)
(579.153 -0 0)
(579.163 -0 0)
(569.553 -0 0)
(571.96 -0 0)
(-299.791 0 0)
(-162.527 0 0)
(2.20097 -0 0)
(82.0133 -0 0)
(186.6 -0 0)
(279.362 -0 0)
(352.607 -0 0)
(414.048 -0 0)
(466.013 -0 0)
(509.296 -0 0)
(544.586 -0 0)
(573.107 -0 0)
(595.767 -0 0)
(613.809 -0 0)
(627.863 -0 0)
(638.695 -0 0)
(646.943 -0 0)
(653.159 -0 0)
(657.792 -0 0)
(661.21 -0 0)
(663.709 -0 0)
(665.52 -0 0)
(666.823 -0 0)
(667.749 -0 0)
(668.403 -0 0)
(668.863 -0 0)
(669.184 -0 0)
(669.406 -0 0)
(669.559 -0 0)
(669.663 -0 0)
(669.734 -0 0)
(669.782 -0 0)
(669.815 -0 0)
(669.836 -0 0)
(669.851 -0 0)
(669.861 -0 0)
(669.867 -0 0)
(669.871 -0 0)
(669.874 -0 0)
(669.876 -0 0)
(669.877 -0 0)
(669.877 -0 0)
(669.878 -0 0)
(669.878 -0 0)
(669.878 -0 0)
(669.879 -0 0)
(669.879 -0 0)
(669.879 -0 0)
(669.879 -0 0)
(669.879 -0 0)
(669.879 -0 0)
(669.879 -0 0)
(669.879 -0 0)
(669.879 -0 0)
(669.879 -0 0)
(669.879 -0 0)
(669.879 -0 0)
(669.879 -0 0)
(669.879 -0 0)
(669.879 -0 0)
(669.879 -0 0)
(669.879 -0 0)
(669.879 -0 0)
(669.879 -0 0)
(669.879 -0 0)
(669.879 -0 0)
(669.879 -0 0)
(669.879 -0 0)
(669.879 -0 0)
(669.879 -0 0)
(669.879 -0 0)
(669.879 -0 0)
(669.879 -0 0)
(669.878 -0 0)
(669.878 -0 0)
(669.877 -0 0)
(669.876 -0 0)
(669.875 -0 0)
(669.873 -0 0)
(669.87 -0 0)
(669.867 -0 0)
(669.862 -0 0)
(669.855 -0 0)
(669.846 -0 0)
(669.835 -0 0)
(669.819 -0 0)
(669.799 -0 0)
(669.771 -0 0)
(669.734 -0 0)
(669.683 -0 0)
(669.604 -0 0)
(669.477 -0 0)
(669.301 -0 0)
(669.101 -0 0)
(668.558 -0 0)
(667.016 -0 0)
(666.447 -0 0)
(666.729 -0 0)
(654.909 -0 0)
(659.022 -0 0)
(-341.505 0 0)
(-203.239 0 0)
(-44.1449 0 0)
(29.0512 -0 0)
(134.026 -0 0)
(228.144 -0 0)
(303.159 -0 0)
(366.581 -0 0)
(420.243 -0 0)
(464.948 -0 0)
(501.188 -0 0)
(530.355 -0 0)
(553.481 -0 0)
(571.686 -0 0)
(585.785 -0 0)
(596.588 -0 0)
(604.769 -0 0)
(610.899 -0 0)
(615.445 -0 0)
(618.786 -0 0)
(621.217 -0 0)
(622.971 -0 0)
(624.227 -0 0)
(625.119 -0 0)
(625.747 -0 0)
(626.187 -0 0)
(626.493 -0 0)
(626.704 -0 0)
(626.849 -0 0)
(626.948 -0 0)
(627.016 -0 0)
(627.061 -0 0)
(627.092 -0 0)
(627.112 -0 0)
(627.126 -0 0)
(627.135 -0 0)
(627.141 -0 0)
(627.145 -0 0)
(627.147 -0 0)
(627.149 -0 0)
(627.15 -0 0)
(627.15 -0 0)
(627.151 -0 0)
(627.151 -0 0)
(627.151 -0 0)
(627.151 -0 0)
(627.152 -0 0)
(627.152 -0 0)
(627.152 -0 0)
(627.152 -0 0)
(627.152 -0 0)
(627.152 -0 0)
(627.152 -0 0)
(627.152 -0 0)
(627.152 -0 0)
(627.152 -0 0)
(627.152 -0 0)
(627.152 -0 0)
(627.152 -0 0)
(627.152 -0 0)
(627.152 -0 0)
(627.152 -0 0)
(627.152 -0 0)
(627.152 -0 0)
(627.152 -0 0)
(627.152 -0 0)
(627.152 -0 0)
(627.152 -0 0)
(627.152 -0 0)
(627.152 -0 0)
(627.152 -0 0)
(627.152 -0 0)
(627.151 -0 0)
(627.151 -0 0)
(627.151 -0 0)
(627.15 -0 0)
(627.149 -0 0)
(627.148 -0 0)
(627.146 -0 0)
(627.144 -0 0)
(627.14 -0 0)
(627.135 -0 0)
(627.129 -0 0)
(627.12 -0 0)
(627.109 -0 0)
(627.093 -0 0)
(627.073 -0 0)
(627.046 -0 0)
(627.009 -0 0)
(626.959 -0 0)
(626.883 -0 0)
(626.761 -0 0)
(626.594 -0 0)
(626.423 -0 0)
(625.936 -0 0)
(624.411 -0 0)
(624.013 -0 0)
(624.802 -0 0)
(611.447 -0 0)
(617.523 -0 0)
(-380.953 0 0)
(-263.574 0 0)
(-131.269 0 0)
(-78.5659 0 0)
(17.0042 -0 0)
(103.775 -0 0)
(173.184 -0 0)
(232.797 -0 0)
(283.675 -0 0)
(326.527 -0 0)
(361.081 -0 0)
(388.88 -0 0)
(410.88 -0 0)
(428.1 -0 0)
(441.383 -0 0)
(451.516 -0 0)
(459.159 -0 0)
(464.863 -0 0)
(469.075 -0 0)
(472.161 -0 0)
(474.398 -0 0)
(476.008 -0 0)
(477.157 -0 0)
(477.97 -0 0)
(478.543 -0 0)
(478.942 -0 0)
(479.219 -0 0)
(479.411 -0 0)
(479.542 -0 0)
(479.631 -0 0)
(479.692 -0 0)
(479.732 -0 0)
(479.76 -0 0)
(479.778 -0 0)
(479.79 -0 0)
(479.798 -0 0)
(479.804 -0 0)
(479.807 -0 0)
(479.81 -0 0)
(479.811 -0 0)
(479.812 -0 0)
(479.813 -0 0)
(479.813 -0 0)
(479.813 -0 0)
(479.813 -0 0)
(479.813 -0 0)
(479.813 -0 0)
(479.813 -0 0)
(479.814 -0 0)
(479.814 -0 0)
(479.813 -0 0)
(479.814 -0 0)
(479.814 -0 0)
(479.814 -0 0)
(479.814 -0 0)
(479.813 -0 0)
(479.814 -0 0)
(479.814 -0 0)
(479.814 -0 0)
(479.814 -0 0)
(479.814 -0 0)
(479.814 -0 0)
(479.814 -0 0)
(479.814 -0 0)
(479.814 -0 0)
(479.814 -0 0)
(479.814 -0 0)
(479.814 -0 0)
(479.814 -0 0)
(479.814 -0 0)
(479.814 -0 0)
(479.814 -0 0)
(479.813 -0 0)
(479.813 -0 0)
(479.813 -0 0)
(479.812 -0 0)
(479.812 -0 0)
(479.81 -0 0)
(479.809 -0 0)
(479.807 -0 0)
(479.803 -0 0)
(479.799 -0 0)
(479.793 -0 0)
(479.785 -0 0)
(479.774 -0 0)
(479.76 -0 0)
(479.741 -0 0)
(479.715 -0 0)
(479.681 -0 0)
(479.635 -0 0)
(479.567 -0 0)
(479.454 -0 0)
(479.304 -0 0)
(479.179 -0 0)
(478.774 -0 0)
(477.267 -0 0)
(477.026 -0 0)
(478.444 -0 0)
(463.897 -0 0)
(471.337 -0 0)
(-415.635 0 0)
(-330.074 0 0)
(-235.74 0 0)
(-212.964 0 0)
(-134.424 0 0)
(-61.4956 0 0)
(-3.4625 0 0)
(47.8292 -0 0)
(92.6644 -0 0)
(130.477 -0 0)
(161.144 -0 0)
(185.864 -0 0)
(205.413 -0 0)
(220.676 -0 0)
(232.416 -0 0)
(241.344 -0 0)
(248.055 -0 0)
(253.046 -0 0)
(256.721 -0 0)
(259.403 -0 0)
(261.343 -0 0)
(262.735 -0 0)
(263.726 -0 0)
(264.426 -0 0)
(264.917 -0 0)
(265.259 -0 0)
(265.496 -0 0)
(265.659 -0 0)
(265.771 -0 0)
(265.847 -0 0)
(265.899 -0 0)
(265.933 -0 0)
(265.957 -0 0)
(265.972 -0 0)
(265.982 -0 0)
(265.989 -0 0)
(265.994 -0 0)
(265.997 -0 0)
(265.998 -0 0)
(266 -0 0)
(266.001 -0 0)
(266.001 -0 0)
(266.001 -0 0)
(266.002 -0 0)
(266.002 -0 0)
(266.002 -0 0)
(266.002 -0 0)
(266.002 -0 0)
(266.002 -0 0)
(266.002 -0 0)
(266.002 -0 0)
(266.002 -0 0)
(266.002 -0 0)
(266.002 -0 0)
(266.002 -0 0)
(266.002 -0 0)
(266.002 -0 0)
(266.002 -0 0)
(266.002 -0 0)
(266.002 -0 0)
(266.002 -0 0)
(266.002 -0 0)
(266.002 -0 0)
(266.002 -0 0)
(266.002 -0 0)
(266.002 -0 0)
(266.002 -0 0)
(266.002 -0 0)
(266.002 -0 0)
(266.002 -0 0)
(266.002 -0 0)
(266.002 -0 0)
(266.002 -0 0)
(266.002 -0 0)
(266.001 -0 0)
(266.001 -0 0)
(266 -0 0)
(265.999 -0 0)
(265.998 -0 0)
(265.996 -0 0)
(265.993 -0 0)
(265.989 -0 0)
(265.984 -0 0)
(265.977 -0 0)
(265.968 -0 0)
(265.955 -0 0)
(265.938 -0 0)
(265.916 -0 0)
(265.887 -0 0)
(265.848 -0 0)
(265.79 -0 0)
(265.692 -0 0)
(265.565 -0 0)
(265.498 -0 0)
(265.185 -0 0)
(263.707 -0 0)
(263.652 -0 0)
(265.713 -0 0)
(250.069 -0 0)
(257.958 -0 0)
(-443.888 0 0)
(-391.305 0 0)
(-337.739 0 0)
(-349.022 0 0)
(-292.114 0 0)
(-237.096 0 0)
(-194.109 0 0)
(-154.542 0 0)
(-118.555 0 0)
(-87.8417 0 0)
(-62.7929 0 0)
(-42.4717 0 0)
(-26.4051 0 0)
(-13.8706 0 0)
(-4.24973 0 0)
(3.04523 -0 0)
(8.51132 -0 0)
(12.5635 -0 0)
(15.5374 -0 0)
(17.7007 -0 0)
(19.2604 -0 0)
(20.3763 -0 0)
(21.1683 -0 0)
(21.7266 -0 0)
(22.1173 -0 0)
(22.3891 -0 0)
(22.5769 -0 0)
(22.706 -0 0)
(22.7942 -0 0)
(22.8541 -0 0)
(22.8946 -0 0)
(22.9219 -0 0)
(22.9402 -0 0)
(22.9523 -0 0)
(22.9604 -0 0)
(22.9657 -0 0)
(22.9692 -0 0)
(22.9715 -0 0)
(22.973 -0 0)
(22.9739 -0 0)
(22.9745 -0 0)
(22.9749 -0 0)
(22.9752 -0 0)
(22.9753 -0 0)
(22.9754 -0 0)
(22.9755 -0 0)
(22.9755 -0 0)
(22.9755 -0 0)
(22.9755 -0 0)
(22.9755 -0 0)
(22.9755 -0 0)
(22.9755 -0 0)
(22.9755 -0 0)
(22.9755 -0 0)
(22.9755 -0 0)
(22.9755 -0 0)
(22.9755 -0 0)
(22.9755 -0 0)
(22.9755 -0 0)
(22.9756 -0 0)
(22.9756 -0 0)
(22.9756 -0 0)
(22.9756 -0 0)
(22.9756 -0 0)
(22.9757 -0 0)
(22.9757 -0 0)
(22.9757 -0 0)
(22.9757 -0 0)
(22.9758 -0 0)
(22.9758 -0 0)
(22.9758 -0 0)
(22.9757 -0 0)
(22.9757 -0 0)
(22.9755 -0 0)
(22.9753 -0 0)
(22.975 -0 0)
(22.9745 -0 0)
(22.9737 -0 0)
(22.9726 -0 0)
(22.9711 -0 0)
(22.9689 -0 0)
(22.9658 -0 0)
(22.9617 -0 0)
(22.956 -0 0)
(22.9484 -0 0)
(22.9382 -0 0)
(22.9246 -0 0)
(22.9067 -0 0)
(22.8835 -0 0)
(22.8533 -0 0)
(22.8082 -0 0)
(22.7279 -0 0)
(22.6299 -0 0)
(22.6272 -0 0)
(22.4106 -0 0)
(20.9756 -0 0)
(21.1458 -0 0)
(23.8132 -0 0)
(7.07059 -0 0)
(14.7606 -0 0)
(-465.118 0 0)
(-440.683 0 0)
(-424.459 0 0)
(-469.149 0 0)
(-435.449 0 0)
(-400.145 0 0)
(-374.252 0 0)
(-348.321 0 0)
(-323.004 0 0)
(-300.847 0 0)
(-282.627 0 0)
(-267.691 0 0)
(-255.865 0 0)
(-246.634 0 0)
(-239.565 0 0)
(-234.221 0 0)
(-230.234 0 0)
(-227.29 0 0)
(-225.139 0 0)
(-223.581 0 0)
(-222.463 0 0)
(-221.666 0 0)
(-221.103 0 0)
(-220.707 0 0)
(-220.431 0 0)
(-220.239 0 0)
(-220.108 0 0)
(-220.017 0 0)
(-219.956 0 0)
(-219.914 0 0)
(-219.886 0 0)
(-219.867 0 0)
(-219.854 0 0)
(-219.846 0 0)
(-219.84 0 0)
(-219.836 0 0)
(-219.834 0 0)
(-219.833 0 0)
(-219.832 0 0)
(-219.831 0 0)
(-219.83 0 0)
(-219.83 0 0)
(-219.83 0 0)
(-219.83 0 0)
(-219.83 0 0)
(-219.83 0 0)
(-219.83 0 0)
(-219.83 0 0)
(-219.83 0 0)
(-219.83 0 0)
(-219.83 0 0)
(-219.83 0 0)
(-219.83 0 0)
(-219.83 0 0)
(-219.83 0 0)
(-219.83 0 0)
(-219.83 0 0)
(-219.83 0 0)
(-219.83 0 0)
(-219.83 0 0)
(-219.83 0 0)
(-219.83 0 0)
(-219.83 0 0)
(-219.83 0 0)
(-219.83 0 0)
(-219.83 0 0)
(-219.83 0 0)
(-219.83 0 0)
(-219.83 0 0)
(-219.83 0 0)
(-219.83 0 0)
(-219.83 0 0)
(-219.83 0 0)
(-219.83 0 0)
(-219.83 0 0)
(-219.83 0 0)
(-219.83 0 0)
(-219.831 0 0)
(-219.832 0 0)
(-219.833 0 0)
(-219.834 0 0)
(-219.836 0 0)
(-219.839 0 0)
(-219.843 0 0)
(-219.849 0 0)
(-219.856 0 0)
(-219.866 0 0)
(-219.879 0 0)
(-219.895 0 0)
(-219.915 0 0)
(-219.946 0 0)
(-220.006 0 0)
(-220.072 0 0)
(-220.007 0 0)
(-220.127 0 0)
(-221.503 0 0)
(-221.07 0 0)
(-217.83 0 0)
(-235.67 0 0)
(-228.445 0 0)
(-479.732 0 0)
(-475.997 0 0)
(-490.065 0 0)
(-564.096 0 0)
(-552.685 0 0)
(-536.945 0 0)
(-528.647 0 0)
(-517.143 0 0)
(-503.453 0 0)
(-490.711 0 0)
(-480.03 0 0)
(-471.168 0 0)
(-464.088 0 0)
(-458.55 0 0)
(-454.326 0 0)
(-451.152 0 0)
(-448.803 0 0)
(-447.083 0 0)
(-445.838 0 0)
(-444.945 0 0)
(-444.31 0 0)
(-443.861 0 0)
(-443.546 0 0)
(-443.327 0 0)
(-443.175 0 0)
(-443.071 0 0)
(-442.999 0 0)
(-442.951 0 0)
(-442.918 0 0)
(-442.896 0 0)
(-442.881 0 0)
(-442.871 0 0)
(-442.864 0 0)
(-442.86 0 0)
(-442.857 0 0)
(-442.855 0 0)
(-442.854 0 0)
(-442.853 0 0)
(-442.852 0 0)
(-442.852 0 0)
(-442.852 0 0)
(-442.852 0 0)
(-442.852 0 0)
(-442.852 0 0)
(-442.852 0 0)
(-442.852 0 0)
(-442.852 0 0)
(-442.852 0 0)
(-442.852 0 0)
(-442.852 0 0)
(-442.852 0 0)
(-442.852 0 0)
(-442.852 0 0)
(-442.852 0 0)
(-442.852 0 0)
(-442.852 0 0)
(-442.852 0 0)
(-442.852 0 0)
(-442.852 0 0)
(-442.852 0 0)
(-442.852 0 0)
(-442.852 0 0)
(-442.851 0 0)
(-442.851 0 0)
(-442.851 0 0)
(-442.851 0 0)
(-442.851 0 0)
(-442.851 0 0)
(-442.851 0 0)
(-442.851 0 0)
(-442.851 0 0)
(-442.851 0 0)
(-442.851 0 0)
(-442.851 0 0)
(-442.851 0 0)
(-442.851 0 0)
(-442.852 0 0)
(-442.852 0 0)
(-442.852 0 0)
(-442.853 0 0)
(-442.854 0 0)
(-442.855 0 0)
(-442.857 0 0)
(-442.859 0 0)
(-442.862 0 0)
(-442.866 0 0)
(-442.872 0 0)
(-442.879 0 0)
(-442.888 0 0)
(-442.897 0 0)
(-442.912 0 0)
(-442.952 0 0)
(-442.983 0 0)
(-442.851 0 0)
(-442.877 0 0)
(-444.177 0 0)
(-443.45 0 0)
(-439.638 0 0)
(-458.496 0 0)
(-451.501 0 0)
(-488.767 0 0)
(-497.962 0 0)
(-534.028 0 0)
(-631.585 0 0)
(-639.636 0 0)
(-641.959 0 0)
(-650.535 0 0)
(-653.368 0 0)
(-651.512 0 0)
(-648.552 0 0)
(-645.791 0 0)
(-643.307 0 0)
(-641.248 0 0)
(-639.622 0 0)
(-638.412 0 0)
(-637.535 0 0)
(-636.916 0 0)
(-636.488 0 0)
(-636.196 0 0)
(-636.001 0 0)
(-635.872 0 0)
(-635.787 0 0)
(-635.732 0 0)
(-635.697 0 0)
(-635.675 0 0)
(-635.661 0 0)
(-635.652 0 0)
(-635.647 0 0)
(-635.644 0 0)
(-635.642 0 0)
(-635.64 0 0)
(-635.64 0 0)
(-635.639 0 0)
(-635.639 0 0)
(-635.639 0 0)
(-635.639 0 0)
(-635.639 0 0)
(-635.639 0 0)
(-635.639 0 0)
(-635.639 0 0)
(-635.639 0 0)
(-635.639 0 0)
(-635.639 0 0)
(-635.639 0 0)
(-635.639 0 0)
(-635.639 0 0)
(-635.639 0 0)
(-635.639 0 0)
(-635.639 0 0)
(-635.639 0 0)
(-635.639 0 0)
(-635.639 0 0)
(-635.639 0 0)
(-635.639 0 0)
(-635.639 0 0)
(-635.639 0 0)
(-635.639 0 0)
(-635.639 0 0)
(-635.639 0 0)
(-635.639 0 0)
(-635.639 0 0)
(-635.639 0 0)
(-635.639 0 0)
(-635.639 0 0)
(-635.639 0 0)
(-635.639 0 0)
(-635.639 0 0)
(-635.639 0 0)
(-635.639 0 0)
(-635.639 0 0)
(-635.639 0 0)
(-635.639 0 0)
(-635.639 0 0)
(-635.638 0 0)
(-635.638 0 0)
(-635.638 0 0)
(-635.638 0 0)
(-635.638 0 0)
(-635.638 0 0)
(-635.638 0 0)
(-635.639 0 0)
(-635.639 0 0)
(-635.639 0 0)
(-635.64 0 0)
(-635.64 0 0)
(-635.641 0 0)
(-635.643 0 0)
(-635.644 0 0)
(-635.645 0 0)
(-635.643 0 0)
(-635.643 0 0)
(-635.661 0 0)
(-635.658 0 0)
(-635.461 0 0)
(-635.396 0 0)
(-636.601 0 0)
(-635.558 0 0)
(-631.126 0 0)
(-650.794 0 0)
(-642.927 0 0)
(-493.509 0 0)
(-508.904 0 0)
(-559.082 0 0)
(-673.832 0 0)
(-697.623 0 0)
(-715.686 0 0)
(-739.559 0 0)
(-755.874 0 0)
(-765.499 0 0)
(-772.2 0 0)
(-777.373 0 0)
(-781.309 0 0)
(-784.339 0 0)
(-786.686 0 0)
(-788.543 0 0)
(-790 0 0)
(-791.141 0 0)
(-792.022 0 0)
(-792.697 0 0)
(-793.209 0 0)
(-793.592 0 0)
(-793.875 0 0)
(-794.083 0 0)
(-794.233 0 0)
(-794.342 0 0)
(-794.419 0 0)
(-794.473 0 0)
(-794.511 0 0)
(-794.538 0 0)
(-794.556 0 0)
(-794.569 0 0)
(-794.577 0 0)
(-794.583 0 0)
(-794.587 0 0)
(-794.59 0 0)
(-794.592 0 0)
(-794.593 0 0)
(-794.593 0 0)
(-794.594 0 0)
(-794.594 0 0)
(-794.595 0 0)
(-794.595 0 0)
(-794.595 0 0)
(-794.595 0 0)
(-794.595 0 0)
(-794.595 0 0)
(-794.595 0 0)
(-794.595 0 0)
(-794.595 0 0)
(-794.595 0 0)
(-794.595 0 0)
(-794.595 0 0)
(-794.595 0 0)
(-794.595 0 0)
(-794.595 0 0)
(-794.595 0 0)
(-794.595 0 0)
(-794.595 0 0)
(-794.595 0 0)
(-794.595 0 0)
(-794.595 0 0)
(-794.595 0 0)
(-794.595 0 0)
(-794.595 0 0)
(-794.595 0 0)
(-794.595 0 0)
(-794.595 0 0)
(-794.595 0 0)
(-794.595 0 0)
(-794.595 0 0)
(-794.595 0 0)
(-794.595 0 0)
(-794.595 0 0)
(-794.594 0 0)
(-794.594 0 0)
(-794.594 0 0)
(-794.594 0 0)
(-794.594 0 0)
(-794.593 0 0)
(-794.593 0 0)
(-794.592 0 0)
(-794.591 0 0)
(-794.59 0 0)
(-794.589 0 0)
(-794.587 0 0)
(-794.585 0 0)
(-794.582 0 0)
(-794.578 0 0)
(-794.57 0 0)
(-794.558 0 0)
(-794.543 0 0)
(-794.54 0 0)
(-794.504 0 0)
(-794.247 0 0)
(-794.096 0 0)
(-795.185 0 0)
(-793.813 0 0)
(-788.691 0 0)
(-808.798 0 0)
(-797.163 0 0)
(-495.221 0 0)
(-511.719 0 0)
(-569.445 0 0)
(-695.482 0 0)
(-731.124 0 0)
(-762.114 0 0)
(-799.194 0 0)
(-827.679 0 0)
(-848.002 0 0)
(-863.886 0 0)
(-876.71 0 0)
(-886.885 0 0)
(-894.884 0 0)
(-901.128 0 0)
(-905.997 0 0)
(-909.75 0 0)
(-912.62 0 0)
(-914.789 0 0)
(-916.414 0 0)
(-917.62 0 0)
(-918.504 0 0)
(-919.148 0 0)
(-919.613 0 0)
(-919.945 0 0)
(-920.181 0 0)
(-920.347 0 0)
(-920.463 0 0)
(-920.544 0 0)
(-920.599 0 0)
(-920.637 0 0)
(-920.663 0 0)
(-920.681 0 0)
(-920.693 0 0)
(-920.701 0 0)
(-920.706 0 0)
(-920.71 0 0)
(-920.712 0 0)
(-920.714 0 0)
(-920.715 0 0)
(-920.715 0 0)
(-920.716 0 0)
(-920.716 0 0)
(-920.716 0 0)
(-920.716 0 0)
(-920.717 0 0)
(-920.717 0 0)
(-920.717 0 0)
(-920.717 0 0)
(-920.717 0 0)
(-920.717 0 0)
(-920.717 0 0)
(-920.717 0 0)
(-920.717 0 0)
(-920.717 0 0)
(-920.717 0 0)
(-920.717 0 0)
(-920.717 0 0)
(-920.717 0 0)
(-920.717 0 0)
(-920.717 0 0)
(-920.717 0 0)
(-920.717 0 0)
(-920.717 0 0)
(-920.717 0 0)
(-920.717 0 0)
(-920.717 0 0)
(-920.717 0 0)
(-920.716 0 0)
(-920.716 0 0)
(-920.716 0 0)
(-920.716 0 0)
(-920.716 0 0)
(-920.716 0 0)
(-920.716 0 0)
(-920.716 0 0)
(-920.715 0 0)
(-920.715 0 0)
(-920.714 0 0)
(-920.714 0 0)
(-920.713 0 0)
(-920.711 0 0)
(-920.709 0 0)
(-920.707 0 0)
(-920.704 0 0)
(-920.7 0 0)
(-920.694 0 0)
(-920.687 0 0)
(-920.677 0 0)
(-920.662 0 0)
(-920.64 0 0)
(-920.61 0 0)
(-920.588 0 0)
(-920.521 0 0)
(-920.209 0 0)
(-919.978 0 0)
(-920.937 0 0)
(-919.225 0 0)
(-913.332 0 0)
(-933.499 0 0)
(-914.76 0 0)
(-494.992 0 0)
(-509.213 0 0)
(-569.592 0 0)
(-702.01 0 0)
(-745.888 0 0)
(-786.945 0 0)
(-835.005 0 0)
(-874.063 0 0)
(-903.987 0 0)
(-928.286 0 0)
(-948.228 0 0)
(-964.256 0 0)
(-976.945 0 0)
(-986.885 0 0)
(-994.612 0 0)
(-1000.55 0 0)
(-1005.06 0 0)
(-1008.46 0 0)
(-1010.98 0 0)
(-1012.85 0 0)
(-1014.21 0 0)
(-1015.19 0 0)
(-1015.9 0 0)
(-1016.41 0 0)
(-1016.76 0 0)
(-1017.01 0 0)
(-1017.19 0 0)
(-1017.31 0 0)
(-1017.39 0 0)
(-1017.45 0 0)
(-1017.49 0 0)
(-1017.51 0 0)
(-1017.53 0 0)
(-1017.54 0 0)
(-1017.55 0 0)
(-1017.56 0 0)
(-1017.56 0 0)
(-1017.56 0 0)
(-1017.56 0 0)
(-1017.56 0 0)
(-1017.57 0 0)
(-1017.57 0 0)
(-1017.57 0 0)
(-1017.57 0 0)
(-1017.57 0 0)
(-1017.57 0 0)
(-1017.57 0 0)
(-1017.57 0 0)
(-1017.57 0 0)
(-1017.57 0 0)
(-1017.57 0 0)
(-1017.57 0 0)
(-1017.57 0 0)
(-1017.57 0 0)
(-1017.57 0 0)
(-1017.57 0 0)
(-1017.57 0 0)
(-1017.57 0 0)
(-1017.57 0 0)
(-1017.57 0 0)
(-1017.57 0 0)
(-1017.57 0 0)
(-1017.57 0 0)
(-1017.57 0 0)
(-1017.57 0 0)
(-1017.57 0 0)
(-1017.57 0 0)
(-1017.57 0 0)
(-1017.57 0 0)
(-1017.57 0 0)
(-1017.57 0 0)
(-1017.57 0 0)
(-1017.57 0 0)
(-1017.57 0 0)
(-1017.57 0 0)
(-1017.56 0 0)
(-1017.56 0 0)
(-1017.56 0 0)
(-1017.56 0 0)
(-1017.56 0 0)
(-1017.56 0 0)
(-1017.56 0 0)
(-1017.55 0 0)
(-1017.55 0 0)
(-1017.54 0 0)
(-1017.53 0 0)
(-1017.52 0 0)
(-1017.51 0 0)
(-1017.48 0 0)
(-1017.45 0 0)
(-1017.41 0 0)
(-1017.37 0 0)
(-1017.28 0 0)
(-1016.91 0 0)
(-1016.61 0 0)
(-1017.44 0 0)
(-1015.39 0 0)
(-1008.65 0 0)
(-1028.68 0 0)
(-1001.97 0 0)
(-493.672 0 0)
(-503.742 0 0)
(-563.545 0 0)
(-698.667 0 0)
(-747.714 0 0)
(-796.206 0 0)
(-853.026 0 0)
(-900.953 0 0)
(-939.195 0 0)
(-970.94 0 0)
(-997.27 0 0)
(-1018.6 0 0)
(-1035.56 0 0)
(-1048.88 0 0)
(-1059.22 0 0)
(-1067.16 0 0)
(-1073.18 0 0)
(-1077.7 0 0)
(-1081.06 0 0)
(-1083.53 0 0)
(-1085.33 0 0)
(-1086.63 0 0)
(-1087.56 0 0)
(-1088.22 0 0)
(-1088.69 0 0)
(-1089.02 0 0)
(-1089.24 0 0)
(-1089.4 0 0)
(-1089.51 0 0)
(-1089.58 0 0)
(-1089.63 0 0)
(-1089.67 0 0)
(-1089.69 0 0)
(-1089.71 0 0)
(-1089.72 0 0)
(-1089.72 0 0)
(-1089.73 0 0)
(-1089.73 0 0)
(-1089.73 0 0)
(-1089.73 0 0)
(-1089.73 0 0)
(-1089.73 0 0)
(-1089.73 0 0)
(-1089.74 0 0)
(-1089.74 0 0)
(-1089.74 0 0)
(-1089.74 0 0)
(-1089.74 0 0)
(-1089.74 0 0)
(-1089.74 0 0)
(-1089.74 0 0)
(-1089.74 0 0)
(-1089.74 0 0)
(-1089.74 0 0)
(-1089.74 0 0)
(-1089.74 0 0)
(-1089.74 0 0)
(-1089.74 0 0)
(-1089.74 0 0)
(-1089.74 0 0)
(-1089.74 0 0)
(-1089.74 0 0)
(-1089.74 0 0)
(-1089.74 0 0)
(-1089.74 0 0)
(-1089.74 0 0)
(-1089.74 0 0)
(-1089.74 0 0)
(-1089.74 0 0)
(-1089.74 0 0)
(-1089.73 0 0)
(-1089.73 0 0)
(-1089.73 0 0)
(-1089.73 0 0)
(-1089.73 0 0)
(-1089.73 0 0)
(-1089.73 0 0)
(-1089.73 0 0)
(-1089.73 0 0)
(-1089.73 0 0)
(-1089.73 0 0)
(-1089.72 0 0)
(-1089.72 0 0)
(-1089.71 0 0)
(-1089.7 0 0)
(-1089.69 0 0)
(-1089.68 0 0)
(-1089.66 0 0)
(-1089.63 0 0)
(-1089.59 0 0)
(-1089.53 0 0)
(-1089.48 0 0)
(-1089.36 0 0)
(-1088.96 0 0)
(-1088.59 0 0)
(-1089.29 0 0)
(-1086.91 0 0)
(-1079.34 0 0)
(-1099.18 0 0)
(-1065.22 0 0)
(-491.885 0 0)
(-497.115 0 0)
(-554.543 0 0)
(-689.926 0 0)
(-741.793 0 0)
(-795.48 0 0)
(-859.035 0 0)
(-914.135 0 0)
(-959.318 0 0)
(-997.4 0 0)
(-1029.24 0 0)
(-1055.18 0 0)
(-1075.88 0 0)
(-1092.16 0 0)
(-1104.81 0 0)
(-1114.52 0 0)
(-1121.87 0 0)
(-1127.38 0 0)
(-1131.47 0 0)
(-1134.47 0 0)
(-1136.65 0 0)
(-1138.23 0 0)
(-1139.36 0 0)
(-1140.16 0 0)
(-1140.72 0 0)
(-1141.12 0 0)
(-1141.39 0 0)
(-1141.58 0 0)
(-1141.71 0 0)
(-1141.8 0 0)
(-1141.86 0 0)
(-1141.9 0 0)
(-1141.93 0 0)
(-1141.95 0 0)
(-1141.96 0 0)
(-1141.97 0 0)
(-1141.98 0 0)
(-1141.98 0 0)
(-1141.98 0 0)
(-1141.98 0 0)
(-1141.98 0 0)
(-1141.98 0 0)
(-1141.99 0 0)
(-1141.99 0 0)
(-1141.99 0 0)
(-1141.99 0 0)
(-1141.99 0 0)
(-1141.99 0 0)
(-1141.99 0 0)
(-1141.99 0 0)
(-1141.99 0 0)
(-1141.99 0 0)
(-1141.99 0 0)
(-1141.99 0 0)
(-1141.99 0 0)
(-1141.99 0 0)
(-1141.99 0 0)
(-1141.99 0 0)
(-1141.99 0 0)
(-1141.99 0 0)
(-1141.99 0 0)
(-1141.99 0 0)
(-1141.99 0 0)
(-1141.99 0 0)
(-1141.99 0 0)
(-1141.99 0 0)
(-1141.99 0 0)
(-1141.99 0 0)
(-1141.99 0 0)
(-1141.99 0 0)
(-1141.99 0 0)
(-1141.99 0 0)
(-1141.99 0 0)
(-1141.98 0 0)
(-1141.98 0 0)
(-1141.98 0 0)
(-1141.98 0 0)
(-1141.98 0 0)
(-1141.98 0 0)
(-1141.98 0 0)
(-1141.97 0 0)
(-1141.97 0 0)
(-1141.96 0 0)
(-1141.96 0 0)
(-1141.95 0 0)
(-1141.93 0 0)
(-1141.91 0 0)
(-1141.89 0 0)
(-1141.86 0 0)
(-1141.81 0 0)
(-1141.75 0 0)
(-1141.68 0 0)
(-1141.54 0 0)
(-1141.1 0 0)
(-1140.67 0 0)
(-1141.26 0 0)
(-1138.58 0 0)
(-1130.24 0 0)
(-1149.93 0 0)
(-1110.15 0 0)
(-490.058 0 0)
(-490.622 0 0)
(-545.008 0 0)
(-679.292 0 0)
(-732.382 0 0)
(-789.485 0 0)
(-857.993 0 0)
(-918.643 0 0)
(-969.356 0 0)
(-1012.58 0 0)
(-1048.94 0 0)
(-1078.69 0 0)
(-1102.5 0 0)
(-1121.26 0 0)
(-1135.84 0 0)
(-1147.02 0 0)
(-1155.48 0 0)
(-1161.82 0 0)
(-1166.52 0 0)
(-1169.97 0 0)
(-1172.48 0 0)
(-1174.29 0 0)
(-1175.58 0 0)
(-1176.5 0 0)
(-1177.14 0 0)
(-1177.59 0 0)
(-1177.91 0 0)
(-1178.13 0 0)
(-1178.27 0 0)
(-1178.38 0 0)
(-1178.45 0 0)
(-1178.49 0 0)
(-1178.52 0 0)
(-1178.54 0 0)
(-1178.56 0 0)
(-1178.57 0 0)
(-1178.57 0 0)
(-1178.58 0 0)
(-1178.58 0 0)
(-1178.58 0 0)
(-1178.58 0 0)
(-1178.58 0 0)
(-1178.58 0 0)
(-1178.58 0 0)
(-1178.58 0 0)
(-1178.58 0 0)
(-1178.58 0 0)
(-1178.58 0 0)
(-1178.58 0 0)
(-1178.58 0 0)
(-1178.58 0 0)
(-1178.58 0 0)
(-1178.58 0 0)
(-1178.58 0 0)
(-1178.58 0 0)
(-1178.58 0 0)
(-1178.58 0 0)
(-1178.58 0 0)
(-1178.58 0 0)
(-1178.58 0 0)
(-1178.58 0 0)
(-1178.58 0 0)
(-1178.58 0 0)
(-1178.58 0 0)
(-1178.58 0 0)
(-1178.58 0 0)
(-1178.58 0 0)
(-1178.58 0 0)
(-1178.58 0 0)
(-1178.58 0 0)
(-1178.58 0 0)
(-1178.58 0 0)
(-1178.58 0 0)
(-1178.58 0 0)
(-1178.58 0 0)
(-1178.58 0 0)
(-1178.58 0 0)
(-1178.58 0 0)
(-1178.58 0 0)
(-1178.58 0 0)
(-1178.57 0 0)
(-1178.57 0 0)
(-1178.56 0 0)
(-1178.55 0 0)
(-1178.54 0 0)
(-1178.52 0 0)
(-1178.5 0 0)
(-1178.47 0 0)
(-1178.44 0 0)
(-1178.38 0 0)
(-1178.31 0 0)
(-1178.23 0 0)
(-1178.08 0 0)
(-1177.6 0 0)
(-1177.13 0 0)
(-1177.63 0 0)
(-1174.68 0 0)
(-1165.69 0 0)
(-1185.29 0 0)
(-1141.25 0 0)
(-488.467 0 0)
(-485.12 0 0)
(-536.637 0 0)
(-669.329 0 0)
(-722.71 0 0)
(-781.879 0 0)
(-853.845 0 0)
(-918.527 0 0)
(-973.363 0 0)
(-1020.48 0 0)
(-1060.3 0 0)
(-1092.98 0 0)
(-1119.2 0 0)
(-1139.87 0 0)
(-1155.94 0 0)
(-1168.27 0 0)
(-1177.6 0 0)
(-1184.58 0 0)
(-1189.76 0 0)
(-1193.55 0 0)
(-1196.31 0 0)
(-1198.3 0 0)
(-1199.72 0 0)
(-1200.73 0 0)
(-1201.43 0 0)
(-1201.93 0 0)
(-1202.28 0 0)
(-1202.51 0 0)
(-1202.68 0 0)
(-1202.79 0 0)
(-1202.86 0 0)
(-1202.91 0 0)
(-1202.95 0 0)
(-1202.97 0 0)
(-1202.99 0 0)
(-1203 0 0)
(-1203 0 0)
(-1203.01 0 0)
(-1203.01 0 0)
(-1203.01 0 0)
(-1203.01 0 0)
(-1203.01 0 0)
(-1203.02 0 0)
(-1203.02 0 0)
(-1203.02 0 0)
(-1203.02 0 0)
(-1203.02 0 0)
(-1203.02 0 0)
(-1203.02 0 0)
(-1203.02 0 0)
(-1203.02 0 0)
(-1203.02 0 0)
(-1203.02 0 0)
(-1203.02 0 0)
(-1203.02 0 0)
(-1203.02 0 0)
(-1203.02 0 0)
(-1203.02 0 0)
(-1203.02 0 0)
(-1203.02 0 0)
(-1203.02 0 0)
(-1203.02 0 0)
(-1203.02 0 0)
(-1203.02 0 0)
(-1203.02 0 0)
(-1203.02 0 0)
(-1203.02 0 0)
(-1203.02 0 0)
(-1203.02 0 0)
(-1203.02 0 0)
(-1203.02 0 0)
(-1203.02 0 0)
(-1203.02 0 0)
(-1203.01 0 0)
(-1203.01 0 0)
(-1203.01 0 0)
(-1203.01 0 0)
(-1203.01 0 0)
(-1203.01 0 0)
(-1203.01 0 0)
(-1203 0 0)
(-1203 0 0)
(-1202.99 0 0)
(-1202.98 0 0)
(-1202.97 0 0)
(-1202.95 0 0)
(-1202.93 0 0)
(-1202.9 0 0)
(-1202.85 0 0)
(-1202.8 0 0)
(-1202.72 0 0)
(-1202.63 0 0)
(-1202.46 0 0)
(-1201.97 0 0)
(-1201.46 0 0)
(-1201.88 0 0)
(-1198.73 0 0)
(-1189.23 0 0)
(-1208.79 0 0)
(-1161.89 0 0)
(-487.281 0 0)
(-481.151 0 0)
(-530.538 0 0)
(-661.787 0 0)
(-715.035 0 0)
(-775.34 0 0)
(-849.478 0 0)
(-916.782 0 0)
(-974.355 0 0)
(-1024.08 0 0)
(-1066.25 0 0)
(-1100.92 0 0)
(-1128.77 0 0)
(-1150.75 0 0)
(-1167.85 0 0)
(-1180.95 0 0)
(-1190.88 0 0)
(-1198.3 0 0)
(-1203.8 0 0)
(-1207.84 0 0)
(-1210.77 0 0)
(-1212.88 0 0)
(-1214.38 0 0)
(-1215.45 0 0)
(-1216.2 0 0)
(-1216.73 0 0)
(-1217.1 0 0)
(-1217.35 0 0)
(-1217.52 0 0)
(-1217.64 0 0)
(-1217.72 0 0)
(-1217.77 0 0)
(-1217.81 0 0)
(-1217.83 0 0)
(-1217.85 0 0)
(-1217.86 0 0)
(-1217.87 0 0)
(-1217.87 0 0)
(-1217.88 0 0)
(-1217.88 0 0)
(-1217.88 0 0)
(-1217.88 0 0)
(-1217.88 0 0)
(-1217.88 0 0)
(-1217.88 0 0)
(-1217.88 0 0)
(-1217.88 0 0)
(-1217.88 0 0)
(-1217.88 0 0)
(-1217.88 0 0)
(-1217.88 0 0)
(-1217.88 0 0)
(-1217.88 0 0)
(-1217.88 0 0)
(-1217.88 0 0)
(-1217.88 0 0)
(-1217.88 0 0)
(-1217.88 0 0)
(-1217.88 0 0)
(-1217.88 0 0)
(-1217.88 0 0)
(-1217.88 0 0)
(-1217.88 0 0)
(-1217.88 0 0)
(-1217.88 0 0)
(-1217.88 0 0)
(-1217.88 0 0)
(-1217.88 0 0)
(-1217.88 0 0)
(-1217.88 0 0)
(-1217.88 0 0)
(-1217.88 0 0)
(-1217.88 0 0)
(-1217.88 0 0)
(-1217.88 0 0)
(-1217.88 0 0)
(-1217.88 0 0)
(-1217.88 0 0)
(-1217.87 0 0)
(-1217.87 0 0)
(-1217.87 0 0)
(-1217.86 0 0)
(-1217.85 0 0)
(-1217.84 0 0)
(-1217.83 0 0)
(-1217.81 0 0)
(-1217.79 0 0)
(-1217.75 0 0)
(-1217.71 0 0)
(-1217.65 0 0)
(-1217.57 0 0)
(-1217.48 0 0)
(-1217.3 0 0)
(-1216.79 0 0)
(-1216.26 0 0)
(-1216.63 0 0)
(-1213.34 0 0)
(-1203.49 0 0)
(-1223.05 0 0)
(-1174.43 0 0)
(-486.639 0 0)
(-479.076 0 0)
(-527.355 0 0)
(-657.757 0 0)
(-710.838 0 0)
(-771.642 0 0)
(-846.827 0 0)
(-915.422 0 0)
(-974.357 0 0)
(-1025.4 0 0)
(-1068.74 0 0)
(-1104.42 0 0)
(-1133.1 0 0)
(-1155.75 0 0)
(-1173.36 0 0)
(-1186.86 0 0)
(-1197.08 0 0)
(-1204.73 0 0)
(-1210.4 0 0)
(-1214.55 0 0)
(-1217.57 0 0)
(-1219.74 0 0)
(-1221.29 0 0)
(-1222.39 0 0)
(-1223.17 0 0)
(-1223.71 0 0)
(-1224.08 0 0)
(-1224.34 0 0)
(-1224.52 0 0)
(-1224.64 0 0)
(-1224.73 0 0)
(-1224.78 0 0)
(-1224.82 0 0)
(-1224.84 0 0)
(-1224.86 0 0)
(-1224.87 0 0)
(-1224.88 0 0)
(-1224.88 0 0)
(-1224.89 0 0)
(-1224.89 0 0)
(-1224.89 0 0)
(-1224.89 0 0)
(-1224.89 0 0)
(-1224.89 0 0)
(-1224.89 0 0)
(-1224.89 0 0)
(-1224.89 0 0)
(-1224.89 0 0)
(-1224.89 0 0)
(-1224.89 0 0)
(-1224.89 0 0)
(-1224.89 0 0)
(-1224.89 0 0)
(-1224.89 0 0)
(-1224.89 0 0)
(-1224.89 0 0)
(-1224.89 0 0)
(-1224.89 0 0)
(-1224.89 0 0)
(-1224.89 0 0)
(-1224.89 0 0)
(-1224.89 0 0)
(-1224.89 0 0)
(-1224.89 0 0)
(-1224.89 0 0)
(-1224.89 0 0)
(-1224.89 0 0)
(-1224.89 0 0)
(-1224.89 0 0)
(-1224.89 0 0)
(-1224.89 0 0)
(-1224.89 0 0)
(-1224.89 0 0)
(-1224.89 0 0)
(-1224.89 0 0)
(-1224.89 0 0)
(-1224.89 0 0)
(-1224.89 0 0)
(-1224.89 0 0)
(-1224.88 0 0)
(-1224.88 0 0)
(-1224.87 0 0)
(-1224.86 0 0)
(-1224.85 0 0)
(-1224.84 0 0)
(-1224.82 0 0)
(-1224.79 0 0)
(-1224.76 0 0)
(-1224.72 0 0)
(-1224.65 0 0)
(-1224.57 0 0)
(-1224.48 0 0)
(-1224.29 0 0)
(-1223.78 0 0)
(-1223.23 0 0)
(-1223.58 0 0)
(-1220.21 0 0)
(-1210.19 0 0)
(-1229.76 0 0)
(-1180.34 0 0)
(-486.639 0 0)
(-479.076 0 0)
(-527.355 0 0)
(-657.758 0 0)
(-710.838 0 0)
(-771.643 0 0)
(-846.829 0 0)
(-915.423 0 0)
(-974.358 0 0)
(-1025.4 0 0)
(-1068.74 0 0)
(-1104.42 0 0)
(-1133.1 0 0)
(-1155.75 0 0)
(-1173.36 0 0)
(-1186.86 0 0)
(-1197.08 0 0)
(-1204.73 0 0)
(-1210.4 0 0)
(-1214.55 0 0)
(-1217.57 0 0)
(-1219.74 0 0)
(-1221.29 0 0)
(-1222.39 0 0)
(-1223.17 0 0)
(-1223.71 0 0)
(-1224.08 0 0)
(-1224.34 0 0)
(-1224.52 0 0)
(-1224.64 0 0)
(-1224.73 0 0)
(-1224.78 0 0)
(-1224.82 0 0)
(-1224.84 0 0)
(-1224.86 0 0)
(-1224.87 0 0)
(-1224.88 0 0)
(-1224.88 0 0)
(-1224.89 0 0)
(-1224.89 0 0)
(-1224.89 0 0)
(-1224.89 0 0)
(-1224.89 0 0)
(-1224.89 0 0)
(-1224.89 0 0)
(-1224.89 0 0)
(-1224.89 0 0)
(-1224.89 0 0)
(-1224.89 0 0)
(-1224.89 0 0)
(-1224.89 0 0)
(-1224.89 0 0)
(-1224.89 0 0)
(-1224.89 0 0)
(-1224.89 0 0)
(-1224.89 0 0)
(-1224.89 0 0)
(-1224.89 0 0)
(-1224.89 0 0)
(-1224.89 0 0)
(-1224.89 0 0)
(-1224.89 0 0)
(-1224.89 0 0)
(-1224.89 0 0)
(-1224.89 0 0)
(-1224.89 0 0)
(-1224.89 0 0)
(-1224.89 0 0)
(-1224.89 0 0)
(-1224.89 0 0)
(-1224.89 0 0)
(-1224.89 0 0)
(-1224.89 0 0)
(-1224.89 0 0)
(-1224.89 0 0)
(-1224.89 0 0)
(-1224.89 0 0)
(-1224.89 0 0)
(-1224.89 0 0)
(-1224.88 0 0)
(-1224.88 0 0)
(-1224.87 0 0)
(-1224.86 0 0)
(-1224.85 0 0)
(-1224.84 0 0)
(-1224.82 0 0)
(-1224.79 0 0)
(-1224.76 0 0)
(-1224.72 0 0)
(-1224.65 0 0)
(-1224.57 0 0)
(-1224.48 0 0)
(-1224.29 0 0)
(-1223.78 0 0)
(-1223.23 0 0)
(-1223.58 0 0)
(-1220.21 0 0)
(-1210.19 0 0)
(-1229.76 0 0)
(-1180.34 0 0)
(-487.281 0 0)
(-481.151 0 0)
(-530.538 0 0)
(-661.787 0 0)
(-715.037 0 0)
(-775.343 0 0)
(-849.482 0 0)
(-916.786 0 0)
(-974.357 0 0)
(-1024.09 0 0)
(-1066.25 0 0)
(-1100.92 0 0)
(-1128.77 0 0)
(-1150.76 0 0)
(-1167.85 0 0)
(-1180.95 0 0)
(-1190.88 0 0)
(-1198.3 0 0)
(-1203.8 0 0)
(-1207.84 0 0)
(-1210.76 0 0)
(-1212.88 0 0)
(-1214.38 0 0)
(-1215.45 0 0)
(-1216.2 0 0)
(-1216.73 0 0)
(-1217.1 0 0)
(-1217.35 0 0)
(-1217.52 0 0)
(-1217.64 0 0)
(-1217.72 0 0)
(-1217.77 0 0)
(-1217.81 0 0)
(-1217.84 0 0)
(-1217.85 0 0)
(-1217.86 0 0)
(-1217.87 0 0)
(-1217.87 0 0)
(-1217.88 0 0)
(-1217.88 0 0)
(-1217.88 0 0)
(-1217.88 0 0)
(-1217.88 0 0)
(-1217.88 0 0)
(-1217.88 0 0)
(-1217.88 0 0)
(-1217.88 0 0)
(-1217.88 0 0)
(-1217.88 0 0)
(-1217.88 0 0)
(-1217.88 0 0)
(-1217.88 0 0)
(-1217.88 0 0)
(-1217.88 0 0)
(-1217.88 0 0)
(-1217.88 0 0)
(-1217.88 0 0)
(-1217.88 0 0)
(-1217.88 0 0)
(-1217.88 0 0)
(-1217.88 0 0)
(-1217.88 0 0)
(-1217.88 0 0)
(-1217.88 0 0)
(-1217.88 0 0)
(-1217.88 0 0)
(-1217.88 0 0)
(-1217.88 0 0)
(-1217.88 0 0)
(-1217.88 0 0)
(-1217.88 0 0)
(-1217.88 0 0)
(-1217.88 0 0)
(-1217.88 0 0)
(-1217.88 0 0)
(-1217.88 0 0)
(-1217.88 0 0)
(-1217.88 0 0)
(-1217.87 0 0)
(-1217.87 0 0)
(-1217.87 0 0)
(-1217.86 0 0)
(-1217.85 0 0)
(-1217.84 0 0)
(-1217.83 0 0)
(-1217.81 0 0)
(-1217.79 0 0)
(-1217.75 0 0)
(-1217.71 0 0)
(-1217.65 0 0)
(-1217.57 0 0)
(-1217.48 0 0)
(-1217.3 0 0)
(-1216.79 0 0)
(-1216.26 0 0)
(-1216.63 0 0)
(-1213.34 0 0)
(-1203.49 0 0)
(-1223.05 0 0)
(-1174.43 0 0)
(-488.467 0 0)
(-485.121 0 0)
(-536.637 0 0)
(-669.33 0 0)
(-722.712 0 0)
(-781.885 0 0)
(-853.853 0 0)
(-918.534 0 0)
(-973.368 0 0)
(-1020.48 0 0)
(-1060.3 0 0)
(-1092.99 0 0)
(-1119.2 0 0)
(-1139.87 0 0)
(-1155.94 0 0)
(-1168.27 0 0)
(-1177.6 0 0)
(-1184.58 0 0)
(-1189.76 0 0)
(-1193.55 0 0)
(-1196.31 0 0)
(-1198.3 0 0)
(-1199.72 0 0)
(-1200.72 0 0)
(-1201.43 0 0)
(-1201.93 0 0)
(-1202.27 0 0)
(-1202.51 0 0)
(-1202.68 0 0)
(-1202.79 0 0)
(-1202.86 0 0)
(-1202.91 0 0)
(-1202.95 0 0)
(-1202.97 0 0)
(-1202.99 0 0)
(-1203 0 0)
(-1203 0 0)
(-1203.01 0 0)
(-1203.01 0 0)
(-1203.01 0 0)
(-1203.01 0 0)
(-1203.01 0 0)
(-1203.02 0 0)
(-1203.02 0 0)
(-1203.02 0 0)
(-1203.02 0 0)
(-1203.02 0 0)
(-1203.02 0 0)
(-1203.02 0 0)
(-1203.02 0 0)
(-1203.02 0 0)
(-1203.02 0 0)
(-1203.02 0 0)
(-1203.02 0 0)
(-1203.02 0 0)
(-1203.02 0 0)
(-1203.02 0 0)
(-1203.02 0 0)
(-1203.02 0 0)
(-1203.02 0 0)
(-1203.02 0 0)
(-1203.02 0 0)
(-1203.02 0 0)
(-1203.02 0 0)
(-1203.02 0 0)
(-1203.02 0 0)
(-1203.02 0 0)
(-1203.02 0 0)
(-1203.02 0 0)
(-1203.02 0 0)
(-1203.02 0 0)
(-1203.02 0 0)
(-1203.02 0 0)
(-1203.02 0 0)
(-1203.01 0 0)
(-1203.01 0 0)
(-1203.01 0 0)
(-1203.01 0 0)
(-1203.01 0 0)
(-1203.01 0 0)
(-1203 0 0)
(-1203 0 0)
(-1202.99 0 0)
(-1202.98 0 0)
(-1202.97 0 0)
(-1202.95 0 0)
(-1202.93 0 0)
(-1202.9 0 0)
(-1202.85 0 0)
(-1202.8 0 0)
(-1202.72 0 0)
(-1202.63 0 0)
(-1202.46 0 0)
(-1201.97 0 0)
(-1201.46 0 0)
(-1201.88 0 0)
(-1198.73 0 0)
(-1189.23 0 0)
(-1208.79 0 0)
(-1161.89 0 0)
(-490.059 0 0)
(-490.623 0 0)
(-545.008 0 0)
(-679.293 0 0)
(-732.385 0 0)
(-789.494 0 0)
(-858.005 0 0)
(-918.654 0 0)
(-969.363 0 0)
(-1012.58 0 0)
(-1048.95 0 0)
(-1078.69 0 0)
(-1102.51 0 0)
(-1121.27 0 0)
(-1135.84 0 0)
(-1147.02 0 0)
(-1155.48 0 0)
(-1161.82 0 0)
(-1166.52 0 0)
(-1169.97 0 0)
(-1172.48 0 0)
(-1174.29 0 0)
(-1175.58 0 0)
(-1176.5 0 0)
(-1177.14 0 0)
(-1177.59 0 0)
(-1177.91 0 0)
(-1178.13 0 0)
(-1178.27 0 0)
(-1178.38 0 0)
(-1178.45 0 0)
(-1178.49 0 0)
(-1178.52 0 0)
(-1178.54 0 0)
(-1178.56 0 0)
(-1178.57 0 0)
(-1178.57 0 0)
(-1178.58 0 0)
(-1178.58 0 0)
(-1178.58 0 0)
(-1178.58 0 0)
(-1178.58 0 0)
(-1178.58 0 0)
(-1178.58 0 0)
(-1178.58 0 0)
(-1178.58 0 0)
(-1178.58 0 0)
(-1178.58 0 0)
(-1178.58 0 0)
(-1178.58 0 0)
(-1178.58 0 0)
(-1178.58 0 0)
(-1178.58 0 0)
(-1178.58 0 0)
(-1178.58 0 0)
(-1178.58 0 0)
(-1178.58 0 0)
(-1178.58 0 0)
(-1178.58 0 0)
(-1178.58 0 0)
(-1178.58 0 0)
(-1178.58 0 0)
(-1178.58 0 0)
(-1178.58 0 0)
(-1178.58 0 0)
(-1178.58 0 0)
(-1178.58 0 0)
(-1178.58 0 0)
(-1178.58 0 0)
(-1178.58 0 0)
(-1178.58 0 0)
(-1178.58 0 0)
(-1178.58 0 0)
(-1178.58 0 0)
(-1178.58 0 0)
(-1178.58 0 0)
(-1178.58 0 0)
(-1178.58 0 0)
(-1178.58 0 0)
(-1178.58 0 0)
(-1178.57 0 0)
(-1178.57 0 0)
(-1178.56 0 0)
(-1178.55 0 0)
(-1178.54 0 0)
(-1178.52 0 0)
(-1178.5 0 0)
(-1178.48 0 0)
(-1178.44 0 0)
(-1178.38 0 0)
(-1178.31 0 0)
(-1178.24 0 0)
(-1178.08 0 0)
(-1177.61 0 0)
(-1177.14 0 0)
(-1177.63 0 0)
(-1174.69 0 0)
(-1165.69 0 0)
(-1185.29 0 0)
(-1141.25 0 0)
(-491.886 0 0)
(-497.116 0 0)
(-554.541 0 0)
(-689.928 0 0)
(-741.797 0 0)
(-795.491 0 0)
(-859.051 0 0)
(-914.149 0 0)
(-959.327 0 0)
(-997.406 0 0)
(-1029.24 0 0)
(-1055.18 0 0)
(-1075.88 0 0)
(-1092.17 0 0)
(-1104.82 0 0)
(-1114.52 0 0)
(-1121.87 0 0)
(-1127.38 0 0)
(-1131.47 0 0)
(-1134.47 0 0)
(-1136.65 0 0)
(-1138.23 0 0)
(-1139.36 0 0)
(-1140.16 0 0)
(-1140.72 0 0)
(-1141.12 0 0)
(-1141.39 0 0)
(-1141.58 0 0)
(-1141.71 0 0)
(-1141.8 0 0)
(-1141.86 0 0)
(-1141.9 0 0)
(-1141.93 0 0)
(-1141.95 0 0)
(-1141.96 0 0)
(-1141.97 0 0)
(-1141.98 0 0)
(-1141.98 0 0)
(-1141.98 0 0)
(-1141.98 0 0)
(-1141.98 0 0)
(-1141.99 0 0)
(-1141.99 0 0)
(-1141.99 0 0)
(-1141.99 0 0)
(-1141.99 0 0)
(-1141.99 0 0)
(-1141.99 0 0)
(-1141.99 0 0)
(-1141.99 0 0)
(-1141.99 0 0)
(-1141.99 0 0)
(-1141.99 0 0)
(-1141.99 0 0)
(-1141.99 0 0)
(-1141.99 0 0)
(-1141.99 0 0)
(-1141.99 0 0)
(-1141.99 0 0)
(-1141.99 0 0)
(-1141.99 0 0)
(-1141.99 0 0)
(-1141.99 0 0)
(-1141.99 0 0)
(-1141.99 0 0)
(-1141.99 0 0)
(-1141.99 0 0)
(-1141.99 0 0)
(-1141.99 0 0)
(-1141.99 0 0)
(-1141.99 0 0)
(-1141.99 0 0)
(-1141.99 0 0)
(-1141.99 0 0)
(-1141.99 0 0)
(-1141.98 0 0)
(-1141.98 0 0)
(-1141.98 0 0)
(-1141.98 0 0)
(-1141.98 0 0)
(-1141.98 0 0)
(-1141.97 0 0)
(-1141.97 0 0)
(-1141.96 0 0)
(-1141.95 0 0)
(-1141.93 0 0)
(-1141.92 0 0)
(-1141.89 0 0)
(-1141.86 0 0)
(-1141.81 0 0)
(-1141.75 0 0)
(-1141.68 0 0)
(-1141.54 0 0)
(-1141.1 0 0)
(-1140.67 0 0)
(-1141.26 0 0)
(-1138.58 0 0)
(-1130.24 0 0)
(-1149.93 0 0)
(-1110.15 0 0)
(-493.672 0 0)
(-503.742 0 0)
(-563.543 0 0)
(-698.669 0 0)
(-747.718 0 0)
(-796.22 0 0)
(-853.047 0 0)
(-900.972 0 0)
(-939.206 0 0)
(-970.948 0 0)
(-997.275 0 0)
(-1018.6 0 0)
(-1035.56 0 0)
(-1048.88 0 0)
(-1059.23 0 0)
(-1067.16 0 0)
(-1073.19 0 0)
(-1077.7 0 0)
(-1081.06 0 0)
(-1083.53 0 0)
(-1085.33 0 0)
(-1086.63 0 0)
(-1087.56 0 0)
(-1088.22 0 0)
(-1088.69 0 0)
(-1089.01 0 0)
(-1089.24 0 0)
(-1089.4 0 0)
(-1089.51 0 0)
(-1089.58 0 0)
(-1089.63 0 0)
(-1089.67 0 0)
(-1089.69 0 0)
(-1089.71 0 0)
(-1089.72 0 0)
(-1089.72 0 0)
(-1089.73 0 0)
(-1089.73 0 0)
(-1089.73 0 0)
(-1089.73 0 0)
(-1089.73 0 0)
(-1089.73 0 0)
(-1089.74 0 0)
(-1089.74 0 0)
(-1089.74 0 0)
(-1089.74 0 0)
(-1089.74 0 0)
(-1089.74 0 0)
(-1089.74 0 0)
(-1089.74 0 0)
(-1089.74 0 0)
(-1089.74 0 0)
(-1089.74 0 0)
(-1089.74 0 0)
(-1089.74 0 0)
(-1089.74 0 0)
(-1089.74 0 0)
(-1089.74 0 0)
(-1089.74 0 0)
(-1089.74 0 0)
(-1089.74 0 0)
(-1089.74 0 0)
(-1089.74 0 0)
(-1089.74 0 0)
(-1089.74 0 0)
(-1089.74 0 0)
(-1089.74 0 0)
(-1089.74 0 0)
(-1089.74 0 0)
(-1089.74 0 0)
(-1089.74 0 0)
(-1089.74 0 0)
(-1089.74 0 0)
(-1089.74 0 0)
(-1089.73 0 0)
(-1089.73 0 0)
(-1089.73 0 0)
(-1089.73 0 0)
(-1089.73 0 0)
(-1089.73 0 0)
(-1089.73 0 0)
(-1089.72 0 0)
(-1089.72 0 0)
(-1089.71 0 0)
(-1089.7 0 0)
(-1089.69 0 0)
(-1089.68 0 0)
(-1089.66 0 0)
(-1089.63 0 0)
(-1089.59 0 0)
(-1089.54 0 0)
(-1089.48 0 0)
(-1089.36 0 0)
(-1088.96 0 0)
(-1088.59 0 0)
(-1089.29 0 0)
(-1086.91 0 0)
(-1079.34 0 0)
(-1099.18 0 0)
(-1065.22 0 0)
(-494.992 0 0)
(-509.213 0 0)
(-569.588 0 0)
(-702.013 0 0)
(-745.892 0 0)
(-786.962 0 0)
(-835.031 0 0)
(-874.086 0 0)
(-903.999 0 0)
(-928.296 0 0)
(-948.233 0 0)
(-964.263 0 0)
(-976.949 0 0)
(-986.894 0 0)
(-994.616 0 0)
(-1000.55 0 0)
(-1005.06 0 0)
(-1008.46 0 0)
(-1010.98 0 0)
(-1012.85 0 0)
(-1014.21 0 0)
(-1015.19 0 0)
(-1015.9 0 0)
(-1016.41 0 0)
(-1016.76 0 0)
(-1017.01 0 0)
(-1017.19 0 0)
(-1017.31 0 0)
(-1017.39 0 0)
(-1017.45 0 0)
(-1017.49 0 0)
(-1017.51 0 0)
(-1017.53 0 0)
(-1017.54 0 0)
(-1017.55 0 0)
(-1017.56 0 0)
(-1017.56 0 0)
(-1017.56 0 0)
(-1017.56 0 0)
(-1017.57 0 0)
(-1017.57 0 0)
(-1017.57 0 0)
(-1017.57 0 0)
(-1017.57 0 0)
(-1017.57 0 0)
(-1017.57 0 0)
(-1017.57 0 0)
(-1017.57 0 0)
(-1017.57 0 0)
(-1017.57 0 0)
(-1017.57 0 0)
(-1017.57 0 0)
(-1017.57 0 0)
(-1017.57 0 0)
(-1017.57 0 0)
(-1017.57 0 0)
(-1017.57 0 0)
(-1017.57 0 0)
(-1017.57 0 0)
(-1017.57 0 0)
(-1017.57 0 0)
(-1017.57 0 0)
(-1017.57 0 0)
(-1017.57 0 0)
(-1017.57 0 0)
(-1017.57 0 0)
(-1017.57 0 0)
(-1017.57 0 0)
(-1017.57 0 0)
(-1017.57 0 0)
(-1017.57 0 0)
(-1017.57 0 0)
(-1017.57 0 0)
(-1017.57 0 0)
(-1017.57 0 0)
(-1017.57 0 0)
(-1017.57 0 0)
(-1017.56 0 0)
(-1017.56 0 0)
(-1017.56 0 0)
(-1017.56 0 0)
(-1017.56 0 0)
(-1017.55 0 0)
(-1017.55 0 0)
(-1017.54 0 0)
(-1017.53 0 0)
(-1017.52 0 0)
(-1017.51 0 0)
(-1017.49 0 0)
(-1017.45 0 0)
(-1017.41 0 0)
(-1017.37 0 0)
(-1017.28 0 0)
(-1016.92 0 0)
(-1016.61 0 0)
(-1017.44 0 0)
(-1015.39 0 0)
(-1008.66 0 0)
(-1028.69 0 0)
(-1001.98 0 0)
(-495.221 0 0)
(-511.719 0 0)
(-569.438 0 0)
(-695.484 0 0)
(-731.127 0 0)
(-762.132 0 0)
(-799.225 0 0)
(-827.707 0 0)
(-848.016 0 0)
(-863.898 0 0)
(-876.714 0 0)
(-886.894 0 0)
(-894.888 0 0)
(-901.139 0 0)
(-906.002 0 0)
(-909.754 0 0)
(-912.62 0 0)
(-914.789 0 0)
(-916.413 0 0)
(-917.618 0 0)
(-918.503 0 0)
(-919.147 0 0)
(-919.611 0 0)
(-919.944 0 0)
(-920.18 0 0)
(-920.346 0 0)
(-920.462 0 0)
(-920.543 0 0)
(-920.599 0 0)
(-920.638 0 0)
(-920.664 0 0)
(-920.681 0 0)
(-920.693 0 0)
(-920.701 0 0)
(-920.707 0 0)
(-920.71 0 0)
(-920.713 0 0)
(-920.714 0 0)
(-920.715 0 0)
(-920.716 0 0)
(-920.716 0 0)
(-920.717 0 0)
(-920.717 0 0)
(-920.717 0 0)
(-920.717 0 0)
(-920.717 0 0)
(-920.717 0 0)
(-920.717 0 0)
(-920.717 0 0)
(-920.717 0 0)
(-920.717 0 0)
(-920.717 0 0)
(-920.717 0 0)
(-920.717 0 0)
(-920.717 0 0)
(-920.717 0 0)
(-920.717 0 0)
(-920.717 0 0)
(-920.717 0 0)
(-920.717 0 0)
(-920.717 0 0)
(-920.717 0 0)
(-920.717 0 0)
(-920.717 0 0)
(-920.717 0 0)
(-920.717 0 0)
(-920.717 0 0)
(-920.717 0 0)
(-920.717 0 0)
(-920.717 0 0)
(-920.717 0 0)
(-920.717 0 0)
(-920.717 0 0)
(-920.717 0 0)
(-920.717 0 0)
(-920.717 0 0)
(-920.716 0 0)
(-920.716 0 0)
(-920.715 0 0)
(-920.714 0 0)
(-920.713 0 0)
(-920.712 0 0)
(-920.709 0 0)
(-920.706 0 0)
(-920.702 0 0)
(-920.697 0 0)
(-920.69 0 0)
(-920.68 0 0)
(-920.665 0 0)
(-920.642 0 0)
(-920.613 0 0)
(-920.592 0 0)
(-920.525 0 0)
(-920.213 0 0)
(-919.982 0 0)
(-920.941 0 0)
(-919.229 0 0)
(-913.336 0 0)
(-933.503 0 0)
(-914.763 0 0)
(-493.508 0 0)
(-508.903 0 0)
(-559.073 0 0)
(-673.83 0 0)
(-697.622 0 0)
(-715.701 0 0)
(-739.595 0 0)
(-755.905 0 0)
(-765.51 0 0)
(-772.215 0 0)
(-777.371 0 0)
(-781.319 0 0)
(-784.342 0 0)
(-786.695 0 0)
(-788.547 0 0)
(-790.003 0 0)
(-791.141 0 0)
(-792.021 0 0)
(-792.696 0 0)
(-793.207 0 0)
(-793.589 0 0)
(-793.873 0 0)
(-794.081 0 0)
(-794.232 0 0)
(-794.34 0 0)
(-794.418 0 0)
(-794.473 0 0)
(-794.511 0 0)
(-794.538 0 0)
(-794.556 0 0)
(-794.569 0 0)
(-794.578 0 0)
(-794.584 0 0)
(-794.588 0 0)
(-794.59 0 0)
(-794.592 0 0)
(-794.593 0 0)
(-794.594 0 0)
(-794.595 0 0)
(-794.595 0 0)
(-794.595 0 0)
(-794.595 0 0)
(-794.595 0 0)
(-794.595 0 0)
(-794.595 0 0)
(-794.595 0 0)
(-794.595 0 0)
(-794.595 0 0)
(-794.595 0 0)
(-794.595 0 0)
(-794.595 0 0)
(-794.595 0 0)
(-794.595 0 0)
(-794.595 0 0)
(-794.595 0 0)
(-794.595 0 0)
(-794.595 0 0)
(-794.595 0 0)
(-794.595 0 0)
(-794.595 0 0)
(-794.595 0 0)
(-794.595 0 0)
(-794.595 0 0)
(-794.595 0 0)
(-794.596 0 0)
(-794.596 0 0)
(-794.596 0 0)
(-794.596 0 0)
(-794.596 0 0)
(-794.596 0 0)
(-794.596 0 0)
(-794.596 0 0)
(-794.596 0 0)
(-794.596 0 0)
(-794.596 0 0)
(-794.596 0 0)
(-794.595 0 0)
(-794.595 0 0)
(-794.595 0 0)
(-794.595 0 0)
(-794.594 0 0)
(-794.594 0 0)
(-794.593 0 0)
(-794.591 0 0)
(-794.59 0 0)
(-794.588 0 0)
(-794.585 0 0)
(-794.581 0 0)
(-794.574 0 0)
(-794.561 0 0)
(-794.546 0 0)
(-794.544 0 0)
(-794.508 0 0)
(-794.251 0 0)
(-794.099 0 0)
(-795.189 0 0)
(-793.816 0 0)
(-788.695 0 0)
(-808.802 0 0)
(-797.167 0 0)
(-488.766 0 0)
(-497.959 0 0)
(-534.017 0 0)
(-631.582 0 0)
(-639.627 0 0)
(-641.961 0 0)
(-650.566 0 0)
(-653.401 0 0)
(-651.515 0 0)
(-648.568 0 0)
(-645.775 0 0)
(-643.311 0 0)
(-641.249 0 0)
(-639.629 0 0)
(-638.415 0 0)
(-637.536 0 0)
(-636.915 0 0)
(-636.486 0 0)
(-636.193 0 0)
(-635.998 0 0)
(-635.868 0 0)
(-635.784 0 0)
(-635.73 0 0)
(-635.695 0 0)
(-635.673 0 0)
(-635.66 0 0)
(-635.651 0 0)
(-635.646 0 0)
(-635.643 0 0)
(-635.642 0 0)
(-635.641 0 0)
(-635.64 0 0)
(-635.64 0 0)
(-635.64 0 0)
(-635.64 0 0)
(-635.639 0 0)
(-635.639 0 0)
(-635.639 0 0)
(-635.639 0 0)
(-635.639 0 0)
(-635.639 0 0)
(-635.639 0 0)
(-635.639 0 0)
(-635.639 0 0)
(-635.639 0 0)
(-635.639 0 0)
(-635.639 0 0)
(-635.639 0 0)
(-635.639 0 0)
(-635.639 0 0)
(-635.639 0 0)
(-635.639 0 0)
(-635.639 0 0)
(-635.639 0 0)
(-635.639 0 0)
(-635.639 0 0)
(-635.639 0 0)
(-635.639 0 0)
(-635.639 0 0)
(-635.639 0 0)
(-635.639 0 0)
(-635.639 0 0)
(-635.639 0 0)
(-635.639 0 0)
(-635.639 0 0)
(-635.639 0 0)
(-635.639 0 0)
(-635.64 0 0)
(-635.64 0 0)
(-635.64 0 0)
(-635.64 0 0)
(-635.64 0 0)
(-635.64 0 0)
(-635.64 0 0)
(-635.64 0 0)
(-635.64 0 0)
(-635.64 0 0)
(-635.64 0 0)
(-635.64 0 0)
(-635.641 0 0)
(-635.641 0 0)
(-635.641 0 0)
(-635.642 0 0)
(-635.642 0 0)
(-635.643 0 0)
(-635.644 0 0)
(-635.646 0 0)
(-635.647 0 0)
(-635.648 0 0)
(-635.647 0 0)
(-635.647 0 0)
(-635.665 0 0)
(-635.662 0 0)
(-635.465 0 0)
(-635.4 0 0)
(-636.605 0 0)
(-635.563 0 0)
(-631.131 0 0)
(-650.799 0 0)
(-642.931 0 0)
(-479.732 0 0)
(-475.993 0 0)
(-490.053 0 0)
(-564.088 0 0)
(-552.675 0 0)
(-536.911 0 0)
(-528.656 0 0)
(-517.171 0 0)
(-503.434 0 0)
(-490.721 0 0)
(-479.986 0 0)
(-471.164 0 0)
(-464.085 0 0)
(-458.554 0 0)
(-454.326 0 0)
(-451.151 0 0)
(-448.8 0 0)
(-447.08 0 0)
(-445.835 0 0)
(-444.941 0 0)
(-444.306 0 0)
(-443.858 0 0)
(-443.543 0 0)
(-443.325 0 0)
(-443.174 0 0)
(-443.07 0 0)
(-442.999 0 0)
(-442.95 0 0)
(-442.918 0 0)
(-442.896 0 0)
(-442.881 0 0)
(-442.871 0 0)
(-442.865 0 0)
(-442.86 0 0)
(-442.857 0 0)
(-442.856 0 0)
(-442.854 0 0)
(-442.854 0 0)
(-442.853 0 0)
(-442.853 0 0)
(-442.852 0 0)
(-442.852 0 0)
(-442.852 0 0)
(-442.852 0 0)
(-442.852 0 0)
(-442.852 0 0)
(-442.852 0 0)
(-442.852 0 0)
(-442.852 0 0)
(-442.852 0 0)
(-442.852 0 0)
(-442.852 0 0)
(-442.852 0 0)
(-442.852 0 0)
(-442.852 0 0)
(-442.852 0 0)
(-442.852 0 0)
(-442.852 0 0)
(-442.852 0 0)
(-442.852 0 0)
(-442.852 0 0)
(-442.852 0 0)
(-442.852 0 0)
(-442.852 0 0)
(-442.852 0 0)
(-442.852 0 0)
(-442.852 0 0)
(-442.852 0 0)
(-442.852 0 0)
(-442.852 0 0)
(-442.852 0 0)
(-442.852 0 0)
(-442.853 0 0)
(-442.853 0 0)
(-442.853 0 0)
(-442.853 0 0)
(-442.853 0 0)
(-442.854 0 0)
(-442.854 0 0)
(-442.855 0 0)
(-442.856 0 0)
(-442.857 0 0)
(-442.859 0 0)
(-442.862 0 0)
(-442.865 0 0)
(-442.87 0 0)
(-442.875 0 0)
(-442.883 0 0)
(-442.892 0 0)
(-442.901 0 0)
(-442.916 0 0)
(-442.956 0 0)
(-442.987 0 0)
(-442.855 0 0)
(-442.881 0 0)
(-444.181 0 0)
(-443.455 0 0)
(-439.642 0 0)
(-458.501 0 0)
(-451.506 0 0)
(-465.117 0 0)
(-440.677 0 0)
(-424.447 0 0)
(-469.135 0 0)
(-435.438 0 0)
(-400.104 0 0)
(-374.251 0 0)
(-348.341 0 0)
(-322.973 0 0)
(-300.842 0 0)
(-282.527 0 0)
(-267.677 0 0)
(-255.857 0 0)
(-246.634 0 0)
(-239.562 0 0)
(-234.217 0 0)
(-230.229 0 0)
(-227.285 0 0)
(-225.134 0 0)
(-223.576 0 0)
(-222.458 0 0)
(-221.662 0 0)
(-221.099 0 0)
(-220.704 0 0)
(-220.429 0 0)
(-220.238 0 0)
(-220.107 0 0)
(-220.017 0 0)
(-219.955 0 0)
(-219.914 0 0)
(-219.886 0 0)
(-219.867 0 0)
(-219.855 0 0)
(-219.846 0 0)
(-219.841 0 0)
(-219.837 0 0)
(-219.835 0 0)
(-219.833 0 0)
(-219.832 0 0)
(-219.831 0 0)
(-219.831 0 0)
(-219.831 0 0)
(-219.831 0 0)
(-219.83 0 0)
(-219.83 0 0)
(-219.83 0 0)
(-219.83 0 0)
(-219.83 0 0)
(-219.83 0 0)
(-219.83 0 0)
(-219.83 0 0)
(-219.83 0 0)
(-219.83 0 0)
(-219.83 0 0)
(-219.83 0 0)
(-219.83 0 0)
(-219.83 0 0)
(-219.83 0 0)
(-219.83 0 0)
(-219.83 0 0)
(-219.83 0 0)
(-219.83 0 0)
(-219.83 0 0)
(-219.83 0 0)
(-219.83 0 0)
(-219.83 0 0)
(-219.83 0 0)
(-219.83 0 0)
(-219.83 0 0)
(-219.831 0 0)
(-219.831 0 0)
(-219.831 0 0)
(-219.831 0 0)
(-219.831 0 0)
(-219.831 0 0)
(-219.832 0 0)
(-219.832 0 0)
(-219.833 0 0)
(-219.834 0 0)
(-219.835 0 0)
(-219.837 0 0)
(-219.839 0 0)
(-219.842 0 0)
(-219.847 0 0)
(-219.852 0 0)
(-219.86 0 0)
(-219.87 0 0)
(-219.883 0 0)
(-219.899 0 0)
(-219.919 0 0)
(-219.95 0 0)
(-220.011 0 0)
(-220.076 0 0)
(-220.012 0 0)
(-220.132 0 0)
(-221.508 0 0)
(-221.075 0 0)
(-217.835 0 0)
(-235.675 0 0)
(-228.45 0 0)
(-443.888 0 0)
(-391.297 0 0)
(-337.725 0 0)
(-349.003 0 0)
(-292.098 0 0)
(-237.059 0 0)
(-194.064 0 0)
(-154.551 0 0)
(-118.484 0 0)
(-87.8198 0 0)
(-62.6932 0 0)
(-42.4477 0 0)
(-26.3899 0 0)
(-13.8639 0 0)
(-4.24106 0 0)
(3.05419 -0 0)
(8.52014 -0 0)
(12.5717 -0 0)
(15.5453 -0 0)
(17.7075 -0 0)
(19.2663 -0 0)
(20.3811 -0 0)
(21.1722 -0 0)
(21.7295 -0 0)
(22.1195 -0 0)
(22.3906 -0 0)
(22.578 -0 0)
(22.7066 -0 0)
(22.7944 -0 0)
(22.8541 -0 0)
(22.8944 -0 0)
(22.9215 -0 0)
(22.9397 -0 0)
(22.9517 -0 0)
(22.9597 -0 0)
(22.965 -0 0)
(22.9685 -0 0)
(22.9708 -0 0)
(22.9723 -0 0)
(22.9733 -0 0)
(22.974 -0 0)
(22.9744 -0 0)
(22.9747 -0 0)
(22.9748 -0 0)
(22.975 -0 0)
(22.975 -0 0)
(22.9751 -0 0)
(22.9751 -0 0)
(22.9752 -0 0)
(22.9752 -0 0)
(22.9752 -0 0)
(22.9752 -0 0)
(22.9752 -0 0)
(22.9752 -0 0)
(22.9752 -0 0)
(22.9752 -0 0)
(22.9752 -0 0)
(22.9752 -0 0)
(22.9752 -0 0)
(22.9752 -0 0)
(22.9752 -0 0)
(22.9751 -0 0)
(22.9751 -0 0)
(22.9751 -0 0)
(22.975 -0 0)
(22.975 -0 0)
(22.975 -0 0)
(22.9749 -0 0)
(22.9748 -0 0)
(22.9747 -0 0)
(22.9746 -0 0)
(22.9745 -0 0)
(22.9743 -0 0)
(22.974 -0 0)
(22.9737 -0 0)
(22.9732 -0 0)
(22.9725 -0 0)
(22.9716 -0 0)
(22.9703 -0 0)
(22.9686 -0 0)
(22.9662 -0 0)
(22.963 -0 0)
(22.9586 -0 0)
(22.9528 -0 0)
(22.945 -0 0)
(22.9346 -0 0)
(22.9209 -0 0)
(22.9028 -0 0)
(22.8793 -0 0)
(22.849 -0 0)
(22.8037 -0 0)
(22.7233 -0 0)
(22.6252 -0 0)
(22.6224 -0 0)
(22.4056 -0 0)
(20.9705 -0 0)
(21.1407 -0 0)
(23.808 -0 0)
(7.0653 -0 0)
(14.7553 -0 0)
(-415.637 0 0)
(-330.065 0 0)
(-235.724 0 0)
(-212.94 0 0)
(-134.4 0 0)
(-61.4419 0 0)
(-3.30701 0 0)
(47.8369 -0 0)
(92.8237 -0 0)
(130.517 -0 0)
(161.23 -0 0)
(185.898 -0 0)
(205.44 -0 0)
(220.693 -0 0)
(232.435 -0 0)
(241.361 -0 0)
(248.07 -0 0)
(253.059 -0 0)
(256.733 -0 0)
(259.413 -0 0)
(261.351 -0 0)
(262.741 -0 0)
(263.73 -0 0)
(264.429 -0 0)
(264.919 -0 0)
(265.261 -0 0)
(265.497 -0 0)
(265.66 -0 0)
(265.771 -0 0)
(265.847 -0 0)
(265.898 -0 0)
(265.933 -0 0)
(265.956 -0 0)
(265.972 -0 0)
(265.982 -0 0)
(265.989 -0 0)
(265.993 -0 0)
(265.996 -0 0)
(265.998 -0 0)
(265.999 -0 0)
(266 -0 0)
(266 -0 0)
(266.001 -0 0)
(266.001 -0 0)
(266.001 -0 0)
(266.001 -0 0)
(266.001 -0 0)
(266.001 -0 0)
(266.001 -0 0)
(266.002 -0 0)
(266.002 -0 0)
(266.002 -0 0)
(266.002 -0 0)
(266.002 -0 0)
(266.002 -0 0)
(266.002 -0 0)
(266.002 -0 0)
(266.002 -0 0)
(266.002 -0 0)
(266.002 -0 0)
(266.001 -0 0)
(266.001 -0 0)
(266.001 -0 0)
(266.001 -0 0)
(266.001 -0 0)
(266.001 -0 0)
(266.001 -0 0)
(266.001 -0 0)
(266.001 -0 0)
(266.001 -0 0)
(266.001 -0 0)
(266.001 -0 0)
(266 -0 0)
(266 -0 0)
(266 -0 0)
(265.999 -0 0)
(265.998 -0 0)
(265.997 -0 0)
(265.996 -0 0)
(265.993 -0 0)
(265.991 -0 0)
(265.987 -0 0)
(265.981 -0 0)
(265.974 -0 0)
(265.964 -0 0)
(265.952 -0 0)
(265.935 -0 0)
(265.912 -0 0)
(265.883 -0 0)
(265.844 -0 0)
(265.785 -0 0)
(265.687 -0 0)
(265.56 -0 0)
(265.493 -0 0)
(265.18 -0 0)
(263.702 -0 0)
(263.646 -0 0)
(265.708 -0 0)
(250.064 -0 0)
(257.953 -0 0)
(-380.958 0 0)
(-263.562 0 0)
(-131.251 0 0)
(-78.5377 0 0)
(17.0366 -0 0)
(103.826 -0 0)
(173.309 -0 0)
(232.817 -0 0)
(284.027 -0 0)
(326.582 -0 0)
(361.168 -0 0)
(388.927 -0 0)
(410.93 -0 0)
(428.136 -0 0)
(441.418 -0 0)
(451.546 -0 0)
(459.184 -0 0)
(464.883 -0 0)
(469.093 -0 0)
(472.174 -0 0)
(474.409 -0 0)
(476.016 -0 0)
(477.163 -0 0)
(477.975 -0 0)
(478.546 -0 0)
(478.944 -0 0)
(479.221 -0 0)
(479.412 -0 0)
(479.542 -0 0)
(479.631 -0 0)
(479.692 -0 0)
(479.732 -0 0)
(479.76 -0 0)
(479.778 -0 0)
(479.79 -0 0)
(479.798 -0 0)
(479.803 -0 0)
(479.807 -0 0)
(479.809 -0 0)
(479.81 -0 0)
(479.811 -0 0)
(479.812 -0 0)
(479.812 -0 0)
(479.813 -0 0)
(479.813 -0 0)
(479.813 -0 0)
(479.813 -0 0)
(479.813 -0 0)
(479.813 -0 0)
(479.813 -0 0)
(479.813 -0 0)
(479.813 -0 0)
(479.813 -0 0)
(479.813 -0 0)
(479.813 -0 0)
(479.813 -0 0)
(479.813 -0 0)
(479.813 -0 0)
(479.813 -0 0)
(479.813 -0 0)
(479.813 -0 0)
(479.813 -0 0)
(479.813 -0 0)
(479.813 -0 0)
(479.813 -0 0)
(479.813 -0 0)
(479.813 -0 0)
(479.813 -0 0)
(479.813 -0 0)
(479.813 -0 0)
(479.813 -0 0)
(479.812 -0 0)
(479.812 -0 0)
(479.812 -0 0)
(479.811 -0 0)
(479.811 -0 0)
(479.81 -0 0)
(479.808 -0 0)
(479.807 -0 0)
(479.804 -0 0)
(479.801 -0 0)
(479.796 -0 0)
(479.79 -0 0)
(479.782 -0 0)
(479.771 -0 0)
(479.756 -0 0)
(479.737 -0 0)
(479.711 -0 0)
(479.677 -0 0)
(479.631 -0 0)
(479.563 -0 0)
(479.45 -0 0)
(479.299 -0 0)
(479.175 -0 0)
(478.769 -0 0)
(477.262 -0 0)
(477.021 -0 0)
(478.439 -0 0)
(463.891 -0 0)
(471.332 -0 0)
(-341.516 0 0)
(-203.226 0 0)
(-44.1255 0 0)
(29.0822 -0 0)
(134.066 -0 0)
(228.186 -0 0)
(303.344 -0 0)
(366.606 -0 0)
(420.414 -0 0)
(465 -0 0)
(501.255 -0 0)
(530.406 -0 0)
(553.575 -0 0)
(571.758 -0 0)
(585.85 -0 0)
(596.641 -0 0)
(604.813 -0 0)
(610.934 -0 0)
(615.473 -0 0)
(618.807 -0 0)
(621.233 -0 0)
(622.983 -0 0)
(624.235 -0 0)
(625.124 -0 0)
(625.751 -0 0)
(626.19 -0 0)
(626.495 -0 0)
(626.705 -0 0)
(626.85 -0 0)
(626.949 -0 0)
(627.016 -0 0)
(627.061 -0 0)
(627.091 -0 0)
(627.112 -0 0)
(627.125 -0 0)
(627.134 -0 0)
(627.14 -0 0)
(627.144 -0 0)
(627.147 -0 0)
(627.148 -0 0)
(627.149 -0 0)
(627.15 -0 0)
(627.15 -0 0)
(627.151 -0 0)
(627.151 -0 0)
(627.151 -0 0)
(627.151 -0 0)
(627.151 -0 0)
(627.151 -0 0)
(627.151 -0 0)
(627.151 -0 0)
(627.151 -0 0)
(627.151 -0 0)
(627.151 -0 0)
(627.151 -0 0)
(627.151 -0 0)
(627.151 -0 0)
(627.151 -0 0)
(627.151 -0 0)
(627.151 -0 0)
(627.151 -0 0)
(627.151 -0 0)
(627.151 -0 0)
(627.151 -0 0)
(627.151 -0 0)
(627.151 -0 0)
(627.151 -0 0)
(627.151 -0 0)
(627.151 -0 0)
(627.151 -0 0)
(627.151 -0 0)
(627.15 -0 0)
(627.15 -0 0)
(627.15 -0 0)
(627.149 -0 0)
(627.149 -0 0)
(627.148 -0 0)
(627.146 -0 0)
(627.144 -0 0)
(627.141 -0 0)
(627.138 -0 0)
(627.133 -0 0)
(627.126 -0 0)
(627.117 -0 0)
(627.106 -0 0)
(627.09 -0 0)
(627.069 -0 0)
(627.042 -0 0)
(627.005 -0 0)
(626.955 -0 0)
(626.879 -0 0)
(626.756 -0 0)
(626.589 -0 0)
(626.418 -0 0)
(625.932 -0 0)
(624.406 -0 0)
(624.009 -0 0)
(624.797 -0 0)
(611.442 -0 0)
(617.518 -0 0)
(-299.808 0 0)
(-162.513 0 0)
(2.22163 -0 0)
(82.0458 -0 0)
(186.644 -0 0)
(279.399 -0 0)
(352.814 -0 0)
(414.078 -0 0)
(466.107 -0 0)
(509.341 -0 0)
(544.642 -0 0)
(573.161 -0 0)
(595.955 -0 0)
(613.951 -0 0)
(627.983 -0 0)
(638.791 -0 0)
(647.021 -0 0)
(653.219 -0 0)
(657.837 -0 0)
(661.245 -0 0)
(663.735 -0 0)
(665.539 -0 0)
(666.834 -0 0)
(667.757 -0 0)
(668.409 -0 0)
(668.867 -0 0)
(669.186 -0 0)
(669.407 -0 0)
(669.56 -0 0)
(669.664 -0 0)
(669.734 -0 0)
(669.782 -0 0)
(669.815 -0 0)
(669.836 -0 0)
(669.851 -0 0)
(669.86 -0 0)
(669.867 -0 0)
(669.871 -0 0)
(669.873 -0 0)
(669.875 -0 0)
(669.876 -0 0)
(669.877 -0 0)
(669.878 -0 0)
(669.878 -0 0)
(669.878 -0 0)
(669.878 -0 0)
(669.878 -0 0)
(669.878 -0 0)
(669.878 -0 0)
(669.878 -0 0)
(669.879 -0 0)
(669.879 -0 0)
(669.879 -0 0)
(669.879 -0 0)
(669.879 -0 0)
(669.879 -0 0)
(669.879 -0 0)
(669.879 -0 0)
(669.879 -0 0)
(669.878 -0 0)
(669.878 -0 0)
(669.878 -0 0)
(669.878 -0 0)
(669.878 -0 0)
(669.878 -0 0)
(669.878 -0 0)
(669.878 -0 0)
(669.878 -0 0)
(669.878 -0 0)
(669.878 -0 0)
(669.878 -0 0)
(669.878 -0 0)
(669.877 -0 0)
(669.877 -0 0)
(669.876 -0 0)
(669.876 -0 0)
(669.875 -0 0)
(669.873 -0 0)
(669.871 -0 0)
(669.868 -0 0)
(669.865 -0 0)
(669.86 -0 0)
(669.853 -0 0)
(669.844 -0 0)
(669.832 -0 0)
(669.816 -0 0)
(669.796 -0 0)
(669.768 -0 0)
(669.731 -0 0)
(669.679 -0 0)
(669.6 -0 0)
(669.473 -0 0)
(669.297 -0 0)
(669.097 -0 0)
(668.554 -0 0)
(667.012 -0 0)
(666.443 -0 0)
(666.725 -0 0)
(654.905 -0 0)
(659.018 -0 0)
(-255.629 0 0)
(-150.032 0 0)
(-10.2287 0 0)
(61.3039 -0 0)
(155.313 -0 0)
(236.387 -0 0)
(299.325 -0 0)
(352.152 -0 0)
(397.624 -0 0)
(435.799 -0 0)
(467.235 -0 0)
(492.869 -0 0)
(513.563 -0 0)
(530.066 -0 0)
(543.055 -0 0)
(553.149 -0 0)
(560.898 -0 0)
(566.777 -0 0)
(571.19 -0 0)
(574.466 -0 0)
(576.874 -0 0)
(578.628 -0 0)
(579.894 -0 0)
(580.8 -0 0)
(581.444 -0 0)
(581.897 -0 0)
(582.215 -0 0)
(582.435 -0 0)
(582.587 -0 0)
(582.692 -0 0)
(582.763 -0 0)
(582.811 -0 0)
(582.844 -0 0)
(582.866 -0 0)
(582.88 -0 0)
(582.89 -0 0)
(582.896 -0 0)
(582.901 -0 0)
(582.903 -0 0)
(582.905 -0 0)
(582.906 -0 0)
(582.907 -0 0)
(582.908 -0 0)
(582.908 -0 0)
(582.908 -0 0)
(582.908 -0 0)
(582.909 -0 0)
(582.909 -0 0)
(582.909 -0 0)
(582.909 -0 0)
(582.909 -0 0)
(582.909 -0 0)
(582.909 -0 0)
(582.909 -0 0)
(582.909 -0 0)
(582.909 -0 0)
(582.909 -0 0)
(582.909 -0 0)
(582.909 -0 0)
(582.909 -0 0)
(582.909 -0 0)
(582.909 -0 0)
(582.909 -0 0)
(582.909 -0 0)
(582.909 -0 0)
(582.909 -0 0)
(582.908 -0 0)
(582.908 -0 0)
(582.908 -0 0)
(582.908 -0 0)
(582.908 -0 0)
(582.908 -0 0)
(582.908 -0 0)
(582.907 -0 0)
(582.907 -0 0)
(582.906 -0 0)
(582.905 -0 0)
(582.903 -0 0)
(582.902 -0 0)
(582.899 -0 0)
(582.895 -0 0)
(582.89 -0 0)
(582.884 -0 0)
(582.875 -0 0)
(582.864 -0 0)
(582.85 -0 0)
(582.83 -0 0)
(582.805 -0 0)
(582.77 -0 0)
(582.72 -0 0)
(582.643 -0 0)
(582.515 -0 0)
(582.336 -0 0)
(582.129 -0 0)
(581.582 -0 0)
(580.02 -0 0)
(579.149 -0 0)
(579.16 -0 0)
(569.55 -0 0)
(571.957 -0 0)
(-203.217 0 0)
(-157.734 0 0)
(-70.5474 0 0)
(-19.5621 0 0)
(51.877 -0 0)
(109.252 -0 0)
(152.309 -0 0)
(189.597 -0 0)
(222.713 -0 0)
(250.935 -0 0)
(274.435 -0 0)
(293.851 -0 0)
(309.749 -0 0)
(322.597 -0 0)
(332.832 -0 0)
(340.873 -0 0)
(347.107 -0 0)
(351.881 -0 0)
(355.492 -0 0)
(358.194 -0 0)
(360.194 -0 0)
(361.659 -0 0)
(362.723 -0 0)
(363.488 -0 0)
(364.035 -0 0)
(364.421 -0 0)
(364.693 -0 0)
(364.882 -0 0)
(365.014 -0 0)
(365.104 -0 0)
(365.166 -0 0)
(365.208 -0 0)
(365.237 -0 0)
(365.256 -0 0)
(365.269 -0 0)
(365.277 -0 0)
(365.283 -0 0)
(365.287 -0 0)
(365.289 -0 0)
(365.291 -0 0)
(365.292 -0 0)
(365.292 -0 0)
(365.293 -0 0)
(365.293 -0 0)
(365.293 -0 0)
(365.293 -0 0)
(365.293 -0 0)
(365.294 -0 0)
(365.294 -0 0)
(365.294 -0 0)
(365.294 -0 0)
(365.294 -0 0)
(365.294 -0 0)
(365.294 -0 0)
(365.294 -0 0)
(365.294 -0 0)
(365.294 -0 0)
(365.294 -0 0)
(365.294 -0 0)
(365.294 -0 0)
(365.294 -0 0)
(365.294 -0 0)
(365.294 -0 0)
(365.294 -0 0)
(365.293 -0 0)
(365.293 -0 0)
(365.293 -0 0)
(365.293 -0 0)
(365.293 -0 0)
(365.293 -0 0)
(365.293 -0 0)
(365.293 -0 0)
(365.293 -0 0)
(365.292 -0 0)
(365.292 -0 0)
(365.291 -0 0)
(365.29 -0 0)
(365.289 -0 0)
(365.288 -0 0)
(365.285 -0 0)
(365.282 -0 0)
(365.278 -0 0)
(365.273 -0 0)
(365.266 -0 0)
(365.257 -0 0)
(365.246 -0 0)
(365.23 -0 0)
(365.21 -0 0)
(365.182 -0 0)
(365.142 -0 0)
(365.077 -0 0)
(364.963 -0 0)
(364.801 -0 0)
(364.63 -0 0)
(364.198 -0 0)
(362.788 -0 0)
(361.606 -0 0)
(361.578 -0 0)
(355.133 -0 0)
(355.623 -0 0)
(-116.77 0 0)
(-129.011 0 0)
(-99.817 0 0)
(-79.2606 0 0)
(-48.9271 0 0)
(-27.9813 0 0)
(-12.8759 0 0)
(1.28631 -0 0)
(14.3896 -0 0)
(25.6332 -0 0)
(35.0587 -0 0)
(42.9504 -0 0)
(49.507 -0 0)
(54.8723 -0 0)
(59.1917 -0 0)
(62.6161 -0 0)
(65.2931 -0 0)
(67.3579 -0 0)
(68.9307 -0 0)
(70.1144 -0 0)
(70.9954 -0 0)
(71.6442 -0 0)
(72.1174 -0 0)
(72.4593 -0 0)
(72.7042 -0 0)
(72.8782 -0 0)
(73.0009 -0 0)
(73.0867 -0 0)
(73.1463 -0 0)
(73.1875 -0 0)
(73.2157 -0 0)
(73.235 -0 0)
(73.2481 -0 0)
(73.2569 -0 0)
(73.2628 -0 0)
(73.2667 -0 0)
(73.2693 -0 0)
(73.2711 -0 0)
(73.2722 -0 0)
(73.273 -0 0)
(73.2735 -0 0)
(73.2738 -0 0)
(73.274 -0 0)
(73.2741 -0 0)
(73.2742 -0 0)
(73.2743 -0 0)
(73.2743 -0 0)
(73.2743 -0 0)
(73.2743 -0 0)
(73.2743 -0 0)
(73.2744 -0 0)
(73.2744 -0 0)
(73.2744 -0 0)
(73.2744 -0 0)
(73.2744 -0 0)
(73.2744 -0 0)
(73.2744 -0 0)
(73.2744 -0 0)
(73.2744 -0 0)
(73.2743 -0 0)
(73.2743 -0 0)
(73.2743 -0 0)
(73.2743 -0 0)
(73.2743 -0 0)
(73.2743 -0 0)
(73.2743 -0 0)
(73.2743 -0 0)
(73.2743 -0 0)
(73.2742 -0 0)
(73.2742 -0 0)
(73.2741 -0 0)
(73.2741 -0 0)
(73.274 -0 0)
(73.2738 -0 0)
(73.2736 -0 0)
(73.2733 -0 0)
(73.2729 -0 0)
(73.2724 -0 0)
(73.2717 -0 0)
(73.2707 -0 0)
(73.2694 -0 0)
(73.2676 -0 0)
(73.2653 -0 0)
(73.2624 -0 0)
(73.2585 -0 0)
(73.2535 -0 0)
(73.2468 -0 0)
(73.238 -0 0)
(73.226 -0 0)
(73.2092 -0 0)
(73.1812 -0 0)
(73.1274 -0 0)
(73.0453 -0 0)
(72.9778 -0 0)
(72.8386 -0 0)
(72.1691 -0 0)
(71.3658 -0 0)
(71.3566 -0 0)
(68.9562 -0 0)
(68.1577 -0 0)
)
;

boundaryField
{
    inlet
    {
        type            calculated;
        value           nonuniform List<vector> 
40
(
(-116.771 0 0)
(-203.216 0 0)
(-255.62 0 0)
(-299.791 0 0)
(-341.505 0 0)
(-380.953 0 0)
(-415.635 0 0)
(-443.888 0 0)
(-465.118 0 0)
(-479.732 0 0)
(-488.767 0 0)
(-493.509 0 0)
(-495.221 0 0)
(-494.992 0 0)
(-493.672 0 0)
(-491.885 0 0)
(-490.058 0 0)
(-488.467 0 0)
(-487.281 0 0)
(-486.639 0 0)
(-486.639 0 0)
(-487.281 0 0)
(-488.467 0 0)
(-490.059 0 0)
(-491.886 0 0)
(-493.672 0 0)
(-494.992 0 0)
(-495.221 0 0)
(-493.508 0 0)
(-488.766 0 0)
(-479.732 0 0)
(-465.117 0 0)
(-443.888 0 0)
(-415.637 0 0)
(-380.958 0 0)
(-341.516 0 0)
(-299.808 0 0)
(-255.629 0 0)
(-203.217 0 0)
(-116.77 0 0)
)
;
    }
    outlet
    {
        type            calculated;
        value           nonuniform List<vector> 
40
(
(68.1585 -0 0)
(355.626 -0 0)
(571.96 -0 0)
(659.022 -0 0)
(617.523 -0 0)
(471.337 -0 0)
(257.958 -0 0)
(14.7606 -0 0)
(-228.445 0 0)
(-451.501 0 0)
(-642.927 0 0)
(-797.163 0 0)
(-914.76 0 0)
(-1001.97 0 0)
(-1065.22 0 0)
(-1110.15 0 0)
(-1141.25 0 0)
(-1161.89 0 0)
(-1174.43 0 0)
(-1180.34 0 0)
(-1180.34 0 0)
(-1174.43 0 0)
(-1161.89 0 0)
(-1141.25 0 0)
(-1110.15 0 0)
(-1065.22 0 0)
(-1001.98 0 0)
(-914.763 0 0)
(-797.167 0 0)
(-642.931 0 0)
(-451.506 0 0)
(-228.45 0 0)
(14.7553 -0 0)
(257.953 -0 0)
(471.332 -0 0)
(617.518 -0 0)
(659.018 -0 0)
(571.957 -0 0)
(355.623 -0 0)
(68.1577 -0 0)
)
;
    }
    lowerWall
    {
        type            calculated;
        value           nonuniform List<vector> 
100
(
(-116.771 0 0)
(-129.018 0 0)
(-99.8253 0 0)
(-79.2751 0 0)
(-48.9472 0 0)
(-27.9761 0 0)
(-12.8929 0 0)
(1.27715 -0 0)
(14.3765 -0 0)
(25.6207 -0 0)
(35.0422 -0 0)
(42.94 -0 0)
(49.5004 -0 0)
(54.8689 -0 0)
(59.1844 -0 0)
(62.6084 -0 0)
(65.286 -0 0)
(67.3511 -0 0)
(68.925 -0 0)
(70.1093 -0 0)
(70.9911 -0 0)
(71.6407 -0 0)
(72.1143 -0 0)
(72.4568 -0 0)
(72.7023 -0 0)
(72.8767 -0 0)
(72.9997 -0 0)
(73.0857 -0 0)
(73.1456 -0 0)
(73.187 -0 0)
(73.2154 -0 0)
(73.2348 -0 0)
(73.2479 -0 0)
(73.2568 -0 0)
(73.2627 -0 0)
(73.2667 -0 0)
(73.2694 -0 0)
(73.2711 -0 0)
(73.2723 -0 0)
(73.273 -0 0)
(73.2735 -0 0)
(73.2739 -0 0)
(73.2741 -0 0)
(73.2742 -0 0)
(73.2743 -0 0)
(73.2743 -0 0)
(73.2744 -0 0)
(73.2744 -0 0)
(73.2744 -0 0)
(73.2744 -0 0)
(73.2744 -0 0)
(73.2744 -0 0)
(73.2744 -0 0)
(73.2744 -0 0)
(73.2744 -0 0)
(73.2744 -0 0)
(73.2744 -0 0)
(73.2744 -0 0)
(73.2744 -0 0)
(73.2744 -0 0)
(73.2744 -0 0)
(73.2745 -0 0)
(73.2745 -0 0)
(73.2744 -0 0)
(73.2744 -0 0)
(73.2745 -0 0)
(73.2744 -0 0)
(73.2744 -0 0)
(73.2744 -0 0)
(73.2744 -0 0)
(73.2744 -0 0)
(73.2743 -0 0)
(73.2742 -0 0)
(73.2741 -0 0)
(73.2739 -0 0)
(73.2737 -0 0)
(73.2733 -0 0)
(73.2728 -0 0)
(73.2721 -0 0)
(73.2711 -0 0)
(73.2698 -0 0)
(73.2681 -0 0)
(73.2658 -0 0)
(73.2629 -0 0)
(73.259 -0 0)
(73.254 -0 0)
(73.2474 -0 0)
(73.2386 -0 0)
(73.2266 -0 0)
(73.2098 -0 0)
(73.1819 -0 0)
(73.1281 -0 0)
(73.046 -0 0)
(72.9785 -0 0)
(72.8393 -0 0)
(72.1698 -0 0)
(71.3665 -0 0)
(71.3573 -0 0)
(68.9569 -0 0)
(68.1585 -0 0)
)
;
    }
    upperWall
    {
        type            calculated;
        value           nonuniform List<vector> 
100
(
(-116.77 0 0)
(-129.011 0 0)
(-99.817 0 0)
(-79.2606 0 0)
(-48.9271 0 0)
(-27.9813 0 0)
(-12.8759 0 0)
(1.28631 -0 0)
(14.3896 -0 0)
(25.6332 -0 0)
(35.0587 -0 0)
(42.9504 -0 0)
(49.507 -0 0)
(54.8723 -0 0)
(59.1917 -0 0)
(62.6161 -0 0)
(65.2931 -0 0)
(67.3579 -0 0)
(68.9307 -0 0)
(70.1144 -0 0)
(70.9954 -0 0)
(71.6442 -0 0)
(72.1174 -0 0)
(72.4593 -0 0)
(72.7042 -0 0)
(72.8782 -0 0)
(73.0009 -0 0)
(73.0867 -0 0)
(73.1463 -0 0)
(73.1875 -0 0)
(73.2157 -0 0)
(73.235 -0 0)
(73.2481 -0 0)
(73.2569 -0 0)
(73.2628 -0 0)
(73.2667 -0 0)
(73.2693 -0 0)
(73.2711 -0 0)
(73.2722 -0 0)
(73.273 -0 0)
(73.2735 -0 0)
(73.2738 -0 0)
(73.274 -0 0)
(73.2741 -0 0)
(73.2742 -0 0)
(73.2743 -0 0)
(73.2743 -0 0)
(73.2743 -0 0)
(73.2743 -0 0)
(73.2743 -0 0)
(73.2744 -0 0)
(73.2744 -0 0)
(73.2744 -0 0)
(73.2744 -0 0)
(73.2744 -0 0)
(73.2744 -0 0)
(73.2744 -0 0)
(73.2744 -0 0)
(73.2744 -0 0)
(73.2743 -0 0)
(73.2743 -0 0)
(73.2743 -0 0)
(73.2743 -0 0)
(73.2743 -0 0)
(73.2743 -0 0)
(73.2743 -0 0)
(73.2743 -0 0)
(73.2743 -0 0)
(73.2742 -0 0)
(73.2742 -0 0)
(73.2741 -0 0)
(73.2741 -0 0)
(73.274 -0 0)
(73.2738 -0 0)
(73.2736 -0 0)
(73.2733 -0 0)
(73.2729 -0 0)
(73.2724 -0 0)
(73.2717 -0 0)
(73.2707 -0 0)
(73.2694 -0 0)
(73.2676 -0 0)
(73.2653 -0 0)
(73.2624 -0 0)
(73.2585 -0 0)
(73.2535 -0 0)
(73.2468 -0 0)
(73.238 -0 0)
(73.226 -0 0)
(73.2092 -0 0)
(73.1812 -0 0)
(73.1274 -0 0)
(73.0453 -0 0)
(72.9778 -0 0)
(72.8386 -0 0)
(72.1691 -0 0)
(71.3658 -0 0)
(71.3566 -0 0)
(68.9562 -0 0)
(68.1577 -0 0)
)
;
    }
    frontAndBack
    {
        type            empty;
    }
}


// ************************************************************************* //
