/*--------------------------------*- C++ -*----------------------------------*\
| =========                 |                                                 |
| \\      /  F ield         | foam-extend: Open Source CFD                    |
|  \\    /   O peration     | Version:     5.0                                |
|   \\  /    A nd           | Web:         http://www.foam-extend.org         |
|    \\/     M anipulation  |                                                 |
\*---------------------------------------------------------------------------*/
FoamFile
{
    version     2.0;
    format      ascii;
    class       surfaceScalarField;
    location    "0.025";
    object      phi;
}
// * * * * * * * * * * * * * * * * * * * * * * * * * * * * * * * * * * * * * //

dimensions      [0 3 -1 0 0 0 0];

internalField   nonuniform List<scalar> 
7860
(
0.00474489
0.000255105
0.00457347
0.000171421
0.00545859
-0.000885119
0.00649503
-0.00103644
0.00718927
-0.000694236
0.00771535
-0.000526084
0.00819643
-0.000481073
0.00862555
-0.000429124
0.00899012
-0.000364565
0.00929613
-0.00030602
0.00955334
-0.000257206
0.00976789
-0.000214547
0.0099443
-0.000176414
0.0100873
-0.000142969
0.0102019
-0.000114614
0.0102925
-9.06586e-05
0.0103634
-7.08382e-05
0.0104181
-5.46927e-05
0.0104598
-4.17622e-05
0.0104914
-3.15536e-05
0.010515
-2.3599e-05
0.0105325
-1.74828e-05
0.0105453
-1.28382e-05
0.0105547
-9.34741e-06
0.0105614
-6.7514e-06
0.0105662
-4.83852e-06
0.0105697
-3.4435e-06
0.0105721
-2.43412e-06
0.0105738
-1.7094e-06
0.010575
-1.19258e-06
0.0105759
-8.27317e-07
0.0105764
-5.70609e-07
0.0105768
-3.91693e-07
0.0105771
-2.6718e-07
0.0105773
-1.81129e-07
0.0105774
-1.22432e-07
0.0105775
-8.24194e-08
0.0105775
-5.51819e-08
0.0105776
-3.65891e-08
0.0105776
-2.42236e-08
0.0105776
-1.60953e-08
0.0105776
-1.04933e-08
0.0105776
-6.68204e-09
0.0105776
-4.22109e-09
0.0105776
-2.67592e-09
0.0105776
-1.68093e-09
0.0105776
-8.04346e-10
0.0105776
-3.31226e-10
0.0105776
-2.25543e-10
0.0105776
-1.08781e-09
0.0105776
-6.13461e-09
0.0105776
3.37118e-10
0.0105776
6.35716e-09
0.0105776
9.03079e-10
0.0105776
-2.02063e-10
0.0105776
8.22578e-11
0.0105776
2.92986e-10
0.0105776
7.48665e-11
0.0105776
1.1881e-10
0.0105776
7.0663e-11
0.0105776
-3.84887e-10
0.0105776
1.0579e-10
0.0105776
5.78456e-10
0.0105776
1.4088e-10
0.0105776
1.23792e-10
0.0105776
2.08689e-10
0.0105776
4.07482e-10
0.0105776
5.35683e-10
0.0105776
7.73217e-10
0.0105776
1.13142e-09
0.0105776
1.63568e-09
0.0105776
2.40592e-09
0.0105776
3.38518e-09
0.0105776
4.85919e-09
0.0105776
6.90474e-09
0.0105776
9.62019e-09
0.0105776
1.3448e-08
0.0105776
1.85598e-08
0.0105776
2.54816e-08
0.0105775
3.50104e-08
0.0105775
4.78639e-08
0.0105774
6.54464e-08
0.0105773
9.01072e-08
0.0105772
1.2507e-07
0.010577
1.75789e-07
0.0105768
2.51914e-07
0.0105764
3.69565e-07
0.0105758
5.54029e-07
0.010575
8.40685e-07
0.0105737
1.29102e-06
0.0105716
2.07838e-06
0.0105681
3.57038e-06
0.0105623
5.78447e-06
0.0105547
7.56864e-06
0.0105437
1.10089e-05
0.0105151
2.86061e-05
0.0104635
5.15729e-05
0.0104415
2.20224e-05
0.0105792
-0.000137655
-0.000137924
0.00885183
-0.00359672
0.0107035
-0.00168023
0.0129928
-0.00317446
0.0153839
-0.00342749
0.0173011
-0.00261151
0.0188336
-0.00205852
0.0201462
-0.00179368
0.0212819
-0.00156484
0.0222456
-0.00132824
0.0230522
-0.00111269
0.0237227
-0.000927649
0.0242749
-0.000766743
0.0247244
-0.00062592
0.0250857
-0.000504318
0.0253728
-0.000401689
0.0255981
-0.000315946
0.0257728
-0.000245567
0.0259068
-0.00018869
0.0260085
-0.00014343
0.0260848
-0.00010791
0.0261416
-8.03891e-05
0.0261835
-5.9336e-05
0.0262141
-4.34216e-05
0.0262362
-3.15155e-05
0.0262522
-2.26924e-05
0.0262636
-1.62174e-05
0.0262716
-1.15094e-05
0.0262773
-8.11406e-06
0.0262813
-5.68387e-06
0.026284
-3.95657e-06
0.026286
-2.73831e-06
0.0262873
-1.88449e-06
0.0262882
-1.29054e-06
0.0262888
-8.78604e-07
0.0262892
-5.94608e-07
0.0262895
-4.01141e-07
0.0262897
-2.69548e-07
0.0262898
-1.80051e-07
0.0262899
-1.19326e-07
0.0262899
-7.88045e-08
0.02629
-5.19749e-08
0.02629
-3.38929e-08
0.02629
-2.17294e-08
0.02629
-1.37135e-08
0.02629
-8.49843e-09
0.02629
-5.24995e-09
0.02629
-2.73877e-09
0.02629
-1.1264e-09
0.02629
-9.54588e-10
0.02629
-3.54931e-09
0.02629
-1.58974e-08
0.02629
8.60269e-10
0.02629
1.66392e-08
0.02629
3.28172e-09
0.02629
1.21625e-10
0.02629
2.00761e-10
0.02629
5.48273e-10
0.02629
2.80293e-10
0.02629
4.19063e-10
0.02629
2.40525e-10
0.02629
-8.09571e-10
0.02629
1.98763e-10
0.02629
1.28761e-09
0.02629
4.35459e-10
0.02629
3.2932e-10
0.02629
6.27506e-10
0.02629
1.23811e-09
0.02629
1.68565e-09
0.02629
2.38769e-09
0.02629
3.52978e-09
0.02629
5.29386e-09
0.02629
7.87156e-09
0.02629
1.12965e-08
0.02629
1.61628e-08
0.02629
2.29768e-08
0.02629
3.23339e-08
0.0262899
4.53254e-08
0.0262899
6.28871e-08
0.0262898
8.66577e-08
0.0262897
1.19176e-07
0.0262896
1.63133e-07
0.0262895
2.23068e-07
0.0262893
3.06496e-07
0.026289
4.24033e-07
0.0262885
5.93097e-07
0.026288
8.43816e-07
0.0262871
1.22633e-06
0.0262858
1.82094e-06
0.0262839
2.75312e-06
0.026281
4.24707e-06
0.0262762
6.79563e-06
0.0262686
1.12506e-05
0.0262565
1.78578e-05
0.0262385
2.55166e-05
0.026209
4.05442e-05
0.0261522
8.54487e-05
0.0260694
0.00013433
0.0260099
8.15276e-05
0.025983
-0.000110763
-0.000134524
0.0103985
-0.00899519
0.0141965
-0.00547831
0.0176374
-0.00661533
0.0208518
-0.0066419
0.0235806
-0.0053403
0.0258505
-0.00432838
0.0277668
-0.00371004
0.0293909
-0.00318893
0.0307534
-0.00269077
0.0318849
-0.00224412
0.0328154
-0.00185818
0.0335726
-0.00152395
0.0341822
-0.00123552
0.0346675
-0.000989598
0.0350491
-0.000783332
0.0353459
-0.000612676
0.035574
-0.000473729
0.0357476
-0.000362271
0.0358783
-0.000274154
0.0359758
-0.000205407
0.0360479
-0.000152431
0.0361006
-0.000112108
0.036139
-8.17682e-05
0.0361666
-5.91651e-05
0.0361864
-4.24757e-05
0.0362005
-3.0274e-05
0.0362104
-2.143e-05
0.0362174
-1.50698e-05
0.0362222
-1.05309e-05
0.0362256
-7.31484e-06
0.0362279
-5.05179e-06
0.0362295
-3.46959e-06
0.0362305
-2.3712e-06
0.0362313
-1.61152e-06
0.0362318
-1.08899e-06
0.0362321
-7.33437e-07
0.0362323
-4.92023e-07
0.0362325
-3.28041e-07
0.0362326
-2.17212e-07
0.0362326
-1.43139e-07
0.0362327
-9.39161e-08
0.0362327
-6.12406e-08
0.0362327
-3.94379e-08
0.0362327
-2.48417e-08
0.0362327
-1.51986e-08
0.0362328
-9.28399e-09
0.0362328
-5.04294e-09
0.0362328
-2.01721e-09
0.0362328
-1.61124e-09
0.0362328
-5.81498e-09
0.0362328
-2.62692e-08
0.0362328
1.19132e-09
0.0362328
2.75104e-08
0.0362328
5.80012e-09
0.0362328
7.29624e-10
0.0362328
1.14357e-10
0.0362328
3.85292e-10
0.0362328
3.54969e-10
0.0362328
6.90478e-10
0.0362328
5.01368e-10
0.0362328
-8.26645e-10
0.0362328
1.05332e-10
0.0362328
1.327e-09
0.0362328
4.63096e-10
0.0362328
3.66447e-10
0.0362328
9.21121e-10
0.0362328
1.99428e-09
0.0362328
2.82158e-09
0.0362328
3.99199e-09
0.0362328
6.07832e-09
0.0362328
9.45481e-09
0.0362328
1.42346e-08
0.0362327
2.0724e-08
0.0362327
2.97792e-08
0.0362327
4.2493e-08
0.0362327
6.0281e-08
0.0362326
8.48703e-08
0.0362326
1.18434e-07
0.0362325
1.63895e-07
0.0362324
2.25832e-07
0.0362323
3.09831e-07
0.0362321
4.24182e-07
0.0362318
5.82463e-07
0.0362314
8.04357e-07
0.0362309
1.12125e-06
0.0362301
1.58662e-06
0.0362291
2.28936e-06
0.0362275
3.37412e-06
0.0362252
5.07418e-06
0.0362216
7.79744e-06
0.0362161
1.23519e-05
0.0362073
2.00783e-05
0.0361933
3.18449e-05
0.0361713
4.75316e-05
0.0361353
7.65281e-05
0.0360741
0.000146637
0.0359821
0.000226371
0.0358533
0.000210256
0.035481
0.000261555
0.000158056
0.0105228
-0.014518
0.0152629
-0.0102184
0.019353
-0.0107054
0.0229649
-0.0102538
0.0261027
-0.00847809
0.0287848
-0.00701047
0.0310527
-0.00597802
0.0329579
-0.0050941
0.0345455
-0.00427837
0.0358559
-0.00355454
0.0369256
-0.00292784
0.0377882
-0.00238653
0.0384769
-0.00192424
0.0390211
-0.00153383
0.0394455
-0.00120769
0.0397729
-0.000940076
0.0400228
-0.000723661
0.0402117
-0.000551119
0.040353
-0.000415466
0.0404578
-0.000310179
0.0405348
-0.00022943
0.0405909
-0.000168226
0.0406314
-0.000122337
0.0406606
-8.82719e-05
0.0406813
-6.3212e-05
0.040696
-4.49484e-05
0.0407063
-3.17465e-05
0.0407135
-2.22767e-05
0.0407185
-1.55361e-05
0.040722
-1.07715e-05
0.0407243
-7.42598e-06
0.0407259
-5.09161e-06
0.0407271
-3.47378e-06
0.0407278
-2.35746e-06
0.0407283
-1.59147e-06
0.0407286
-1.07025e-06
0.0407289
-7.16677e-07
0.040729
-4.77171e-07
0.0407291
-3.15709e-07
0.0407292
-2.07706e-07
0.0407292
-1.35722e-07
0.0407292
-8.83891e-08
0.0407293
-5.70959e-08
0.0407293
-3.59193e-08
0.0407293
-2.18454e-08
0.0407293
-1.31516e-08
0.0407293
-7.21875e-09
0.0407293
-2.8764e-09
0.0407293
-1.84507e-09
0.0407293
-6.88878e-09
0.0407293
-3.6282e-08
0.0407293
1.21775e-09
0.0407293
3.7936e-08
0.0407293
7.5214e-09
0.0407293
1.31294e-09
0.0407293
-1.05327e-10
0.0407293
-1.79333e-10
0.0407293
2.40491e-10
0.0407293
7.8729e-10
0.0407293
7.11482e-10
0.0407293
-1.37644e-10
0.0407293
-3.97616e-11
0.0407293
4.01377e-10
0.0407293
1.1618e-10
0.0407293
2.51935e-10
0.0407293
9.89615e-10
0.0407293
2.41468e-09
0.0407293
3.69585e-09
0.0407293
5.35166e-09
0.0407293
8.42655e-09
0.0407293
1.34289e-08
0.0407293
2.04492e-08
0.0407293
3.01538e-08
0.0407293
4.36235e-08
0.0407292
6.258e-08
0.0407292
8.93671e-08
0.0407292
1.26364e-07
0.0407291
1.77149e-07
0.040729
2.46184e-07
0.0407289
3.39945e-07
0.0407288
4.67377e-07
0.0407286
6.40983e-07
0.0407283
8.80143e-07
0.0407278
1.21414e-06
0.0407273
1.68866e-06
0.0407265
2.38018e-06
0.0407254
3.41581e-06
0.0407237
5.00422e-06
0.0407213
7.4852e-06
0.0407177
1.14386e-05
0.0407121
1.79523e-05
0.0407033
2.88595e-05
0.0406892
4.59039e-05
0.0406666
7.01664e-05
0.0406306
0.000112542
0.0405729
0.000204289
0.0404781
0.000321188
0.0402972
0.000391215
0.0397018
0.000856958
0.000630602
0.00972837
-0.0192464
0.0144196
-0.0149096
0.018521
-0.0148068
0.0221151
-0.0138479
0.0253017
-0.0116647
0.0280834
-0.00979221
0.0304582
-0.00835277
0.0324563
-0.00709223
0.0341202
-0.00594223
0.0354905
-0.0049249
0.0366047
-0.004042
0.0374994
-0.00328129
0.0382098
-0.0026346
0.0387673
-0.00209133
0.0391997
-0.0016401
0.0395315
-0.00127184
0.0397834
-0.000975571
0.0399728
-0.000740499
0.0401138
-0.000556513
0.0402179
-0.00041429
0.0402941
-0.00030562
0.0403494
-0.000223541
0.0403893
-0.000162184
0.0404178
-0.000116764
0.040438
-8.34453e-05
0.0404523
-5.92236e-05
0.0404623
-4.17551e-05
0.0404692
-2.92506e-05
0.0404741
-2.03679e-05
0.0404774
-1.41007e-05
0.0404797
-9.7076e-06
0.0404812
-6.6472e-06
0.0404823
-4.52877e-06
0.040483
-3.07022e-06
0.0404835
-2.07124e-06
0.0404838
-1.391e-06
0.040484
-9.29996e-07
0.0404842
-6.18561e-07
0.0404843
-4.09057e-07
0.0404843
-2.68739e-07
0.0404844
-1.7526e-07
0.0404844
-1.13772e-07
0.0404844
-7.3412e-08
0.0404844
-4.63077e-08
0.0404844
-2.81285e-08
0.0404844
-1.66256e-08
0.0404844
-9.01649e-09
0.0404844
-3.60654e-09
0.0404844
-1.58306e-09
0.0404844
-6.27841e-09
0.0404844
-4.40228e-08
0.0404844
1.02496e-09
0.0404844
4.61183e-08
0.0404844
7.96877e-09
0.0404844
1.66475e-09
0.0404844
-4.55957e-10
0.0404844
-9.92607e-10
0.0404844
-2.2044e-11
0.0404844
7.201e-10
0.0404844
8.64369e-10
0.0404844
9.59759e-10
0.0404844
-2.46621e-10
0.0404844
-1.09827e-09
0.0404844
-4.5486e-10
0.0404844
6.02468e-11
0.0404844
8.57383e-10
0.0404844
2.37813e-09
0.0404844
4.26336e-09
0.0404844
6.57873e-09
0.0404844
1.05594e-08
0.0404844
1.69416e-08
0.0404844
2.60933e-08
0.0404844
3.89263e-08
0.0404844
5.6789e-08
0.0404844
8.20015e-08
0.0404844
1.17642e-07
0.0404843
1.66961e-07
0.0404843
2.34878e-07
0.0404842
3.27454e-07
0.0404841
4.53189e-07
0.0404839
6.24301e-07
0.0404837
8.57723e-07
0.0404834
1.178e-06
0.040483
1.6238e-06
0.0404824
2.25535e-06
0.0404816
3.1703e-06
0.0404805
4.53147e-06
0.0404789
6.60749e-06
0.0404766
9.83669e-06
0.0404731
1.49548e-05
0.0404677
2.33014e-05
0.0404594
3.71825e-05
0.040446
5.92555e-05
0.0404244
9.17586e-05
0.0403907
0.00014633
0.0403381
0.000256845
0.0402479
0.000411425
0.040061
0.000578073
0.039489
0.00142892
0.00107406
0.00841326
-0.0226596
0.0123309
-0.0188273
0.0158903
-0.0183662
0.0190799
-0.0170375
0.0219969
-0.0145817
0.0246059
-0.0124011
0.0268675
-0.0106144
0.0287865
-0.00901122
0.0303919
-0.00754768
0.031716
-0.00624895
0.0327914
-0.00511747
0.0336533
-0.00414321
0.0343352
-0.0033164
0.0348679
-0.00262409
0.0352795
-0.00205165
0.0355939
-0.00158627
0.0358316
-0.0012133
0.0360096
-0.000918503
0.0361417
-0.000688599
0.0362388
-0.000511427
0.0363097
-0.000376458
0.0363609
-0.000274806
0.0363978
-0.000199006
0.036424
-0.000143022
0.0364426
-0.000102043
0.0364557
-7.23131e-05
0.0364649
-5.09118e-05
0.0364712
-3.56178e-05
0.0364756
-2.47708e-05
0.0364787
-1.71288e-05
0.0364807
-1.17793e-05
0.0364822
-8.05741e-06
0.0364831
-5.48378e-06
0.0364838
-3.71439e-06
0.0364842
-2.50419e-06
0.0364845
-1.6801e-06
0.0364847
-1.12184e-06
0.0364848
-7.45523e-07
0.0364849
-4.9282e-07
0.0364849
-3.23428e-07
0.036485
-2.10646e-07
0.036485
-1.36383e-07
0.036485
-8.77535e-08
0.036485
-5.53667e-08
0.036485
-3.3637e-08
0.036485
-1.96513e-08
0.036485
-1.04282e-08
0.036485
-3.95729e-09
0.036485
-6.94886e-10
0.036485
-3.61672e-09
0.036485
-4.46055e-08
0.036485
9.00551e-10
0.036485
4.72257e-08
0.036485
6.3545e-09
0.036485
1.25398e-09
0.036485
-8.72661e-10
0.036485
-1.5981e-09
0.036485
-3.21895e-10
0.036485
5.26935e-10
0.036485
8.65867e-10
0.036485
1.6049e-09
0.036485
-5.00334e-10
0.036485
-2.28384e-09
0.036485
-1.07648e-09
0.036485
-2.56631e-10
0.036485
5.7476e-10
0.036485
2.10839e-09
0.036485
4.49415e-09
0.036485
7.46883e-09
0.036485
1.23785e-08
0.036485
1.99335e-08
0.036485
3.09106e-08
0.036485
4.66384e-08
0.036485
6.86202e-08
0.036485
9.9688e-08
0.036485
1.43537e-07
0.0364849
2.04341e-07
0.0364849
2.88249e-07
0.0364848
4.02872e-07
0.0364847
5.58732e-07
0.0364846
7.71023e-07
0.0364843
1.06069e-06
0.0364841
1.45764e-06
0.0364837
2.00877e-06
0.0364832
2.78716e-06
0.0364824
3.9099e-06
0.0364814
5.57139e-06
0.0364799
8.093e-06
0.0364777
1.19994e-05
0.0364745
1.81629e-05
0.0364697
2.81445e-05
0.0364622
4.467e-05
0.0364502
7.12166e-05
0.0364309
0.000111088
0.0364008
0.000176411
0.0363551
0.000302589
0.0362774
0.000489126
0.0361223
0.000733176
0.0357596
0.00179157
0.0013313
0.00692208
-0.0245817
0.00965749
-0.0215627
0.0123048
-0.0210136
0.0147974
-0.01953
0.0171933
-0.0169776
0.0194134
-0.0146212
0.0213846
-0.0125856
0.0230828
-0.0107094
0.0245162
-0.00898107
0.0257041
-0.0074368
0.026671
-0.00608439
0.0274459
-0.00491814
0.0280578
-0.00392829
0.0285346
-0.00310089
0.0289017
-0.00241877
0.0291812
-0.00186574
0.0293917
-0.00142384
0.0295488
-0.00107558
0.029665
-0.000804754
0.0297501
-0.000596579
0.029812
-0.000438365
0.0298567
-0.000319478
0.0298887
-0.000231006
0.0299115
-0.000165784
0.0299276
-0.000118128
0.0299389
-8.36082e-05
0.0299467
-5.87971e-05
0.0299522
-4.10902e-05
0.029956
-2.85484e-05
0.0299586
-1.97226e-05
0.0299604
-1.3551e-05
0.0299616
-9.26184e-06
0.0299624
-6.29842e-06
0.0299629
-4.26307e-06
0.0299633
-2.87228e-06
0.0299635
-1.92555e-06
0.0299637
-1.28458e-06
0.0299638
-8.52957e-07
0.0299639
-5.63505e-07
0.0299639
-3.69605e-07
0.029964
-2.40485e-07
0.029964
-1.55394e-07
0.029964
-9.96571e-08
0.029964
-6.27406e-08
0.029964
-3.80789e-08
0.029964
-2.1978e-08
0.029964
-1.13932e-08
0.029964
-3.97227e-09
0.029964
8.61864e-10
0.029964
1.77459e-09
0.029964
-2.65233e-08
0.029964
9.93519e-10
0.029964
2.97592e-08
0.029964
1.78266e-09
0.029964
-3.63698e-12
0.029964
-1.30601e-09
0.029964
-1.86994e-09
0.029964
-5.87977e-10
0.029964
2.10646e-10
0.029964
6.88261e-10
0.029964
1.64259e-09
0.029964
-8.10978e-10
0.029964
-2.97721e-09
0.029964
-1.63607e-09
0.029964
-6.9786e-10
0.029964
2.15965e-10
0.029964
1.73134e-09
0.029964
4.36436e-09
0.029964
7.96569e-09
0.029964
1.3705e-08
0.029964
2.22464e-08
0.029964
3.47698e-08
0.029964
5.2979e-08
0.029964
7.85652e-08
0.029964
1.14771e-07
0.029964
1.65821e-07
0.0299639
2.36655e-07
0.0299639
3.3453e-07
0.0299638
4.68575e-07
0.0299637
6.51085e-07
0.0299636
8.99788e-07
0.0299634
1.23915e-06
0.0299632
1.70396e-06
0.0299628
2.34815e-06
0.0299624
3.25549e-06
0.0299617
4.55958e-06
0.0299608
6.4811e-06
0.0299595
9.38469e-06
0.0299576
1.38659e-05
0.0299549
2.09113e-05
0.0299508
3.22676e-05
0.0299444
5.10003e-05
0.0299344
8.12441e-05
0.0299182
0.000127283
0.0298929
0.000201727
0.0298554
0.000340048
0.0297953
0.000549241
0.0296886
0.000839898
0.0295891
0.00189105
0.00135982
0.00550928
-0.025091
0.00693848
-0.0229919
0.00850182
-0.0225769
0.0101307
-0.0211589
0.0118452
-0.0186922
0.0135279
-0.016304
0.0150775
-0.0141352
0.0164455
-0.0120774
0.0176187
-0.0101543
0.0185998
-0.00841796
0.0194025
-0.00688709
0.0200471
-0.00556267
0.0205558
-0.004437
0.0209514
-0.00349652
0.0212553
-0.00272261
0.0214858
-0.00209634
0.021659
-0.00159698
0.0217877
-0.00120431
0.0218826
-0.000899604
0.0219519
-0.000665881
0.0220021
-0.000488584
0.0220382
-0.000355604
0.022064
-0.000256809
0.0220823
-0.00018409
0.0220952
-0.000131029
0.0221043
-9.26465e-05
0.0221106
-6.50927e-05
0.0221149
-4.54503e-05
0.0221179
-3.1552e-05
0.02212
-2.17809e-05
0.0221214
-1.4955e-05
0.0221223
-1.0215e-05
0.022123
-6.94205e-06
0.0221234
-4.69586e-06
0.0221237
-3.16191e-06
0.0221239
-2.11842e-06
0.022124
-1.4123e-06
0.0221241
-9.36969e-07
0.0221242
-6.18673e-07
0.0221242
-4.05697e-07
0.0221242
-2.63695e-07
0.0221242
-1.70116e-07
0.0221243
-1.08744e-07
0.0221243
-6.82236e-08
0.0221243
-4.12709e-08
0.0221243
-2.33343e-08
0.0221243
-1.18824e-08
0.0221243
-3.83441e-09
0.0221243
2.7397e-09
0.0221243
9.64788e-09
0.0221242
3.8024e-08
0.0221242
1.40283e-09
0.0221243
-3.40498e-08
0.0221243
-5.56534e-09
0.0221243
-1.69578e-09
0.0221243
-1.75857e-09
0.0221243
-1.79294e-09
0.0221243
-7.83225e-10
0.0221243
-2.66408e-10
0.0221243
3.58476e-10
0.0221243
1.23564e-09
0.0221243
-1.15605e-09
0.0221243
-3.31424e-09
0.0221243
-2.1282e-09
0.0221243
-1.21641e-09
0.0221243
-1.14226e-10
0.0221243
1.25082e-09
0.0221243
3.85006e-09
0.0221243
8.05288e-09
0.0221243
1.44178e-08
0.0221243
2.37689e-08
0.0221243
3.75457e-08
0.0221243
5.76895e-08
0.0221243
8.61738e-08
0.0221242
1.26535e-07
0.0221242
1.83399e-07
0.0221242
2.62416e-07
0.0221242
3.71673e-07
0.0221241
5.2154e-07
0.022124
7.2589e-07
0.0221239
1.00445e-06
0.0221238
1.38454e-06
0.0221236
1.90501e-06
0.0221233
2.62531e-06
0.0221229
3.63746e-06
0.0221224
5.08781e-06
0.0221217
7.21699e-06
0.0221206
1.0422e-05
0.0221191
1.53517e-05
0.022117
2.30802e-05
0.0221137
3.54979e-05
0.0221088
5.59156e-05
0.0221011
8.89453e-05
0.0220887
0.00013975
0.0220689
0.000221459
0.0220407
0.000368239
0.0219994
0.000590606
0.0219377
0.000901611
0.0220297
0.00179906
0.00122733
0.00432882
-0.0244198
0.00453583
-0.0231989
0.0050147
-0.0230558
0.00573282
-0.021877
0.00669414
-0.0196535
0.00775891
-0.0173687
0.00880722
-0.0151835
0.00977261
-0.0130428
0.0106239
-0.0110056
0.011348
-0.00914199
0.0119458
-0.00748488
0.0124277
-0.00604464
0.0128087
-0.00481795
0.0131046
-0.00379246
0.0133313
-0.00294925
0.0135026
-0.0022677
0.0136308
-0.00172511
0.0137256
-0.00129914
0.0137952
-0.00096917
0.0138458
-0.000716488
0.0138823
-0.000525098
0.0139084
-0.00038176
0.013927
-0.000275417
0.0139402
-0.000197242
0.0139494
-0.000140266
0.0139559
-9.90967e-05
0.0139604
-6.95714e-05
0.0139635
-4.8543e-05
0.0139656
-3.36765e-05
0.013967
-2.32331e-05
0.013968
-1.59432e-05
0.0139687
-1.08842e-05
0.0139691
-7.39307e-06
0.0139694
-4.99844e-06
0.0139696
-3.36382e-06
0.0139698
-2.25256e-06
0.0139699
-1.50093e-06
0.0139699
-9.95182e-07
0.01397
-6.56631e-07
0.01397
-4.30312e-07
0.01397
-2.79509e-07
0.01397
-1.80044e-07
0.01397
-1.14727e-07
0.01397
-7.16792e-08
0.01397
-4.31477e-08
0.01397
-2.40885e-08
0.01397
-1.18964e-08
0.01397
-3.19765e-09
0.01397
4.65672e-09
0.01397
1.50812e-08
0.01397
5.66566e-08
0.01397
2.06229e-09
0.01397
-5.18422e-08
0.01397
-1.0647e-08
0.01397
-3.365e-09
0.01397
-2.18554e-09
0.01397
-1.77443e-09
0.01397
-9.41519e-10
0.01397
-5.8596e-10
0.01397
-3.49392e-11
0.01397
6.0868e-10
0.01397
-1.52479e-09
0.01397
-3.48538e-09
0.01397
-2.58172e-09
0.01397
-1.7901e-09
0.01397
-6.95065e-10
0.01397
6.46622e-10
0.01397
3.25933e-09
0.01397
7.74553e-09
0.01397
1.45024e-08
0.01397
2.44242e-08
0.01397
3.90885e-08
0.01397
6.057e-08
0.01397
9.11213e-08
0.01397
1.34473e-07
0.01397
1.95534e-07
0.01397
2.80509e-07
0.01397
3.9807e-07
0.0139699
5.59504e-07
0.0139699
7.79901e-07
0.0139698
1.08043e-06
0.0139697
1.49047e-06
0.0139696
2.05184e-06
0.0139694
2.82781e-06
0.0139691
3.91599e-06
0.0139687
5.4712e-06
0.0139682
7.74704e-06
0.0139674
1.11611e-05
0.0139664
1.63964e-05
0.0139649
2.45859e-05
0.0139627
3.77142e-05
0.0139593
5.92379e-05
0.0139542
9.40747e-05
0.0139458
0.000148146
0.0139322
0.00023503
0.0139139
0.000386583
0.01389
0.000614462
0.0138611
0.000930532
0.0140027
0.0016575
0.00106581
0.00344587
-0.0228657
0.00263738
-0.0223904
0.00215264
-0.022571
0.00200994
-0.0217343
0.0022217
-0.0198653
0.00264809
-0.0177951
0.00316089
-0.0156963
0.00368477
-0.0135667
0.00417719
-0.011498
0.00461145
-0.00957625
0.00497701
-0.00785044
0.00527445
-0.00634208
0.00551038
-0.00505388
0.00569336
-0.00397545
0.0058329
-0.00308879
0.00593777
-0.00237257
0.00601562
-0.00180295
0.00607277
-0.0013563
0.00611433
-0.00101073
0.00614431
-0.000746459
0.00616575
-0.000546539
0.00618097
-0.000396982
0.00619171
-0.000286156
0.00619924
-0.000204776
0.0062045
-0.000145519
0.00620814
-0.000102738
0.00621065
-7.20818e-05
0.00621237
-5.02654e-05
0.00621355
-3.48518e-05
0.00621435
-2.40324e-05
0.00621489
-1.6484e-05
0.00621525
-1.12485e-05
0.0062155
-7.63742e-06
0.00621566
-5.1614e-06
0.00621577
-3.47188e-06
0.00621584
-2.32393e-06
0.00621589
-1.5478e-06
0.00621592
-1.02572e-06
0.00621594
-6.76277e-07
0.00621595
-4.42853e-07
0.00621596
-2.87431e-07
0.00621597
-1.84848e-07
0.00621597
-1.17413e-07
0.00621597
-7.30113e-08
0.00621597
-4.36617e-08
0.00621597
-2.40756e-08
0.00621597
-1.14041e-08
0.00621597
-2.26301e-09
0.00621597
6.24762e-09
0.00621597
1.80006e-08
0.00621597
5.71991e-08
0.00621597
2.80328e-09
0.00621597
-5.14729e-08
0.00621597
-1.3189e-08
0.00621597
-4.5746e-09
0.00621597
-2.52446e-09
0.00621597
-1.76778e-09
0.00621597
-1.05863e-09
0.00621597
-8.37545e-10
0.00621597
-4.62385e-10
0.00621597
-8.40833e-11
0.00621598
-1.91034e-09
0.00621598
-3.61919e-09
0.00621598
-3.02682e-09
0.00621598
-2.40621e-09
0.00621598
-1.41765e-09
0.00621598
-9.52876e-11
0.00621598
2.49202e-09
0.00621598
7.04313e-09
0.00621598
1.39554e-08
0.00621598
2.41623e-08
0.00621598
3.92936e-08
0.00621598
6.14778e-08
0.00621598
9.31838e-08
0.00621598
1.38241e-07
0.00621597
2.01718e-07
0.00621596
2.90174e-07
0.00621595
4.12621e-07
0.00621593
5.80906e-07
0.0062159
8.1089e-07
0.00621585
1.12458e-06
0.00621579
1.55255e-06
0.00621571
2.13833e-06
0.00621559
2.9472e-06
0.00621542
4.07948e-06
0.0062152
5.69398e-06
0.0062149
8.04989e-06
0.00621449
1.15733e-05
0.00621392
1.69618e-05
0.00621313
2.53752e-05
0.00621201
3.88399e-05
0.00621038
6.08603e-05
0.00620795
9.65045e-05
0.00620382
0.000152279
0.00619681
0.000242041
0.00618851
0.000394882
0.00618021
0.000622767
0.00617434
0.000936402
0.00630703
0.0015248
0.000926852
0.00286028
-0.020726
0.00129261
-0.0208227
3.01231e-05
-0.0213085
-0.00085773
-0.0208464
-0.0013346
-0.0193884
-0.00152387
-0.0176059
-0.00154364
-0.0156765
-0.00146799
-0.0136423
-0.00134862
-0.0116174
-0.00121976
-0.00970512
-0.00110041
-0.00796979
-0.000999055
-0.00644344
-0.000917841
-0.00513509
-0.000855405
-0.00403788
-0.000808713
-0.00313548
-0.000774623
-0.00240666
-0.000750208
-0.00182737
-0.000732997
-0.00137351
-0.000721067
-0.00102266
-0.000712875
-0.000754651
-0.000707298
-0.000552116
-0.000703575
-0.000400704
-0.000701096
-0.000288635
-0.000699445
-0.000206426
-0.000698352
-0.000146612
-0.000697641
-0.00010345
-0.000697184
-7.2538e-05
-0.000696887
-5.05625e-05
-0.000696696
-3.50425e-05
-0.000696574
-2.41541e-05
-0.000696496
-1.65612e-05
-0.000696447
-1.12974e-05
-0.000696416
-7.6679e-06
-0.000696398
-5.17986e-06
-0.000696386
-3.48306e-06
-0.000696379
-2.33055e-06
-0.000696375
-1.5516e-06
-0.000696373
-1.02772e-06
-0.000696371
-6.77078e-07
-0.000696371
-4.42996e-07
-0.000696371
-2.87247e-07
-0.000696371
-1.84384e-07
-0.000696371
-1.16711e-07
-0.000696372
-7.21764e-08
-0.000696372
-4.27951e-08
-0.000696373
-2.32292e-08
-0.000696373
-1.04201e-08
-0.000696374
-1.12065e-09
-0.000696375
7.52908e-09
-0.000696376
1.92785e-08
-0.00069637
5.12671e-08
-0.00069637
3.50382e-09
-0.000696377
-4.45834e-08
-0.000696376
-1.39287e-08
-0.000696375
-5.27001e-09
-0.000696374
-2.74324e-09
-0.000696374
-1.76226e-09
-0.000696373
-1.15499e-09
-0.000696373
-1.05472e-09
-0.000696372
-8.8144e-10
-0.000696371
-7.54817e-10
-0.00069637
-2.30513e-09
-0.00069637
-3.78257e-09
-0.000696369
-3.48302e-09
-0.000696368
-3.05813e-09
-0.000696367
-2.23426e-09
-0.000696366
-9.77963e-10
-0.000696364
1.50925e-09
-0.000696363
5.94897e-09
-0.000696361
1.2784e-08
-0.00069636
2.29644e-08
-0.000696358
3.81097e-08
-0.000696357
6.03385e-08
-0.000696356
9.22432e-08
-0.000696355
1.37656e-07
-0.000696354
2.01671e-07
-0.000696355
2.90988e-07
-0.000696357
4.14702e-07
-0.00069636
5.84851e-07
-0.000696367
8.17572e-07
-0.000696377
1.13508e-06
-0.000696392
1.56824e-06
-0.000696415
2.16095e-06
-0.000696446
2.97863e-06
-0.000696487
4.12143e-06
-0.000696541
5.74755e-06
-0.000696605
8.11442e-06
-0.000696676
1.16446e-05
-0.000696744
1.70304e-05
-0.000696796
2.54266e-05
-0.000696802
3.88467e-05
-0.000696693
6.0751e-05
-0.000696397
9.6209e-05
-0.000696217
0.000152099
-0.000696501
0.000242326
-0.000694744
0.000393125
-0.000688587
0.000616611
-0.000675682
0.000923496
-0.000564767
0.00141389
0.000820903
0.00253242
-0.0182584
0.000458033
-0.0187484
-0.0013766
-0.0194739
-0.00286103
-0.019362
-0.00393214
-0.0183173
-0.00467955
-0.0168584
-0.00519885
-0.0151572
-0.0055577
-0.0132835
-0.00580698
-0.0113681
-0.00598408
-0.00952802
-0.00611393
-0.00783994
-0.00621216
-0.00634522
-0.00628887
-0.00505838
-0.00634982
-0.00397694
-0.00639807
-0.00308723
-0.00643632
-0.00236841
-0.00646645
-0.00179723
-0.00648993
-0.00135003
-0.00650816
-0.00100443
-0.00652218
-0.000740631
-0.00653273
-0.000541566
-0.00654061
-0.000392819
-0.00654646
-0.000282785
-0.00655076
-0.000202125
-0.00655388
-0.000143497
-0.00655612
-0.000101206
-0.00655773
-7.09335e-05
-0.00655886
-4.94257e-05
-0.00655966
-3.42425e-05
-0.00656022
-2.35949e-05
-0.00656061
-1.61728e-05
-0.00656088
-1.10293e-05
-0.00656106
-7.4839e-06
-0.00656119
-5.05398e-06
-0.00656127
-3.39727e-06
-0.00656133
-2.27239e-06
-0.00656137
-1.51229e-06
-0.0065614
-1.00117e-06
-0.00656141
-6.59057e-07
-0.00656142
-4.30774e-07
-0.00656143
-2.7897e-07
-0.00656144
-1.78662e-07
-0.00656144
-1.1263e-07
-0.00656144
-6.91872e-08
-0.00656145
-4.0564e-08
-0.00656145
-2.15403e-08
-0.00656145
-8.96183e-09
-0.00656145
1.98119e-10
-0.00656145
8.60107e-09
-0.00656145
1.95794e-08
-0.00656144
4.38444e-08
-0.00656144
4.13193e-09
-0.00656145
-3.61733e-08
-0.00656145
-1.34983e-08
-0.00656145
-5.52586e-09
-0.00656145
-2.83849e-09
-0.00656145
-1.75097e-09
-0.00656145
-1.23888e-09
-0.00656145
-1.24945e-09
-0.00656145
-1.26944e-09
-0.00656145
-1.36299e-09
-0.00656145
-2.7017e-09
-0.00656145
-4.00103e-09
-0.00656145
-3.96108e-09
-0.00656145
-3.74266e-09
-0.00656144
-3.1217e-09
-0.00656144
-1.99738e-09
-0.00656144
3.01093e-10
-0.00656144
4.47452e-09
-0.00656144
1.10071e-08
-0.00656143
2.08407e-08
-0.00656143
3.5537e-08
-0.00656143
5.71473e-08
-0.00656142
8.82861e-08
-0.00656142
1.32689e-07
-0.00656141
1.95339e-07
-0.0065614
2.82856e-07
-0.00656139
4.04158e-07
-0.00656138
5.71104e-07
-0.00656136
7.996e-07
-0.00656134
1.11142e-06
-0.00656131
1.5368e-06
-0.00656126
2.1187e-06
-0.0065612
2.92078e-06
-0.00656112
4.04021e-06
-0.00656101
5.63013e-06
-0.00656083
7.93906e-06
-0.00656056
1.13744e-05
-0.00656013
1.66044e-05
-0.00655945
2.47467e-05
-0.00655836
3.77488e-05
-0.00655654
5.89395e-05
-0.00655358
9.32507e-05
-0.00654917
0.000147686
-0.00654275
0.000235905
-0.006531
0.00038137
-0.00651069
0.000596303
-0.00647917
0.00089198
-0.00637916
0.00131387
0.000737639
0.00240443
-0.0156628
4.00715e-05
-0.016384
-0.00217351
-0.0172603
-0.00410324
-0.0174323
-0.00565655
-0.016764
-0.00688305
-0.0156319
-0.00785168
-0.0141886
-0.00861379
-0.0125214
-0.00921274
-0.0107692
-0.00968451
-0.00905625
-0.010057
-0.00746749
-0.0103512
-0.00605096
-0.0105833
-0.00482631
-0.0107655
-0.00379474
-0.0109074
-0.00294527
-0.0110171
-0.00225874
-0.0111011
-0.00171324
-0.0111648
-0.0012863
-0.0112128
-0.000956478
-0.0112485
-0.000704875
-0.0112749
-0.00051517
-0.0112943
-0.000373496
-0.0113083
-0.000268749
-0.0113184
-0.000192007
-0.0113256
-0.000136262
-0.0113308
-9.60687e-05
-0.0113344
-6.73102e-05
-0.0113369
-4.68866e-05
-0.0113387
-3.24744e-05
-0.0113399
-2.23706e-05
-0.0113408
-1.53299e-05
-0.0113414
-1.0452e-05
-0.0113417
-7.09069e-06
-0.011342
-4.78724e-06
-0.0113422
-3.217e-06
-0.0113423
-2.15111e-06
-0.0113424
-1.43102e-06
-0.0113425
-9.46826e-07
-0.0113425
-6.22728e-07
-0.0113425
-4.06533e-07
-0.0113425
-2.62826e-07
-0.0113425
-1.67833e-07
-0.0113425
-1.05268e-07
-0.0113425
-6.41108e-08
-0.0113426
-3.70165e-08
-0.0113426
-1.90346e-08
-0.0113426
-7.05192e-09
-0.0113426
1.68546e-09
-0.0113426
9.5607e-09
-0.0113426
1.93575e-08
-0.0113426
3.69026e-08
-0.0113426
4.69671e-09
-0.0113426
-2.82225e-08
-0.0113426
-1.23702e-08
-0.0113426
-5.44495e-09
-0.0113426
-2.82256e-09
-0.0113426
-1.7281e-09
-0.0113426
-1.31195e-09
-0.0113426
-1.42454e-09
-0.0113426
-1.61604e-09
-0.0113426
-1.89571e-09
-0.0113426
-3.09273e-09
-0.0113426
-4.27552e-09
-0.0113426
-4.46333e-09
-0.0113426
-4.45637e-09
-0.0113426
-4.06602e-09
-0.0113426
-3.14253e-09
-0.0113425
-1.12477e-09
-0.0113425
2.64119e-09
-0.0113425
8.6572e-09
-0.0113425
1.78294e-08
-0.0113425
3.16209e-08
-0.0113425
5.19645e-08
-0.0113425
8.13952e-08
-0.0113425
1.23453e-07
-0.0113425
1.8287e-07
-0.0113425
2.65976e-07
-0.0113425
3.81254e-07
-0.0113424
5.40018e-07
-0.0113424
7.57449e-07
-0.0113423
1.05425e-06
-0.0113423
1.45911e-06
-0.0113421
2.01281e-06
-0.011342
2.77545e-06
-0.0113418
3.83848e-06
-0.0113415
5.34581e-06
-0.0113411
7.53041e-06
-0.0113405
1.07738e-05
-0.0113396
1.57022e-05
-0.0113382
2.33658e-05
-0.0113361
3.55951e-05
-0.0113326
5.55065e-05
-0.0113271
8.77628e-05
-0.0113187
0.000139231
-0.0113058
0.000222966
-0.0112842
0.000359788
-0.0112496
0.00056176
-0.0111978
0.000840156
-0.0110904
0.00120644
0.000660541
0.00241546
-0.0130783
-7.21742e-05
-0.0138964
-0.00250285
-0.0148297
-0.004737
-0.0151981
-0.0066605
-0.0148405
-0.00828247
-0.01401
-0.00963956
-0.0128315
-0.0107619
-0.011399
-0.0116805
-0.0098506
-0.012426
-0.00831076
-0.0130263
-0.00686718
-0.0135059
-0.00557139
-0.0138856
-0.00444658
-0.0141835
-0.00349689
-0.0144148
-0.00271392
-0.0145927
-0.00208087
-0.0147281
-0.00157781
-0.0148303
-0.00118417
-0.0149066
-0.00088016
-0.0149631
-0.000648356
-0.0150046
-0.00047367
-0.0150348
-0.00034328
-0.0150566
-0.000246917
-0.0150723
-0.000176348
-0.0150835
-0.00012511
-0.0150913
-8.81819e-05
-0.0150969
-6.17686e-05
-0.0151008
-4.30161e-05
-0.0151034
-2.97873e-05
-0.0151053
-2.05155e-05
-0.0151066
-1.4056e-05
-0.0151074
-9.58181e-06
-0.015108
-6.49923e-06
-0.0151084
-4.38703e-06
-0.0151087
-2.94725e-06
-0.0151089
-1.97009e-06
-0.015109
-1.31002e-06
-0.0151091
-8.66189e-07
-0.0151091
-5.69086e-07
-0.0151092
-3.70935e-07
-0.0151092
-2.39255e-07
-0.0151092
-1.52183e-07
-0.0151092
-9.48105e-08
-0.0151092
-5.70688e-08
-0.0151092
-3.22344e-08
-0.0151092
-1.57645e-08
-0.0151092
-4.72188e-09
-0.0151092
3.33709e-09
-0.0151092
1.04799e-08
-0.0151092
1.89048e-08
-0.0151092
3.10836e-08
-0.0151092
5.21763e-09
-0.0151092
-2.13788e-08
-0.0151092
-1.08715e-08
-0.0151092
-5.12257e-09
-0.0151092
-2.71383e-09
-0.0151092
-1.68882e-09
-0.0151092
-1.37246e-09
-0.0151092
-1.57912e-09
-0.0151092
-1.9177e-09
-0.0151092
-2.35341e-09
-0.0151092
-3.47085e-09
-0.0151092
-4.59424e-09
-0.0151092
-4.98514e-09
-0.0151092
-5.19279e-09
-0.0151092
-5.05505e-09
-0.0151092
-4.39595e-09
-0.0151092
-2.74732e-09
-0.0151092
4.81872e-10
-0.0151092
5.78277e-09
-0.0151092
1.39957e-08
-0.0151092
2.64505e-08
-0.0151092
4.49128e-08
-0.0151092
7.1744e-08
-0.0151092
1.10191e-07
-0.0151092
1.64604e-07
-0.0151091
2.4082e-07
-0.0151091
3.46642e-07
-0.0151091
4.92492e-07
-0.015109
6.9236e-07
-0.0151089
9.65262e-07
-0.0151088
1.33754e-06
-0.0151086
1.84654e-06
-0.0151084
2.54716e-06
-0.0151081
3.5227e-06
-0.0151076
4.90394e-06
-0.015107
6.90231e-06
-0.0151061
9.8636e-06
-0.0151047
1.43559e-05
-0.0151027
2.13342e-05
-0.0150996
3.24643e-05
-0.0150947
5.05754e-05
-0.0150868
7.99371e-05
-0.0150746
0.000127013
-0.0150555
0.000203881
-0.0150245
0.000328758
-0.0149758
0.000513034
-0.0149025
0.000766899
-0.0147761
0.00107999
0.000579239
0.00251088
-0.0105891
1.44745e-05
-0.0114
-0.00251132
-0.0123039
-0.00493334
-0.0127761
-0.00712541
-0.0126484
-0.00906021
-0.0120752
-0.0107408
-0.0111509
-0.0121736
-0.00996618
-0.0133741
-0.00865013
-0.0143648
-0.00732001
-0.0151715
-0.0060605
-0.0158201
-0.00492281
-0.0163351
-0.0039315
-0.0167394
-0.00309267
-0.017053
-0.00240025
-0.0172938
-0.00184013
-0.0174766
-0.00139496
-0.0176142
-0.00104663
-0.0177166
-0.000777689
-0.0177923
-0.000572689
-0.0178477
-0.000418257
-0.017888
-0.000303033
-0.017917
-0.000217908
-0.0179377
-0.00015559
-0.0179525
-0.000110357
-0.0179629
-7.77672e-05
-0.0179702
-5.44635e-05
-0.0179753
-3.79223e-05
-0.0179788
-2.62562e-05
-0.0179813
-1.80812e-05
-0.0179829
-1.23866e-05
-0.0179841
-8.44276e-06
-0.0179848
-5.72591e-06
-0.0179854
-3.86438e-06
-0.0179857
-2.59544e-06
-0.017986
-1.73431e-06
-0.0179861
-1.15261e-06
-0.0179862
-7.61461e-07
-0.0179863
-4.99586e-07
-0.0179863
-3.24938e-07
-0.0179864
-2.08889e-07
-0.0179864
-1.32128e-07
-0.0179864
-8.15279e-08
-0.0179864
-4.82357e-08
-0.0179864
-2.63321e-08
-0.0179864
-1.18055e-08
-0.0179864
-2.01452e-09
-0.0179864
5.14389e-09
-0.0179864
1.14042e-08
-0.0179864
1.83991e-08
-0.0179864
2.64713e-08
-0.0179864
5.71075e-09
-0.0179864
-1.5733e-08
-0.0179864
-9.21773e-09
-0.0179864
-4.63712e-09
-0.0179864
-2.53172e-09
-0.0179864
-1.62999e-09
-0.0179864
-1.41771e-09
-0.0179864
-1.71143e-09
-0.0179864
-2.17455e-09
-0.0179864
-2.74201e-09
-0.0179864
-3.8292e-09
-0.0179864
-4.94041e-09
-0.0179864
-5.51735e-09
-0.0179864
-5.94215e-09
-0.0179864
-6.07562e-09
-0.0179864
-5.73521e-09
-0.0179864
-4.53558e-09
-0.0179864
-1.95984e-09
-0.0179864
2.4471e-09
-0.0179864
9.43021e-09
-0.0179864
2.01538e-08
-0.0179864
3.61718e-08
-0.0179864
5.95889e-08
-0.0179864
9.32693e-08
-0.0179863
1.41053e-07
-0.0179863
2.08105e-07
-0.0179863
3.01321e-07
-0.0179862
4.29916e-07
-0.0179861
6.06261e-07
-0.017986
8.47132e-07
-0.0179858
1.17574e-06
-0.0179856
1.62497e-06
-0.0179853
2.24298e-06
-0.0179849
3.1027e-06
-0.0179843
4.31846e-06
-0.0179835
6.07477e-06
-0.0179823
8.67318e-06
-0.0179805
1.26094e-05
-0.0179779
1.87185e-05
-0.0179739
2.84588e-05
-0.0179676
4.4304e-05
-0.0179577
7.00145e-05
-0.0179421
0.0001114
-0.0179174
0.000179192
-0.0178776
0.000288936
-0.0178153
0.000450766
-0.0177213
0.000672896
-0.0175728
0.000931508
0.000490462
0.00264633
-0.00823547
0.000208729
-0.00896237
-0.00233046
-0.00976467
-0.00485278
-0.0102538
-0.00722842
-0.0102728
-0.00940036
-0.00990322
-0.0113402
-0.00921112
-0.0130304
-0.00827598
-0.0144699
-0.00721064
-0.0156718
-0.00611811
-0.016658
-0.00507432
-0.0174545
-0.00412624
-0.0180887
-0.00329737
-0.0185867
-0.00259459
-0.0189732
-0.00201382
-0.0192695
-0.00154377
-0.0194944
-0.00117012
-0.0196632
-0.000877761
-0.0197888
-0.000652068
-0.0198815
-0.000480072
-0.0199492
-0.000350533
-0.0199983
-0.000253913
-0.0200337
-0.000182551
-0.0200589
-0.000130322
-0.0200769
-9.24203e-05
-0.0200895
-6.51192e-05
-0.0200984
-4.56008e-05
-0.0201045
-3.17484e-05
-0.0201088
-2.19801e-05
-0.0201118
-1.51355e-05
-0.0201138
-1.03681e-05
-0.0201152
-7.06652e-06
-0.0201161
-4.79216e-06
-0.0201167
-3.23371e-06
-0.0201171
-2.17127e-06
-0.0201174
-1.45023e-06
-0.0201176
-9.63118e-07
-0.0201177
-6.35506e-07
-0.0201178
-4.16117e-07
-0.0201179
-2.69788e-07
-0.0201179
-1.72548e-07
-0.0201179
-1.08204e-07
-0.020118
-6.5768e-08
-0.020118
-3.78371e-08
-0.020118
-1.94555e-08
-0.020118
-7.2541e-09
-0.020118
1.01461e-09
-0.020118
7.08757e-09
-0.020118
1.23562e-08
-0.020118
1.79406e-08
-0.020118
2.2938e-08
-0.020118
6.185e-09
-0.020118
-1.11673e-08
-0.020118
-7.54535e-09
-0.020118
-4.0498e-09
-0.020118
-2.29432e-09
-0.020118
-1.55022e-09
-0.020118
-1.44524e-09
-0.020118
-1.81979e-09
-0.020118
-2.38821e-09
-0.020118
-3.06836e-09
-0.020118
-4.16133e-09
-0.020118
-5.29632e-09
-0.020118
-6.04803e-09
-0.020118
-6.69184e-09
-0.020118
-7.11154e-09
-0.020118
-7.13471e-09
-0.020118
-6.45121e-09
-0.020118
-4.62882e-09
-0.020118
-1.27196e-09
-0.020118
4.246e-09
-0.020118
1.28936e-08
-0.020118
2.59722e-08
-0.0201179
4.52604e-08
-0.0201179
7.31575e-08
-0.0201179
1.12882e-07
-0.0201178
1.68772e-07
-0.0201178
2.46608e-07
-0.0201177
3.54122e-07
-0.0201176
5.01693e-07
-0.0201175
7.03369e-07
-0.0201173
9.78569e-07
-0.020117
1.35477e-06
-0.0201166
1.87211e-06
-0.0201161
2.59127e-06
-0.0201154
3.60723e-06
-0.0201144
5.0731e-06
-0.020113
7.2389e-06
-0.0201109
1.05159e-05
-0.0201078
1.55982e-05
-0.020103
2.36995e-05
-0.0200956
3.68775e-05
-0.0200838
5.82785e-05
-0.0200653
9.28344e-05
-0.0200357
0.000149592
-0.019988
0.000241277
-0.0199135
0.000376291
-0.0198012
0.000560521
-0.0196335
0.000763821
0.000395405
0.0027884
-0.00602386
0.000438818
-0.00661279
-0.00206793
-0.00725793
-0.00463146
-0.00769025
-0.00712474
-0.00777947
-0.0094683
-0.00755966
-0.0116067
-0.00707276
-0.0135006
-0.00638206
-0.0151332
-0.00557797
-0.0165081
-0.00474321
-0.0176427
-0.00393975
-0.0185624
-0.00320658
-0.0192959
-0.00256383
-0.0198726
-0.00201793
-0.02032
-0.00156637
-0.020663
-0.00120075
-0.0209231
-0.000910046
-0.0211183
-0.00068258
-0.0212634
-0.000507001
-0.0213702
-0.000373215
-0.0214483
-0.000272471
-0.0215049
-0.000197344
-0.0215455
-0.000141866
-0.0215746
-0.000101269
-0.0215952
-7.18126e-05
-0.0216097
-5.05975e-05
-0.0216199
-3.54315e-05
-0.021627
-2.46685e-05
-0.0216319
-1.70791e-05
-0.0216352
-1.17612e-05
-0.0216376
-8.05702e-06
-0.0216391
-5.49147e-06
-0.0216402
-3.72394e-06
-0.0216409
-2.51254e-06
-0.0216414
-1.68647e-06
-0.0216417
-1.12571e-06
-0.0216419
-7.46751e-07
-0.0216421
-4.91781e-07
-0.0216422
-3.20961e-07
-0.0216422
-2.06987e-07
-0.0216423
-1.31222e-07
-0.0216423
-8.10586e-08
-0.0216423
-4.79513e-08
-0.0216423
-2.61445e-08
-0.0216424
-1.17799e-08
-0.0216424
-2.22569e-09
-0.0216424
4.29738e-09
-0.0216424
9.13799e-09
-0.0216424
1.33404e-08
-0.0216424
1.75771e-08
-0.0216424
2.02946e-08
-0.0216424
6.64174e-09
-0.0216424
-7.50768e-09
-0.0216424
-5.93771e-09
-0.0216424
-3.40793e-09
-0.0216424
-2.0183e-09
-0.0216424
-1.45054e-09
-0.0216424
-1.45406e-09
-0.0216424
-1.90369e-09
-0.0216424
-2.56137e-09
-0.0216424
-3.33912e-09
-0.0216424
-4.46195e-09
-0.0216424
-5.64598e-09
-0.0216424
-6.56457e-09
-0.0216424
-7.4278e-09
-0.0216424
-8.14447e-09
-0.0216424
-8.56539e-09
-0.0216424
-8.45152e-09
-0.0216424
-7.4621e-09
-0.0216424
-5.28287e-09
-0.0216423
-1.42536e-09
-0.0216423
4.86119e-09
-0.0216423
1.45891e-08
-0.0216423
2.91529e-08
-0.0216423
5.04195e-08
-0.0216423
8.08918e-08
-0.0216422
1.23948e-07
-0.0216421
1.84085e-07
-0.0216421
2.67321e-07
-0.0216419
3.81729e-07
-0.0216418
5.38222e-07
-0.0216415
7.51873e-07
-0.0216412
1.04398e-06
-0.0216408
1.44562e-06
-0.0216402
2.00367e-06
-0.0216394
2.79142e-06
-0.0216383
3.92693e-06
-0.0216366
5.60288e-06
-0.0216342
8.13629e-06
-0.0216307
1.20631e-05
-0.0216253
1.83216e-05
-0.021617
2.85024e-05
-0.0216037
4.50485e-05
-0.0215827
7.18272e-05
-0.021549
0.000115905
-0.0214948
0.000187017
-0.02141
0.00029154
-0.0212827
0.000433212
-0.0211011
0.000582189
0.000296891
0.00291354
-0.0039374
0.0006521
-0.00435135
-0.00180549
-0.00480034
-0.00437615
-0.00511959
-0.00693922
-0.0052164
-0.00939976
-0.00509912
-0.0116811
-0.00479143
-0.0137259
-0.00433724
-0.0155042
-0.00379966
-0.0170111
-0.00323635
-0.0182597
-0.00269111
-0.0192745
-0.00219184
-0.0200851
-0.00175323
-0.0207228
-0.00138023
-0.0212177
-0.00107147
-0.021597
-0.000821389
-0.0218845
-0.000622523
-0.0221002
-0.000466908
-0.0222604
-0.000346789
-0.0223784
-0.000255267
-0.0224645
-0.000186358
-0.0225269
-0.000134975
-0.0225717
-9.70328e-05
-0.0226037
-6.92695e-05
-0.0226264
-4.91259e-05
-0.0226424
-3.46177e-05
-0.0226535
-2.42454e-05
-0.0226613
-1.68838e-05
-0.0226667
-1.1692e-05
-0.0226704
-8.05342e-06
-0.022673
-5.51825e-06
-0.0226747
-3.76178e-06
-0.0226759
-2.55115e-06
-0.0226767
-1.72098e-06
-0.0226772
-1.15452e-06
-0.0226775
-7.69733e-07
-0.0226778
-5.09503e-07
-0.0226779
-3.34257e-07
-0.022678
-2.16737e-07
-0.0226781
-1.38258e-07
-0.0226782
-8.6042e-08
-0.0226782
-5.14316e-08
-0.0226782
-2.85582e-08
-0.0226782
-1.34687e-08
-0.0226782
-3.50865e-09
-0.0226782
3.14847e-09
-0.0226782
7.75603e-09
-0.0226782
1.12552e-08
-0.0226782
1.43469e-08
-0.0226782
1.73221e-08
-0.0226782
1.83515e-08
-0.0226782
7.07696e-09
-0.0226782
-4.58353e-09
-0.0226782
-4.44306e-09
-0.0226782
-2.74741e-09
-0.0226782
-1.71825e-09
-0.0226782
-1.33345e-09
-0.0226782
-1.4442e-09
-0.0226782
-1.96323e-09
-0.0226782
-2.69669e-09
-0.0226782
-3.55944e-09
-0.0226782
-4.72634e-09
-0.0226782
-5.97524e-09
-0.0226782
-7.05398e-09
-0.0226782
-8.13465e-09
-0.0226782
-9.15384e-09
-0.0226782
-9.9953e-09
-0.0226782
-1.04892e-08
-0.0226782
-1.03907e-08
-0.0226782
-9.48317e-09
-0.0226782
-7.43403e-09
-0.0226782
-3.72737e-09
-0.0226782
2.33325e-09
-0.0226782
1.17138e-08
-0.0226782
2.56957e-08
-0.0226781
4.59926e-08
-0.0226781
7.49217e-08
-0.022678
1.15563e-07
-0.0226779
1.72038e-07
-0.0226778
2.4988e-07
-0.0226776
3.56546e-07
-0.0226773
5.02337e-07
-0.022677
7.01795e-07
-0.0226765
9.76105e-07
-0.0226759
1.35717e-06
-0.022675
1.89486e-06
-0.0226737
2.66939e-06
-0.0226719
3.81171e-06
-0.0226693
5.53724e-06
-0.0226655
8.21066e-06
-0.0226596
1.2471e-05
-0.0226505
1.94018e-05
-0.0226362
3.06723e-05
-0.0226133
4.89417e-05
-0.0225764
7.90591e-05
-0.022517
0.000127618
-0.0224243
0.000198845
-0.0222859
0.000294821
-0.0220956
0.000391855
0.000197444
0.00300616
-0.00194356
0.000812579
-0.00215777
-0.00160063
-0.00238713
-0.00416408
-0.00255614
-0.00676434
-0.00261613
-0.00929694
-0.00256652
-0.0116705
-0.0024179
-0.0138148
-0.00219288
-0.0156906
-0.00192393
-0.0172865
-0.00164045
-0.0186125
-0.00136505
-0.019692
-0.00111234
-0.0205552
-0.000890023
-0.0212347
-0.000700778
-0.0217621
-0.000544083
-0.0221663
-0.000417149
-0.0224726
-0.000316197
-0.0227023
-0.000237195
-0.0228729
-0.000176198
-0.0229985
-0.000129719
-0.0230901
-9.47279e-05
-0.0231565
-6.86313e-05
-0.0232041
-4.93571e-05
-0.0232382
-3.52513e-05
-0.0232623
-2.5015e-05
-0.0232792
-1.76391e-05
-0.0232911
-1.23629e-05
-0.0232994
-8.61619e-06
-0.0233051
-5.97199e-06
-0.023309
-4.11721e-06
-0.0233117
-2.82357e-06
-0.0233136
-1.92618e-06
-0.0233148
-1.30674e-06
-0.0233157
-8.81213e-07
-0.0233162
-5.9029e-07
-0.0233166
-3.9224e-07
-0.0233169
-2.57972e-07
-0.023317
-1.67306e-07
-0.0233171
-1.0633e-07
-0.0233172
-6.54983e-08
-0.0233173
-3.82539e-08
-0.0233173
-2.01379e-08
-0.0233173
-8.11967e-09
-0.0233173
-1.55178e-10
-0.0233173
5.13537e-09
-0.0233173
8.72547e-09
-0.0233173
1.13027e-08
-0.0233173
1.33907e-08
-0.0233173
1.53553e-08
-0.0233173
1.71667e-08
-0.0233173
1.69409e-08
-0.0233173
7.48253e-09
-0.0233173
-2.24963e-09
-0.0233173
-3.08755e-09
-0.0233173
-2.09566e-09
-0.0233173
-1.40729e-09
-0.0233173
-1.20291e-09
-0.0233173
-1.41706e-09
-0.0233173
-1.99947e-09
-0.0233173
-2.79695e-09
-0.0233173
-3.73343e-09
-0.0233173
-4.95075e-09
-0.0233173
-6.27237e-09
-0.0233173
-7.50373e-09
-0.0233173
-8.79668e-09
-0.0233173
-1.01179e-08
-0.0233173
-1.13908e-08
-0.0233173
-1.25139e-08
-0.0233173
-1.33407e-08
-0.0233173
-1.37641e-08
-0.0233173
-1.36185e-08
-0.0233173
-1.26359e-08
-0.0233173
-1.04549e-08
-0.0233173
-6.56679e-09
-0.0233173
-3.12435e-10
-0.0233172
9.18155e-09
-0.0233172
2.31028e-08
-0.0233171
4.30225e-08
-0.023317
7.10462e-08
-0.0233169
1.09997e-07
-0.0233167
1.63667e-07
-0.0233164
2.37289e-07
-0.023316
3.38255e-07
-0.0233155
4.7731e-07
-0.0233148
6.70609e-07
-0.0233139
9.43375e-07
-0.0233126
1.3362e-06
-0.0233107
1.91529e-06
-0.0233079
2.78959e-06
-0.0233038
4.14367e-06
-0.0232977
6.30115e-06
-0.0232881
9.81082e-06
-0.0232729
1.55197e-05
-0.0232488
2.47821e-05
-0.0232098
4.00628e-05
-0.0231469
6.46963e-05
-0.0230488
0.000100769
-0.0229031
0.000149185
-0.0227082
0.000196881
9.8429e-05
0.00305593
5.03848e-07
0.000897708
4.52296e-07
-0.00148962
1.92198e-07
-0.00404562
-1.36355e-07
-0.00666172
-3.18476e-08
-0.00922857
3.21797e-07
-0.0116472
7.52578e-07
-0.013841
9.04536e-07
-0.0157655
5.83175e-07
-0.0174062
2.8186e-07
-0.0187714
9.89701e-08
-0.0198837
-4.39976e-08
-0.0207736
-1.43186e-07
-0.0214742
-1.50956e-07
-0.0220181
-2.06744e-07
-0.0224349
-2.76593e-07
-0.0227508
-3.26183e-07
-0.0229877
-3.55187e-07
-0.0231635
-3.37895e-07
-0.0232929
-3.11537e-07
-0.0233874
-2.97188e-07
-0.0234557
-2.70091e-07
-0.0235048
-2.38377e-07
-0.0235399
-2.08043e-07
-0.0235647
-1.81054e-07
-0.0235822
-1.53264e-07
-0.0235944
-1.26602e-07
-0.0236029
-1.0333e-07
-0.0236088
-8.2775e-08
-0.0236129
-6.49274e-08
-0.0236157
-4.96364e-08
-0.0236176
-3.67303e-08
-0.0236188
-2.59064e-08
-0.0236197
-1.6942e-08
-0.0236203
-9.6605e-09
-0.0236207
-3.82502e-09
-0.0236209
7.92647e-10
-0.0236211
4.40441e-09
-0.0236212
7.18261e-09
-0.0236213
9.26693e-09
-0.0236213
1.08137e-08
-0.0236214
1.19543e-08
-0.0236214
1.27991e-08
-0.0236214
1.34304e-08
-0.0236214
1.3917e-08
-0.0236214
1.4354e-08
-0.0236214
1.48439e-08
-0.0236214
1.54906e-08
-0.0236214
1.63377e-08
-0.0236214
1.70883e-08
-0.0236214
1.59223e-08
-0.0236214
7.84859e-09
-0.0236214
-3.89077e-10
-0.0236214
-1.88268e-09
-0.0236214
-1.47281e-09
-0.0236214
-1.09628e-09
-0.0236214
-1.06305e-09
-0.0236214
-1.37426e-09
-0.0236214
-2.01335e-09
-0.0236214
-2.86408e-09
-0.0236214
-3.86343e-09
-0.0236214
-5.13136e-09
-0.0236214
-6.5269e-09
-0.0236214
-7.90139e-09
-0.0236214
-9.39747e-09
-0.0236214
-1.10134e-08
-0.0236214
-1.27164e-08
-0.0236214
-1.44728e-08
-0.0236214
-1.62342e-08
-0.0236214
-1.80107e-08
-0.0236214
-1.98101e-08
-0.0236214
-2.16172e-08
-0.0236214
-2.34155e-08
-0.0236214
-2.51695e-08
-0.0236213
-2.68611e-08
-0.0236213
-2.84823e-08
-0.0236212
-3.00097e-08
-0.0236212
-3.14271e-08
-0.0236211
-3.27087e-08
-0.0236209
-3.3822e-08
-0.0236207
-3.47543e-08
-0.0236205
-3.54812e-08
-0.0236201
-3.59683e-08
-0.0236196
-3.61802e-08
-0.0236189
-3.61114e-08
-0.0236179
-3.57644e-08
-0.0236165
-3.51172e-08
-0.0236146
-3.4154e-08
-0.0236117
-3.28847e-08
-0.0236076
-3.13112e-08
-0.0236012
-2.9401e-08
-0.0235914
-2.71166e-08
-0.0235758
-2.44278e-08
-0.023551
-2.13269e-08
-0.023511
-1.76543e-08
-0.0234463
-1.36205e-08
-0.0233455
-8.91201e-09
-0.0231963
-3.72202e-09
-0.0229994
8.97065e-10
6.42772e-10
0.00305593
0.00194458
0.000897693
0.00215868
-0.00148964
0.00238752
-0.00404563
0.00255586
-0.00666174
0.00261607
-0.0092286
0.00256718
-0.0116473
0.00241942
-0.0138411
0.0021947
-0.0157656
0.00192508
-0.0174063
0.001641
-0.0187714
0.00136524
-0.0198837
0.00111224
-0.0207736
0.000889735
-0.0214742
0.000700477
-0.0220181
0.000543668
-0.022435
0.000416592
-0.0227508
0.000315541
-0.0229877
0.00023648
-0.0231635
0.00017552
-0.0232929
0.000129096
-0.0233874
9.41327e-05
-0.0234557
6.80908e-05
-0.0235048
4.88806e-05
-0.0235399
3.48357e-05
-0.0235647
2.46533e-05
-0.0235822
1.7333e-05
-0.0235944
1.21102e-05
-0.0236029
8.40998e-06
-0.0236088
5.80684e-06
-0.0236129
3.98769e-06
-0.0236157
2.72456e-06
-0.0236176
1.85291e-06
-0.0236188
1.25507e-06
-0.0236197
8.47422e-07
-0.0236203
5.71012e-07
-0.0236207
3.84595e-07
-0.0236209
2.59534e-07
-0.0236211
1.76069e-07
-0.0236212
1.2063e-07
-0.0236213
8.39536e-08
-0.0236213
5.97946e-08
-0.0236214
4.39532e-08
-0.0236214
3.36192e-08
-0.0236214
2.69135e-08
-0.0236214
2.25942e-08
-0.0236214
1.98793e-08
-0.0236214
1.82832e-08
-0.0236214
1.74978e-08
-0.0236214
1.7262e-08
-0.0236214
1.70572e-08
-0.0236214
1.51811e-08
-0.0236214
8.16473e-09
-0.0236214
1.08936e-09
-0.0236214
-8.30772e-10
-0.0236214
-8.93044e-10
-0.0236214
-7.93862e-10
-0.0236214
-9.17639e-10
-0.0236214
-1.31729e-09
-0.0236214
-2.00547e-09
-0.0236214
-2.89903e-09
-0.0236214
-3.95017e-09
-0.0236214
-5.26418e-09
-0.0236214
-6.72932e-09
-0.0236214
-8.23463e-09
-0.0236214
-9.92024e-09
-0.0236214
-1.18164e-08
-0.0236214
-1.39361e-08
-0.0236214
-1.63118e-08
-0.0236214
-1.89916e-08
-0.0236214
-2.21052e-08
-0.0236214
-2.58351e-08
-0.0236214
-3.04177e-08
-0.0236214
-3.61811e-08
-0.0236214
-4.35634e-08
-0.0236213
-5.3188e-08
-0.0236213
-6.59119e-08
-0.0236213
-8.28764e-08
-0.0236212
-1.0562e-07
-0.0236211
-1.36197e-07
-0.0236209
-1.77367e-07
-0.0236207
-2.32896e-07
-0.0236205
-3.07969e-07
-0.0236201
-4.09909e-07
-0.0236196
-5.49392e-07
-0.0236189
-7.42557e-07
-0.0236179
-1.01464e-06
-0.0236165
-1.40617e-06
-0.0236146
-1.98335e-06
-0.0236117
-2.85512e-06
-0.0236076
-4.20606e-06
-0.0236012
-6.35973e-06
-0.0235914
-9.86484e-06
-0.0235759
-1.55684e-05
-0.0235511
-2.48246e-05
-0.023511
-4.00979e-05
-0.0234463
-6.47234e-05
-0.0233455
-0.000100787
-0.0231963
-0.000149192
-0.0229994
-0.000196879
-9.84278e-05
0.00300614
0.00393843
0.000812535
0.00435229
-0.00160069
0.00480075
-0.00416411
0.00511928
-0.00676438
0.00521635
-0.00929702
0.00509982
-0.0116706
0.00479298
-0.013815
0.00433909
-0.0156907
0.00380078
-0.0172865
0.00323686
-0.0186126
0.00269128
-0.0196921
0.00219174
-0.0205553
0.00175294
-0.0212347
0.00137993
-0.0217621
0.00107105
-0.0221663
0.000820819
-0.0224726
0.000621853
-0.0227023
0.000466179
-0.0228729
0.000346104
-0.0229985
0.000254642
-0.0230901
0.00018576
-0.0231564
0.000134433
-0.0232041
9.65569e-05
-0.0232381
6.88553e-05
-0.0232623
4.87653e-05
-0.0232792
3.43129e-05
-0.0232911
2.39943e-05
-0.0232994
1.66789e-05
-0.0233051
1.15281e-05
-0.023309
7.92488e-06
-0.0233117
5.42003e-06
-0.0233136
3.68911e-06
-0.0233148
2.49992e-06
-0.0233157
1.68747e-06
-0.0233162
1.13537e-06
-0.0233166
7.62103e-07
-0.0233169
5.10995e-07
-0.023317
3.42881e-07
-0.0233171
2.30842e-07
-0.0233172
1.56479e-07
-0.0233173
1.07324e-07
-0.0233173
7.49684e-08
-0.0233173
5.37615e-08
-0.0233173
3.99195e-08
-0.0233173
3.09267e-08
-0.0233173
2.51478e-08
-0.0233173
2.1525e-08
-0.0233173
1.93549e-08
-0.0233173
1.80939e-08
-0.0233173
1.70402e-08
-0.0233173
1.46254e-08
-0.0233173
8.4211e-09
-0.0233173
2.25596e-09
-0.0233173
7.17604e-11
-0.0233173
-3.65618e-10
-0.0233173
-5.06396e-10
-0.0233173
-7.69628e-10
-0.0233173
-1.24708e-09
-0.0233173
-1.97576e-09
-0.0233173
-2.90165e-09
-0.0233173
-3.99294e-09
-0.0233173
-5.3448e-09
-0.0233173
-6.87065e-09
-0.0233173
-8.49124e-09
-0.0233173
-1.0348e-08
-0.0233173
-1.25026e-08
-0.0233173
-1.50135e-08
-0.0233173
-1.79767e-08
-0.0233173
-2.15329e-08
-0.0233173
-2.593e-08
-0.0233173
-3.15204e-08
-0.0233173
-3.87841e-08
-0.0233173
-4.83834e-08
-0.0233173
-6.12169e-08
-0.0233173
-7.85307e-08
-0.0233172
-1.02021e-07
-0.0233172
-1.33958e-07
-0.0233171
-1.77391e-07
-0.023317
-2.36391e-07
-0.0233169
-3.16427e-07
-0.0233167
-4.24936e-07
-0.0233164
-5.72169e-07
-0.023316
-7.72604e-07
-0.0233155
-1.04735e-06
-0.0233149
-1.4283e-06
-0.0233139
-1.96531e-06
-0.0233126
-2.73858e-06
-0.0233107
-3.87901e-06
-0.0233079
-5.60204e-06
-0.0233039
-8.27236e-06
-0.0232977
-1.25289e-05
-0.0232881
-1.94552e-05
-0.023273
-3.07204e-05
-0.0232488
-4.89836e-05
-0.0232098
-7.90937e-05
-0.0231469
-0.000127645
-0.0230488
-0.000198863
-0.0229032
-0.000294829
-0.0227082
-0.000391853
-0.000197443
0.00291352
0.00602492
0.00065203
0.00661378
-0.00180559
0.00725837
-0.00437621
0.00768989
-0.0069393
0.00777944
-0.00939991
0.00756043
-0.0116813
0.00707436
-0.0137262
0.00638397
-0.0155044
0.00557905
-0.0170112
0.00474366
-0.0182598
0.0039399
-0.0192746
0.00320646
-0.0200851
0.00256353
-0.0207228
0.00201763
-0.0212177
0.00156593
-0.0215971
0.00120015
-0.0218846
0.000909355
-0.0221002
0.000681829
-0.0222604
0.000506306
-0.0223784
0.000372588
-0.0224645
0.000271869
-0.0225268
0.000196802
-0.0225717
0.000141392
-0.0226037
0.000100857
-0.0226264
7.1454e-05
-0.0226424
5.0295e-05
-0.0226535
3.5183e-05
-0.0226613
2.4466e-05
-0.0226667
1.69172e-05
-0.0226704
1.16343e-05
-0.022673
7.9601e-06
-0.0226747
5.41978e-06
-0.0226759
3.67343e-06
-0.0226767
2.4795e-06
-0.0226772
1.66753e-06
-0.0226776
1.1181e-06
-0.0226778
7.4813e-07
-0.0226779
5.00177e-07
-0.0226781
3.34743e-07
-0.0226781
2.24821e-07
-0.0226782
1.52079e-07
-0.0226782
1.04137e-07
-0.0226782
7.26662e-08
-0.0226782
5.2087e-08
-0.0226782
3.86822e-08
-0.0226782
3.00113e-08
-0.0226782
2.44767e-08
-0.0226782
2.10058e-08
-0.0226782
1.87988e-08
-0.0226782
1.70039e-08
-0.0226782
1.41822e-08
-0.0226782
8.60863e-09
-0.0226782
3.16438e-09
-0.0226782
8.31755e-10
-0.0226782
1.03899e-10
-0.0226782
-2.38446e-10
-0.0226782
-6.21285e-10
-0.0226782
-1.16421e-09
-0.0226782
-1.92376e-09
-0.0226782
-2.87111e-09
-0.0226782
-3.99013e-09
-0.0226782
-5.36878e-09
-0.0226782
-6.94262e-09
-0.0226782
-8.65961e-09
-0.0226782
-1.06645e-08
-0.0226782
-1.30484e-08
-0.0226782
-1.59134e-08
-0.0226782
-1.94151e-08
-0.0226782
-2.3781e-08
-0.0226782
-2.9371e-08
-0.0226782
-3.66983e-08
-0.0226782
-4.6471e-08
-0.0226782
-5.96663e-08
-0.0226782
-7.76154e-08
-0.0226782
-1.0215e-07
-0.0226781
-1.35754e-07
-0.0226781
-1.81761e-07
-0.022678
-2.44635e-07
-0.0226779
-3.30345e-07
-0.0226778
-4.46908e-07
-0.0226776
-6.05216e-07
-0.0226774
-8.20294e-07
-0.022677
-1.11338e-06
-0.0226766
-1.51548e-06
-0.0226759
-2.07342e-06
-0.022675
-2.86053e-06
-0.0226738
-3.99481e-06
-0.022672
-5.66892e-06
-0.0226694
-8.19988e-06
-0.0226655
-1.21236e-05
-0.0226597
-1.83784e-05
-0.0226506
-2.85547e-05
-0.0226362
-4.50955e-05
-0.0226133
-7.18682e-05
-0.0225765
-0.000115939
-0.0225171
-0.000187044
-0.0224244
-0.000291557
-0.022286
-0.000433219
-0.0220957
-0.000582188
-0.00029689
0.00278837
0.00823655
0.000438728
0.00896342
-0.00206808
0.00976518
-0.00463155
0.0102534
-0.00712488
0.0102728
-0.00946853
0.00990408
-0.011607
0.00921278
-0.013501
0.00827796
-0.0151335
0.00721164
-0.0165083
0.00611846
-0.0176429
0.00507444
-0.0185625
0.00412608
-0.019296
0.00329705
-0.0198727
0.00259429
-0.0203201
0.00201335
-0.0206631
0.00154315
-0.0209232
0.0011694
-0.0211183
0.000876979
-0.0212634
0.000651359
-0.0213702
0.000479442
-0.0214483
0.000349925
-0.0215048
0.000253369
-0.0215455
0.000182079
-0.0215746
0.000129914
-0.0215952
9.20643e-05
-0.0216097
6.48199e-05
-0.0216199
4.5356e-05
-0.021627
3.1549e-05
-0.0216319
2.18209e-05
-0.0216352
1.50109e-05
-0.0216376
1.02731e-05
-0.0216391
6.99619e-06
-0.0216402
4.74266e-06
-0.0216409
3.20133e-06
-0.0216414
2.15262e-06
-0.0216417
1.44266e-06
-0.021642
9.6434e-07
-0.0216421
6.43587e-07
-0.0216422
4.29451e-07
-0.0216423
2.87086e-07
-0.0216423
1.92819e-07
-0.0216423
1.3065e-07
-0.0216423
8.98085e-08
-0.0216424
6.30772e-08
-0.0216424
4.5643e-08
-0.0216424
3.43314e-08
-0.0216424
2.70517e-08
-0.0216424
2.23978e-08
-0.0216424
1.93434e-08
-0.0216424
1.69161e-08
-0.0216424
1.3793e-08
-0.0216424
8.7193e-09
-0.0216424
3.85547e-09
-0.0216424
1.45771e-09
-0.0216424
5.12683e-10
-0.0216424
6.87456e-12
-0.0216424
-4.74304e-10
-0.0216424
-1.06905e-09
-0.0216424
-1.84887e-09
-0.0216424
-2.8063e-09
-0.0216424
-3.93979e-09
-0.0216424
-5.33194e-09
-0.0216424
-6.93789e-09
-0.0216424
-8.72918e-09
-0.0216424
-1.08544e-08
-0.0216424
-1.34316e-08
-0.0216424
-1.66028e-08
-0.0216424
-2.05782e-08
-0.0216424
-2.56632e-08
-0.0216424
-3.23209e-08
-0.0216424
-4.12107e-08
-0.0216424
-5.32477e-08
-0.0216423
-6.96943e-08
-0.0216423
-9.22744e-08
-0.0216423
-1.2335e-07
-0.0216423
-1.66121e-07
-0.0216422
-2.24879e-07
-0.0216422
-3.05374e-07
-0.0216421
-4.15293e-07
-0.021642
-5.64963e-07
-0.0216418
-7.68413e-07
-0.0216416
-1.04502e-06
-0.0216413
-1.4222e-06
-0.0216409
-1.94001e-06
-0.0216403
-2.6591e-06
-0.0216395
-3.67445e-06
-0.0216383
-5.13913e-06
-0.0216367
-7.30315e-06
-0.0216343
-1.05777e-05
-0.0216308
-1.5657e-05
-0.0216254
-2.37547e-05
-0.021617
-3.69283e-05
-0.0216038
-5.83242e-05
-0.0215828
-9.28741e-05
-0.0215491
-0.000149625
-0.0214948
-0.000241302
-0.0214101
-0.000376308
-0.0212828
-0.000560528
-0.0211011
-0.000763821
-0.000395404
0.0026463
0.0105903
0.000208626
0.0114011
-0.00233066
0.0123045
-0.00485294
0.0127756
-0.00722865
0.0126485
-0.0094007
0.0120761
-0.0113406
0.0111527
-0.0130309
0.00996825
-0.0144703
0.00865103
-0.015672
0.00732023
-0.0166582
0.00606058
-0.0174547
0.00492262
-0.0180888
0.00393117
-0.0185869
0.00309236
-0.0189733
0.00239974
-0.0192696
0.00183946
-0.0194944
0.0013942
-0.0196632
0.00104581
-0.0197888
0.000776961
-0.0198814
0.000572054
-0.0199492
0.00041764
-0.0199983
0.000302486
-0.0200336
0.000217438
-0.0200589
0.000155186
-0.0200768
0.000110004
-0.0200895
7.74721e-05
-0.0200984
5.42235e-05
-0.0201045
3.7727e-05
-0.0201088
2.61007e-05
-0.0201118
1.79595e-05
-0.0201138
1.22939e-05
-0.0201152
8.37418e-06
-0.0201161
5.67772e-06
-0.0201167
3.83284e-06
-0.0201172
2.57716e-06
-0.0201174
1.72678e-06
-0.0201176
1.15364e-06
-0.0201178
7.69143e-07
-0.0201178
5.12348e-07
-0.0201179
3.41554e-07
-0.0201179
2.28418e-07
-0.020118
1.53772e-07
-0.020118
1.04711e-07
-0.020118
7.25816e-08
-0.020118
5.16112e-08
-0.020118
3.79819e-08
-0.020118
2.91711e-08
-0.020118
2.3482e-08
-0.020118
1.96958e-08
-0.020118
1.67466e-08
-0.020118
1.34113e-08
-0.020118
8.74553e-09
-0.020118
4.35965e-09
-0.020118
1.95797e-09
-0.020118
8.59121e-10
-0.020118
2.26791e-10
-0.020118
-3.30736e-10
-0.020118
-9.62649e-10
-0.020118
-1.75131e-09
-0.020118
-2.70687e-09
-0.020118
-3.84081e-09
-0.020118
-5.23146e-09
-0.020118
-6.85108e-09
-0.020118
-8.69164e-09
-0.020118
-1.09053e-08
-0.020118
-1.36334e-08
-0.020118
-1.70531e-08
-0.020118
-2.14224e-08
-0.020118
-2.71147e-08
-0.020118
-3.46834e-08
-0.020118
-4.49153e-08
-0.020118
-5.8905e-08
-0.020118
-7.81628e-08
-0.020118
-1.04753e-07
-0.0201179
-1.41499e-07
-0.0201179
-1.92217e-07
-0.0201179
-2.62034e-07
-0.0201178
-3.57808e-07
-0.0201178
-4.88715e-07
-0.0201177
-6.67086e-07
-0.0201175
-9.09679e-07
-0.0201173
-1.23966e-06
-0.0201171
-1.68987e-06
-0.0201167
-2.30838e-06
-0.0201162
-3.16805e-06
-0.0201155
-4.38324e-06
-0.0201145
-6.13842e-06
-0.020113
-8.73512e-06
-0.0201109
-1.2669e-05
-0.0201078
-1.87752e-05
-0.0201031
-2.85119e-05
-0.0200956
-4.43528e-05
-0.0200839
-7.00584e-05
-0.0200653
-0.000111438
-0.0200358
-0.000179223
-0.0199881
-0.00028896
-0.0199136
-0.000450782
-0.0198012
-0.000672903
-0.0196336
-0.000931508
-0.000490462
0.00251086
0.0130794
1.4368e-05
0.0138976
-0.00251156
0.0148304
-0.00493362
0.0151977
-0.0071258
0.0148407
-0.00906072
0.0140111
-0.0107414
0.0128333
-0.0121742
0.0114011
-0.0133745
0.00985134
-0.0143651
0.00831081
-0.0151718
0.00686722
-0.0158203
0.00557117
-0.0163354
0.00444622
-0.0167396
0.00349656
-0.0170532
0.00271335
-0.0172939
0.00208014
-0.0174767
0.00157701
-0.0176142
0.00118331
-0.0177166
0.00087941
-0.0177923
0.000647711
-0.0178477
0.000473042
-0.0178879
0.000342732
-0.0179169
0.00024645
-0.0179377
0.00017595
-0.0179525
0.000124762
-0.0179629
8.78919e-05
-0.0179702
6.15343e-05
-0.0179753
4.28257e-05
-0.0179788
2.96362e-05
-0.0179813
2.03975e-05
-0.0179829
1.39661e-05
-0.0179841
9.51536e-06
-0.0179849
6.45264e-06
-0.0179854
4.35652e-06
-0.0179857
2.9294e-06
-0.017986
1.96261e-06
-0.0179861
1.3108e-06
-0.0179862
8.73389e-07
-0.0179863
5.81153e-07
-0.0179863
3.86725e-07
-0.0179864
2.57894e-07
-0.0179864
1.72864e-07
-0.0179864
1.16959e-07
-0.0179864
8.03319e-08
-0.0179864
5.64146e-08
-0.0179864
4.08534e-08
-0.0179864
3.07662e-08
-0.0179864
2.42159e-08
-0.0179864
1.98279e-08
-0.0179864
1.64684e-08
-0.0179864
1.3e-08
-0.0179864
8.68082e-09
-0.0179864
4.69997e-09
-0.0179864
2.34069e-09
-0.0179864
1.14278e-09
-0.0179864
4.19129e-10
-0.0179864
-1.9259e-10
-0.0179864
-8.46393e-10
-0.0179864
-1.63179e-09
-0.0179864
-2.57305e-09
-0.0179864
-3.69274e-09
-0.0179864
-5.06558e-09
-0.0179864
-6.67846e-09
-0.0179864
-8.54075e-09
-0.0179864
-1.08071e-08
-0.0179864
-1.36382e-08
-0.0179864
-1.72403e-08
-0.0179864
-2.19111e-08
-0.0179864
-2.80801e-08
-0.0179864
-3.63754e-08
-0.0179864
-4.76885e-08
-0.0179864
-6.3261e-08
-0.0179864
-8.48064e-08
-0.0179864
-1.14668e-07
-0.0179864
-1.56044e-07
-0.0179864
-2.13256e-07
-0.0179863
-2.92108e-07
-0.0179863
-4.00364e-07
-0.0179862
-5.48412e-07
-0.0179862
-7.50218e-07
-0.017986
-1.02478e-06
-0.0179859
-1.39838e-06
-0.0179857
-1.90837e-06
-0.0179854
-2.60952e-06
-0.0179849
-3.58503e-06
-0.0179844
-4.96574e-06
-0.0179835
-6.96304e-06
-0.0179824
-9.9227e-06
-0.0179806
-1.44128e-05
-0.017978
-2.13883e-05
-0.017974
-3.25149e-05
-0.0179677
-5.06218e-05
-0.0179578
-7.99787e-05
-0.0179422
-0.000127049
-0.0179175
-0.000203911
-0.0178777
-0.000328781
-0.0178154
-0.00051305
-0.0177214
-0.000766906
-0.0175729
-0.00107999
-0.000579239
0.00241545
0.0156639
-7.22718e-05
0.0163853
-0.00250316
0.0172613
-0.00473753
0.0174321
-0.00666122
0.0167644
-0.00828322
0.0156331
-0.0096403
0.0141904
-0.0107627
0.0125235
-0.0116811
0.0107697
-0.0124264
0.00905609
-0.0130267
0.00746749
-0.0135062
0.00605074
-0.013886
0.00482594
-0.0141837
0.00379435
-0.014415
0.0029446
-0.0145928
0.00225795
-0.0147282
0.0017124
-0.0148303
0.00128541
-0.0149066
0.000955701
-0.0149631
0.000704211
-0.0150046
0.000514529
-0.0150348
0.000372947
-0.0150566
0.000268285
-0.0150723
0.000191613
-0.0150834
0.000135918
-0.0150913
9.57851e-05
-0.0150969
6.70828e-05
-0.0151007
4.67021e-05
-0.0151034
3.23285e-05
-0.0151053
2.22569e-05
-0.0151066
1.52434e-05
-0.0151075
1.03881e-05
-0.015108
7.04599e-06
-0.0151084
4.75793e-06
-0.0151087
3.19964e-06
-0.0151089
2.14367e-06
-0.015109
1.43152e-06
-0.0151091
9.53464e-07
-0.0151092
6.33976e-07
-0.0151092
4.21357e-07
-0.0151092
2.80432e-07
-0.0151092
1.87394e-07
-0.0151092
1.26206e-07
-0.0151092
8.61052e-08
-0.0151092
5.99103e-08
-0.0151092
4.2855e-08
-0.0151092
3.17801e-08
-0.0151092
2.45637e-08
-0.0151092
1.97152e-08
-0.0151092
1.60582e-08
-0.0151092
1.25296e-08
-0.0151092
8.51947e-09
-0.0151092
4.89357e-09
-0.0151092
2.61305e-09
-0.0151092
1.36354e-09
-0.0151092
5.81662e-10
-0.0151092
-6.23883e-11
-0.0151092
-7.22519e-10
-0.0151093
-1.49213e-09
-0.0151093
-2.4063e-09
-0.0151093
-3.49655e-09
-0.0151093
-4.83433e-09
-0.0151093
-6.41864e-09
-0.0151093
-8.27314e-09
-0.0151093
-1.05536e-08
-0.0151093
-1.34351e-08
-0.0151093
-1.71465e-08
-0.0151093
-2.20159e-08
-0.0151093
-2.85156e-08
-0.0151093
-3.73302e-08
-0.0151093
-4.94301e-08
-0.0151092
-6.61674e-08
-0.0151092
-8.94075e-08
-0.0151092
-1.21702e-07
-0.0151092
-1.66529e-07
-0.0151092
-2.28586e-07
-0.0151092
-3.14179e-07
-0.0151092
-4.31743e-07
-0.0151091
-5.92566e-07
-0.0151091
-8.1183e-07
-0.015109
-1.1102e-06
-0.0151089
-1.51634e-06
-0.0151087
-2.07102e-06
-0.0151085
-2.83422e-06
-0.0151082
-3.89726e-06
-0.0151077
-5.40409e-06
-0.0151071
-7.5877e-06
-0.0151062
-1.08295e-05
-0.0151048
-1.57558e-05
-0.0151028
-2.34167e-05
-0.0150997
-3.56427e-05
-0.0150948
-5.55502e-05
-0.0150869
-8.78019e-05
-0.0150747
-0.000139265
-0.0150556
-0.000222994
-0.0150246
-0.00035981
-0.0149759
-0.000561774
-0.0149026
-0.000840162
-0.0147762
-0.00120644
-0.00066054
0.00240444
0.0182595
3.99974e-05
0.0187498
-0.00217387
0.0194751
-0.00410427
0.0193625
-0.00565792
0.018318
-0.00688419
0.0168593
-0.00785267
0.0151589
-0.00861471
0.0132856
-0.00921341
0.0113684
-0.00968493
0.00952761
-0.0100574
0.00783993
-0.0103517
0.00634508
-0.0105837
0.00505799
-0.0107658
0.00397638
-0.0109076
0.00308642
-0.0110172
0.00236755
-0.0111011
0.00179635
-0.0111649
0.00134913
-0.0112128
0.00100362
-0.0112485
0.000739926
-0.0112749
0.000540912
-0.0112942
0.000392271
-0.0113083
0.000282324
-0.0113184
0.000201733
-0.0113256
0.00014316
-0.0113308
0.00010093
-0.0113344
7.07135e-05
-0.0113369
4.92479e-05
-0.0113387
3.41027e-05
-0.0113399
2.34861e-05
-0.0113408
1.60901e-05
-0.0113414
1.09683e-05
-0.0113418
7.44139e-06
-0.011342
5.026e-06
-0.0113422
3.38046e-06
-0.0113423
2.26499e-06
-0.0113424
1.51247e-06
-0.0113425
1.00717e-06
-0.0113425
6.69365e-07
-0.0113425
4.44492e-07
-0.0113425
2.95406e-07
-0.0113426
1.96954e-07
-0.0113426
1.32187e-07
-0.0113426
8.97308e-08
-0.0113426
6.19891e-08
-0.0113426
4.39178e-08
-0.0113426
3.21696e-08
-0.0113426
2.44986e-08
-0.0113426
1.93393e-08
-0.0113426
1.54975e-08
-0.0113426
1.19781e-08
-0.0113426
8.25762e-09
-0.0113426
4.95418e-09
-0.0113426
2.78209e-09
-0.0113426
1.52221e-09
-0.0113426
7.12836e-10
-0.0113426
5.76194e-11
-0.0113426
-5.93348e-10
-0.0113426
-1.3345e-09
-0.0113426
-2.20865e-09
-0.0113426
-3.25402e-09
-0.0113426
-4.53894e-09
-0.0113426
-6.07195e-09
-0.0113426
-7.88785e-09
-0.0113426
-1.01417e-08
-0.0113426
-1.30176e-08
-0.0113426
-1.67601e-08
-0.0113426
-2.17173e-08
-0.0113426
-2.839e-08
-0.0113426
-3.74993e-08
-0.0113426
-5.00663e-08
-0.0113426
-6.75134e-08
-0.0113426
-9.18026e-08
-0.0113426
-1.25618e-07
-0.0113426
-1.72612e-07
-0.0113426
-2.37717e-07
-0.0113425
-3.2755e-07
-0.0113425
-4.50965e-07
-0.0113425
-6.19805e-07
-0.0113425
-8.50014e-07
-0.0113424
-1.16332e-06
-0.0113423
-1.58988e-06
-0.0113422
-2.17277e-06
-0.0113421
-2.97546e-06
-0.0113419
-4.09491e-06
-0.0113416
-5.68437e-06
-0.0113412
-7.99237e-06
-0.0113406
-1.14263e-05
-0.0113397
-1.66543e-05
-0.0113383
-2.4794e-05
-0.0113362
-3.7793e-05
-0.0113328
-5.898e-05
-0.0113273
-9.32869e-05
-0.0113188
-0.000147718
-0.0113059
-0.00023593
-0.0112843
-0.00038139
-0.0112498
-0.000596316
-0.0111979
-0.000891986
-0.0110905
-0.00131387
-0.000737637
0.00253246
0.020727
0.000458003
0.0208242
-0.00137698
0.0213101
-0.00286314
0.0208486
-0.0039349
0.0193898
-0.00468131
0.0176057
-0.00520017
0.0156777
-0.0055587
0.0136441
-0.00580768
0.0116174
-0.00598451
0.00970445
-0.00611434
0.00796976
-0.00621286
0.0064436
-0.00628953
0.00513465
-0.00635009
0.00403694
-0.00639821
0.00313453
-0.00643638
0.00240572
-0.00646648
0.00182645
-0.00649001
0.00137266
-0.00650821
0.00102183
-0.00652214
0.000753853
-0.00653268
0.000551452
-0.00654057
0.000400163
-0.00654642
0.000288174
-0.00655072
0.000206027
-0.00655384
0.000146284
-0.00655609
0.000103183
-0.00655771
7.23254e-05
-0.00655885
5.03923e-05
-0.00655966
3.49093e-05
-0.00656022
2.40508e-05
-0.00656062
1.64829e-05
-0.00656089
1.12398e-05
-0.00656107
7.62788e-06
-0.0065612
5.15332e-06
-0.00656129
3.46683e-06
-0.00656135
2.32319e-06
-0.00656139
1.55142e-06
-0.00656141
1.03301e-06
-0.00656143
6.86329e-07
-0.00656144
4.55481e-07
-0.00656145
3.02389e-07
-0.00656145
2.01266e-07
-0.00656146
1.34724e-07
-0.00656146
9.10936e-08
-0.00656146
6.25782e-08
-0.00656146
4.39964e-08
-0.00656146
3.19071e-08
-0.00656146
2.40034e-08
-0.00656146
1.86879e-08
-0.00656146
1.47733e-08
-0.00656146
1.133e-08
-0.00656146
7.89353e-09
-0.00656146
4.89339e-09
-0.00656146
2.85485e-09
-0.00656146
1.62046e-09
-0.00656146
8.11779e-10
-0.00656146
1.65492e-10
-0.00656146
-4.6126e-10
-0.00656146
-1.16144e-09
-0.00656146
-1.98282e-09
-0.00656146
-2.96796e-09
-0.00656146
-4.18201e-09
-0.00656146
-5.64071e-09
-0.00656146
-7.38663e-09
-0.00656147
-9.57183e-09
-0.00656147
-1.23845e-08
-0.00656147
-1.60766e-08
-0.00656147
-2.1006e-08
-0.00656147
-2.76866e-08
-0.00656147
-3.6855e-08
-0.00656147
-4.95529e-08
-0.00656147
-6.7231e-08
-0.00656147
-9.18897e-08
-0.00656147
-1.26264e-07
-0.00656147
-1.74073e-07
-0.00656147
-2.40334e-07
-0.00656146
-3.31778e-07
-0.00656146
-4.57404e-07
-0.00656145
-6.29257e-07
-0.00656144
-8.63559e-07
-0.00656142
-1.18244e-06
-0.00656139
-1.61669e-06
-0.00656135
-2.21039e-06
-0.0065613
-3.0287e-06
-0.00656122
-4.17154e-06
-0.00656111
-5.79724e-06
-0.00656094
-8.16325e-06
-0.00656067
-1.16921e-05
-0.00656025
-1.70761e-05
-0.00655958
-2.54699e-05
-0.00655848
-3.88871e-05
-0.00655668
-6.07879e-05
-0.00655372
-9.6242e-05
-0.00654931
-0.000152127
-0.00654289
-0.00024235
-0.00653114
-0.000393143
-0.00651083
-0.000616622
-0.00647932
-0.0009235
-0.00637931
-0.00141388
-0.000820899
0.00286036
0.0228667
0.00129263
0.0223919
2.98948e-05
0.0225729
-0.000858636
0.0217372
-0.00133687
0.019868
-0.00152666
0.0177955
-0.00154542
0.0156965
-0.00146896
0.0135677
-0.00134925
0.0114977
-0.00122016
0.00957536
-0.00110074
0.00785035
-0.000999442
0.0063423
-0.000918195
0.00505341
-0.00085559
0.00397433
-0.000808794
0.00308774
-0.000774638
0.00237156
-0.000750189
0.001802
-0.000732976
0.00135545
-0.000721024
0.00100987
-0.000712825
0.000745654
-0.000707261
0.000545888
-0.000703522
0.000396424
-0.000701032
0.000285684
-0.000699388
0.000204383
-0.000698311
0.000145207
-0.000697612
0.000102483
-0.000697161
7.18742e-05
-0.000696873
5.01037e-05
-0.00069669
3.47261e-05
-0.000696575
2.39354e-05
-0.000696503
1.64107e-05
-0.000696458
1.11949e-05
-0.000696431
7.60016e-06
-0.000696414
5.13624e-06
-0.000696404
3.45629e-06
-0.000696398
2.31662e-06
-0.000696394
1.54723e-06
-0.000696392
1.03023e-06
-0.00069639
6.84369e-07
-0.000696389
4.53991e-07
-0.000696388
3.01165e-07
-0.000696387
2.00189e-07
-0.000696387
1.33726e-07
-0.000696386
9.01372e-08
-0.000696386
6.16433e-08
-0.000696385
4.30705e-08
-0.000696384
3.09812e-08
-0.000696384
2.30721e-08
-0.000696383
1.77564e-08
-0.000696383
1.38787e-08
-0.000696382
1.05759e-08
-0.000696382
7.42802e-09
-0.000696382
4.72195e-09
-0.000696383
2.83877e-09
-0.000696383
1.66101e-09
-0.000696383
8.78522e-10
-0.000696384
2.59856e-10
-0.000696384
-3.28438e-10
-0.000696385
-9.75686e-10
-0.000696385
-1.73201e-09
-0.000696386
-2.64206e-09
-0.000696387
-3.76754e-09
-0.000696388
-5.12919e-09
-0.000696389
-6.7741e-09
-0.00069639
-8.84878e-09
-0.000696391
-1.154e-08
-0.000696392
-1.50996e-08
-0.000696394
-1.98841e-08
-0.000696395
-2.64048e-08
-0.000696397
-3.53924e-08
-0.000696399
-4.78787e-08
-0.000696401
-6.52999e-08
-0.000696404
-8.9635e-08
-0.000696407
-1.23588e-07
-0.000696411
-1.70834e-07
-0.000696415
-2.36324e-07
-0.00069642
-3.26698e-07
-0.000696427
-4.50832e-07
-0.000696436
-6.20604e-07
-0.000696448
-8.52024e-07
-0.000696464
-1.16696e-06
-0.000696485
-1.59591e-06
-0.000696513
-2.18267e-06
-0.00069655
-2.99222e-06
-0.000696597
-4.12453e-06
-0.000696656
-5.73864e-06
-0.000696726
-8.09376e-06
-0.000696802
-1.1616e-05
-0.000696876
-1.70028e-05
-0.000696932
-2.5414e-05
-0.000696943
-3.8876e-05
-0.000696838
-6.08933e-05
-0.000696546
-9.65339e-05
-0.000696369
-0.000152304
-0.000696657
-0.000242062
-0.000694901
-0.000394898
-0.000688747
-0.000622776
-0.000675844
-0.000936404
-0.000564932
-0.00152479
-0.000926845
0.00344599
0.0244207
0.00263746
0.0232005
0.0021526
0.0230577
0.00200972
0.0218801
0.0022209
0.0196568
0.00264534
0.0173711
0.00315832
0.0151835
0.00368405
0.0130419
0.00417681
0.0110049
0.00461106
0.00914111
0.00497675
0.00748466
0.00527436
0.00604468
0.00551025
0.00481751
0.00569331
0.00379128
0.00583291
0.00294814
0.00593783
0.00226664
0.00601571
0.00172412
0.00607288
0.00129827
0.00611445
0.000968304
0.00614442
0.000715688
0.00616585
0.000524457
0.00618106
0.000381208
0.00619179
0.000274953
0.00619931
0.000196863
0.00620455
0.000139969
0.00620818
9.88556e-05
0.00621068
6.93755e-05
0.00621239
4.83914e-05
0.00621355
3.35585e-05
0.00621435
2.3143e-05
0.00621488
1.58754e-05
0.00621524
1.08347e-05
0.00621548
7.35882e-06
0.00621564
4.97508e-06
0.00621575
3.34899e-06
0.00621582
2.24534e-06
0.00621587
1.49994e-06
0.0062159
9.98837e-07
0.00621592
6.63487e-07
0.00621593
4.40024e-07
0.00621594
2.91735e-07
0.00621595
1.93725e-07
0.00621595
1.29197e-07
0.00621596
8.68665e-08
0.00621596
5.91898e-08
0.00621596
4.11464e-08
0.00621596
2.93982e-08
0.00621596
2.17097e-08
0.00621596
1.65477e-08
0.00621596
1.28128e-08
0.00621596
9.71257e-09
0.00621596
6.86461e-09
0.00621596
4.4504e-09
0.00621596
2.74172e-09
0.00621596
1.64742e-09
0.00621596
9.1373e-10
0.00621596
3.39577e-10
0.00621596
-1.97253e-10
0.00621596
-7.80566e-10
0.00621596
-1.46053e-09
0.00621596
-2.2817e-09
0.00621596
-3.30174e-09
0.00621596
-4.5446e-09
0.00621596
-6.05883e-09
0.00621596
-7.98251e-09
0.00621595
-1.04957e-08
0.00621595
-1.38423e-08
0.00621595
-1.83669e-08
0.00621595
-2.45628e-08
0.00621595
-3.31333e-08
0.00621594
-4.50702e-08
0.00621594
-6.17527e-08
0.00621593
-8.508e-08
0.00621593
-1.17645e-07
0.00621592
-1.62968e-07
0.00621591
-2.25787e-07
0.00621589
-3.12453e-07
0.00621587
-4.31448e-07
0.00621585
-5.94131e-07
0.00621581
-8.15814e-07
0.00621576
-1.11745e-06
0.00621569
-1.52833e-06
0.0062156
-2.09067e-06
0.00621547
-2.86736e-06
0.00621531
-3.95555e-06
0.00621508
-5.51038e-06
0.00621477
-7.78551e-06
0.00621435
-1.11985e-05
0.00621378
-1.64323e-05
0.00621299
-2.46198e-05
0.00621186
-3.77458e-05
0.00621023
-5.92667e-05
0.00620779
-9.41003e-05
0.00620366
-0.000148168
0.00619664
-0.000235048
0.00618834
-0.000386596
0.00618003
-0.00061447
0.00617416
-0.000930533
0.00630686
-0.00165749
-0.0010658
0.00432899
0.0250917
0.00453597
0.0229935
0.00501484
0.0225788
0.00573303
0.0211619
0.00669427
0.0186956
0.00775815
0.0163072
0.00880631
0.0141354
0.00977247
0.0120758
0.0106241
0.0101533
0.0113482
0.008417
0.0119461
0.00688682
0.012428
0.00556278
0.0128088
0.00443667
0.0131048
0.00349532
0.0133314
0.00272147
0.0135028
0.00209525
0.0136309
0.00159599
0.0137258
0.00120343
0.0137953
0.000898743
0.0138459
0.000665104
0.0138824
0.000487962
0.0139086
0.000355073
0.0139271
0.000256367
0.0139403
0.000183732
0.0139495
0.00013075
0.0139559
9.24221e-05
0.0139604
6.49113e-05
0.0139635
4.53106e-05
0.0139656
3.14436e-05
0.013967
2.16984e-05
0.013968
1.48933e-05
0.0139687
1.01702e-05
0.0139691
6.91103e-06
0.0139694
4.67456e-06
0.0139696
3.14803e-06
0.0139698
2.11139e-06
0.0139699
1.41087e-06
0.0139699
9.39709e-07
0.0139699
6.2425e-07
0.01397
4.13951e-07
0.01397
2.74343e-07
0.01397
1.82037e-07
0.01397
1.21245e-07
0.01397
8.13547e-08
0.01397
5.52688e-08
0.01397
3.826e-08
0.01397
2.71838e-08
0.01397
1.99351e-08
0.01397
1.50742e-08
0.01397
1.15818e-08
0.01397
8.74236e-09
0.01397
6.20981e-09
0.01397
4.08971e-09
0.01397
2.57206e-09
0.01397
1.58383e-09
0.01397
9.18369e-10
0.01397
4.03355e-10
0.01397
-7.07708e-11
0.01397
-5.80683e-10
0.01397
-1.17455e-09
0.01397
-1.89492e-09
0.01397
-2.79433e-09
0.01397
-3.89853e-09
0.01397
-5.2551e-09
0.01397
-6.99037e-09
0.01397
-9.27279e-09
0.01397
-1.23309e-08
0.01397
-1.64871e-08
0.01397
-2.22022e-08
0.01397
-3.01316e-08
0.01397
-4.11984e-08
0.01397
-5.66848e-08
0.01397
-7.8355e-08
0.01397
-1.08615e-07
0.01397
-1.50726e-07
0.0139699
-2.09075e-07
0.0139699
-2.89536e-07
0.0139699
-3.99949e-07
0.0139699
-5.50814e-07
0.0139698
-7.56296e-07
0.0139697
-1.03581e-06
0.0139696
-1.41659e-06
0.0139694
-1.93801e-06
0.0139692
-2.65903e-06
0.013969
-3.67117e-06
0.0139686
-5.12116e-06
0.013968
-7.24973e-06
0.0139673
-1.04538e-05
0.0139662
-1.53821e-05
0.0139647
-2.3109e-05
0.0139625
-3.55246e-05
0.0139592
-5.59399e-05
0.013954
-8.89668e-05
0.0139456
-0.000139768
0.0139321
-0.000221474
0.0139137
-0.00036825
0.0138899
-0.000590612
0.0138609
-0.00090161
0.0140025
-0.00179904
-0.00122732
0.00550946
0.0245822
0.00693869
0.0215643
0.00850212
0.0210154
0.0101312
0.0195328
0.011846
0.0169808
0.0135285
0.0146247
0.0150778
0.012586
0.0164462
0.0107074
0.0176196
0.00897986
0.0186009
0.00743575
0.0194035
0.00608419
0.0200476
0.00491862
0.0205562
0.00392816
0.0209518
0.0030997
0.0212556
0.00241765
0.0214862
0.00186467
0.0216593
0.00142287
0.021788
0.00107472
0.0218828
0.000803924
0.0219521
0.000595844
0.0220023
0.000437776
0.0220384
0.000318981
0.0220641
0.000230597
0.0220824
0.000165456
0.0220953
0.000117872
0.0221043
8.34038e-05
0.0221106
5.86329e-05
0.0221149
4.09643e-05
0.0221179
2.8451e-05
0.02212
1.96485e-05
0.0221214
1.34961e-05
0.0221223
9.22234e-06
0.022123
6.27089e-06
0.0221234
4.24404e-06
0.0221237
2.85962e-06
0.0221239
1.91885e-06
0.022124
1.28272e-06
0.0221241
8.54614e-07
0.0221241
5.67823e-07
0.0221242
3.76538e-07
0.0221242
2.49491e-07
0.0221242
1.65455e-07
0.0221242
1.10089e-07
0.0221242
7.37484e-08
0.0221242
4.9979e-08
0.0221242
3.4479e-08
0.0221243
2.43852e-08
0.0221243
1.77808e-08
0.0221243
1.3358e-08
0.0221243
1.01994e-08
0.0221243
7.67347e-09
0.0221243
5.47297e-09
0.0221243
3.6512e-09
0.0221243
2.33819e-09
0.0221243
1.47438e-09
0.0221243
8.93115e-10
0.0221243
4.49215e-10
0.0221243
4.68432e-11
0.0221243
-3.82195e-10
0.0221243
-8.82338e-10
0.0221243
-1.49263e-09
0.0221243
-2.25879e-09
0.0221243
-3.20731e-09
0.0221242
-4.38317e-09
0.0221242
-5.89744e-09
0.0221242
-7.90239e-09
0.0221242
-1.06047e-08
0.0221242
-1.42951e-08
0.0221242
-1.93887e-08
0.0221242
-2.64744e-08
0.0221242
-3.63805e-08
0.0221242
-5.02561e-08
0.0221242
-6.96803e-08
0.0221242
-9.68038e-08
0.0221242
-1.34537e-07
0.0221242
-1.86792e-07
0.0221241
-2.58796e-07
0.0221241
-3.57528e-07
0.022124
-4.92329e-07
0.0221239
-6.75815e-07
0.0221238
-9.2531e-07
0.0221237
-1.2652e-06
0.0221235
-1.73093e-06
0.0221232
-2.37581e-06
0.0221228
-3.2831e-06
0.0221223
-4.58686e-06
0.0221215
-6.50785e-06
0.0221205
-9.41064e-06
0.022119
-1.38907e-05
0.0221168
-2.09347e-05
0.0221136
-3.22893e-05
0.0221087
-5.10199e-05
0.022101
-8.12614e-05
0.0220885
-0.000127298
0.0220688
-0.000201739
0.0220406
-0.000340057
0.0219992
-0.000549245
0.0219375
-0.000839896
0.0220295
-0.00189103
-0.00135981
0.00692227
0.02266
0.00965776
0.0188288
0.0123053
0.0183679
0.0147982
0.01704
0.0171945
0.0145844
0.0194149
0.0124044
0.021386
0.0106148
0.0230846
0.00900889
0.024518
0.00754642
0.0257056
0.00624822
0.0266723
0.00511743
0.0274469
0.00414404
0.0280586
0.00331647
0.0285353
0.00262296
0.0289024
0.0020506
0.0291818
0.00158527
0.0293922
0.00121239
0.0295493
0.000917692
0.0296654
0.000687838
0.0297504
0.000510763
0.0298123
0.000375924
0.0298569
0.000274362
0.0298889
0.000198642
0.0299116
0.000142731
0.0299276
0.000101817
0.0299389
7.21326e-05
0.0299468
5.07678e-05
0.0299522
3.55076e-05
0.029956
2.46861e-05
0.0299586
1.70646e-05
0.0299604
1.17317e-05
0.0299616
8.02331e-06
0.0299624
5.45983e-06
0.0299629
3.69779e-06
0.0299633
2.49321e-06
0.0299635
1.67398e-06
0.0299637
1.11961e-06
0.0299638
7.46266e-07
0.0299639
4.95988e-07
0.0299639
3.28952e-07
0.0299639
2.17947e-07
0.029964
1.44485e-07
0.029964
9.60636e-08
0.029964
6.42702e-08
0.029964
4.34702e-08
0.029964
2.99054e-08
0.029964
2.10727e-08
0.029964
1.52958e-08
0.029964
1.14328e-08
0.029964
8.68806e-09
0.029964
6.5213e-09
0.029964
4.6681e-09
0.029964
3.1487e-09
0.029964
2.05045e-09
0.029964
1.32494e-09
0.029964
8.39861e-10
0.029964
4.75693e-10
0.029964
1.51141e-10
0.029964
-1.92419e-10
0.029964
-5.94226e-10
0.029964
-1.08856e-09
0.029964
-1.71324e-09
0.029964
-2.49383e-09
0.029964
-3.47117e-09
0.029964
-4.73882e-09
0.029964
-6.42858e-09
0.029964
-8.7196e-09
0.029964
-1.1863e-08
0.029964
-1.62165e-08
0.029964
-2.22869e-08
0.029964
-3.07856e-08
0.029964
-4.26982e-08
0.029964
-5.93765e-08
0.0299639
-8.26589e-08
0.0299639
-1.15029e-07
0.0299639
-1.59818e-07
0.0299639
-2.21474e-07
0.0299638
-3.0593e-07
0.0299637
-4.21124e-07
0.0299636
-5.77793e-07
0.0299635
-7.90719e-07
0.0299633
-1.0808e-06
0.0299631
-1.47856e-06
0.0299627
-2.03027e-06
0.0299622
-2.80854e-06
0.0299616
-3.93103e-06
0.0299607
-5.5921e-06
0.0299594
-8.11306e-06
0.0299575
-1.20185e-05
0.0299547
-1.81809e-05
0.0299506
-2.81611e-05
0.0299443
-4.46851e-05
0.0299342
-7.12298e-05
0.029918
-0.000111099
0.0298927
-0.00017642
0.0298553
-0.000302595
0.0297951
-0.000489128
0.0296884
-0.000733174
0.0295889
-0.00179155
-0.00133128
0.0084134
0.0192466
0.0123312
0.0149109
0.0158909
0.0148082
0.0190809
0.01385
0.0219985
0.0116668
0.0246079
0.00979495
0.0268699
0.0083529
0.0287894
0.00708938
0.0303945
0.00594128
0.0317178
0.00492493
0.0327931
0.00404214
0.0336548
0.00328231
0.0343365
0.00263482
0.0348691
0.00209034
0.0352805
0.00163922
0.0355948
0.00127099
0.0358324
0.000974777
0.0360103
0.000739798
0.0361422
0.00055588
0.0362393
0.000413734
0.03631
0.000305169
0.0363612
0.00022317
0.036398
0.000161882
0.0364242
0.00011652
0.0364427
8.32552e-05
0.0364558
5.9072e-05
0.0364649
4.16347e-05
0.0364713
2.91586e-05
0.0364757
2.02974e-05
0.0364787
1.40473e-05
0.0364807
9.66801e-06
0.0364821
6.61879e-06
0.0364831
4.50843e-06
0.0364837
3.0562e-06
0.0364842
2.06235e-06
0.0364845
1.38576e-06
0.0364846
9.27474e-07
0.0364848
6.18563e-07
0.0364849
4.11308e-07
0.0364849
2.72877e-07
0.036485
1.80817e-07
0.036485
1.19853e-07
0.036485
7.96474e-08
0.036485
5.3237e-08
0.036485
3.59538e-08
0.036485
2.46818e-08
0.036485
1.73434e-08
0.036485
1.25467e-08
0.036485
9.34416e-09
0.036485
7.07817e-09
0.036485
5.30665e-09
0.036485
3.8122e-09
0.036485
2.59707e-09
0.036485
1.71935e-09
0.036485
1.14081e-09
0.036485
7.59224e-10
0.036485
4.7933e-10
0.036485
2.34963e-10
0.036485
-2.21115e-11
0.036485
-3.24794e-10
0.036485
-7.0164e-10
0.036485
-1.18226e-09
0.036485
-1.78906e-09
0.036485
-2.55714e-09
0.036485
-3.56175e-09
0.036485
-4.91057e-09
0.036485
-6.75065e-09
0.036485
-9.28736e-09
0.036485
-1.28124e-08
0.036485
-1.7738e-08
0.036485
-2.46421e-08
0.036485
-3.43235e-08
0.036485
-4.78759e-08
0.036485
-6.6783e-08
0.0364849
-9.30453e-08
0.0364849
-1.29341e-07
0.0364849
-1.79239e-07
0.0364848
-2.47497e-07
0.0364847
-3.40482e-07
0.0364846
-4.66816e-07
0.0364845
-6.38416e-07
0.0364842
-8.72217e-07
0.036484
-1.19313e-06
0.0364836
-1.63921e-06
0.036483
-2.27063e-06
0.0364823
-3.18548e-06
0.0364812
-4.54633e-06
0.0364797
-6.62185e-06
0.0364776
-9.85038e-06
0.0364744
-1.49677e-05
0.0364695
-2.33132e-05
0.036462
-3.71932e-05
0.0364501
-5.92648e-05
0.0364307
-9.17662e-05
0.0364006
-0.000146336
0.0363549
-0.000256849
0.0362772
-0.000411426
0.0361221
-0.00057807
0.0357595
-0.00142892
-0.00107405
0.00972837
0.0145182
0.0144199
0.0102194
0.0185216
0.0107064
0.0221162
0.0102554
0.0253035
0.00847955
0.028086
0.00701239
0.0304608
0.0059781
0.0324587
0.0050915
0.0341224
0.00427759
0.0354923
0.003555
0.0366065
0.00292793
0.0375015
0.00238729
0.0382119
0.0019245
0.038769
0.00153316
0.0392012
0.00120708
0.0395327
0.000939467
0.0397844
0.00072308
0.0399736
0.000550601
0.0401145
0.000415001
0.0402184
0.00030977
0.0402945
0.000229098
0.0403497
0.000167957
0.0403895
0.000122114
0.0404179
8.8086e-05
0.0404381
6.30658e-05
0.0404524
4.48315e-05
0.0404623
3.16538e-05
0.0404693
2.22054e-05
0.0404741
1.54814e-05
0.0404774
1.073e-05
0.0404797
7.3951e-06
0.0404812
5.06933e-06
0.0404823
3.45723e-06
0.040483
2.34629e-06
0.0404835
1.585e-06
0.0404838
1.06606e-06
0.040484
7.14154e-07
0.0404842
4.76675e-07
0.0404843
3.17178e-07
0.0404843
2.10541e-07
0.0404844
1.3956e-07
0.0404844
9.25166e-08
0.0404844
6.14699e-08
0.0404844
4.10642e-08
0.0404844
2.7706e-08
0.0404844
1.89929e-08
0.0404844
1.33221e-08
0.0404844
9.61829e-09
0.0404844
7.14933e-09
0.0404844
5.40804e-09
0.0404844
4.05556e-09
0.0404844
2.9251e-09
0.0404844
2.01215e-09
0.0404844
1.35545e-09
0.0404844
9.26667e-10
0.0404844
6.50282e-10
0.0404844
4.54152e-10
0.0404844
2.87589e-10
0.0404844
1.13305e-10
0.0404844
-9.44405e-11
0.0404844
-3.57816e-10
0.0404844
-6.98642e-10
0.0404844
-1.13399e-09
0.0404844
-1.6915e-09
0.0404844
-2.42827e-09
0.0404844
-3.42567e-09
0.0404844
-4.79546e-09
0.0404844
-6.69333e-09
0.0404844
-9.33937e-09
0.0404844
-1.30441e-08
0.0404844
-1.82418e-08
0.0404844
-2.55312e-08
0.0404844
-3.57299e-08
0.0404844
-4.99443e-08
0.0404843
-6.96618e-08
0.0404843
-9.68693e-08
0.0404843
-1.3421e-07
0.0404842
-1.85204e-07
0.0404841
-2.54563e-07
0.040484
-3.48686e-07
0.0404838
-4.7646e-07
0.0404836
-6.50602e-07
0.0404833
-8.89992e-07
0.0404829
-1.22374e-06
0.0404823
-1.69829e-06
0.0404815
-2.38992e-06
0.0404804
-3.42534e-06
0.0404788
-5.01341e-06
0.0404764
-7.49392e-06
0.0404729
-1.14468e-05
0.0404676
-1.79598e-05
0.0404592
-2.88661e-05
0.0404459
-4.59096e-05
0.0404243
-7.0171e-05
0.0403905
-0.000112545
0.0403379
-0.00020429
0.0402477
-0.000321189
0.0400608
-0.000391214
0.0394889
-0.000856955
-0.000630601
0.0105225
0.00899566
0.0152633
0.00547863
0.0193537
0.00661606
0.0229661
0.00664299
0.0261046
0.00534113
0.0287876
0.00432937
0.0310555
0.00371019
0.0329598
0.00318714
0.0345472
0.00269019
0.0358576
0.00224468
0.0369273
0.00185819
0.0377908
0.00152381
0.0384798
0.00123546
0.0390234
0.000989584
0.0394474
0.00078309
0.0397745
0.000612392
0.0400241
0.000473443
0.0402127
0.000362005
0.0403538
0.000273902
0.0404584
0.000205179
0.0405352
0.000152249
0.0405912
0.000111961
0.0406317
8.16362e-05
0.0406608
5.90455e-05
0.0406814
4.23802e-05
0.0406961
3.01975e-05
0.0407064
2.13684e-05
0.0407135
1.50212e-05
0.0407185
1.04931e-05
0.040722
7.28608e-06
0.0407243
5.03031e-06
0.040726
3.45393e-06
0.0407271
2.35921e-06
0.0407278
1.60345e-06
0.0407283
1.08467e-06
0.0407286
7.30485e-07
0.0407289
4.89934e-07
0.040729
3.2737e-07
0.0407291
2.18043e-07
0.0407292
1.44855e-07
0.0407292
9.60834e-08
0.0407292
6.37248e-08
0.0407293
4.23501e-08
0.0407293
2.82909e-08
0.0407293
1.90829e-08
0.0407293
1.3076e-08
0.0407293
9.16787e-09
0.0407293
6.61779e-09
0.0407293
4.92066e-09
0.0407293
3.72618e-09
0.0407293
2.80096e-09
0.0407293
2.03075e-09
0.0407293
1.41173e-09
0.0407293
9.70011e-10
0.0407293
6.86893e-10
0.0407293
5.10918e-10
0.0407293
3.9206e-10
0.0407293
2.95178e-10
0.0407293
1.94236e-10
0.0407293
7.11527e-11
0.0407293
-8.94838e-11
0.0407293
-3.02243e-10
0.0407293
-5.78222e-10
0.0407293
-9.3595e-10
0.0407293
-1.41428e-09
0.0407293
-2.06838e-09
0.0407293
-2.9735e-09
0.0407293
-4.23433e-09
0.0407293
-5.99808e-09
0.0407293
-8.47207e-09
0.0407293
-1.19451e-08
0.0407293
-1.68147e-08
0.0407292
-2.36215e-08
0.0407292
-3.30948e-08
0.0407292
-4.62118e-08
0.0407292
-6.42747e-08
0.0407291
-8.90122e-08
0.0407291
-1.22725e-07
0.040729
-1.68497e-07
0.0407289
-2.30535e-07
0.0407287
-3.14718e-07
0.0407285
-4.29546e-07
0.0407282
-5.8778e-07
0.0407277
-8.09322e-07
0.0407272
-1.12629e-06
0.0407264
-1.59183e-06
0.0407252
-2.29449e-06
0.0407236
-3.37903e-06
0.0407212
-5.0788e-06
0.0407176
-7.80173e-06
0.0407119
-1.23558e-05
0.0407032
-2.00817e-05
0.0406891
-3.18477e-05
0.0406665
-4.75338e-05
0.0406304
-7.65297e-05
0.0405728
-0.000146637
0.040478
-0.000226371
0.040297
-0.000210255
0.0397016
-0.000261558
-0.00015806
0.0103985
0.00359713
0.0141969
0.00168023
0.0176381
0.00317486
0.020853
0.00342811
0.0235823
0.00261184
0.0258535
0.0020582
0.0277698
0.00179384
0.0293924
0.00156455
0.0307547
0.00132791
0.0318863
0.0011131
0.0328168
0.000927613
0.0335743
0.000766375
0.034184
0.000625771
0.034669
0.000504503
0.0350505
0.000401642
0.035347
0.000315855
0.035575
0.000245463
0.0357484
0.000188591
0.035879
0.000143331
0.0359763
0.000107812
0.0360483
8.03075e-05
0.036101
5.92676e-05
0.0361393
4.33591e-05
0.0361668
3.14582e-05
0.0361866
2.26453e-05
0.0362006
1.61798e-05
0.0362105
1.14789e-05
0.0362174
8.08879e-06
0.0362222
5.66351e-06
0.0362256
3.94109e-06
0.0362279
2.72656e-06
0.0362295
1.87577e-06
0.0362305
1.28364e-06
0.0362313
8.73961e-07
0.0362318
5.92195e-07
0.0362321
3.99448e-07
0.0362323
2.68311e-07
0.0362325
1.79533e-07
0.0362326
1.19734e-07
0.0362326
7.96392e-08
0.0362327
5.28839e-08
0.0362327
3.51086e-08
0.0362327
2.33542e-08
0.0362327
1.56152e-08
0.0362327
1.05436e-08
0.0362327
7.23425e-09
0.0362328
5.08229e-09
0.0362328
3.67985e-09
0.0362328
2.74812e-09
0.0362328
2.09246e-09
0.0362328
1.58301e-09
0.0362328
1.15719e-09
0.0362328
8.15475e-10
0.0362328
5.74771e-10
0.0362328
4.25319e-10
0.0362328
3.37526e-10
0.0362328
2.82569e-10
0.0362328
2.4056e-10
0.0362328
1.96763e-10
0.0362328
1.40929e-10
0.0362328
6.44675e-11
0.0362328
-4.05313e-11
0.0362328
-1.79495e-10
0.0362328
-3.61957e-10
0.0362328
-6.08655e-10
0.0362327
-9.49752e-10
0.0362327
-1.42593e-09
0.0362327
-2.09295e-09
0.0362327
-3.02892e-09
0.0362327
-4.34384e-09
0.0362327
-6.1901e-09
0.0362327
-8.77719e-09
0.0362327
-1.23884e-08
0.0362327
-1.74052e-08
0.0362327
-2.43361e-08
0.0362326
-3.38584e-08
0.0362326
-4.68676e-08
0.0362325
-6.4559e-08
0.0362325
-8.85364e-08
0.0362323
-1.21005e-07
0.0362322
-1.6507e-07
0.036232
-2.25287e-07
0.0362317
-3.0857e-07
0.0362313
-4.25861e-07
0.0362308
-5.95006e-07
0.0362301
-8.4587e-07
0.036229
-1.22835e-06
0.0362274
-1.82284e-06
0.0362251
-2.7549e-06
0.0362216
-4.2487e-06
0.036216
-6.79708e-06
0.0362072
-1.12519e-05
0.0361932
-1.78588e-05
0.0361712
-2.55173e-05
0.0361352
-4.05446e-05
0.036074
-8.54485e-05
0.0359819
-0.00013433
0.0358532
-8.15268e-05
0.0354809
0.000110759
0.000134519
0.00885206
-0.000254933
0.0107038
-0.000171494
0.0129934
0.000885247
0.0153848
0.00103667
0.0173023
0.00069434
0.0188349
0.000525635
0.0201476
0.000481125
0.0212829
0.0004293
0.0222463
0.000364465
0.0230532
0.000306201
0.0237237
0.000257185
0.0242757
0.000214338
0.0247251
0.000176337
0.0250865
0.000143097
0.0253736
0.000114614
0.0255988
9.06438e-05
0.0257734
7.08167e-05
0.0259073
5.46737e-05
0.0260089
4.17419e-05
0.0260852
3.15292e-05
0.0261419
2.35784e-05
0.0261837
1.74644e-05
0.0262143
1.2821e-05
0.0262364
9.33178e-06
0.0262523
6.73829e-06
0.0262637
4.82815e-06
0.0262717
3.43486e-06
0.0262774
2.42663e-06
0.0262813
1.70332e-06
0.0262841
1.18804e-06
0.026286
8.23805e-07
0.0262873
5.67943e-07
0.0262882
3.89473e-07
0.0262888
2.65683e-07
0.0262892
1.80373e-07
0.0262895
1.2188e-07
0.0262897
8.20116e-08
0.0262898
5.49635e-08
0.0262899
3.67147e-08
0.0262899
2.44551e-08
0.02629
1.62624e-08
0.02629
1.081e-08
0.02629
7.20028e-09
0.02629
4.8205e-09
0.02629
3.26006e-09
0.02629
2.24146e-09
0.02629
1.57985e-09
0.02629
1.14954e-09
0.02629
8.6439e-10
0.02629
6.62961e-10
0.02629
5.03892e-10
0.02629
3.67965e-10
0.02629
2.58257e-10
0.02629
1.82705e-10
0.02629
1.38547e-10
0.02629
1.15094e-10
0.02629
1.02331e-10
0.02629
9.36598e-11
0.02629
8.43558e-11
0.02629
7.10834e-11
0.02629
5.11924e-11
0.02629
2.21822e-11
0.02629
-1.70651e-11
0.02629
-6.91557e-11
0.02629
-1.40127e-10
0.02629
-2.39306e-10
0.02629
-3.79018e-10
0.02629
-5.75853e-10
0.02629
-8.52607e-10
0.02629
-1.24187e-09
0.02629
-1.78808e-09
0.02629
-2.55286e-09
0.02629
-3.61837e-09
0.02629
-5.09605e-09
0.02629
-7.13254e-09
0.0262899
-9.92501e-09
0.0262899
-1.37315e-08
0.0262899
-1.89012e-08
0.0262898
-2.59002e-08
0.0262897
-3.53823e-08
0.0262896
-4.82709e-08
0.0262894
-6.59495e-08
0.0262892
-9.0532e-08
0.0262889
-1.25414e-07
0.0262885
-1.76176e-07
0.0262879
-2.52338e-07
0.026287
-3.69984e-07
0.0262858
-5.54423e-07
0.0262839
-8.41048e-07
0.0262809
-1.29134e-06
0.0262762
-2.07866e-06
0.0262685
-3.57062e-06
0.0262564
-5.78464e-06
0.0262385
-7.56871e-06
0.0262089
-1.1009e-05
0.0261521
-2.8606e-05
0.0260693
-5.15726e-05
0.0260098
-2.2022e-05
0.0259829
0.000137652
0.000137921
0.00474507
0.00457357
0.00545882
0.00649549
0.00718983
0.00771546
0.00819659
0.00862589
0.00899035
0.00929655
0.00955374
0.00976808
0.00994442
0.0100875
0.0102021
0.0102928
0.0103636
0.0104183
0.01046
0.0104915
0.0105151
0.0105326
0.0105454
0.0105547
0.0105615
0.0105663
0.0105697
0.0105722
0.0105739
0.010575
0.0105759
0.0105764
0.0105768
0.0105771
0.0105773
0.0105774
0.0105775
0.0105775
0.0105776
0.0105776
0.0105776
0.0105776
0.0105776
0.0105776
0.0105776
0.0105776
0.0105776
0.0105776
0.0105776
0.0105776
0.0105776
0.0105776
0.0105776
0.0105776
0.0105776
0.0105776
0.0105776
0.0105776
0.0105776
0.0105776
0.0105776
0.0105776
0.0105776
0.0105776
0.0105776
0.0105776
0.0105776
0.0105776
0.0105776
0.0105776
0.0105776
0.0105776
0.0105776
0.0105776
0.0105776
0.0105776
0.0105776
0.0105776
0.0105775
0.0105775
0.0105775
0.0105774
0.0105773
0.0105772
0.010577
0.0105767
0.0105764
0.0105758
0.010575
0.0105737
0.0105716
0.010568
0.0105623
0.0105547
0.0105437
0.0105151
0.0104635
0.0104415
0.0105791
)
;

boundaryField
{
    inlet
    {
        type            calculated;
        value           nonuniform List<scalar> 
40
(
-0.005
-0.005
-0.005
-0.005
-0.005
-0.005
-0.005
-0.005
-0.005
-0.005
-0.005
-0.005
-0.005
-0.005
-0.005
-0.005
-0.005
-0.005
-0.005
-0.005
-0.005
-0.005
-0.005
-0.005
-0.005
-0.005
-0.005
-0.005
-0.005
-0.005
-0.005
-0.005
-0.005
-0.005
-0.005
-0.005
-0.005
-0.005
-0.005
-0.005
)
;
    }
    outlet
    {
        type            calculated;
        value           nonuniform List<scalar> 
40
(
0.0107171
0.0259796
0.0351884
0.0392292
0.0390456
0.0355024
0.0295606
0.0221621
0.0141642
0.00644599
-0.000458818
-0.00629589
-0.0110133
-0.0146948
-0.0174841
-0.0195384
-0.0210026
-0.0219962
-0.0226092
-0.022901
-0.022901
-0.0226092
-0.0219962
-0.0210026
-0.0195385
-0.0174842
-0.0146949
-0.0110134
-0.00629604
-0.000458986
0.00644581
0.014164
0.022162
0.0295604
0.0355022
0.0390454
0.0392291
0.0351883
0.0259795
0.010717
)
;
    }
    lowerWall
    {
        type            calculated;
        value           uniform 0;
    }
    upperWall
    {
        type            calculated;
        value           uniform 0;
    }
    frontAndBack
    {
        type            empty;
    }
}


// ************************************************************************* //
