/*--------------------------------*- C++ -*----------------------------------*\
| =========                 |                                                 |
| \\      /  F ield         | foam-extend: Open Source CFD                    |
|  \\    /   O peration     | Version:     5.0                                |
|   \\  /    A nd           | Web:         http://www.foam-extend.org         |
|    \\/     M anipulation  |                                                 |
\*---------------------------------------------------------------------------*/
FoamFile
{
    version     2.0;
    format      ascii;
    class       volVectorField;
    location    "0.035";
    object      currentDensity;
}
// * * * * * * * * * * * * * * * * * * * * * * * * * * * * * * * * * * * * * //

dimensions      [0 -2 0 0 0 1 0];

internalField   nonuniform List<vector> 
4000
(
(0 0 3.60906)
(0 0 -0.844067)
(0 0 -5.42582)
(0 0 -10.388)
(0 0 -15.6177)
(0 0 -19.7965)
(0 0 -23.4319)
(0 0 -26.8303)
(0 0 -30.0034)
(0 0 -32.7479)
(0 0 -35.1569)
(0 0 -37.1933)
(0 0 -38.958)
(0 0 -40.5481)
(0 0 -41.947)
(0 0 -43.1413)
(0 0 -44.1513)
(0 0 -44.9961)
(0 0 -45.6868)
(0 0 -46.2467)
(0 0 -46.6882)
(0 0 -47.0406)
(0 0 -47.3238)
(0 0 -47.5491)
(0 0 -47.7176)
(0 0 -47.8439)
(0 0 -47.9444)
(0 0 -48.0207)
(0 0 -48.0784)
(0 0 -48.1215)
(0 0 -48.1529)
(0 0 -48.1739)
(0 0 -48.1922)
(0 0 -48.2041)
(0 0 -48.2127)
(0 0 -48.2189)
(0 0 -48.2234)
(0 0 -48.2266)
(0 0 -48.2289)
(0 0 -48.2305)
(0 0 -48.2316)
(0 0 -48.2324)
(0 0 -48.2329)
(0 0 -48.2333)
(0 0 -48.2335)
(0 0 -48.2337)
(0 0 -48.2338)
(0 0 -48.2339)
(0 0 -48.234)
(0 0 -48.234)
(0 0 -48.2341)
(0 0 -48.2341)
(0 0 -48.2341)
(0 0 -48.2341)
(0 0 -48.2341)
(0 0 -48.2341)
(0 0 -48.2341)
(0 0 -48.2341)
(0 0 -48.2341)
(0 0 -48.2341)
(0 0 -48.2341)
(0 0 -48.2341)
(0 0 -48.2341)
(0 0 -48.2341)
(0 0 -48.2341)
(0 0 -48.2341)
(0 0 -48.2341)
(0 0 -48.234)
(0 0 -48.234)
(0 0 -48.234)
(0 0 -48.2339)
(0 0 -48.2338)
(0 0 -48.2336)
(0 0 -48.2334)
(0 0 -48.2331)
(0 0 -48.2326)
(0 0 -48.232)
(0 0 -48.231)
(0 0 -48.2294)
(0 0 -48.2271)
(0 0 -48.2236)
(0 0 -48.2184)
(0 0 -48.2103)
(0 0 -48.1978)
(0 0 -48.1787)
(0 0 -48.1497)
(0 0 -48.105)
(0 0 -48.0368)
(0 0 -47.9332)
(0 0 -47.7767)
(0 0 -47.5399)
(0 0 -47.1848)
(0 0 -46.6578)
(0 0 -45.8958)
(0 0 -44.8142)
(0 0 -43.251)
(0 0 -40.7322)
(0 0 -37.4311)
(0 0 -37.3134)
(0 0 -38.8894)
(0 0 4.59966)
(0 0 -12.4289)
(0 0 -26.3646)
(0 0 -39.33)
(0 0 -53.0517)
(0 0 -64.8844)
(0 0 -75.1028)
(0 0 -84.25)
(0 0 -92.9461)
(0 0 -100.391)
(0 0 -106.793)
(0 0 -112.319)
(0 0 -117.149)
(0 0 -121.343)
(0 0 -124.919)
(0 0 -127.969)
(0 0 -130.558)
(0 0 -132.677)
(0 0 -134.369)
(0 0 -135.768)
(0 0 -136.858)
(0 0 -137.716)
(0 0 -138.403)
(0 0 -138.942)
(0 0 -139.349)
(0 0 -139.654)
(0 0 -139.895)
(0 0 -140.074)
(0 0 -140.209)
(0 0 -140.309)
(0 0 -140.382)
(0 0 -140.435)
(0 0 -140.473)
(0 0 -140.501)
(0 0 -140.521)
(0 0 -140.535)
(0 0 -140.545)
(0 0 -140.553)
(0 0 -140.558)
(0 0 -140.561)
(0 0 -140.564)
(0 0 -140.566)
(0 0 -140.567)
(0 0 -140.568)
(0 0 -140.568)
(0 0 -140.569)
(0 0 -140.569)
(0 0 -140.569)
(0 0 -140.569)
(0 0 -140.569)
(0 0 -140.569)
(0 0 -140.569)
(0 0 -140.57)
(0 0 -140.57)
(0 0 -140.57)
(0 0 -140.57)
(0 0 -140.57)
(0 0 -140.57)
(0 0 -140.57)
(0 0 -140.569)
(0 0 -140.569)
(0 0 -140.569)
(0 0 -140.57)
(0 0 -140.57)
(0 0 -140.57)
(0 0 -140.569)
(0 0 -140.569)
(0 0 -140.569)
(0 0 -140.569)
(0 0 -140.569)
(0 0 -140.569)
(0 0 -140.569)
(0 0 -140.569)
(0 0 -140.568)
(0 0 -140.567)
(0 0 -140.566)
(0 0 -140.565)
(0 0 -140.563)
(0 0 -140.56)
(0 0 -140.555)
(0 0 -140.548)
(0 0 -140.537)
(0 0 -140.52)
(0 0 -140.494)
(0 0 -140.454)
(0 0 -140.393)
(0 0 -140.3)
(0 0 -140.156)
(0 0 -139.938)
(0 0 -139.607)
(0 0 -139.103)
(0 0 -138.347)
(0 0 -137.22)
(0 0 -135.577)
(0 0 -133.209)
(0 0 -129.765)
(0 0 -124.568)
(0 0 -118.579)
(0 0 -118.001)
(0 0 -116.835)
(0 0 5.22592)
(0 0 -22.88)
(0 0 -44.7946)
(0 0 -63.5481)
(0 0 -83.318)
(0 0 -100.981)
(0 0 -116.382)
(0 0 -130.126)
(0 0 -142.523)
(0 0 -153.349)
(0 0 -162.44)
(0 0 -170.469)
(0 0 -177.599)
(0 0 -183.556)
(0 0 -188.582)
(0 0 -192.776)
(0 0 -196.212)
(0 0 -199.057)
(0 0 -201.239)
(0 0 -203.126)
(0 0 -204.553)
(0 0 -205.692)
(0 0 -206.571)
(0 0 -207.249)
(0 0 -207.764)
(0 0 -208.149)
(0 0 -208.446)
(0 0 -208.668)
(0 0 -208.834)
(0 0 -208.956)
(0 0 -209.045)
(0 0 -209.11)
(0 0 -209.156)
(0 0 -209.189)
(0 0 -209.213)
(0 0 -209.23)
(0 0 -209.242)
(0 0 -209.251)
(0 0 -209.257)
(0 0 -209.261)
(0 0 -209.264)
(0 0 -209.266)
(0 0 -209.268)
(0 0 -209.269)
(0 0 -209.27)
(0 0 -209.27)
(0 0 -209.27)
(0 0 -209.271)
(0 0 -209.271)
(0 0 -209.271)
(0 0 -209.271)
(0 0 -209.271)
(0 0 -209.271)
(0 0 -209.271)
(0 0 -209.271)
(0 0 -209.271)
(0 0 -209.271)
(0 0 -209.271)
(0 0 -209.271)
(0 0 -209.271)
(0 0 -209.271)
(0 0 -209.271)
(0 0 -209.271)
(0 0 -209.271)
(0 0 -209.271)
(0 0 -209.271)
(0 0 -209.271)
(0 0 -209.271)
(0 0 -209.271)
(0 0 -209.271)
(0 0 -209.271)
(0 0 -209.27)
(0 0 -209.27)
(0 0 -209.269)
(0 0 -209.269)
(0 0 -209.268)
(0 0 -209.266)
(0 0 -209.264)
(0 0 -209.26)
(0 0 -209.255)
(0 0 -209.246)
(0 0 -209.234)
(0 0 -209.215)
(0 0 -209.186)
(0 0 -209.142)
(0 0 -209.075)
(0 0 -208.97)
(0 0 -208.81)
(0 0 -208.566)
(0 0 -208.197)
(0 0 -207.633)
(0 0 -206.791)
(0 0 -205.525)
(0 0 -203.671)
(0 0 -200.969)
(0 0 -197.02)
(0 0 -191.119)
(0 0 -184.211)
(0 0 -181.086)
(0 0 -173.077)
(0 0 6.79545)
(0 0 -28.5201)
(0 0 -55.007)
(0 0 -77.1406)
(0 0 -100.666)
(0 0 -121.968)
(0 0 -140.726)
(0 0 -157.393)
(0 0 -172.248)
(0 0 -185.268)
(0 0 -195.719)
(0 0 -205.504)
(0 0 -214.544)
(0 0 -221.65)
(0 0 -227.563)
(0 0 -232.428)
(0 0 -236.381)
(0 0 -239.603)
(0 0 -241.941)
(0 0 -244.189)
(0 0 -245.804)
(0 0 -247.059)
(0 0 -248.027)
(0 0 -248.755)
(0 0 -249.325)
(0 0 -249.744)
(0 0 -250.064)
(0 0 -250.302)
(0 0 -250.479)
(0 0 -250.608)
(0 0 -250.702)
(0 0 -250.77)
(0 0 -250.818)
(0 0 -250.852)
(0 0 -250.878)
(0 0 -250.895)
(0 0 -250.908)
(0 0 -250.917)
(0 0 -250.924)
(0 0 -250.928)
(0 0 -250.931)
(0 0 -250.933)
(0 0 -250.934)
(0 0 -250.935)
(0 0 -250.936)
(0 0 -250.937)
(0 0 -250.937)
(0 0 -250.937)
(0 0 -250.937)
(0 0 -250.937)
(0 0 -250.937)
(0 0 -250.938)
(0 0 -250.938)
(0 0 -250.938)
(0 0 -250.938)
(0 0 -250.938)
(0 0 -250.938)
(0 0 -250.938)
(0 0 -250.938)
(0 0 -250.938)
(0 0 -250.938)
(0 0 -250.938)
(0 0 -250.938)
(0 0 -250.938)
(0 0 -250.938)
(0 0 -250.938)
(0 0 -250.938)
(0 0 -250.937)
(0 0 -250.937)
(0 0 -250.937)
(0 0 -250.937)
(0 0 -250.937)
(0 0 -250.937)
(0 0 -250.936)
(0 0 -250.935)
(0 0 -250.934)
(0 0 -250.933)
(0 0 -250.93)
(0 0 -250.927)
(0 0 -250.921)
(0 0 -250.913)
(0 0 -250.901)
(0 0 -250.883)
(0 0 -250.855)
(0 0 -250.812)
(0 0 -250.746)
(0 0 -250.642)
(0 0 -250.49)
(0 0 -250.252)
(0 0 -249.882)
(0 0 -249.326)
(0 0 -248.516)
(0 0 -247.274)
(0 0 -245.443)
(0 0 -242.754)
(0 0 -238.785)
(0 0 -232.767)
(0 0 -225.231)
(0 0 -219.386)
(0 0 -205.791)
(0 0 9.68376)
(0 0 -28.4981)
(0 0 -55.6764)
(0 0 -78.4173)
(0 0 -103.354)
(0 0 -126.036)
(0 0 -146.197)
(0 0 -164.043)
(0 0 -180.029)
(0 0 -194.105)
(0 0 -206.192)
(0 0 -217.106)
(0 0 -226.369)
(0 0 -233.995)
(0 0 -240.324)
(0 0 -245.501)
(0 0 -249.69)
(0 0 -253.076)
(0 0 -255.688)
(0 0 -257.883)
(0 0 -259.544)
(0 0 -260.837)
(0 0 -261.829)
(0 0 -262.541)
(0 0 -263.149)
(0 0 -263.58)
(0 0 -263.905)
(0 0 -264.144)
(0 0 -264.321)
(0 0 -264.449)
(0 0 -264.543)
(0 0 -264.61)
(0 0 -264.659)
(0 0 -264.69)
(0 0 -264.718)
(0 0 -264.735)
(0 0 -264.748)
(0 0 -264.757)
(0 0 -264.763)
(0 0 -264.767)
(0 0 -264.77)
(0 0 -264.772)
(0 0 -264.774)
(0 0 -264.775)
(0 0 -264.775)
(0 0 -264.776)
(0 0 -264.776)
(0 0 -264.776)
(0 0 -264.776)
(0 0 -264.776)
(0 0 -264.777)
(0 0 -264.777)
(0 0 -264.777)
(0 0 -264.777)
(0 0 -264.777)
(0 0 -264.777)
(0 0 -264.777)
(0 0 -264.777)
(0 0 -264.777)
(0 0 -264.777)
(0 0 -264.777)
(0 0 -264.777)
(0 0 -264.777)
(0 0 -264.777)
(0 0 -264.777)
(0 0 -264.777)
(0 0 -264.777)
(0 0 -264.777)
(0 0 -264.777)
(0 0 -264.776)
(0 0 -264.776)
(0 0 -264.776)
(0 0 -264.776)
(0 0 -264.775)
(0 0 -264.774)
(0 0 -264.773)
(0 0 -264.772)
(0 0 -264.77)
(0 0 -264.766)
(0 0 -264.761)
(0 0 -264.754)
(0 0 -264.742)
(0 0 -264.724)
(0 0 -264.699)
(0 0 -264.658)
(0 0 -264.597)
(0 0 -264.501)
(0 0 -264.357)
(0 0 -264.131)
(0 0 -263.795)
(0 0 -263.279)
(0 0 -262.505)
(0 0 -261.329)
(0 0 -259.59)
(0 0 -257.016)
(0 0 -253.167)
(0 0 -247.202)
(0 0 -239.146)
(0 0 -231.352)
(0 0 -214.98)
(0 0 13.8251)
(0 0 -23.4098)
(0 0 -47.9369)
(0 0 -68.5204)
(0 0 -92.5799)
(0 0 -114.524)
(0 0 -134.192)
(0 0 -151.282)
(0 0 -166.976)
(0 0 -181.15)
(0 0 -193.372)
(0 0 -205.089)
(0 0 -214.239)
(0 0 -221.836)
(0 0 -228.129)
(0 0 -233.264)
(0 0 -237.408)
(0 0 -240.741)
(0 0 -243.356)
(0 0 -245.454)
(0 0 -247.046)
(0 0 -248.307)
(0 0 -249.265)
(0 0 -249.861)
(0 0 -250.529)
(0 0 -250.948)
(0 0 -251.259)
(0 0 -251.486)
(0 0 -251.653)
(0 0 -251.772)
(0 0 -251.86)
(0 0 -251.924)
(0 0 -251.97)
(0 0 -252.003)
(0 0 -252.027)
(0 0 -252.044)
(0 0 -252.055)
(0 0 -252.063)
(0 0 -252.069)
(0 0 -252.073)
(0 0 -252.076)
(0 0 -252.078)
(0 0 -252.079)
(0 0 -252.08)
(0 0 -252.08)
(0 0 -252.081)
(0 0 -252.081)
(0 0 -252.081)
(0 0 -252.081)
(0 0 -252.081)
(0 0 -252.082)
(0 0 -252.082)
(0 0 -252.082)
(0 0 -252.082)
(0 0 -252.082)
(0 0 -252.082)
(0 0 -252.082)
(0 0 -252.082)
(0 0 -252.082)
(0 0 -252.082)
(0 0 -252.082)
(0 0 -252.082)
(0 0 -252.082)
(0 0 -252.082)
(0 0 -252.082)
(0 0 -252.082)
(0 0 -252.082)
(0 0 -252.082)
(0 0 -252.082)
(0 0 -252.081)
(0 0 -252.081)
(0 0 -252.081)
(0 0 -252.081)
(0 0 -252.08)
(0 0 -252.08)
(0 0 -252.079)
(0 0 -252.077)
(0 0 -252.075)
(0 0 -252.072)
(0 0 -252.068)
(0 0 -252.061)
(0 0 -252.051)
(0 0 -252.035)
(0 0 -252.011)
(0 0 -251.975)
(0 0 -251.92)
(0 0 -251.834)
(0 0 -251.705)
(0 0 -251.49)
(0 0 -251.202)
(0 0 -250.739)
(0 0 -250.035)
(0 0 -248.965)
(0 0 -247.377)
(0 0 -245.008)
(0 0 -241.405)
(0 0 -235.719)
(0 0 -227.563)
(0 0 -218.579)
(0 0 -201.365)
(0 0 18.6534)
(0 0 -14.6874)
(0 0 -34.1747)
(0 0 -50.3064)
(0 0 -71.5457)
(0 0 -90.9633)
(0 0 -108.497)
(0 0 -124.436)
(0 0 -139.151)
(0 0 -152.126)
(0 0 -163.727)
(0 0 -173.985)
(0 0 -182.396)
(0 0 -189.436)
(0 0 -195.266)
(0 0 -200.019)
(0 0 -203.846)
(0 0 -206.912)
(0 0 -209.325)
(0 0 -211.227)
(0 0 -212.623)
(0 0 -213.805)
(0 0 -214.677)
(0 0 -215.29)
(0 0 -215.822)
(0 0 -216.191)
(0 0 -216.468)
(0 0 -216.67)
(0 0 -216.816)
(0 0 -216.916)
(0 0 -216.995)
(0 0 -217.053)
(0 0 -217.095)
(0 0 -217.127)
(0 0 -217.148)
(0 0 -217.162)
(0 0 -217.173)
(0 0 -217.18)
(0 0 -217.184)
(0 0 -217.188)
(0 0 -217.19)
(0 0 -217.192)
(0 0 -217.193)
(0 0 -217.194)
(0 0 -217.194)
(0 0 -217.195)
(0 0 -217.195)
(0 0 -217.195)
(0 0 -217.195)
(0 0 -217.195)
(0 0 -217.195)
(0 0 -217.195)
(0 0 -217.196)
(0 0 -217.196)
(0 0 -217.196)
(0 0 -217.196)
(0 0 -217.196)
(0 0 -217.196)
(0 0 -217.196)
(0 0 -217.196)
(0 0 -217.196)
(0 0 -217.196)
(0 0 -217.196)
(0 0 -217.196)
(0 0 -217.196)
(0 0 -217.196)
(0 0 -217.196)
(0 0 -217.196)
(0 0 -217.196)
(0 0 -217.195)
(0 0 -217.195)
(0 0 -217.195)
(0 0 -217.195)
(0 0 -217.194)
(0 0 -217.194)
(0 0 -217.193)
(0 0 -217.192)
(0 0 -217.19)
(0 0 -217.187)
(0 0 -217.184)
(0 0 -217.178)
(0 0 -217.169)
(0 0 -217.156)
(0 0 -217.135)
(0 0 -217.104)
(0 0 -217.056)
(0 0 -216.983)
(0 0 -216.875)
(0 0 -216.701)
(0 0 -216.448)
(0 0 -216.053)
(0 0 -215.447)
(0 0 -214.523)
(0 0 -213.146)
(0 0 -211.07)
(0 0 -207.846)
(0 0 -202.688)
(0 0 -194.939)
(0 0 -185.099)
(0 0 -168.063)
(0 0 23.6115)
(0 0 -4.00215)
(0 0 -17.0678)
(0 0 -27.1785)
(0 0 -44.1694)
(0 0 -59.7084)
(0 0 -73.7983)
(0 0 -87.0239)
(0 0 -99.6593)
(0 0 -110.375)
(0 0 -120.697)
(0 0 -129.292)
(0 0 -136.471)
(0 0 -142.507)
(0 0 -147.509)
(0 0 -151.581)
(0 0 -154.852)
(0 0 -157.463)
(0 0 -159.515)
(0 0 -161.118)
(0 0 -162.161)
(0 0 -163.275)
(0 0 -164.01)
(0 0 -164.548)
(0 0 -164.969)
(0 0 -165.27)
(0 0 -165.499)
(0 0 -165.662)
(0 0 -165.779)
(0 0 -165.868)
(0 0 -165.932)
(0 0 -165.978)
(0 0 -166.011)
(0 0 -166.036)
(0 0 -166.052)
(0 0 -166.064)
(0 0 -166.072)
(0 0 -166.078)
(0 0 -166.082)
(0 0 -166.084)
(0 0 -166.086)
(0 0 -166.088)
(0 0 -166.089)
(0 0 -166.089)
(0 0 -166.09)
(0 0 -166.09)
(0 0 -166.09)
(0 0 -166.09)
(0 0 -166.09)
(0 0 -166.09)
(0 0 -166.091)
(0 0 -166.09)
(0 0 -166.091)
(0 0 -166.091)
(0 0 -166.091)
(0 0 -166.091)
(0 0 -166.091)
(0 0 -166.091)
(0 0 -166.091)
(0 0 -166.091)
(0 0 -166.091)
(0 0 -166.091)
(0 0 -166.091)
(0 0 -166.091)
(0 0 -166.091)
(0 0 -166.091)
(0 0 -166.091)
(0 0 -166.091)
(0 0 -166.091)
(0 0 -166.091)
(0 0 -166.091)
(0 0 -166.09)
(0 0 -166.09)
(0 0 -166.09)
(0 0 -166.089)
(0 0 -166.089)
(0 0 -166.088)
(0 0 -166.086)
(0 0 -166.084)
(0 0 -166.081)
(0 0 -166.076)
(0 0 -166.07)
(0 0 -166.059)
(0 0 -166.043)
(0 0 -166.018)
(0 0 -165.977)
(0 0 -165.919)
(0 0 -165.838)
(0 0 -165.703)
(0 0 -165.501)
(0 0 -165.188)
(0 0 -164.703)
(0 0 -163.959)
(0 0 -162.846)
(0 0 -161.141)
(0 0 -158.412)
(0 0 -153.992)
(0 0 -146.998)
(0 0 -136.105)
(0 0 -119.353)
(0 0 28.3149)
(0 0 7.10387)
(0 0 1.01394)
(0 0 -2.32352)
(0 0 -14.2221)
(0 0 -25.0232)
(0 0 -34.7804)
(0 0 -44.183)
(0 0 -54.0655)
(0 0 -62.5256)
(0 0 -70.2791)
(0 0 -76.8334)
(0 0 -82.3826)
(0 0 -87.0679)
(0 0 -90.9461)
(0 0 -94.0996)
(0 0 -96.6235)
(0 0 -98.6307)
(0 0 -100.201)
(0 0 -101.422)
(0 0 -102.281)
(0 0 -103.051)
(0 0 -103.596)
(0 0 -104.008)
(0 0 -104.313)
(0 0 -104.532)
(0 0 -104.705)
(0 0 -104.819)
(0 0 -104.907)
(0 0 -104.972)
(0 0 -105.018)
(0 0 -105.051)
(0 0 -105.074)
(0 0 -105.091)
(0 0 -105.103)
(0 0 -105.111)
(0 0 -105.117)
(0 0 -105.121)
(0 0 -105.124)
(0 0 -105.126)
(0 0 -105.127)
(0 0 -105.128)
(0 0 -105.129)
(0 0 -105.129)
(0 0 -105.13)
(0 0 -105.13)
(0 0 -105.13)
(0 0 -105.13)
(0 0 -105.13)
(0 0 -105.13)
(0 0 -105.13)
(0 0 -105.13)
(0 0 -105.13)
(0 0 -105.13)
(0 0 -105.13)
(0 0 -105.13)
(0 0 -105.13)
(0 0 -105.13)
(0 0 -105.13)
(0 0 -105.13)
(0 0 -105.13)
(0 0 -105.13)
(0 0 -105.13)
(0 0 -105.13)
(0 0 -105.13)
(0 0 -105.13)
(0 0 -105.13)
(0 0 -105.13)
(0 0 -105.13)
(0 0 -105.13)
(0 0 -105.13)
(0 0 -105.13)
(0 0 -105.13)
(0 0 -105.13)
(0 0 -105.129)
(0 0 -105.129)
(0 0 -105.128)
(0 0 -105.127)
(0 0 -105.126)
(0 0 -105.123)
(0 0 -105.12)
(0 0 -105.115)
(0 0 -105.108)
(0 0 -105.097)
(0 0 -105.079)
(0 0 -105.052)
(0 0 -105.012)
(0 0 -104.954)
(0 0 -104.861)
(0 0 -104.72)
(0 0 -104.499)
(0 0 -104.153)
(0 0 -103.617)
(0 0 -102.809)
(0 0 -101.538)
(0 0 -99.4056)
(0 0 -95.8854)
(0 0 -89.8476)
(0 0 -77.3135)
(0 0 -60.3443)
(0 0 32.5047)
(0 0 17.4786)
(0 0 18.2375)
(0 0 21.673)
(0 0 15.1897)
(0 0 9.53922)
(0 0 4.57317)
(0 0 -1.02967)
(0 0 -7.14235)
(0 0 -12.6064)
(0 0 -17.5841)
(0 0 -21.7783)
(0 0 -25.4279)
(0 0 -28.5281)
(0 0 -31.0789)
(0 0 -33.1479)
(0 0 -34.7916)
(0 0 -36.0912)
(0 0 -37.0998)
(0 0 -37.8775)
(0 0 -38.4363)
(0 0 -38.8977)
(0 0 -39.2274)
(0 0 -39.4851)
(0 0 -39.6672)
(0 0 -39.7968)
(0 0 -39.9057)
(0 0 -39.9671)
(0 0 -40.0192)
(0 0 -40.0569)
(0 0 -40.0832)
(0 0 -40.102)
(0 0 -40.1153)
(0 0 -40.1247)
(0 0 -40.1319)
(0 0 -40.1358)
(0 0 -40.1391)
(0 0 -40.1413)
(0 0 -40.1429)
(0 0 -40.144)
(0 0 -40.1447)
(0 0 -40.1452)
(0 0 -40.1456)
(0 0 -40.1459)
(0 0 -40.146)
(0 0 -40.1462)
(0 0 -40.1462)
(0 0 -40.1463)
(0 0 -40.1463)
(0 0 -40.1463)
(0 0 -40.1464)
(0 0 -40.1463)
(0 0 -40.1464)
(0 0 -40.1463)
(0 0 -40.1464)
(0 0 -40.1464)
(0 0 -40.1464)
(0 0 -40.1465)
(0 0 -40.1465)
(0 0 -40.1465)
(0 0 -40.147)
(0 0 -40.1465)
(0 0 -40.1465)
(0 0 -40.1465)
(0 0 -40.1465)
(0 0 -40.1465)
(0 0 -40.1465)
(0 0 -40.1467)
(0 0 -40.1465)
(0 0 -40.1465)
(0 0 -40.1465)
(0 0 -40.1465)
(0 0 -40.1463)
(0 0 -40.1469)
(0 0 -40.1461)
(0 0 -40.1459)
(0 0 -40.1454)
(0 0 -40.1449)
(0 0 -40.144)
(0 0 -40.1428)
(0 0 -40.141)
(0 0 -40.1383)
(0 0 -40.1343)
(0 0 -40.1281)
(0 0 -40.1193)
(0 0 -40.1054)
(0 0 -40.0844)
(0 0 -40.0533)
(0 0 -40.0042)
(0 0 -39.9284)
(0 0 -39.8084)
(0 0 -39.6142)
(0 0 -39.3051)
(0 0 -38.8344)
(0 0 -38.0479)
(0 0 -36.5975)
(0 0 -34.1098)
(0 0 -29.2055)
(0 0 -14.534)
(0 0 2.88072)
(0 0 36.0342)
(0 0 26.4904)
(0 0 33.4191)
(0 0 42.9747)
(0 0 41.8082)
(0 0 41.3368)
(0 0 41.2499)
(0 0 39.8422)
(0 0 37.6407)
(0 0 35.5093)
(0 0 33.4984)
(0 0 31.7514)
(0 0 30.2556)
(0 0 28.9436)
(0 0 27.858)
(0 0 26.9824)
(0 0 26.3069)
(0 0 25.7813)
(0 0 25.3859)
(0 0 25.0896)
(0 0 24.8867)
(0 0 24.7302)
(0 0 24.6231)
(0 0 24.5369)
(0 0 24.4826)
(0 0 24.4489)
(0 0 24.4143)
(0 0 24.4005)
(0 0 24.3875)
(0 0 24.378)
(0 0 24.3721)
(0 0 24.3681)
(0 0 24.3654)
(0 0 24.3636)
(0 0 24.3605)
(0 0 24.3616)
(0 0 24.361)
(0 0 24.3606)
(0 0 24.3603)
(0 0 24.3601)
(0 0 24.36)
(0 0 24.3599)
(0 0 24.3599)
(0 0 24.3598)
(0 0 24.3598)
(0 0 24.3597)
(0 0 24.3597)
(0 0 24.3597)
(0 0 24.3597)
(0 0 24.3597)
(0 0 24.3597)
(0 0 24.3597)
(0 0 24.3596)
(0 0 24.3597)
(0 0 24.3597)
(0 0 24.3597)
(0 0 24.3597)
(0 0 24.3596)
(0 0 24.3595)
(0 0 24.3595)
(0 0 24.3581)
(0 0 24.3596)
(0 0 24.3596)
(0 0 24.3596)
(0 0 24.3596)
(0 0 24.3596)
(0 0 24.3595)
(0 0 24.359)
(0 0 24.3596)
(0 0 24.3595)
(0 0 24.3595)
(0 0 24.3594)
(0 0 24.3594)
(0 0 24.3578)
(0 0 24.3595)
(0 0 24.3595)
(0 0 24.3596)
(0 0 24.3597)
(0 0 24.3598)
(0 0 24.36)
(0 0 24.3602)
(0 0 24.3605)
(0 0 24.361)
(0 0 24.3616)
(0 0 24.3622)
(0 0 24.363)
(0 0 24.3645)
(0 0 24.3663)
(0 0 24.3699)
(0 0 24.3766)
(0 0 24.391)
(0 0 24.425)
(0 0 24.4924)
(0 0 24.6035)
(0 0 24.8639)
(0 0 25.5417)
(0 0 26.8482)
(0 0 30.284)
(0 0 46.808)
(0 0 62.5655)
(0 0 38.848)
(0 0 33.8431)
(0 0 45.9219)
(0 0 60.6323)
(0 0 64.3213)
(0 0 68.7114)
(0 0 73.2603)
(0 0 76.0365)
(0 0 77.7023)
(0 0 78.9777)
(0 0 79.9744)
(0 0 80.7942)
(0 0 81.4644)
(0 0 81.9866)
(0 0 82.4143)
(0 0 82.7763)
(0 0 83.0948)
(0 0 83.3655)
(0 0 83.5997)
(0 0 83.7971)
(0 0 83.9698)
(0 0 84.1138)
(0 0 84.2324)
(0 0 84.3194)
(0 0 84.3942)
(0 0 84.4563)
(0 0 84.497)
(0 0 84.5337)
(0 0 84.5578)
(0 0 84.5764)
(0 0 84.5908)
(0 0 84.6014)
(0 0 84.6092)
(0 0 84.615)
(0 0 84.6184)
(0 0 84.6221)
(0 0 84.624)
(0 0 84.6255)
(0 0 84.6265)
(0 0 84.6272)
(0 0 84.6277)
(0 0 84.628)
(0 0 84.6283)
(0 0 84.6284)
(0 0 84.6285)
(0 0 84.6286)
(0 0 84.6286)
(0 0 84.6287)
(0 0 84.6287)
(0 0 84.6287)
(0 0 84.6287)
(0 0 84.6287)
(0 0 84.6286)
(0 0 84.6287)
(0 0 84.6287)
(0 0 84.6287)
(0 0 84.6287)
(0 0 84.6286)
(0 0 84.6286)
(0 0 84.6286)
(0 0 84.6281)
(0 0 84.6287)
(0 0 84.6286)
(0 0 84.6286)
(0 0 84.6286)
(0 0 84.6286)
(0 0 84.6286)
(0 0 84.6284)
(0 0 84.6285)
(0 0 84.6285)
(0 0 84.6284)
(0 0 84.6283)
(0 0 84.6283)
(0 0 84.6276)
(0 0 84.6281)
(0 0 84.6278)
(0 0 84.6276)
(0 0 84.6272)
(0 0 84.6266)
(0 0 84.6257)
(0 0 84.6244)
(0 0 84.6223)
(0 0 84.6191)
(0 0 84.6142)
(0 0 84.6064)
(0 0 84.5944)
(0 0 84.5761)
(0 0 84.5483)
(0 0 84.506)
(0 0 84.4427)
(0 0 84.3503)
(0 0 84.2212)
(0 0 84.0416)
(0 0 83.786)
(0 0 83.5028)
(0 0 83.3492)
(0 0 83.3833)
(0 0 85.0344)
(0 0 102.16)
(0 0 108.899)
(0 0 40.9657)
(0 0 39.4573)
(0 0 55.5568)
(0 0 74.3817)
(0 0 82.2379)
(0 0 90.9423)
(0 0 99.7067)
(0 0 106.429)
(0 0 111.781)
(0 0 116.378)
(0 0 120.317)
(0 0 123.671)
(0 0 126.496)
(0 0 128.838)
(0 0 130.773)
(0 0 132.367)
(0 0 133.677)
(0 0 134.741)
(0 0 135.6)
(0 0 136.287)
(0 0 136.835)
(0 0 137.271)
(0 0 137.612)
(0 0 137.868)
(0 0 138.069)
(0 0 138.225)
(0 0 138.338)
(0 0 138.424)
(0 0 138.486)
(0 0 138.531)
(0 0 138.565)
(0 0 138.59)
(0 0 138.608)
(0 0 138.621)
(0 0 138.63)
(0 0 138.637)
(0 0 138.641)
(0 0 138.645)
(0 0 138.647)
(0 0 138.648)
(0 0 138.65)
(0 0 138.65)
(0 0 138.651)
(0 0 138.651)
(0 0 138.651)
(0 0 138.652)
(0 0 138.652)
(0 0 138.652)
(0 0 138.652)
(0 0 138.652)
(0 0 138.652)
(0 0 138.652)
(0 0 138.652)
(0 0 138.652)
(0 0 138.652)
(0 0 138.652)
(0 0 138.652)
(0 0 138.652)
(0 0 138.652)
(0 0 138.652)
(0 0 138.652)
(0 0 138.652)
(0 0 138.652)
(0 0 138.652)
(0 0 138.652)
(0 0 138.652)
(0 0 138.652)
(0 0 138.652)
(0 0 138.652)
(0 0 138.652)
(0 0 138.651)
(0 0 138.651)
(0 0 138.651)
(0 0 138.651)
(0 0 138.651)
(0 0 138.65)
(0 0 138.65)
(0 0 138.649)
(0 0 138.648)
(0 0 138.646)
(0 0 138.643)
(0 0 138.638)
(0 0 138.632)
(0 0 138.621)
(0 0 138.605)
(0 0 138.581)
(0 0 138.543)
(0 0 138.486)
(0 0 138.399)
(0 0 138.267)
(0 0 138.068)
(0 0 137.777)
(0 0 137.35)
(0 0 136.723)
(0 0 135.877)
(0 0 134.826)
(0 0 133.406)
(0 0 132.681)
(0 0 148.737)
(0 0 139.947)
(0 0 42.4645)
(0 0 43.4269)
(0 0 62.4345)
(0 0 84.3771)
(0 0 95.609)
(0 0 107.949)
(0 0 120.377)
(0 0 130.633)
(0 0 139.338)
(0 0 147.01)
(0 0 153.691)
(0 0 159.429)
(0 0 164.29)
(0 0 168.355)
(0 0 171.72)
(0 0 174.483)
(0 0 176.734)
(0 0 178.55)
(0 0 180.002)
(0 0 181.152)
(0 0 182.057)
(0 0 182.768)
(0 0 183.317)
(0 0 183.733)
(0 0 184.053)
(0 0 184.296)
(0 0 184.476)
(0 0 184.609)
(0 0 184.706)
(0 0 184.777)
(0 0 184.829)
(0 0 184.867)
(0 0 184.895)
(0 0 184.915)
(0 0 184.929)
(0 0 184.939)
(0 0 184.945)
(0 0 184.95)
(0 0 184.954)
(0 0 184.956)
(0 0 184.958)
(0 0 184.959)
(0 0 184.96)
(0 0 184.96)
(0 0 184.96)
(0 0 184.961)
(0 0 184.961)
(0 0 184.961)
(0 0 184.961)
(0 0 184.961)
(0 0 184.961)
(0 0 184.961)
(0 0 184.961)
(0 0 184.961)
(0 0 184.961)
(0 0 184.961)
(0 0 184.961)
(0 0 184.961)
(0 0 184.961)
(0 0 184.961)
(0 0 184.961)
(0 0 184.961)
(0 0 184.961)
(0 0 184.961)
(0 0 184.961)
(0 0 184.961)
(0 0 184.961)
(0 0 184.961)
(0 0 184.961)
(0 0 184.961)
(0 0 184.961)
(0 0 184.961)
(0 0 184.96)
(0 0 184.96)
(0 0 184.96)
(0 0 184.959)
(0 0 184.958)
(0 0 184.957)
(0 0 184.955)
(0 0 184.952)
(0 0 184.948)
(0 0 184.941)
(0 0 184.931)
(0 0 184.915)
(0 0 184.892)
(0 0 184.855)
(0 0 184.8)
(0 0 184.715)
(0 0 184.585)
(0 0 184.387)
(0 0 184.089)
(0 0 183.643)
(0 0 182.978)
(0 0 181.989)
(0 0 180.585)
(0 0 178.61)
(0 0 175.598)
(0 0 172.047)
(0 0 185.758)
(0 0 159.221)
(0 0 43.4437)
(0 0 45.9788)
(0 0 66.9285)
(0 0 91.1074)
(0 0 104.937)
(0 0 120.208)
(0 0 135.699)
(0 0 148.998)
(0 0 160.643)
(0 0 171.05)
(0 0 180.195)
(0 0 188.088)
(0 0 194.803)
(0 0 200.437)
(0 0 205.107)
(0 0 208.938)
(0 0 212.051)
(0 0 214.554)
(0 0 216.547)
(0 0 218.12)
(0 0 219.351)
(0 0 220.312)
(0 0 221.051)
(0 0 221.612)
(0 0 222.038)
(0 0 222.361)
(0 0 222.6)
(0 0 222.777)
(0 0 222.906)
(0 0 223)
(0 0 223.069)
(0 0 223.119)
(0 0 223.155)
(0 0 223.181)
(0 0 223.199)
(0 0 223.212)
(0 0 223.221)
(0 0 223.228)
(0 0 223.232)
(0 0 223.235)
(0 0 223.237)
(0 0 223.239)
(0 0 223.24)
(0 0 223.24)
(0 0 223.241)
(0 0 223.241)
(0 0 223.241)
(0 0 223.242)
(0 0 223.242)
(0 0 223.242)
(0 0 223.242)
(0 0 223.242)
(0 0 223.242)
(0 0 223.242)
(0 0 223.242)
(0 0 223.242)
(0 0 223.242)
(0 0 223.242)
(0 0 223.242)
(0 0 223.242)
(0 0 223.242)
(0 0 223.242)
(0 0 223.242)
(0 0 223.242)
(0 0 223.242)
(0 0 223.242)
(0 0 223.242)
(0 0 223.242)
(0 0 223.242)
(0 0 223.241)
(0 0 223.241)
(0 0 223.241)
(0 0 223.241)
(0 0 223.241)
(0 0 223.24)
(0 0 223.239)
(0 0 223.238)
(0 0 223.236)
(0 0 223.234)
(0 0 223.23)
(0 0 223.224)
(0 0 223.215)
(0 0 223.202)
(0 0 223.182)
(0 0 223.151)
(0 0 223.104)
(0 0 223.032)
(0 0 222.922)
(0 0 222.753)
(0 0 222.495)
(0 0 222.104)
(0 0 221.515)
(0 0 220.629)
(0 0 219.297)
(0 0 217.358)
(0 0 214.465)
(0 0 209.791)
(0 0 203.2)
(0 0 213.919)
(0 0 170.753)
(0 0 44.016)
(0 0 47.42)
(0 0 69.5518)
(0 0 95.2324)
(0 0 110.96)
(0 0 128.492)
(0 0 146.445)
(0 0 162.263)
(0 0 176.386)
(0 0 189.132)
(0 0 200.402)
(0 0 210.168)
(0 0 218.5)
(0 0 225.506)
(0 0 231.319)
(0 0 236.086)
(0 0 239.954)
(0 0 243.059)
(0 0 245.527)
(0 0 247.47)
(0 0 248.987)
(0 0 250.166)
(0 0 251.071)
(0 0 251.758)
(0 0 252.278)
(0 0 252.67)
(0 0 252.961)
(0 0 253.176)
(0 0 253.333)
(0 0 253.447)
(0 0 253.531)
(0 0 253.591)
(0 0 253.634)
(0 0 253.666)
(0 0 253.688)
(0 0 253.703)
(0 0 253.714)
(0 0 253.722)
(0 0 253.727)
(0 0 253.731)
(0 0 253.733)
(0 0 253.735)
(0 0 253.736)
(0 0 253.737)
(0 0 253.738)
(0 0 253.738)
(0 0 253.738)
(0 0 253.738)
(0 0 253.738)
(0 0 253.739)
(0 0 253.739)
(0 0 253.739)
(0 0 253.739)
(0 0 253.739)
(0 0 253.739)
(0 0 253.739)
(0 0 253.739)
(0 0 253.739)
(0 0 253.739)
(0 0 253.739)
(0 0 253.739)
(0 0 253.739)
(0 0 253.739)
(0 0 253.739)
(0 0 253.739)
(0 0 253.739)
(0 0 253.739)
(0 0 253.739)
(0 0 253.738)
(0 0 253.738)
(0 0 253.738)
(0 0 253.738)
(0 0 253.738)
(0 0 253.737)
(0 0 253.736)
(0 0 253.735)
(0 0 253.734)
(0 0 253.732)
(0 0 253.729)
(0 0 253.724)
(0 0 253.717)
(0 0 253.707)
(0 0 253.691)
(0 0 253.667)
(0 0 253.63)
(0 0 253.573)
(0 0 253.486)
(0 0 253.354)
(0 0 253.151)
(0 0 252.84)
(0 0 252.367)
(0 0 251.651)
(0 0 250.566)
(0 0 248.923)
(0 0 246.49)
(0 0 242.726)
(0 0 236.431)
(0 0 226.875)
(0 0 234.586)
(0 0 177.653)
(0 0 44.2948)
(0 0 48.0797)
(0 0 70.8512)
(0 0 97.4597)
(0 0 114.495)
(0 0 133.692)
(0 0 153.536)
(0 0 171.344)
(0 0 187.461)
(0 0 202.112)
(0 0 215.127)
(0 0 226.44)
(0 0 236.113)
(0 0 244.259)
(0 0 251.022)
(0 0 256.568)
(0 0 261.065)
(0 0 264.671)
(0 0 267.534)
(0 0 269.785)
(0 0 271.54)
(0 0 272.9)
(0 0 273.943)
(0 0 274.734)
(0 0 275.333)
(0 0 275.782)
(0 0 276.116)
(0 0 276.362)
(0 0 276.542)
(0 0 276.673)
(0 0 276.769)
(0 0 276.838)
(0 0 276.887)
(0 0 276.923)
(0 0 276.948)
(0 0 276.966)
(0 0 276.978)
(0 0 276.987)
(0 0 276.993)
(0 0 276.997)
(0 0 277)
(0 0 277.002)
(0 0 277.003)
(0 0 277.004)
(0 0 277.005)
(0 0 277.005)
(0 0 277.006)
(0 0 277.006)
(0 0 277.006)
(0 0 277.006)
(0 0 277.006)
(0 0 277.006)
(0 0 277.006)
(0 0 277.006)
(0 0 277.006)
(0 0 277.006)
(0 0 277.006)
(0 0 277.006)
(0 0 277.006)
(0 0 277.006)
(0 0 277.006)
(0 0 277.006)
(0 0 277.006)
(0 0 277.006)
(0 0 277.006)
(0 0 277.006)
(0 0 277.006)
(0 0 277.006)
(0 0 277.006)
(0 0 277.006)
(0 0 277.005)
(0 0 277.005)
(0 0 277.005)
(0 0 277.004)
(0 0 277.004)
(0 0 277.002)
(0 0 277.001)
(0 0 276.998)
(0 0 276.995)
(0 0 276.99)
(0 0 276.982)
(0 0 276.97)
(0 0 276.952)
(0 0 276.924)
(0 0 276.882)
(0 0 276.817)
(0 0 276.718)
(0 0 276.567)
(0 0 276.335)
(0 0 275.979)
(0 0 275.437)
(0 0 274.614)
(0 0 273.36)
(0 0 271.449)
(0 0 268.585)
(0 0 264.048)
(0 0 256.293)
(0 0 244.111)
(0 0 249.232)
(0 0 181.877)
(0 0 44.3809)
(0 0 48.2587)
(0 0 71.3318)
(0 0 98.4492)
(0 0 116.32)
(0 0 136.675)
(0 0 157.881)
(0 0 177.162)
(0 0 194.779)
(0 0 210.879)
(0 0 225.23)
(0 0 237.733)
(0 0 248.44)
(0 0 257.466)
(0 0 264.965)
(0 0 271.114)
(0 0 276.097)
(0 0 280.091)
(0 0 283.26)
(0 0 285.749)
(0 0 287.688)
(0 0 289.187)
(0 0 290.336)
(0 0 291.208)
(0 0 291.867)
(0 0 292.36)
(0 0 292.727)
(0 0 292.998)
(0 0 293.196)
(0 0 293.339)
(0 0 293.444)
(0 0 293.52)
(0 0 293.574)
(0 0 293.613)
(0 0 293.64)
(0 0 293.66)
(0 0 293.673)
(0 0 293.683)
(0 0 293.69)
(0 0 293.694)
(0 0 293.697)
(0 0 293.699)
(0 0 293.701)
(0 0 293.702)
(0 0 293.703)
(0 0 293.703)
(0 0 293.703)
(0 0 293.704)
(0 0 293.704)
(0 0 293.704)
(0 0 293.704)
(0 0 293.704)
(0 0 293.704)
(0 0 293.704)
(0 0 293.704)
(0 0 293.704)
(0 0 293.704)
(0 0 293.704)
(0 0 293.704)
(0 0 293.704)
(0 0 293.704)
(0 0 293.704)
(0 0 293.704)
(0 0 293.704)
(0 0 293.704)
(0 0 293.704)
(0 0 293.704)
(0 0 293.704)
(0 0 293.704)
(0 0 293.704)
(0 0 293.703)
(0 0 293.703)
(0 0 293.703)
(0 0 293.702)
(0 0 293.701)
(0 0 293.7)
(0 0 293.698)
(0 0 293.696)
(0 0 293.692)
(0 0 293.686)
(0 0 293.677)
(0 0 293.664)
(0 0 293.644)
(0 0 293.614)
(0 0 293.568)
(0 0 293.497)
(0 0 293.389)
(0 0 293.223)
(0 0 292.968)
(0 0 292.578)
(0 0 291.982)
(0 0 291.074)
(0 0 289.687)
(0 0 287.564)
(0 0 284.354)
(0 0 279.187)
(0 0 270.241)
(0 0 255.961)
(0 0 259.125)
(0 0 184.51)
(0 0 44.3552)
(0 0 48.2023)
(0 0 71.4078)
(0 0 98.7486)
(0 0 117.092)
(0 0 138.173)
(0 0 160.26)
(0 0 180.512)
(0 0 199.135)
(0 0 216.214)
(0 0 231.473)
(0 0 244.786)
(0 0 256.198)
(0 0 265.826)
(0 0 273.827)
(0 0 280.388)
(0 0 285.704)
(0 0 289.963)
(0 0 293.339)
(0 0 295.991)
(0 0 298.055)
(0 0 299.65)
(0 0 300.871)
(0 0 301.798)
(0 0 302.497)
(0 0 303.021)
(0 0 303.41)
(0 0 303.697)
(0 0 303.907)
(0 0 304.06)
(0 0 304.171)
(0 0 304.251)
(0 0 304.308)
(0 0 304.349)
(0 0 304.379)
(0 0 304.399)
(0 0 304.414)
(0 0 304.424)
(0 0 304.431)
(0 0 304.436)
(0 0 304.439)
(0 0 304.441)
(0 0 304.443)
(0 0 304.444)
(0 0 304.445)
(0 0 304.445)
(0 0 304.445)
(0 0 304.446)
(0 0 304.446)
(0 0 304.446)
(0 0 304.446)
(0 0 304.446)
(0 0 304.446)
(0 0 304.446)
(0 0 304.446)
(0 0 304.446)
(0 0 304.446)
(0 0 304.446)
(0 0 304.446)
(0 0 304.446)
(0 0 304.446)
(0 0 304.446)
(0 0 304.446)
(0 0 304.446)
(0 0 304.446)
(0 0 304.446)
(0 0 304.446)
(0 0 304.446)
(0 0 304.446)
(0 0 304.446)
(0 0 304.445)
(0 0 304.445)
(0 0 304.445)
(0 0 304.444)
(0 0 304.443)
(0 0 304.442)
(0 0 304.44)
(0 0 304.437)
(0 0 304.433)
(0 0 304.427)
(0 0 304.418)
(0 0 304.404)
(0 0 304.383)
(0 0 304.351)
(0 0 304.302)
(0 0 304.227)
(0 0 304.112)
(0 0 303.936)
(0 0 303.666)
(0 0 303.252)
(0 0 302.619)
(0 0 301.653)
(0 0 300.174)
(0 0 297.902)
(0 0 294.45)
(0 0 288.839)
(0 0 279.052)
(0 0 263.322)
(0 0 265.216)
(0 0 186.09)
(0 0 44.3068)
(0 0 48.1165)
(0 0 71.3769)
(0 0 98.7861)
(0 0 117.341)
(0 0 138.777)
(0 0 161.298)
(0 0 182.036)
(0 0 201.165)
(0 0 218.739)
(0 0 234.455)
(0 0 248.177)
(0 0 259.943)
(0 0 269.874)
(0 0 278.128)
(0 0 284.897)
(0 0 290.38)
(0 0 294.772)
(0 0 298.254)
(0 0 300.988)
(0 0 303.115)
(0 0 304.758)
(0 0 306.015)
(0 0 306.969)
(0 0 307.689)
(0 0 308.228)
(0 0 308.628)
(0 0 308.923)
(0 0 309.14)
(0 0 309.297)
(0 0 309.411)
(0 0 309.493)
(0 0 309.552)
(0 0 309.595)
(0 0 309.625)
(0 0 309.646)
(0 0 309.661)
(0 0 309.671)
(0 0 309.678)
(0 0 309.683)
(0 0 309.687)
(0 0 309.689)
(0 0 309.691)
(0 0 309.692)
(0 0 309.693)
(0 0 309.693)
(0 0 309.693)
(0 0 309.694)
(0 0 309.694)
(0 0 309.694)
(0 0 309.694)
(0 0 309.694)
(0 0 309.694)
(0 0 309.694)
(0 0 309.694)
(0 0 309.694)
(0 0 309.694)
(0 0 309.694)
(0 0 309.694)
(0 0 309.694)
(0 0 309.694)
(0 0 309.694)
(0 0 309.694)
(0 0 309.694)
(0 0 309.694)
(0 0 309.694)
(0 0 309.694)
(0 0 309.694)
(0 0 309.694)
(0 0 309.694)
(0 0 309.693)
(0 0 309.693)
(0 0 309.693)
(0 0 309.692)
(0 0 309.691)
(0 0 309.69)
(0 0 309.688)
(0 0 309.685)
(0 0 309.681)
(0 0 309.674)
(0 0 309.665)
(0 0 309.651)
(0 0 309.629)
(0 0 309.596)
(0 0 309.546)
(0 0 309.469)
(0 0 309.35)
(0 0 309.169)
(0 0 308.892)
(0 0 308.466)
(0 0 307.814)
(0 0 306.819)
(0 0 305.292)
(0 0 302.945)
(0 0 299.368)
(0 0 293.528)
(0 0 283.309)
(0 0 266.841)
(0 0 268.116)
(0 0 186.838)
(0 0 44.3067)
(0 0 48.1159)
(0 0 71.3757)
(0 0 98.7841)
(0 0 117.339)
(0 0 138.775)
(0 0 161.299)
(0 0 182.041)
(0 0 201.173)
(0 0 218.749)
(0 0 234.464)
(0 0 248.181)
(0 0 259.944)
(0 0 269.872)
(0 0 278.126)
(0 0 284.894)
(0 0 290.378)
(0 0 294.771)
(0 0 298.253)
(0 0 300.987)
(0 0 303.115)
(0 0 304.758)
(0 0 306.015)
(0 0 306.969)
(0 0 307.689)
(0 0 308.227)
(0 0 308.627)
(0 0 308.923)
(0 0 309.139)
(0 0 309.297)
(0 0 309.411)
(0 0 309.493)
(0 0 309.552)
(0 0 309.595)
(0 0 309.625)
(0 0 309.646)
(0 0 309.661)
(0 0 309.671)
(0 0 309.678)
(0 0 309.683)
(0 0 309.687)
(0 0 309.689)
(0 0 309.691)
(0 0 309.692)
(0 0 309.693)
(0 0 309.693)
(0 0 309.693)
(0 0 309.694)
(0 0 309.694)
(0 0 309.694)
(0 0 309.694)
(0 0 309.694)
(0 0 309.694)
(0 0 309.694)
(0 0 309.694)
(0 0 309.694)
(0 0 309.694)
(0 0 309.694)
(0 0 309.694)
(0 0 309.694)
(0 0 309.694)
(0 0 309.694)
(0 0 309.694)
(0 0 309.694)
(0 0 309.694)
(0 0 309.694)
(0 0 309.694)
(0 0 309.694)
(0 0 309.694)
(0 0 309.694)
(0 0 309.693)
(0 0 309.693)
(0 0 309.693)
(0 0 309.692)
(0 0 309.691)
(0 0 309.69)
(0 0 309.688)
(0 0 309.685)
(0 0 309.681)
(0 0 309.674)
(0 0 309.665)
(0 0 309.651)
(0 0 309.629)
(0 0 309.596)
(0 0 309.546)
(0 0 309.469)
(0 0 309.35)
(0 0 309.169)
(0 0 308.892)
(0 0 308.466)
(0 0 307.814)
(0 0 306.819)
(0 0 305.292)
(0 0 302.945)
(0 0 299.369)
(0 0 293.528)
(0 0 283.309)
(0 0 266.841)
(0 0 268.116)
(0 0 186.838)
(0 0 44.3548)
(0 0 48.2005)
(0 0 71.4041)
(0 0 98.7427)
(0 0 117.085)
(0 0 138.167)
(0 0 160.262)
(0 0 180.527)
(0 0 199.159)
(0 0 216.243)
(0 0 231.498)
(0 0 244.8)
(0 0 256.201)
(0 0 265.821)
(0 0 273.82)
(0 0 280.381)
(0 0 285.698)
(0 0 289.958)
(0 0 293.336)
(0 0 295.989)
(0 0 298.055)
(0 0 299.649)
(0 0 300.87)
(0 0 301.797)
(0 0 302.496)
(0 0 303.019)
(0 0 303.408)
(0 0 303.696)
(0 0 303.906)
(0 0 304.059)
(0 0 304.17)
(0 0 304.251)
(0 0 304.308)
(0 0 304.349)
(0 0 304.378)
(0 0 304.399)
(0 0 304.413)
(0 0 304.424)
(0 0 304.431)
(0 0 304.435)
(0 0 304.439)
(0 0 304.441)
(0 0 304.443)
(0 0 304.444)
(0 0 304.445)
(0 0 304.445)
(0 0 304.445)
(0 0 304.446)
(0 0 304.446)
(0 0 304.446)
(0 0 304.446)
(0 0 304.446)
(0 0 304.446)
(0 0 304.446)
(0 0 304.446)
(0 0 304.446)
(0 0 304.446)
(0 0 304.446)
(0 0 304.446)
(0 0 304.446)
(0 0 304.446)
(0 0 304.446)
(0 0 304.446)
(0 0 304.446)
(0 0 304.446)
(0 0 304.446)
(0 0 304.446)
(0 0 304.446)
(0 0 304.446)
(0 0 304.446)
(0 0 304.446)
(0 0 304.445)
(0 0 304.445)
(0 0 304.444)
(0 0 304.443)
(0 0 304.442)
(0 0 304.44)
(0 0 304.437)
(0 0 304.433)
(0 0 304.427)
(0 0 304.418)
(0 0 304.404)
(0 0 304.383)
(0 0 304.351)
(0 0 304.302)
(0 0 304.227)
(0 0 304.112)
(0 0 303.936)
(0 0 303.666)
(0 0 303.253)
(0 0 302.619)
(0 0 301.654)
(0 0 300.174)
(0 0 297.902)
(0 0 294.45)
(0 0 288.839)
(0 0 279.052)
(0 0 263.322)
(0 0 265.216)
(0 0 186.09)
(0 0 44.38)
(0 0 48.2556)
(0 0 71.3256)
(0 0 98.4395)
(0 0 116.309)
(0 0 136.665)
(0 0 157.885)
(0 0 177.187)
(0 0 194.82)
(0 0 210.927)
(0 0 225.272)
(0 0 237.756)
(0 0 248.444)
(0 0 257.459)
(0 0 264.954)
(0 0 271.103)
(0 0 276.088)
(0 0 280.084)
(0 0 283.254)
(0 0 285.746)
(0 0 287.687)
(0 0 289.186)
(0 0 290.334)
(0 0 291.207)
(0 0 291.865)
(0 0 292.358)
(0 0 292.724)
(0 0 292.995)
(0 0 293.194)
(0 0 293.338)
(0 0 293.443)
(0 0 293.519)
(0 0 293.574)
(0 0 293.612)
(0 0 293.64)
(0 0 293.659)
(0 0 293.673)
(0 0 293.683)
(0 0 293.689)
(0 0 293.694)
(0 0 293.697)
(0 0 293.699)
(0 0 293.701)
(0 0 293.702)
(0 0 293.703)
(0 0 293.703)
(0 0 293.704)
(0 0 293.704)
(0 0 293.704)
(0 0 293.704)
(0 0 293.704)
(0 0 293.704)
(0 0 293.704)
(0 0 293.704)
(0 0 293.704)
(0 0 293.704)
(0 0 293.704)
(0 0 293.704)
(0 0 293.704)
(0 0 293.704)
(0 0 293.704)
(0 0 293.704)
(0 0 293.704)
(0 0 293.704)
(0 0 293.704)
(0 0 293.704)
(0 0 293.704)
(0 0 293.704)
(0 0 293.704)
(0 0 293.704)
(0 0 293.704)
(0 0 293.703)
(0 0 293.703)
(0 0 293.702)
(0 0 293.702)
(0 0 293.7)
(0 0 293.699)
(0 0 293.696)
(0 0 293.692)
(0 0 293.686)
(0 0 293.678)
(0 0 293.664)
(0 0 293.645)
(0 0 293.614)
(0 0 293.568)
(0 0 293.498)
(0 0 293.389)
(0 0 293.223)
(0 0 292.969)
(0 0 292.579)
(0 0 291.983)
(0 0 291.075)
(0 0 289.687)
(0 0 287.564)
(0 0 284.354)
(0 0 279.188)
(0 0 270.241)
(0 0 255.962)
(0 0 259.125)
(0 0 184.51)
(0 0 44.2935)
(0 0 48.0753)
(0 0 70.8426)
(0 0 97.446)
(0 0 114.479)
(0 0 133.678)
(0 0 153.541)
(0 0 171.38)
(0 0 187.519)
(0 0 202.18)
(0 0 215.186)
(0 0 226.472)
(0 0 236.117)
(0 0 244.247)
(0 0 251.005)
(0 0 256.552)
(0 0 261.051)
(0 0 264.66)
(0 0 267.527)
(0 0 269.781)
(0 0 271.539)
(0 0 272.898)
(0 0 273.94)
(0 0 274.732)
(0 0 275.33)
(0 0 275.778)
(0 0 276.112)
(0 0 276.359)
(0 0 276.54)
(0 0 276.672)
(0 0 276.768)
(0 0 276.837)
(0 0 276.887)
(0 0 276.922)
(0 0 276.947)
(0 0 276.965)
(0 0 276.978)
(0 0 276.986)
(0 0 276.993)
(0 0 276.997)
(0 0 277)
(0 0 277.002)
(0 0 277.003)
(0 0 277.004)
(0 0 277.005)
(0 0 277.005)
(0 0 277.006)
(0 0 277.006)
(0 0 277.006)
(0 0 277.006)
(0 0 277.006)
(0 0 277.006)
(0 0 277.006)
(0 0 277.006)
(0 0 277.006)
(0 0 277.006)
(0 0 277.006)
(0 0 277.006)
(0 0 277.006)
(0 0 277.006)
(0 0 277.006)
(0 0 277.006)
(0 0 277.006)
(0 0 277.006)
(0 0 277.006)
(0 0 277.006)
(0 0 277.006)
(0 0 277.006)
(0 0 277.006)
(0 0 277.006)
(0 0 277.006)
(0 0 277.005)
(0 0 277.005)
(0 0 277.005)
(0 0 277.004)
(0 0 277.003)
(0 0 277.001)
(0 0 276.999)
(0 0 276.995)
(0 0 276.99)
(0 0 276.982)
(0 0 276.97)
(0 0 276.952)
(0 0 276.924)
(0 0 276.882)
(0 0 276.818)
(0 0 276.719)
(0 0 276.568)
(0 0 276.336)
(0 0 275.981)
(0 0 275.438)
(0 0 274.615)
(0 0 273.36)
(0 0 271.45)
(0 0 268.586)
(0 0 264.049)
(0 0 256.293)
(0 0 244.111)
(0 0 249.232)
(0 0 181.877)
(0 0 44.0142)
(0 0 47.4142)
(0 0 69.5408)
(0 0 95.2149)
(0 0 110.94)
(0 0 128.472)
(0 0 146.45)
(0 0 162.308)
(0 0 176.46)
(0 0 189.22)
(0 0 200.479)
(0 0 210.209)
(0 0 218.505)
(0 0 225.49)
(0 0 231.297)
(0 0 236.065)
(0 0 239.936)
(0 0 243.045)
(0 0 245.517)
(0 0 247.465)
(0 0 248.985)
(0 0 250.163)
(0 0 251.066)
(0 0 251.755)
(0 0 252.275)
(0 0 252.665)
(0 0 252.956)
(0 0 253.172)
(0 0 253.33)
(0 0 253.446)
(0 0 253.529)
(0 0 253.59)
(0 0 253.634)
(0 0 253.665)
(0 0 253.687)
(0 0 253.703)
(0 0 253.714)
(0 0 253.721)
(0 0 253.727)
(0 0 253.731)
(0 0 253.733)
(0 0 253.735)
(0 0 253.736)
(0 0 253.737)
(0 0 253.738)
(0 0 253.738)
(0 0 253.738)
(0 0 253.738)
(0 0 253.739)
(0 0 253.739)
(0 0 253.739)
(0 0 253.739)
(0 0 253.739)
(0 0 253.739)
(0 0 253.739)
(0 0 253.739)
(0 0 253.739)
(0 0 253.739)
(0 0 253.739)
(0 0 253.739)
(0 0 253.739)
(0 0 253.739)
(0 0 253.739)
(0 0 253.739)
(0 0 253.739)
(0 0 253.739)
(0 0 253.739)
(0 0 253.739)
(0 0 253.739)
(0 0 253.739)
(0 0 253.738)
(0 0 253.738)
(0 0 253.738)
(0 0 253.737)
(0 0 253.737)
(0 0 253.736)
(0 0 253.734)
(0 0 253.732)
(0 0 253.729)
(0 0 253.725)
(0 0 253.718)
(0 0 253.707)
(0 0 253.691)
(0 0 253.667)
(0 0 253.63)
(0 0 253.574)
(0 0 253.487)
(0 0 253.355)
(0 0 253.152)
(0 0 252.841)
(0 0 252.368)
(0 0 251.652)
(0 0 250.567)
(0 0 248.923)
(0 0 246.49)
(0 0 242.727)
(0 0 236.431)
(0 0 226.876)
(0 0 234.587)
(0 0 177.653)
(0 0 43.4415)
(0 0 45.9716)
(0 0 66.9152)
(0 0 91.0861)
(0 0 104.914)
(0 0 120.182)
(0 0 135.703)
(0 0 149.051)
(0 0 160.732)
(0 0 171.158)
(0 0 180.29)
(0 0 188.138)
(0 0 194.807)
(0 0 200.415)
(0 0 205.078)
(0 0 208.911)
(0 0 212.028)
(0 0 214.537)
(0 0 216.536)
(0 0 218.114)
(0 0 219.349)
(0 0 220.308)
(0 0 221.045)
(0 0 221.608)
(0 0 222.034)
(0 0 222.355)
(0 0 222.594)
(0 0 222.772)
(0 0 222.903)
(0 0 222.998)
(0 0 223.068)
(0 0 223.118)
(0 0 223.154)
(0 0 223.18)
(0 0 223.199)
(0 0 223.212)
(0 0 223.221)
(0 0 223.227)
(0 0 223.232)
(0 0 223.235)
(0 0 223.237)
(0 0 223.239)
(0 0 223.24)
(0 0 223.24)
(0 0 223.241)
(0 0 223.241)
(0 0 223.241)
(0 0 223.242)
(0 0 223.242)
(0 0 223.242)
(0 0 223.242)
(0 0 223.242)
(0 0 223.242)
(0 0 223.242)
(0 0 223.242)
(0 0 223.242)
(0 0 223.242)
(0 0 223.242)
(0 0 223.242)
(0 0 223.242)
(0 0 223.242)
(0 0 223.242)
(0 0 223.242)
(0 0 223.242)
(0 0 223.242)
(0 0 223.242)
(0 0 223.242)
(0 0 223.242)
(0 0 223.242)
(0 0 223.242)
(0 0 223.242)
(0 0 223.241)
(0 0 223.241)
(0 0 223.241)
(0 0 223.24)
(0 0 223.24)
(0 0 223.238)
(0 0 223.237)
(0 0 223.234)
(0 0 223.23)
(0 0 223.225)
(0 0 223.216)
(0 0 223.203)
(0 0 223.183)
(0 0 223.152)
(0 0 223.105)
(0 0 223.033)
(0 0 222.923)
(0 0 222.754)
(0 0 222.497)
(0 0 222.106)
(0 0 221.517)
(0 0 220.63)
(0 0 219.298)
(0 0 217.359)
(0 0 214.466)
(0 0 209.791)
(0 0 203.2)
(0 0 213.92)
(0 0 170.753)
(0 0 42.4618)
(0 0 43.4181)
(0 0 62.4187)
(0 0 84.352)
(0 0 95.5823)
(0 0 107.915)
(0 0 120.378)
(0 0 130.691)
(0 0 139.441)
(0 0 147.136)
(0 0 153.804)
(0 0 159.485)
(0 0 164.29)
(0 0 168.325)
(0 0 171.683)
(0 0 174.45)
(0 0 176.707)
(0 0 178.53)
(0 0 179.989)
(0 0 181.145)
(0 0 182.054)
(0 0 182.763)
(0 0 183.31)
(0 0 183.729)
(0 0 184.048)
(0 0 184.289)
(0 0 184.469)
(0 0 184.603)
(0 0 184.702)
(0 0 184.775)
(0 0 184.828)
(0 0 184.866)
(0 0 184.894)
(0 0 184.914)
(0 0 184.928)
(0 0 184.938)
(0 0 184.945)
(0 0 184.95)
(0 0 184.953)
(0 0 184.956)
(0 0 184.958)
(0 0 184.959)
(0 0 184.96)
(0 0 184.96)
(0 0 184.96)
(0 0 184.961)
(0 0 184.961)
(0 0 184.961)
(0 0 184.961)
(0 0 184.961)
(0 0 184.961)
(0 0 184.961)
(0 0 184.961)
(0 0 184.961)
(0 0 184.961)
(0 0 184.961)
(0 0 184.961)
(0 0 184.961)
(0 0 184.961)
(0 0 184.961)
(0 0 184.961)
(0 0 184.961)
(0 0 184.961)
(0 0 184.961)
(0 0 184.961)
(0 0 184.961)
(0 0 184.961)
(0 0 184.961)
(0 0 184.961)
(0 0 184.961)
(0 0 184.961)
(0 0 184.961)
(0 0 184.961)
(0 0 184.961)
(0 0 184.96)
(0 0 184.96)
(0 0 184.959)
(0 0 184.957)
(0 0 184.955)
(0 0 184.952)
(0 0 184.948)
(0 0 184.941)
(0 0 184.931)
(0 0 184.916)
(0 0 184.892)
(0 0 184.856)
(0 0 184.801)
(0 0 184.716)
(0 0 184.587)
(0 0 184.389)
(0 0 184.091)
(0 0 183.644)
(0 0 182.979)
(0 0 181.99)
(0 0 180.586)
(0 0 178.611)
(0 0 175.599)
(0 0 172.048)
(0 0 185.759)
(0 0 159.221)
(0 0 40.9624)
(0 0 39.4467)
(0 0 55.5381)
(0 0 74.3527)
(0 0 82.2092)
(0 0 90.8972)
(0 0 99.6999)
(0 0 106.482)
(0 0 111.892)
(0 0 116.517)
(0 0 120.444)
(0 0 123.732)
(0 0 126.488)
(0 0 128.799)
(0 0 130.728)
(0 0 132.328)
(0 0 133.644)
(0 0 134.717)
(0 0 135.585)
(0 0 136.279)
(0 0 136.831)
(0 0 137.264)
(0 0 137.602)
(0 0 137.864)
(0 0 138.064)
(0 0 138.216)
(0 0 138.331)
(0 0 138.418)
(0 0 138.482)
(0 0 138.529)
(0 0 138.563)
(0 0 138.588)
(0 0 138.607)
(0 0 138.62)
(0 0 138.629)
(0 0 138.636)
(0 0 138.641)
(0 0 138.644)
(0 0 138.647)
(0 0 138.648)
(0 0 138.649)
(0 0 138.65)
(0 0 138.651)
(0 0 138.651)
(0 0 138.651)
(0 0 138.652)
(0 0 138.652)
(0 0 138.652)
(0 0 138.652)
(0 0 138.652)
(0 0 138.652)
(0 0 138.652)
(0 0 138.652)
(0 0 138.652)
(0 0 138.652)
(0 0 138.652)
(0 0 138.652)
(0 0 138.652)
(0 0 138.652)
(0 0 138.652)
(0 0 138.652)
(0 0 138.652)
(0 0 138.652)
(0 0 138.652)
(0 0 138.652)
(0 0 138.652)
(0 0 138.652)
(0 0 138.652)
(0 0 138.652)
(0 0 138.652)
(0 0 138.652)
(0 0 138.652)
(0 0 138.652)
(0 0 138.652)
(0 0 138.651)
(0 0 138.651)
(0 0 138.65)
(0 0 138.649)
(0 0 138.648)
(0 0 138.646)
(0 0 138.643)
(0 0 138.639)
(0 0 138.632)
(0 0 138.622)
(0 0 138.606)
(0 0 138.582)
(0 0 138.544)
(0 0 138.487)
(0 0 138.401)
(0 0 138.269)
(0 0 138.071)
(0 0 137.779)
(0 0 137.351)
(0 0 136.724)
(0 0 135.878)
(0 0 134.827)
(0 0 133.407)
(0 0 132.682)
(0 0 148.738)
(0 0 139.948)
(0 0 38.844)
(0 0 33.8305)
(0 0 45.8998)
(0 0 60.5992)
(0 0 64.2886)
(0 0 68.6519)
(0 0 73.2403)
(0 0 76.0668)
(0 0 77.8105)
(0 0 79.1156)
(0 0 80.1084)
(0 0 80.8538)
(0 0 81.4417)
(0 0 81.9337)
(0 0 82.3588)
(0 0 82.7305)
(0 0 83.0557)
(0 0 83.3383)
(0 0 83.5813)
(0 0 83.7876)
(0 0 83.9605)
(0 0 84.1034)
(0 0 84.2199)
(0 0 84.3136)
(0 0 84.388)
(0 0 84.4464)
(0 0 84.4918)
(0 0 84.5268)
(0 0 84.5534)
(0 0 84.5734)
(0 0 84.5883)
(0 0 84.5994)
(0 0 84.6075)
(0 0 84.6135)
(0 0 84.6179)
(0 0 84.621)
(0 0 84.6233)
(0 0 84.6249)
(0 0 84.6261)
(0 0 84.6269)
(0 0 84.6275)
(0 0 84.6279)
(0 0 84.6282)
(0 0 84.6284)
(0 0 84.6285)
(0 0 84.6286)
(0 0 84.6287)
(0 0 84.6287)
(0 0 84.6288)
(0 0 84.6288)
(0 0 84.6288)
(0 0 84.6288)
(0 0 84.6288)
(0 0 84.6288)
(0 0 84.6288)
(0 0 84.6289)
(0 0 84.6289)
(0 0 84.6289)
(0 0 84.6289)
(0 0 84.6289)
(0 0 84.6289)
(0 0 84.6289)
(0 0 84.6289)
(0 0 84.6289)
(0 0 84.6289)
(0 0 84.6289)
(0 0 84.6289)
(0 0 84.6289)
(0 0 84.6289)
(0 0 84.6289)
(0 0 84.6289)
(0 0 84.6289)
(0 0 84.6289)
(0 0 84.6288)
(0 0 84.6287)
(0 0 84.6285)
(0 0 84.6282)
(0 0 84.6278)
(0 0 84.6273)
(0 0 84.6264)
(0 0 84.625)
(0 0 84.6229)
(0 0 84.6196)
(0 0 84.6147)
(0 0 84.607)
(0 0 84.5952)
(0 0 84.5772)
(0 0 84.5498)
(0 0 84.5082)
(0 0 84.4453)
(0 0 84.3526)
(0 0 84.2228)
(0 0 84.0426)
(0 0 83.7869)
(0 0 83.5038)
(0 0 83.3502)
(0 0 83.3844)
(0 0 85.0355)
(0 0 102.161)
(0 0 108.9)
(0 0 36.0296)
(0 0 26.4754)
(0 0 33.3925)
(0 0 42.9382)
(0 0 41.7615)
(0 0 41.2578)
(0 0 41.2083)
(0 0 39.8059)
(0 0 37.7238)
(0 0 35.6153)
(0 0 33.6215)
(0 0 31.7977)
(0 0 30.2062)
(0 0 28.8737)
(0 0 27.7908)
(0 0 26.9308)
(0 0 26.2612)
(0 0 25.7489)
(0 0 25.363)
(0 0 25.0765)
(0 0 24.8666)
(0 0 24.7146)
(0 0 24.6058)
(0 0 24.5288)
(0 0 24.4748)
(0 0 24.4373)
(0 0 24.4115)
(0 0 24.3941)
(0 0 24.3823)
(0 0 24.3743)
(0 0 24.369)
(0 0 24.3655)
(0 0 24.3633)
(0 0 24.3619)
(0 0 24.361)
(0 0 24.3604)
(0 0 24.3601)
(0 0 24.3599)
(0 0 24.3598)
(0 0 24.3598)
(0 0 24.3597)
(0 0 24.3597)
(0 0 24.3598)
(0 0 24.3598)
(0 0 24.3598)
(0 0 24.3598)
(0 0 24.3598)
(0 0 24.3598)
(0 0 24.3598)
(0 0 24.3598)
(0 0 24.3598)
(0 0 24.3598)
(0 0 24.3598)
(0 0 24.3598)
(0 0 24.3598)
(0 0 24.3598)
(0 0 24.3598)
(0 0 24.3599)
(0 0 24.3599)
(0 0 24.3599)
(0 0 24.3599)
(0 0 24.3599)
(0 0 24.3599)
(0 0 24.3599)
(0 0 24.3599)
(0 0 24.3599)
(0 0 24.3599)
(0 0 24.36)
(0 0 24.36)
(0 0 24.36)
(0 0 24.36)
(0 0 24.3601)
(0 0 24.3601)
(0 0 24.3601)
(0 0 24.3602)
(0 0 24.3602)
(0 0 24.3603)
(0 0 24.3604)
(0 0 24.3605)
(0 0 24.3606)
(0 0 24.3608)
(0 0 24.3611)
(0 0 24.3615)
(0 0 24.362)
(0 0 24.3627)
(0 0 24.3637)
(0 0 24.3652)
(0 0 24.3678)
(0 0 24.3722)
(0 0 24.3794)
(0 0 24.3935)
(0 0 24.4267)
(0 0 24.4934)
(0 0 24.6044)
(0 0 24.8649)
(0 0 25.5427)
(0 0 26.8493)
(0 0 30.2853)
(0 0 46.8094)
(0 0 62.5668)
(0 0 32.4993)
(0 0 17.461)
(0 0 18.2058)
(0 0 21.6252)
(0 0 15.1264)
(0 0 9.43657)
(0 0 4.49918)
(0 0 -1.22625)
(0 0 -7.12571)
(0 0 -12.5972)
(0 0 -17.5081)
(0 0 -21.8254)
(0 0 -25.5244)
(0 0 -28.6193)
(0 0 -31.1594)
(0 0 -33.2112)
(0 0 -34.8451)
(0 0 -36.1298)
(0 0 -37.1282)
(0 0 -37.8959)
(0 0 -38.4806)
(0 0 -38.9219)
(0 0 -39.2521)
(0 0 -39.4973)
(0 0 -39.6781)
(0 0 -39.8105)
(0 0 -39.9068)
(0 0 -39.9763)
(0 0 -40.0262)
(0 0 -40.0619)
(0 0 -40.0874)
(0 0 -40.1053)
(0 0 -40.118)
(0 0 -40.1268)
(0 0 -40.133)
(0 0 -40.1372)
(0 0 -40.1401)
(0 0 -40.1421)
(0 0 -40.1435)
(0 0 -40.1444)
(0 0 -40.145)
(0 0 -40.1455)
(0 0 -40.1457)
(0 0 -40.1459)
(0 0 -40.146)
(0 0 -40.1461)
(0 0 -40.1462)
(0 0 -40.1462)
(0 0 -40.1462)
(0 0 -40.1462)
(0 0 -40.1462)
(0 0 -40.1462)
(0 0 -40.1462)
(0 0 -40.1462)
(0 0 -40.1462)
(0 0 -40.1462)
(0 0 -40.1462)
(0 0 -40.1462)
(0 0 -40.1462)
(0 0 -40.1462)
(0 0 -40.1462)
(0 0 -40.1462)
(0 0 -40.1462)
(0 0 -40.1462)
(0 0 -40.1461)
(0 0 -40.1461)
(0 0 -40.1461)
(0 0 -40.1461)
(0 0 -40.146)
(0 0 -40.146)
(0 0 -40.1459)
(0 0 -40.1458)
(0 0 -40.1457)
(0 0 -40.1456)
(0 0 -40.1454)
(0 0 -40.1451)
(0 0 -40.1447)
(0 0 -40.1442)
(0 0 -40.1434)
(0 0 -40.1422)
(0 0 -40.1404)
(0 0 -40.1378)
(0 0 -40.1339)
(0 0 -40.1279)
(0 0 -40.119)
(0 0 -40.1053)
(0 0 -40.0843)
(0 0 -40.0521)
(0 0 -40.0022)
(0 0 -39.9256)
(0 0 -39.8058)
(0 0 -39.6125)
(0 0 -39.3041)
(0 0 -38.8336)
(0 0 -38.047)
(0 0 -36.5965)
(0 0 -34.1086)
(0 0 -29.2042)
(0 0 -14.5325)
(0 0 2.88225)
(0 0 28.3088)
(0 0 7.08336)
(0 0 0.977022)
(0 0 -2.38092)
(0 0 -14.3012)
(0 0 -25.1498)
(0 0 -34.8906)
(0 0 -44.7341)
(0 0 -54.1884)
(0 0 -62.7494)
(0 0 -70.3174)
(0 0 -76.8936)
(0 0 -82.4965)
(0 0 -87.1829)
(0 0 -91.0411)
(0 0 -94.1739)
(0 0 -96.6855)
(0 0 -98.6758)
(0 0 -100.236)
(0 0 -101.447)
(0 0 -102.379)
(0 0 -103.088)
(0 0 -103.625)
(0 0 -104.028)
(0 0 -104.327)
(0 0 -104.549)
(0 0 -104.712)
(0 0 -104.831)
(0 0 -104.917)
(0 0 -104.979)
(0 0 -105.023)
(0 0 -105.055)
(0 0 -105.078)
(0 0 -105.094)
(0 0 -105.105)
(0 0 -105.113)
(0 0 -105.118)
(0 0 -105.122)
(0 0 -105.125)
(0 0 -105.126)
(0 0 -105.128)
(0 0 -105.128)
(0 0 -105.129)
(0 0 -105.129)
(0 0 -105.13)
(0 0 -105.13)
(0 0 -105.13)
(0 0 -105.13)
(0 0 -105.13)
(0 0 -105.13)
(0 0 -105.13)
(0 0 -105.13)
(0 0 -105.13)
(0 0 -105.13)
(0 0 -105.13)
(0 0 -105.13)
(0 0 -105.13)
(0 0 -105.13)
(0 0 -105.13)
(0 0 -105.13)
(0 0 -105.13)
(0 0 -105.13)
(0 0 -105.13)
(0 0 -105.13)
(0 0 -105.13)
(0 0 -105.13)
(0 0 -105.13)
(0 0 -105.13)
(0 0 -105.13)
(0 0 -105.13)
(0 0 -105.13)
(0 0 -105.129)
(0 0 -105.129)
(0 0 -105.129)
(0 0 -105.129)
(0 0 -105.128)
(0 0 -105.128)
(0 0 -105.127)
(0 0 -105.125)
(0 0 -105.123)
(0 0 -105.12)
(0 0 -105.115)
(0 0 -105.107)
(0 0 -105.096)
(0 0 -105.079)
(0 0 -105.054)
(0 0 -105.014)
(0 0 -104.953)
(0 0 -104.86)
(0 0 -104.717)
(0 0 -104.496)
(0 0 -104.151)
(0 0 -103.616)
(0 0 -102.808)
(0 0 -101.537)
(0 0 -99.4045)
(0 0 -95.8842)
(0 0 -89.8463)
(0 0 -77.312)
(0 0 -60.3427)
(0 0 23.6048)
(0 0 -4.02551)
(0 0 -17.1097)
(0 0 -27.2443)
(0 0 -44.2621)
(0 0 -59.8552)
(0 0 -73.9369)
(0 0 -87.4161)
(0 0 -99.938)
(0 0 -111.13)
(0 0 -120.946)
(0 0 -129.425)
(0 0 -136.627)
(0 0 -142.651)
(0 0 -147.62)
(0 0 -151.667)
(0 0 -154.923)
(0 0 -157.516)
(0 0 -159.558)
(0 0 -161.152)
(0 0 -162.383)
(0 0 -163.327)
(0 0 -164.044)
(0 0 -164.585)
(0 0 -164.989)
(0 0 -165.29)
(0 0 -165.512)
(0 0 -165.675)
(0 0 -165.793)
(0 0 -165.879)
(0 0 -165.941)
(0 0 -165.985)
(0 0 -166.017)
(0 0 -166.039)
(0 0 -166.055)
(0 0 -166.066)
(0 0 -166.074)
(0 0 -166.079)
(0 0 -166.083)
(0 0 -166.085)
(0 0 -166.087)
(0 0 -166.088)
(0 0 -166.089)
(0 0 -166.089)
(0 0 -166.09)
(0 0 -166.09)
(0 0 -166.09)
(0 0 -166.09)
(0 0 -166.09)
(0 0 -166.09)
(0 0 -166.09)
(0 0 -166.09)
(0 0 -166.091)
(0 0 -166.091)
(0 0 -166.091)
(0 0 -166.091)
(0 0 -166.091)
(0 0 -166.09)
(0 0 -166.09)
(0 0 -166.09)
(0 0 -166.09)
(0 0 -166.09)
(0 0 -166.09)
(0 0 -166.09)
(0 0 -166.09)
(0 0 -166.09)
(0 0 -166.09)
(0 0 -166.09)
(0 0 -166.09)
(0 0 -166.09)
(0 0 -166.09)
(0 0 -166.09)
(0 0 -166.09)
(0 0 -166.089)
(0 0 -166.089)
(0 0 -166.088)
(0 0 -166.087)
(0 0 -166.086)
(0 0 -166.084)
(0 0 -166.081)
(0 0 -166.076)
(0 0 -166.069)
(0 0 -166.058)
(0 0 -166.043)
(0 0 -166.018)
(0 0 -165.981)
(0 0 -165.925)
(0 0 -165.838)
(0 0 -165.704)
(0 0 -165.5)
(0 0 -165.186)
(0 0 -164.702)
(0 0 -163.959)
(0 0 -162.845)
(0 0 -161.14)
(0 0 -158.411)
(0 0 -153.991)
(0 0 -146.997)
(0 0 -136.103)
(0 0 -119.351)
(0 0 18.6462)
(0 0 -14.7135)
(0 0 -34.2212)
(0 0 -50.3793)
(0 0 -71.6498)
(0 0 -91.1282)
(0 0 -108.668)
(0 0 -124.96)
(0 0 -139.793)
(0 0 -152.932)
(0 0 -164.391)
(0 0 -174.252)
(0 0 -182.616)
(0 0 -189.614)
(0 0 -195.396)
(0 0 -200.117)
(0 0 -203.928)
(0 0 -206.973)
(0 0 -209.381)
(0 0 -211.266)
(0 0 -212.73)
(0 0 -213.855)
(0 0 -214.714)
(0 0 -215.364)
(0 0 -215.852)
(0 0 -216.216)
(0 0 -216.485)
(0 0 -216.684)
(0 0 -216.828)
(0 0 -216.934)
(0 0 -217.01)
(0 0 -217.064)
(0 0 -217.103)
(0 0 -217.131)
(0 0 -217.151)
(0 0 -217.165)
(0 0 -217.174)
(0 0 -217.181)
(0 0 -217.185)
(0 0 -217.189)
(0 0 -217.191)
(0 0 -217.192)
(0 0 -217.193)
(0 0 -217.194)
(0 0 -217.195)
(0 0 -217.195)
(0 0 -217.195)
(0 0 -217.195)
(0 0 -217.195)
(0 0 -217.195)
(0 0 -217.195)
(0 0 -217.195)
(0 0 -217.195)
(0 0 -217.195)
(0 0 -217.195)
(0 0 -217.195)
(0 0 -217.195)
(0 0 -217.195)
(0 0 -217.195)
(0 0 -217.195)
(0 0 -217.195)
(0 0 -217.195)
(0 0 -217.195)
(0 0 -217.195)
(0 0 -217.195)
(0 0 -217.195)
(0 0 -217.195)
(0 0 -217.195)
(0 0 -217.195)
(0 0 -217.195)
(0 0 -217.195)
(0 0 -217.195)
(0 0 -217.194)
(0 0 -217.194)
(0 0 -217.193)
(0 0 -217.193)
(0 0 -217.191)
(0 0 -217.19)
(0 0 -217.187)
(0 0 -217.183)
(0 0 -217.177)
(0 0 -217.168)
(0 0 -217.155)
(0 0 -217.135)
(0 0 -217.105)
(0 0 -217.058)
(0 0 -216.986)
(0 0 -216.875)
(0 0 -216.706)
(0 0 -216.448)
(0 0 -216.053)
(0 0 -215.447)
(0 0 -214.524)
(0 0 -213.146)
(0 0 -211.07)
(0 0 -207.845)
(0 0 -202.687)
(0 0 -194.938)
(0 0 -185.098)
(0 0 -168.061)
(0 0 13.8175)
(0 0 -23.4383)
(0 0 -47.9873)
(0 0 -68.5994)
(0 0 -92.6929)
(0 0 -114.702)
(0 0 -134.387)
(0 0 -152.326)
(0 0 -168.446)
(0 0 -182.635)
(0 0 -194.965)
(0 0 -205.553)
(0 0 -214.532)
(0 0 -222.052)
(0 0 -228.278)
(0 0 -233.375)
(0 0 -237.504)
(0 0 -240.813)
(0 0 -243.439)
(0 0 -245.504)
(0 0 -247.112)
(0 0 -248.353)
(0 0 -249.303)
(0 0 -250.025)
(0 0 -250.569)
(0 0 -250.976)
(0 0 -251.278)
(0 0 -251.501)
(0 0 -251.664)
(0 0 -251.783)
(0 0 -251.87)
(0 0 -251.932)
(0 0 -251.976)
(0 0 -252.008)
(0 0 -252.03)
(0 0 -252.046)
(0 0 -252.057)
(0 0 -252.065)
(0 0 -252.07)
(0 0 -252.074)
(0 0 -252.076)
(0 0 -252.078)
(0 0 -252.079)
(0 0 -252.08)
(0 0 -252.081)
(0 0 -252.081)
(0 0 -252.081)
(0 0 -252.081)
(0 0 -252.081)
(0 0 -252.081)
(0 0 -252.081)
(0 0 -252.082)
(0 0 -252.082)
(0 0 -252.082)
(0 0 -252.082)
(0 0 -252.082)
(0 0 -252.082)
(0 0 -252.082)
(0 0 -252.082)
(0 0 -252.082)
(0 0 -252.082)
(0 0 -252.081)
(0 0 -252.081)
(0 0 -252.081)
(0 0 -252.081)
(0 0 -252.081)
(0 0 -252.081)
(0 0 -252.081)
(0 0 -252.081)
(0 0 -252.081)
(0 0 -252.081)
(0 0 -252.081)
(0 0 -252.08)
(0 0 -252.08)
(0 0 -252.079)
(0 0 -252.078)
(0 0 -252.077)
(0 0 -252.075)
(0 0 -252.072)
(0 0 -252.067)
(0 0 -252.06)
(0 0 -252.05)
(0 0 -252.035)
(0 0 -252.011)
(0 0 -251.975)
(0 0 -251.92)
(0 0 -251.836)
(0 0 -251.706)
(0 0 -251.507)
(0 0 -251.204)
(0 0 -250.742)
(0 0 -250.035)
(0 0 -248.966)
(0 0 -247.377)
(0 0 -245.007)
(0 0 -241.404)
(0 0 -235.718)
(0 0 -227.562)
(0 0 -218.578)
(0 0 -201.364)
(0 0 9.67589)
(0 0 -28.5285)
(0 0 -55.73)
(0 0 -78.5009)
(0 0 -103.473)
(0 0 -126.214)
(0 0 -146.378)
(0 0 -164.523)
(0 0 -180.7)
(0 0 -194.886)
(0 0 -207.189)
(0 0 -217.751)
(0 0 -226.716)
(0 0 -234.242)
(0 0 -240.491)
(0 0 -245.625)
(0 0 -249.799)
(0 0 -253.159)
(0 0 -255.835)
(0 0 -257.948)
(0 0 -259.6)
(0 0 -260.881)
(0 0 -261.865)
(0 0 -262.615)
(0 0 -263.182)
(0 0 -263.608)
(0 0 -263.925)
(0 0 -264.16)
(0 0 -264.332)
(0 0 -264.458)
(0 0 -264.55)
(0 0 -264.616)
(0 0 -264.663)
(0 0 -264.697)
(0 0 -264.721)
(0 0 -264.738)
(0 0 -264.75)
(0 0 -264.758)
(0 0 -264.764)
(0 0 -264.768)
(0 0 -264.771)
(0 0 -264.773)
(0 0 -264.774)
(0 0 -264.775)
(0 0 -264.775)
(0 0 -264.776)
(0 0 -264.776)
(0 0 -264.776)
(0 0 -264.776)
(0 0 -264.776)
(0 0 -264.776)
(0 0 -264.777)
(0 0 -264.777)
(0 0 -264.777)
(0 0 -264.777)
(0 0 -264.777)
(0 0 -264.777)
(0 0 -264.777)
(0 0 -264.777)
(0 0 -264.777)
(0 0 -264.777)
(0 0 -264.776)
(0 0 -264.776)
(0 0 -264.776)
(0 0 -264.776)
(0 0 -264.776)
(0 0 -264.776)
(0 0 -264.776)
(0 0 -264.776)
(0 0 -264.776)
(0 0 -264.776)
(0 0 -264.776)
(0 0 -264.775)
(0 0 -264.775)
(0 0 -264.774)
(0 0 -264.773)
(0 0 -264.771)
(0 0 -264.769)
(0 0 -264.766)
(0 0 -264.761)
(0 0 -264.753)
(0 0 -264.742)
(0 0 -264.725)
(0 0 -264.699)
(0 0 -264.659)
(0 0 -264.597)
(0 0 -264.503)
(0 0 -264.359)
(0 0 -264.138)
(0 0 -263.801)
(0 0 -263.288)
(0 0 -262.507)
(0 0 -261.331)
(0 0 -259.59)
(0 0 -257.016)
(0 0 -253.167)
(0 0 -247.201)
(0 0 -239.145)
(0 0 -231.351)
(0 0 -214.979)
(0 0 6.78724)
(0 0 -28.5518)
(0 0 -55.0626)
(0 0 -77.2273)
(0 0 -100.789)
(0 0 -122.142)
(0 0 -140.889)
(0 0 -157.631)
(0 0 -172.516)
(0 0 -185.561)
(0 0 -196.881)
(0 0 -206.62)
(0 0 -214.917)
(0 0 -221.911)
(0 0 -227.747)
(0 0 -232.566)
(0 0 -236.505)
(0 0 -239.692)
(0 0 -242.245)
(0 0 -244.271)
(0 0 -245.863)
(0 0 -247.103)
(0 0 -248.061)
(0 0 -248.794)
(0 0 -249.351)
(0 0 -249.77)
(0 0 -250.084)
(0 0 -250.318)
(0 0 -250.49)
(0 0 -250.616)
(0 0 -250.708)
(0 0 -250.774)
(0 0 -250.822)
(0 0 -250.856)
(0 0 -250.881)
(0 0 -250.898)
(0 0 -250.91)
(0 0 -250.919)
(0 0 -250.925)
(0 0 -250.929)
(0 0 -250.932)
(0 0 -250.933)
(0 0 -250.935)
(0 0 -250.936)
(0 0 -250.936)
(0 0 -250.937)
(0 0 -250.937)
(0 0 -250.937)
(0 0 -250.937)
(0 0 -250.937)
(0 0 -250.937)
(0 0 -250.937)
(0 0 -250.937)
(0 0 -250.938)
(0 0 -250.938)
(0 0 -250.938)
(0 0 -250.938)
(0 0 -250.938)
(0 0 -250.937)
(0 0 -250.937)
(0 0 -250.937)
(0 0 -250.937)
(0 0 -250.937)
(0 0 -250.937)
(0 0 -250.937)
(0 0 -250.937)
(0 0 -250.937)
(0 0 -250.937)
(0 0 -250.937)
(0 0 -250.937)
(0 0 -250.937)
(0 0 -250.937)
(0 0 -250.936)
(0 0 -250.936)
(0 0 -250.935)
(0 0 -250.934)
(0 0 -250.932)
(0 0 -250.93)
(0 0 -250.926)
(0 0 -250.921)
(0 0 -250.913)
(0 0 -250.901)
(0 0 -250.883)
(0 0 -250.855)
(0 0 -250.812)
(0 0 -250.747)
(0 0 -250.646)
(0 0 -250.492)
(0 0 -250.256)
(0 0 -249.896)
(0 0 -249.349)
(0 0 -248.52)
(0 0 -247.276)
(0 0 -245.444)
(0 0 -242.754)
(0 0 -238.785)
(0 0 -232.767)
(0 0 -225.231)
(0 0 -219.385)
(0 0 -205.791)
(0 0 5.21714)
(0 0 -22.9122)
(0 0 -44.851)
(0 0 -63.6359)
(0 0 -83.4435)
(0 0 -101.15)
(0 0 -116.537)
(0 0 -130.302)
(0 0 -142.583)
(0 0 -153.369)
(0 0 -162.764)
(0 0 -170.895)
(0 0 -177.872)
(0 0 -183.799)
(0 0 -188.784)
(0 0 -192.933)
(0 0 -196.353)
(0 0 -199.142)
(0 0 -201.394)
(0 0 -203.194)
(0 0 -204.619)
(0 0 -205.737)
(0 0 -206.605)
(0 0 -207.275)
(0 0 -207.786)
(0 0 -208.174)
(0 0 -208.466)
(0 0 -208.683)
(0 0 -208.845)
(0 0 -208.964)
(0 0 -209.051)
(0 0 -209.114)
(0 0 -209.159)
(0 0 -209.192)
(0 0 -209.216)
(0 0 -209.232)
(0 0 -209.244)
(0 0 -209.252)
(0 0 -209.258)
(0 0 -209.262)
(0 0 -209.265)
(0 0 -209.267)
(0 0 -209.268)
(0 0 -209.269)
(0 0 -209.27)
(0 0 -209.27)
(0 0 -209.27)
(0 0 -209.271)
(0 0 -209.271)
(0 0 -209.271)
(0 0 -209.271)
(0 0 -209.271)
(0 0 -209.271)
(0 0 -209.271)
(0 0 -209.271)
(0 0 -209.271)
(0 0 -209.271)
(0 0 -209.271)
(0 0 -209.271)
(0 0 -209.271)
(0 0 -209.271)
(0 0 -209.271)
(0 0 -209.271)
(0 0 -209.271)
(0 0 -209.271)
(0 0 -209.271)
(0 0 -209.271)
(0 0 -209.271)
(0 0 -209.271)
(0 0 -209.27)
(0 0 -209.27)
(0 0 -209.27)
(0 0 -209.27)
(0 0 -209.269)
(0 0 -209.268)
(0 0 -209.267)
(0 0 -209.266)
(0 0 -209.263)
(0 0 -209.26)
(0 0 -209.254)
(0 0 -209.246)
(0 0 -209.234)
(0 0 -209.215)
(0 0 -209.187)
(0 0 -209.143)
(0 0 -209.075)
(0 0 -208.972)
(0 0 -208.813)
(0 0 -208.57)
(0 0 -208.201)
(0 0 -207.641)
(0 0 -206.794)
(0 0 -205.527)
(0 0 -203.672)
(0 0 -200.97)
(0 0 -197.02)
(0 0 -191.119)
(0 0 -184.21)
(0 0 -181.086)
(0 0 -173.077)
(0 0 4.59134)
(0 0 -12.4574)
(0 0 -26.4146)
(0 0 -39.4085)
(0 0 -53.1656)
(0 0 -65.0339)
(0 0 -75.2576)
(0 0 -84.5431)
(0 0 -92.9032)
(0 0 -100.277)
(0 0 -106.746)
(0 0 -112.405)
(0 0 -117.316)
(0 0 -121.537)
(0 0 -125.127)
(0 0 -128.15)
(0 0 -130.669)
(0 0 -132.745)
(0 0 -134.439)
(0 0 -135.806)
(0 0 -136.898)
(0 0 -137.762)
(0 0 -138.439)
(0 0 -138.965)
(0 0 -139.37)
(0 0 -139.678)
(0 0 -139.912)
(0 0 -140.088)
(0 0 -140.218)
(0 0 -140.315)
(0 0 -140.386)
(0 0 -140.438)
(0 0 -140.476)
(0 0 -140.503)
(0 0 -140.523)
(0 0 -140.537)
(0 0 -140.547)
(0 0 -140.554)
(0 0 -140.559)
(0 0 -140.562)
(0 0 -140.564)
(0 0 -140.566)
(0 0 -140.567)
(0 0 -140.568)
(0 0 -140.568)
(0 0 -140.569)
(0 0 -140.569)
(0 0 -140.569)
(0 0 -140.569)
(0 0 -140.569)
(0 0 -140.569)
(0 0 -140.569)
(0 0 -140.569)
(0 0 -140.569)
(0 0 -140.569)
(0 0 -140.569)
(0 0 -140.569)
(0 0 -140.569)
(0 0 -140.569)
(0 0 -140.569)
(0 0 -140.569)
(0 0 -140.569)
(0 0 -140.569)
(0 0 -140.569)
(0 0 -140.569)
(0 0 -140.569)
(0 0 -140.569)
(0 0 -140.569)
(0 0 -140.569)
(0 0 -140.569)
(0 0 -140.569)
(0 0 -140.569)
(0 0 -140.568)
(0 0 -140.568)
(0 0 -140.567)
(0 0 -140.566)
(0 0 -140.565)
(0 0 -140.563)
(0 0 -140.56)
(0 0 -140.555)
(0 0 -140.548)
(0 0 -140.537)
(0 0 -140.52)
(0 0 -140.494)
(0 0 -140.455)
(0 0 -140.394)
(0 0 -140.3)
(0 0 -140.157)
(0 0 -139.939)
(0 0 -139.607)
(0 0 -139.105)
(0 0 -138.348)
(0 0 -137.221)
(0 0 -135.578)
(0 0 -133.21)
(0 0 -129.766)
(0 0 -124.568)
(0 0 -118.579)
(0 0 -118.001)
(0 0 -116.835)
(0 0 3.60491)
(0 0 -0.857524)
(0 0 -5.44956)
(0 0 -10.4259)
(0 0 -15.6749)
(0 0 -19.8736)
(0 0 -23.489)
(0 0 -26.8785)
(0 0 -29.9525)
(0 0 -32.6613)
(0 0 -35.0537)
(0 0 -37.1708)
(0 0 -39.0293)
(0 0 -40.6428)
(0 0 -42.0291)
(0 0 -43.2082)
(0 0 -44.2004)
(0 0 -45.0259)
(0 0 -45.7052)
(0 0 -46.258)
(0 0 -46.703)
(0 0 -47.0575)
(0 0 -47.3372)
(0 0 -47.5556)
(0 0 -47.7246)
(0 0 -47.8542)
(0 0 -47.9529)
(0 0 -48.0272)
(0 0 -48.0829)
(0 0 -48.1243)
(0 0 -48.1548)
(0 0 -48.1772)
(0 0 -48.1935)
(0 0 -48.2053)
(0 0 -48.2137)
(0 0 -48.2198)
(0 0 -48.2241)
(0 0 -48.2271)
(0 0 -48.2293)
(0 0 -48.2308)
(0 0 -48.2318)
(0 0 -48.2325)
(0 0 -48.233)
(0 0 -48.2334)
(0 0 -48.2336)
(0 0 -48.2338)
(0 0 -48.2339)
(0 0 -48.2339)
(0 0 -48.234)
(0 0 -48.234)
(0 0 -48.234)
(0 0 -48.234)
(0 0 -48.2341)
(0 0 -48.2341)
(0 0 -48.2341)
(0 0 -48.2341)
(0 0 -48.2341)
(0 0 -48.2341)
(0 0 -48.2341)
(0 0 -48.2341)
(0 0 -48.2341)
(0 0 -48.2341)
(0 0 -48.234)
(0 0 -48.234)
(0 0 -48.234)
(0 0 -48.234)
(0 0 -48.234)
(0 0 -48.234)
(0 0 -48.2339)
(0 0 -48.2339)
(0 0 -48.2338)
(0 0 -48.2337)
(0 0 -48.2336)
(0 0 -48.2334)
(0 0 -48.233)
(0 0 -48.2326)
(0 0 -48.2319)
(0 0 -48.2309)
(0 0 -48.2294)
(0 0 -48.2271)
(0 0 -48.2237)
(0 0 -48.2185)
(0 0 -48.2104)
(0 0 -48.1981)
(0 0 -48.1791)
(0 0 -48.15)
(0 0 -48.1053)
(0 0 -48.037)
(0 0 -47.933)
(0 0 -47.7757)
(0 0 -47.5393)
(0 0 -47.185)
(0 0 -46.6587)
(0 0 -45.8964)
(0 0 -44.8145)
(0 0 -43.2512)
(0 0 -40.7323)
(0 0 -37.4311)
(0 0 -37.3134)
(0 0 -38.8893)
)
;

boundaryField
{
    inlet
    {
        type            extrapolatedCalculated;
        value           nonuniform List<vector> 
40
(
(0 0 3.60906)
(0 0 4.59966)
(0 0 5.22592)
(0 0 6.79545)
(0 0 9.68376)
(0 0 13.8251)
(0 0 18.6534)
(0 0 23.6115)
(0 0 28.3149)
(0 0 32.5047)
(0 0 36.0342)
(0 0 38.848)
(0 0 40.9657)
(0 0 42.4645)
(0 0 43.4437)
(0 0 44.016)
(0 0 44.2948)
(0 0 44.3809)
(0 0 44.3552)
(0 0 44.3068)
(0 0 44.3067)
(0 0 44.3548)
(0 0 44.38)
(0 0 44.2935)
(0 0 44.0142)
(0 0 43.4415)
(0 0 42.4618)
(0 0 40.9624)
(0 0 38.844)
(0 0 36.0296)
(0 0 32.4993)
(0 0 28.3088)
(0 0 23.6048)
(0 0 18.6462)
(0 0 13.8175)
(0 0 9.67589)
(0 0 6.78724)
(0 0 5.21714)
(0 0 4.59134)
(0 0 3.60491)
)
;
    }
    outlet
    {
        type            extrapolatedCalculated;
        value           nonuniform List<vector> 
40
(
(0 0 -38.8894)
(0 0 -116.835)
(0 0 -173.077)
(0 0 -205.791)
(0 0 -214.98)
(0 0 -201.365)
(0 0 -168.063)
(0 0 -119.353)
(0 0 -60.3443)
(0 0 2.88072)
(0 0 62.5655)
(0 0 108.899)
(0 0 139.947)
(0 0 159.221)
(0 0 170.753)
(0 0 177.653)
(0 0 181.877)
(0 0 184.51)
(0 0 186.09)
(0 0 186.838)
(0 0 186.838)
(0 0 186.09)
(0 0 184.51)
(0 0 181.877)
(0 0 177.653)
(0 0 170.753)
(0 0 159.221)
(0 0 139.948)
(0 0 108.9)
(0 0 62.5668)
(0 0 2.88225)
(0 0 -60.3427)
(0 0 -119.351)
(0 0 -168.061)
(0 0 -201.364)
(0 0 -214.979)
(0 0 -205.791)
(0 0 -173.077)
(0 0 -116.835)
(0 0 -38.8893)
)
;
    }
    lowerWall
    {
        type            extrapolatedCalculated;
        value           nonuniform List<vector> 
100
(
(0 0 3.60906)
(0 0 -0.844067)
(0 0 -5.42582)
(0 0 -10.388)
(0 0 -15.6177)
(0 0 -19.7965)
(0 0 -23.4319)
(0 0 -26.8303)
(0 0 -30.0034)
(0 0 -32.7479)
(0 0 -35.1569)
(0 0 -37.1933)
(0 0 -38.958)
(0 0 -40.5481)
(0 0 -41.947)
(0 0 -43.1413)
(0 0 -44.1513)
(0 0 -44.9961)
(0 0 -45.6868)
(0 0 -46.2467)
(0 0 -46.6882)
(0 0 -47.0406)
(0 0 -47.3238)
(0 0 -47.5491)
(0 0 -47.7176)
(0 0 -47.8439)
(0 0 -47.9444)
(0 0 -48.0207)
(0 0 -48.0784)
(0 0 -48.1215)
(0 0 -48.1529)
(0 0 -48.1739)
(0 0 -48.1922)
(0 0 -48.2041)
(0 0 -48.2127)
(0 0 -48.2189)
(0 0 -48.2234)
(0 0 -48.2266)
(0 0 -48.2289)
(0 0 -48.2305)
(0 0 -48.2316)
(0 0 -48.2324)
(0 0 -48.2329)
(0 0 -48.2333)
(0 0 -48.2335)
(0 0 -48.2337)
(0 0 -48.2338)
(0 0 -48.2339)
(0 0 -48.234)
(0 0 -48.234)
(0 0 -48.2341)
(0 0 -48.2341)
(0 0 -48.2341)
(0 0 -48.2341)
(0 0 -48.2341)
(0 0 -48.2341)
(0 0 -48.2341)
(0 0 -48.2341)
(0 0 -48.2341)
(0 0 -48.2341)
(0 0 -48.2341)
(0 0 -48.2341)
(0 0 -48.2341)
(0 0 -48.2341)
(0 0 -48.2341)
(0 0 -48.2341)
(0 0 -48.2341)
(0 0 -48.234)
(0 0 -48.234)
(0 0 -48.234)
(0 0 -48.2339)
(0 0 -48.2338)
(0 0 -48.2336)
(0 0 -48.2334)
(0 0 -48.2331)
(0 0 -48.2326)
(0 0 -48.232)
(0 0 -48.231)
(0 0 -48.2294)
(0 0 -48.2271)
(0 0 -48.2236)
(0 0 -48.2184)
(0 0 -48.2103)
(0 0 -48.1978)
(0 0 -48.1787)
(0 0 -48.1497)
(0 0 -48.105)
(0 0 -48.0368)
(0 0 -47.9332)
(0 0 -47.7767)
(0 0 -47.5399)
(0 0 -47.1848)
(0 0 -46.6578)
(0 0 -45.8958)
(0 0 -44.8142)
(0 0 -43.251)
(0 0 -40.7322)
(0 0 -37.4311)
(0 0 -37.3134)
(0 0 -38.8894)
)
;
    }
    upperWall
    {
        type            extrapolatedCalculated;
        value           nonuniform List<vector> 
100
(
(0 0 3.60491)
(0 0 -0.857524)
(0 0 -5.44956)
(0 0 -10.4259)
(0 0 -15.6749)
(0 0 -19.8736)
(0 0 -23.489)
(0 0 -26.8785)
(0 0 -29.9525)
(0 0 -32.6613)
(0 0 -35.0537)
(0 0 -37.1708)
(0 0 -39.0293)
(0 0 -40.6428)
(0 0 -42.0291)
(0 0 -43.2082)
(0 0 -44.2004)
(0 0 -45.0259)
(0 0 -45.7052)
(0 0 -46.258)
(0 0 -46.703)
(0 0 -47.0575)
(0 0 -47.3372)
(0 0 -47.5556)
(0 0 -47.7246)
(0 0 -47.8542)
(0 0 -47.9529)
(0 0 -48.0272)
(0 0 -48.0829)
(0 0 -48.1243)
(0 0 -48.1548)
(0 0 -48.1772)
(0 0 -48.1935)
(0 0 -48.2053)
(0 0 -48.2137)
(0 0 -48.2198)
(0 0 -48.2241)
(0 0 -48.2271)
(0 0 -48.2293)
(0 0 -48.2308)
(0 0 -48.2318)
(0 0 -48.2325)
(0 0 -48.233)
(0 0 -48.2334)
(0 0 -48.2336)
(0 0 -48.2338)
(0 0 -48.2339)
(0 0 -48.2339)
(0 0 -48.234)
(0 0 -48.234)
(0 0 -48.234)
(0 0 -48.234)
(0 0 -48.2341)
(0 0 -48.2341)
(0 0 -48.2341)
(0 0 -48.2341)
(0 0 -48.2341)
(0 0 -48.2341)
(0 0 -48.2341)
(0 0 -48.2341)
(0 0 -48.2341)
(0 0 -48.2341)
(0 0 -48.234)
(0 0 -48.234)
(0 0 -48.234)
(0 0 -48.234)
(0 0 -48.234)
(0 0 -48.234)
(0 0 -48.2339)
(0 0 -48.2339)
(0 0 -48.2338)
(0 0 -48.2337)
(0 0 -48.2336)
(0 0 -48.2334)
(0 0 -48.233)
(0 0 -48.2326)
(0 0 -48.2319)
(0 0 -48.2309)
(0 0 -48.2294)
(0 0 -48.2271)
(0 0 -48.2237)
(0 0 -48.2185)
(0 0 -48.2104)
(0 0 -48.1981)
(0 0 -48.1791)
(0 0 -48.15)
(0 0 -48.1053)
(0 0 -48.037)
(0 0 -47.933)
(0 0 -47.7757)
(0 0 -47.5393)
(0 0 -47.185)
(0 0 -46.6587)
(0 0 -45.8964)
(0 0 -44.8145)
(0 0 -43.2512)
(0 0 -40.7323)
(0 0 -37.4311)
(0 0 -37.3134)
(0 0 -38.8893)
)
;
    }
    frontAndBack
    {
        type            empty;
    }
}


// ************************************************************************* //
