/*--------------------------------*- C++ -*----------------------------------*\
| =========                 |                                                 |
| \\      /  F ield         | foam-extend: Open Source CFD                    |
|  \\    /   O peration     | Version:     5.0                                |
|   \\  /    A nd           | Web:         http://www.foam-extend.org         |
|    \\/     M anipulation  |                                                 |
\*---------------------------------------------------------------------------*/
FoamFile
{
    version     2.0;
    format      ascii;
    class       volVectorField;
    location    "0.035";
    object      U;
}
// * * * * * * * * * * * * * * * * * * * * * * * * * * * * * * * * * * * * * //

dimensions      [0 1 -1 0 0 0 0];

internalField   nonuniform List<vector> 
4000
(
(0.731512 -0.0488552 0)
(1.81087 -0.0244618 0)
(2.22114 -0.0805559 0)
(2.9615 -0.080806 0)
(3.62369 -0.0601817 0)
(4.14493 -0.0532439 0)
(4.6224 -0.0524209 0)
(5.08139 -0.0491197 0)
(5.49793 -0.0438967 0)
(5.86748 -0.0395976 0)
(6.19183 -0.0349123 0)
(6.47809 -0.0305535 0)
(6.73246 -0.0285491 0)
(6.96211 -0.0257557 0)
(7.16271 -0.0225238 0)
(7.33501 -0.019302 0)
(7.48047 -0.0164873 0)
(7.60336 -0.0140426 0)
(7.70412 -0.0114459 0)
(7.7863 -0.00912134 0)
(7.85174 -0.00757063 0)
(7.90465 -0.00599936 0)
(7.94696 -0.00488716 0)
(7.98029 -0.00377173 0)
(8.00575 -0.00286617 0)
(8.02519 -0.0022379 0)
(8.04014 -0.00173539 0)
(8.0519 -0.00135088 0)
(8.06085 -0.00104076 0)
(8.06759 -0.000756692 0)
(8.07242 -0.000551182 0)
(8.07593 -0.000394237 0)
(8.07834 -0.000260176 0)
(8.08005 -0.000215958 0)
(8.08162 -0.000201756 0)
(8.08288 -0.000137411 0)
(8.08371 -9.10736e-05 0)
(8.08426 -6.26127e-05 0)
(8.08464 -4.36809e-05 0)
(8.0849 -3.01831e-05 0)
(8.08509 -2.1588e-05 0)
(8.08522 -1.54004e-05 0)
(8.08531 -1.02463e-05 0)
(8.08537 -3.57489e-06 0)
(8.08536 7.79457e-06 0)
(8.08525 2.04355e-05 0)
(8.08511 1.35315e-05 0)
(8.08513 -1.86465e-05 0)
(8.08532 -2.43206e-05 0)
(8.0854 6.64563e-06 0)
(8.0852 3.80472e-05 0)
(8.08504 -1.81397e-06 0)
(8.08523 -4.21492e-05 0)
(8.08547 -1.72266e-05 0)
(8.08554 -2.09239e-07 0)
(8.08547 1.7833e-05 0)
(8.08522 4.24645e-05 0)
(8.08504 3.45088e-07 0)
(8.08521 -4.0091e-05 0)
(8.08544 -1.54169e-05 0)
(8.0855 -5.95274e-06 0)
(8.08553 -4.14974e-06 0)
(8.08555 -1.75637e-07 0)
(8.08554 5.26483e-06 0)
(8.08546 1.94734e-05 0)
(8.0852 4.32889e-05 0)
(8.08502 6.35773e-07 0)
(8.0852 -4.06861e-05 0)
(8.08543 -1.30567e-05 0)
(8.08543 1.38207e-05 0)
(8.08519 4.17065e-05 0)
(8.085 3.3441e-06 0)
(8.08514 -3.36529e-05 0)
(8.08533 -1.19267e-05 0)
(8.08536 -5.41267e-07 0)
(8.08533 8.57402e-06 0)
(8.08523 1.57469e-05 0)
(8.08509 2.42614e-05 0)
(8.08488 3.60523e-05 0)
(8.08456 5.38957e-05 0)
(8.0841 7.84588e-05 0)
(8.0834 0.000119289 0)
(8.08234 0.000181578 0)
(8.08074 0.000274507 0)
(8.07834 0.000405641 0)
(8.07473 0.000618476 0)
(8.06929 0.000914307 0)
(8.06115 0.0013823 0)
(8.049 0.00201808 0)
(8.03103 0.00298752 0)
(8.00461 0.0043072 0)
(7.96628 0.00622967 0)
(7.91085 0.00874635 0)
(7.83289 0.0121408 0)
(7.726 0.0161685 0)
(7.57386 0.022412 0)
(7.33825 0.0289925 0)
(7.03414 0.00845671 0)
(7.88254 -0.204544 0)
(8.82878 -0.207973 0)
(1.4959 -0.35423 0)
(4.56468 -0.238855 0)
(6.04904 -0.374494 0)
(7.94508 -0.363018 0)
(9.74759 -0.29336 0)
(11.2587 -0.261495 0)
(12.6032 -0.24689 0)
(13.8632 -0.227552 0)
(15.0017 -0.202067 0)
(16.0042 -0.179917 0)
(16.875 -0.157709 0)
(17.648 -0.137987 0)
(18.3251 -0.124778 0)
(18.9204 -0.110051 0)
(19.4326 -0.0948755 0)
(19.871 -0.0808083 0)
(20.2377 -0.0679264 0)
(20.5429 -0.0570055 0)
(20.7897 -0.0461872 0)
(20.9937 -0.0370091 0)
(21.1541 -0.0301162 0)
(21.2824 -0.0238166 0)
(21.3845 -0.0191417 0)
(21.4642 -0.0147849 0)
(21.5254 -0.0111984 0)
(21.5719 -0.00871678 0)
(21.6077 -0.00666607 0)
(21.6351 -0.00515825 0)
(21.656 -0.00393985 0)
(21.6716 -0.00287919 0)
(21.683 -0.00208713 0)
(21.6912 -0.0014952 0)
(21.6968 -0.000986162 0)
(21.7009 -0.000814829 0)
(21.7044 -0.000739857 0)
(21.7072 -0.000499942 0)
(21.709 -0.000331973 0)
(21.7103 -0.000230753 0)
(21.7112 -0.000160409 0)
(21.7118 -0.000111337 0)
(21.7122 -7.89225e-05 0)
(21.7125 -5.61448e-05 0)
(21.7127 -3.73145e-05 0)
(21.7128 -1.48717e-05 0)
(21.7128 2.34034e-05 0)
(21.7126 6.6717e-05 0)
(21.7124 4.45741e-05 0)
(21.7124 -6.5014e-05 0)
(21.7127 -8.26677e-05 0)
(21.7129 2.25122e-05 0)
(21.7125 0.000130711 0)
(21.7123 -8.15369e-06 0)
(21.7126 -0.000144528 0)
(21.713 -5.32608e-05 0)
(21.7131 7.51901e-07 0)
(21.713 5.77902e-05 0)
(21.7126 0.000144183 0)
(21.7123 -1.4984e-06 0)
(21.7126 -0.000138057 0)
(21.713 -4.70593e-05 0)
(21.7131 -1.74906e-05 0)
(21.7132 -1.31971e-05 0)
(21.7132 -1.83301e-07 0)
(21.7132 1.67094e-05 0)
(21.713 6.25283e-05 0)
(21.7125 0.000146978 0)
(21.7122 -9.92225e-08 0)
(21.7125 -0.000139738 0)
(21.7129 -4.01503e-05 0)
(21.7129 4.64863e-05 0)
(21.7125 0.000142739 0)
(21.7122 9.40573e-06 0)
(21.7124 -0.000114852 0)
(21.7127 -3.42518e-05 0)
(21.7128 2.62257e-06 0)
(21.7127 3.28253e-05 0)
(21.7125 5.79241e-05 0)
(21.7122 8.79908e-05 0)
(21.7117 0.000131493 0)
(21.7109 0.000195414 0)
(21.7098 0.000287665 0)
(21.7082 0.000433632 0)
(21.7057 0.000663326 0)
(21.702 0.000999603 0)
(21.6963 0.00149236 0)
(21.6878 0.00226305 0)
(21.6749 0.00338203 0)
(21.6557 0.00508216 0)
(21.6268 0.00754123 0)
(21.5838 0.0111257 0)
(21.5205 0.0162693 0)
(21.4285 0.0235319 0)
(21.2948 0.0337032 0)
(21.1051 0.047062 0)
(20.8411 0.0640823 0)
(20.471 0.0866719 0)
(19.9537 0.110607 0)
(19.3674 0.0674681 0)
(20.5448 -0.436412 0)
(19.7334 -0.465916 0)
(1.8282 -1.11842 0)
(6.49522 -0.839988 0)
(8.97575 -0.992646 0)
(11.7133 -0.953678 0)
(14.372 -0.810464 0)
(16.674 -0.722466 0)
(18.7173 -0.667756 0)
(20.5848 -0.60917 0)
(22.2574 -0.539914 0)
(23.7279 -0.476175 0)
(24.9891 -0.416948 0)
(26.1212 -0.365417 0)
(27.0983 -0.324303 0)
(27.9383 -0.281999 0)
(28.6527 -0.241154 0)
(29.2543 -0.203769 0)
(29.7518 -0.169889 0)
(30.1614 -0.14062 0)
(30.4858 -0.114096 0)
(30.7598 -0.0918643 0)
(30.9716 -0.0737446 0)
(31.1399 -0.0581195 0)
(31.2722 -0.0462785 0)
(31.3742 -0.0356752 0)
(31.4529 -0.027064 0)
(31.5121 -0.0209203 0)
(31.5575 -0.0159332 0)
(31.5918 -0.0122322 0)
(31.6179 -0.00930514 0)
(31.6373 -0.00681186 0)
(31.6515 -0.00493348 0)
(31.6616 -0.00352247 0)
(31.6686 -0.00236192 0)
(31.6736 -0.00191298 0)
(31.6779 -0.00168294 0)
(31.6812 -0.00115365 0)
(31.6835 -0.000775957 0)
(31.685 -0.000538177 0)
(31.686 -0.000372917 0)
(31.6868 -0.000258488 0)
(31.6873 -0.000182479 0)
(31.6876 -0.000128513 0)
(31.6879 -8.41848e-05 0)
(31.688 -3.30615e-05 0)
(31.688 4.80498e-05 0)
(31.6878 0.000133503 0)
(31.6875 8.58866e-05 0)
(31.6876 -0.000130831 0)
(31.688 -0.000163067 0)
(31.6881 4.63802e-05 0)
(31.6877 0.000255633 0)
(31.6874 -1.97158e-05 0)
(31.6878 -0.000289868 0)
(31.6883 -0.000112025 0)
(31.6884 3.32543e-06 0)
(31.6883 0.000122743 0)
(31.6878 0.000287215 0)
(31.6874 -3.95829e-06 0)
(31.6878 -0.000276515 0)
(31.6882 -0.000102907 0)
(31.6884 -4.12713e-05 0)
(31.6884 -2.81706e-05 0)
(31.6885 1.63168e-06 0)
(31.6884 4.11579e-05 0)
(31.6883 0.000134666 0)
(31.6878 0.000293622 0)
(31.6874 -3.12476e-07 0)
(31.6877 -0.000276533 0)
(31.6882 -8.02417e-05 0)
(31.6882 9.72989e-05 0)
(31.6877 0.000285045 0)
(31.6873 2.08967e-05 0)
(31.6876 -0.000225661 0)
(31.6879 -6.9708e-05 0)
(31.688 9.32686e-06 0)
(31.6879 7.72891e-05 0)
(31.6876 0.000136307 0)
(31.6872 0.000207863 0)
(31.6866 0.000310708 0)
(31.6857 0.000462445 0)
(31.6844 0.000684997 0)
(31.6824 0.00103019 0)
(31.6794 0.00156904 0)
(31.6749 0.00237491 0)
(31.6679 0.00355779 0)
(31.6575 0.00539154 0)
(31.6417 0.00805994 0)
(31.6182 0.0121179 0)
(31.5828 0.0180739 0)
(31.5295 0.0266655 0)
(31.4517 0.0390428 0)
(31.3368 0.0567277 0)
(31.1687 0.0815212 0)
(30.9278 0.114668 0)
(30.5879 0.157565 0)
(30.1084 0.211531 0)
(29.4352 0.261617 0)
(28.5606 0.205038 0)
(29.0791 -0.383232 0)
(25.0191 -0.474378 0)
(1.85633 -2.09248 0)
(7.56019 -1.70754 0)
(10.6774 -1.80159 0)
(13.9289 -1.70879 0)
(17.1344 -1.49298 0)
(19.9558 -1.33728 0)
(22.4685 -1.2223 0)
(24.7384 -1.1062 0)
(26.7611 -0.978442 0)
(28.54 -0.857435 0)
(30.044 -0.751424 0)
(31.4314 -0.659944 0)
(32.6077 -0.577281 0)
(33.6 -0.496128 0)
(34.434 -0.420883 0)
(35.1269 -0.352968 0)
(35.6952 -0.292262 0)
(36.1592 -0.239272 0)
(36.5158 -0.194439 0)
(36.833 -0.157255 0)
(37.0693 -0.124744 0)
(37.2557 -0.0978171 0)
(37.4004 -0.0773416 0)
(37.511 -0.0595234 0)
(37.5976 -0.0451722 0)
(37.6619 -0.0347321 0)
(37.7108 -0.0263353 0)
(37.7476 -0.0201168 0)
(37.7754 -0.0152543 0)
(37.796 -0.0111556 0)
(37.811 -0.00807557 0)
(37.8217 -0.0057598 0)
(37.829 -0.00386488 0)
(37.8343 -0.00310976 0)
(37.8388 -0.00271161 0)
(37.8423 -0.00185489 0)
(37.8447 -0.00125209 0)
(37.8462 -0.000866034 0)
(37.8473 -0.000599495 0)
(37.848 -0.000415581 0)
(37.8485 -0.000292964 0)
(37.8489 -0.000205447 0)
(37.8492 -0.000135159 0)
(37.8493 -5.62661e-05 0)
(37.8494 6.89198e-05 0)
(37.8491 0.000201889 0)
(37.8488 0.000131515 0)
(37.8489 -0.000203289 0)
(37.8493 -0.000251916 0)
(37.8495 6.92101e-05 0)
(37.8491 0.000396815 0)
(37.8487 -3.06639e-05 0)
(37.8491 -0.000449537 0)
(37.8497 -0.00016736 0)
(37.8498 5.84883e-06 0)
(37.8496 0.000184307 0)
(37.8491 0.000444477 0)
(37.8487 -6.72008e-06 0)
(37.8491 -0.000429105 0)
(37.8496 -0.00015297 0)
(37.8497 -6.17476e-05 0)
(37.8498 -4.31206e-05 0)
(37.8498 2.59634e-06 0)
(37.8498 6.22356e-05 0)
(37.8496 0.000201748 0)
(37.8491 0.000454057 0)
(37.8487 -8.11666e-07 0)
(37.8491 -0.000428764 0)
(37.8496 -0.000118914 0)
(37.8496 0.000147205 0)
(37.849 0.000442769 0)
(37.8486 3.34645e-05 0)
(37.8489 -0.000347245 0)
(37.8493 -9.79133e-05 0)
(37.8493 2.16511e-05 0)
(37.8491 0.000127346 0)
(37.8489 0.000220731 0)
(37.8485 0.000336297 0)
(37.8478 0.000502448 0)
(37.8469 0.000748911 0)
(37.8455 0.00111482 0)
(37.8433 0.00167397 0)
(37.8402 0.00253463 0)
(37.8355 0.00384416 0)
(37.8283 0.00578973 0)
(37.8171 0.00876349 0)
(37.8008 0.0131027 0)
(37.7759 0.0197466 0)
(37.7386 0.0295915 0)
(37.6816 0.0436815 0)
(37.5991 0.0641192 0)
(37.4762 0.0936819 0)
(37.2951 0.135328 0)
(37.0331 0.191857 0)
(36.6591 0.266067 0)
(36.1255 0.360118 0)
(35.3516 0.459862 0)
(34.2081 0.492756 0)
(33.9632 0.182323 0)
(27.3324 -0.0892406 0)
(1.63864 -3.14593 0)
(7.78753 -2.70621 0)
(11.0804 -2.72009 0)
(14.4863 -2.56253 0)
(17.9183 -2.27453 0)
(20.9652 -2.04739 0)
(23.6946 -1.86195 0)
(26.152 -1.67626 0)
(28.3385 -1.48108 0)
(30.2735 -1.29558 0)
(31.9274 -1.13799 0)
(33.451 -0.998988 0)
(34.7136 -0.863858 0)
(35.7757 -0.736215 0)
(36.662 -0.620481 0)
(37.393 -0.517257 0)
(37.9893 -0.426122 0)
(38.4732 -0.346637 0)
(38.8539 -0.281384 0)
(39.1706 -0.227573 0)
(39.4123 -0.179286 0)
(39.603 -0.139986 0)
(39.7497 -0.110013 0)
(39.86 -0.0846503 0)
(39.949 -0.0643692 0)
(40.0139 -0.0492235 0)
(40.063 -0.0371577 0)
(40.0996 -0.0282831 0)
(40.1272 -0.0213941 0)
(40.1475 -0.0156168 0)
(40.1623 -0.0112969 0)
(40.1728 -0.00805657 0)
(40.1801 -0.00538384 0)
(40.1851 -0.00433463 0)
(40.1897 -0.00378797 0)
(40.1932 -0.00256538 0)
(40.1955 -0.00172903 0)
(40.1969 -0.00119211 0)
(40.198 -0.000825413 0)
(40.1987 -0.000573359 0)
(40.1992 -0.000404208 0)
(40.1996 -0.000283345 0)
(40.1998 -0.000187762 0)
(40.2 -8.27675e-05 0)
(40.2 8.78684e-05 0)
(40.1998 0.000276694 0)
(40.1995 0.000186761 0)
(40.1995 -0.000285807 0)
(40.2 -0.000355152 0)
(40.2002 9.08834e-05 0)
(40.1997 0.000565952 0)
(40.1993 -3.93419e-05 0)
(40.1997 -0.000634091 0)
(40.2004 -0.000220696 0)
(40.2004 7.68539e-06 0)
(40.2003 0.000242675 0)
(40.1997 0.000627383 0)
(40.1993 -8.26597e-06 0)
(40.1997 -0.000605942 0)
(40.2003 -0.000197214 0)
(40.2003 -7.88559e-05 0)
(40.2004 -5.87267e-05 0)
(40.2004 2.31151e-06 0)
(40.2004 7.91659e-05 0)
(40.2003 0.000263587 0)
(40.1997 0.000639414 0)
(40.1993 -4.88493e-07 0)
(40.1997 -0.000607649 0)
(40.2003 -0.00015804 0)
(40.2003 0.000196113 0)
(40.1997 0.000626802 0)
(40.1992 4.82766e-05 0)
(40.1995 -0.000489295 0)
(40.1999 -0.000120662 0)
(40.1999 3.78415e-05 0)
(40.1998 0.000181825 0)
(40.1995 0.000308832 0)
(40.1991 0.000469292 0)
(40.1984 0.000700516 0)
(40.1975 0.00104517 0)
(40.1961 0.00156222 0)
(40.194 0.00234818 0)
(40.1907 0.00353115 0)
(40.1861 0.00534427 0)
(40.179 0.0080861 0)
(40.168 0.0122414 0)
(40.1517 0.018356 0)
(40.1263 0.027649 0)
(40.0894 0.04147 0)
(40.0332 0.0613578 0)
(39.9497 0.0903246 0)
(39.8254 0.132444 0)
(39.6415 0.192129 0)
(39.3736 0.27405 0)
(38.9877 0.38306 0)
(38.431 0.524685 0)
(37.6036 0.695843 0)
(36.3067 0.891878 0)
(35.6321 1.05613 0)
(28.0004 0.515871 0)
(1.22573 -4.14616 0)
(7.29611 -3.70265 0)
(10.3315 -3.63439 0)
(13.5302 -3.41773 0)
(16.8747 -3.06956 0)
(19.8625 -2.77715 0)
(22.5592 -2.52088 0)
(24.988 -2.26264 0)
(27.1454 -2.00125 0)
(29.0867 -1.75677 0)
(30.819 -1.54516 0)
(32.3307 -1.3502 0)
(33.5853 -1.15853 0)
(34.6391 -0.982206 0)
(35.5148 -0.824057 0)
(36.2337 -0.683905 0)
(36.8178 -0.561294 0)
(37.2897 -0.455205 0)
(37.6632 -0.36813 0)
(37.9643 -0.296517 0)
(38.1947 -0.233062 0)
(38.3782 -0.181454 0)
(38.5179 -0.141764 0)
(38.6197 -0.109196 0)
(38.7072 -0.0833765 0)
(38.7687 -0.0633501 0)
(38.8149 -0.0475993 0)
(38.8491 -0.0361284 0)
(38.8748 -0.0272654 0)
(38.8935 -0.0198661 0)
(38.9074 -0.0143786 0)
(38.9171 -0.0102579 0)
(38.9238 -0.00680987 0)
(38.9286 -0.00551173 0)
(38.9329 -0.00485792 0)
(38.9363 -0.00323321 0)
(38.9383 -0.00216951 0)
(38.9396 -0.0014922 0)
(38.9405 -0.00103456 0)
(38.9412 -0.000722163 0)
(38.9416 -0.000509585 0)
(38.942 -0.000358046 0)
(38.9422 -0.000239571 0)
(38.9424 -0.000111999 0)
(38.9424 0.000103356 0)
(38.9422 0.000357728 0)
(38.9418 0.000254756 0)
(38.9419 -0.000378779 0)
(38.9424 -0.00047532 0)
(38.9427 0.0001084 0)
(38.9421 0.000769204 0)
(38.9416 -4.29146e-05 0)
(38.9421 -0.000847391 0)
(38.9428 -0.000268768 0)
(38.9428 8.04232e-06 0)
(38.9428 0.000292385 0)
(38.9421 0.000840505 0)
(38.9416 -6.56119e-06 0)
(38.9421 -0.000810938 0)
(38.9427 -0.000231016 0)
(38.9427 -9.04714e-05 0)
(38.9427 -7.46819e-05 0)
(38.9428 2.52994e-07 0)
(38.9428 8.90902e-05 0)
(38.9427 0.000313774 0)
(38.9421 0.000853861 0)
(38.9416 2.31196e-06 0)
(38.942 -0.000818148 0)
(38.9427 -0.000196399 0)
(38.9427 0.000239891 0)
(38.9421 0.000841627 0)
(38.9415 6.63535e-05 0)
(38.9418 -0.000656432 0)
(38.9424 -0.000135734 0)
(38.9423 5.6785e-05 0)
(38.9421 0.000238538 0)
(38.9419 0.000396691 0)
(38.9414 0.000599201 0)
(38.9408 0.000892511 0)
(38.94 0.00133254 0)
(38.9386 0.00199774 0)
(38.9366 0.0030038 0)
(38.9336 0.00450657 0)
(38.929 0.00679933 0)
(38.9223 0.0102967 0)
(38.9119 0.0156176 0)
(38.8964 0.02354 0)
(38.8713 0.0353279 0)
(38.8371 0.0528855 0)
(38.7839 0.0785978 0)
(38.7039 0.116082 0)
(38.5842 0.170667 0)
(38.4066 0.24846 0)
(38.1463 0.356248 0)
(37.7683 0.501394 0)
(37.218 0.693992 0)
(36.3954 0.944683 0)
(35.1029 1.32044 0)
(34.3833 1.99131 0)
(27.3371 1.16063 0)
(0.688232 -4.99425 0)
(6.27192 -4.58701 0)
(8.70912 -4.45534 0)
(11.3905 -4.1966 0)
(14.3759 -3.8089 0)
(17.0575 -3.46497 0)
(19.5008 -3.14625 0)
(21.7174 -2.82232 0)
(23.7277 -2.5045 0)
(25.5743 -2.20895 0)
(27.1759 -1.94063 0)
(28.5645 -1.68641 0)
(29.7247 -1.44075 0)
(30.6991 -1.21732 0)
(31.5066 -1.01784 0)
(32.1674 -0.841976 0)
(32.7024 -0.689059 0)
(33.1328 -0.557772 0)
(33.4734 -0.449261 0)
(33.7435 -0.359913 0)
(33.9468 -0.282856 0)
(34.1147 -0.220095 0)
(34.2395 -0.170882 0)
(34.3297 -0.131794 0)
(34.4082 -0.101011 0)
(34.4623 -0.076279 0)
(34.5031 -0.0570635 0)
(34.5329 -0.0432039 0)
(34.5552 -0.0325257 0)
(34.571 -0.023681 0)
(34.5836 -0.0171995 0)
(34.5923 -0.0122727 0)
(34.5981 -0.00806111 0)
(34.6023 -0.00656671 0)
(34.6059 -0.0058638 0)
(34.6089 -0.00382092 0)
(34.6106 -0.00255031 0)
(34.6117 -0.0017519 0)
(34.6124 -0.00121709 0)
(34.613 -0.000854438 0)
(34.6134 -0.000603833 0)
(34.6137 -0.000426088 0)
(34.6139 -0.000289141 0)
(34.6141 -0.00014484 0)
(34.6142 0.000111914 0)
(34.614 0.000441312 0)
(34.6136 0.000336345 0)
(34.6137 -0.000480014 0)
(34.6141 -0.000611812 0)
(34.6146 0.000116943 0)
(34.6139 0.00100666 0)
(34.6135 -3.78686e-05 0)
(34.6138 -0.0010874 0)
(34.6145 -0.000306745 0)
(34.6145 6.28815e-06 0)
(34.6145 0.000325697 0)
(34.6138 0.00108253 0)
(34.6135 1.27051e-06 0)
(34.6137 -0.00104243 0)
(34.6144 -0.000248925 0)
(34.6144 -9.42825e-05 0)
(34.6144 -9.02565e-05 0)
(34.6144 -3.83031e-06 0)
(34.6145 8.93114e-05 0)
(34.6145 0.000343725 0)
(34.6138 0.00109565 0)
(34.6135 1.02559e-05 0)
(34.6137 -0.00105903 0)
(34.6145 -0.000231273 0)
(34.6145 0.000272387 0)
(34.6138 0.00108611 0)
(34.6134 8.9657e-05 0)
(34.6135 -0.000847672 0)
(34.6142 -0.000138663 0)
(34.614 7.89051e-05 0)
(34.6138 0.000296148 0)
(34.6136 0.000481635 0)
(34.6132 0.000720672 0)
(34.6127 0.00106954 0)
(34.6119 0.00159757 0)
(34.6107 0.00239756 0)
(34.6089 0.00360201 0)
(34.6062 0.00541296 0)
(34.6021 0.00816906 0)
(34.5958 0.0123595 0)
(34.5863 0.0187231 0)
(34.5728 0.0283138 0)
(34.5512 0.0424109 0)
(34.5197 0.0634403 0)
(34.4716 0.0946096 0)
(34.3992 0.140144 0)
(34.2905 0.206503 0)
(34.1283 0.301549 0)
(33.8891 0.434311 0)
(33.539 0.614797 0)
(33.0251 0.857127 0)
(32.2641 1.18143 0)
(31.1139 1.70167 0)
(30.6084 2.76516 0)
(25.3538 1.68189 0)
(0.102556 -5.62866 0)
(4.92281 -5.28349 0)
(6.54184 -5.11431 0)
(8.48045 -4.84112 0)
(10.8972 -4.43744 0)
(13.0784 -4.0589 0)
(15.0907 -3.69192 0)
(16.9685 -3.31638 0)
(18.6865 -2.95462 0)
(20.2678 -2.61379 0)
(21.6451 -2.29138 0)
(22.8294 -1.98418 0)
(23.8235 -1.69143 0)
(24.6583 -1.42602 0)
(25.3488 -1.18949 0)
(25.9121 -0.981551 0)
(26.3666 -0.801468 0)
(26.7307 -0.647659 0)
(27.0178 -0.519844 0)
(27.2432 -0.414158 0)
(27.4049 -0.325805 0)
(27.5517 -0.253958 0)
(27.6552 -0.196063 0)
(27.7322 -0.151123 0)
(27.7942 -0.115914 0)
(27.8382 -0.0872353 0)
(27.8715 -0.0650184 0)
(27.8956 -0.0491094 0)
(27.9131 -0.0369178 0)
(27.9262 -0.0268805 0)
(27.9364 -0.0196079 0)
(27.9435 -0.0139968 0)
(27.9479 -0.00906182 0)
(27.9518 -0.00742333 0)
(27.954 -0.00673032 0)
(27.9565 -0.00428786 0)
(27.9577 -0.00284957 0)
(27.9585 -0.00195875 0)
(27.9591 -0.00136476 0)
(27.9596 -0.000962725 0)
(27.9599 -0.000681607 0)
(27.9601 -0.000483837 0)
(27.9603 -0.000334792 0)
(27.9605 -0.000182959 0)
(27.9606 0.000105297 0)
(27.9605 0.00051255 0)
(27.9603 0.000423279 0)
(27.9604 -0.000578425 0)
(27.9606 -0.000751514 0)
(27.9611 0.000109142 0)
(27.9603 0.00125566 0)
(27.9606 -2.08967e-05 0)
(27.9602 -0.00132946 0)
(27.961 -0.000324105 0)
(27.9609 2.42883e-06 0)
(27.961 0.000329465 0)
(27.9603 0.00132922 0)
(27.9606 1.78745e-05 0)
(27.9602 -0.00127705 0)
(27.9609 -0.000241799 0)
(27.9608 -8.67392e-05 0)
(27.9607 -0.000102962 0)
(27.9607 -9.66331e-06 0)
(27.9608 7.66968e-05 0)
(27.961 0.000339279 0)
(27.9603 0.0013398 0)
(27.9606 2.56432e-05 0)
(27.9602 -0.00130627 0)
(27.961 -0.000254642 0)
(27.9611 0.000283135 0)
(27.9603 0.00133682 0)
(27.9605 0.000119691 0)
(27.96 -0.00104202 0)
(27.9607 -0.000119927 0)
(27.9604 0.000107431 0)
(27.9602 0.000353219 0)
(27.96 0.000559181 0)
(27.9597 0.000827191 0)
(27.9592 0.00122302 0)
(27.9585 0.00182619 0)
(27.9576 0.00273864 0)
(27.9561 0.00411281 0)
(27.9539 0.00619315 0)
(27.9505 0.00936522 0)
(27.9453 0.0141742 0)
(27.9372 0.021394 0)
(27.926 0.0323404 0)
(27.9083 0.0485278 0)
(27.8817 0.0726568 0)
(27.8414 0.108562 0)
(27.7803 0.161181 0)
(27.6882 0.237975 0)
(27.5501 0.348452 0)
(27.3451 0.50388 0)
(27.0418 0.716847 0)
(26.5912 1.00405 0)
(25.9353 1.38775 0)
(25.0051 1.99136 0)
(24.761 3.24523 0)
(21.8594 1.97956 0)
(-0.481935 -6.01552 0)
(3.4567 -5.74513 0)
(4.14197 -5.56014 0)
(5.21464 -5.29352 0)
(6.92537 -4.90642 0)
(8.4729 -4.51986 0)
(9.92587 -4.12997 0)
(11.3333 -3.72452 0)
(12.6733 -3.32948 0)
(13.8826 -2.94997 0)
(14.9478 -2.58228 0)
(15.8636 -2.23105 0)
(16.6352 -1.89953 0)
(17.2831 -1.59897 0)
(17.8179 -1.33129 0)
(18.2528 -1.09638 0)
(18.6023 -0.893526 0)
(18.8805 -0.720913 0)
(19.0989 -0.576964 0)
(19.2691 -0.457574 0)
(19.3933 -0.360204 0)
(19.5001 -0.281198 0)
(19.5766 -0.216337 0)
(19.6344 -0.166414 0)
(19.679 -0.127397 0)
(19.7109 -0.0958342 0)
(19.7354 -0.071208 0)
(19.7532 -0.0536419 0)
(19.765 -0.0403247 0)
(19.7746 -0.0293493 0)
(19.7816 -0.0214647 0)
(19.7868 -0.0153649 0)
(19.7898 -0.00983282 0)
(19.7943 -0.00805593 0)
(19.7941 -0.00736748 0)
(19.7959 -0.00459634 0)
(19.7966 -0.00305288 0)
(19.797 -0.00210664 0)
(19.7974 -0.00147358 0)
(19.7977 -0.00104325 0)
(19.7979 -0.000740519 0)
(19.7981 -0.000529563 0)
(19.7983 -0.000375634 0)
(19.7984 -0.000228654 0)
(19.7986 6.8184e-05 0)
(19.7988 0.000534828 0)
(19.7991 0.000485996 0)
(19.7994 -0.000645173 0)
(19.7987 -0.000853802 0)
(19.7993 7.62193e-05 0)
(19.7985 0.00144292 0)
(19.8005 7.99957e-06 0)
(19.7983 -0.00149937 0)
(19.7991 -0.000301696 0)
(19.7989 -2.19118e-06 0)
(19.7991 0.000285248 0)
(19.7984 0.00150615 0)
(19.8004 4.29297e-05 0)
(19.7982 -0.0014432 0)
(19.799 -0.000195887 0)
(19.7988 -6.35313e-05 0)
(19.7986 -0.000107162 0)
(19.7986 -1.60102e-05 0)
(19.7987 4.86189e-05 0)
(19.7991 0.000280965 0)
(19.7984 0.00151037 0)
(19.8005 4.71029e-05 0)
(19.7983 -0.00148576 0)
(19.7992 -0.000249132 0)
(19.7992 0.000257632 0)
(19.7984 0.00152156 0)
(19.8004 0.000154958 0)
(19.7981 -0.00117401 0)
(19.7989 -6.23306e-05 0)
(19.7984 0.000150094 0)
(19.7982 0.000409287 0)
(19.798 0.000625867 0)
(19.7977 0.000915019 0)
(19.7974 0.00134737 0)
(19.7969 0.00201017 0)
(19.7962 0.00301047 0)
(19.795 0.00451995 0)
(19.7934 0.00681438 0)
(19.7909 0.0103152 0)
(19.7871 0.0156238 0)
(19.7811 0.0235378 0)
(19.7726 0.0355381 0)
(19.7594 0.0534301 0)
(19.7393 0.0801152 0)
(19.7088 0.119863 0)
(19.6625 0.178291 0)
(19.592 0.263718 0)
(19.4854 0.387107 0)
(19.3258 0.561872 0)
(19.0858 0.803121 0)
(18.7215 1.12891 0)
(18.2002 1.55808 0)
(17.5108 2.19199 0)
(17.3933 3.43118 0)
(16.6524 2.05158 0)
(-1.02534 -6.1553 0)
(2.02833 -5.96183 0)
(1.77089 -5.78544 0)
(1.95063 -5.54899 0)
(2.88622 -5.1949 0)
(3.72656 -4.81467 0)
(4.54383 -4.41667 0)
(5.40806 -3.99956 0)
(6.27162 -3.58711 0)
(7.05446 -3.18326 0)
(7.75139 -2.78684 0)
(8.35348 -2.40587 0)
(8.86157 -2.04765 0)
(9.28818 -1.72239 0)
(9.63943 -1.4325 0)
(9.92347 -1.1782 0)
(10.1505 -0.958853 0)
(10.3291 -0.772625 0)
(10.468 -0.617019 0)
(10.5753 -0.488003 0)
(10.6533 -0.383982 0)
(10.718 -0.299657 0)
(10.7643 -0.230236 0)
(10.7994 -0.176756 0)
(10.8257 -0.135004 0)
(10.8443 -0.101649 0)
(10.8591 -0.0755004 0)
(10.8714 -0.0565658 0)
(10.8755 -0.0423674 0)
(10.8811 -0.0309165 0)
(10.8849 -0.0226581 0)
(10.888 -0.016335 0)
(10.8894 -0.0107472 0)
(10.8975 -0.00847685 0)
(10.8922 -0.00734519 0)
(10.8929 -0.00466336 0)
(10.8929 -0.00314343 0)
(10.8931 -0.00218777 0)
(10.8933 -0.0015374 0)
(10.8934 -0.00109146 0)
(10.8935 -0.000777824 0)
(10.8936 -0.000561128 0)
(10.8937 -0.000409711 0)
(10.8939 -0.000283248 0)
(10.8941 -4.80523e-05 0)
(10.8949 0.00034393 0)
(10.8964 0.00035744 0)
(10.8974 -0.000530402 0)
(10.8944 -0.000704304 0)
(10.895 9.73161e-06 0)
(10.8942 0.00115755 0)
(10.9008 3.69832e-05 0)
(10.894 -0.00118758 0)
(10.8947 -0.000201162 0)
(10.8943 -4.23736e-06 0)
(10.8947 0.000167009 0)
(10.894 0.00120422 0)
(10.9007 6.627e-05 0)
(10.894 -0.00113801 0)
(10.8946 -0.000101826 0)
(10.8945 -2.02522e-05 0)
(10.894 -7.66825e-05 0)
(10.894 -1.99671e-05 0)
(10.8941 4.68084e-06 0)
(10.8946 0.000142115 0)
(10.894 0.00119144 0)
(10.9008 5.71641e-05 0)
(10.8942 -0.00118468 0)
(10.8948 -0.000172023 0)
(10.8948 0.000174419 0)
(10.8941 0.00124229 0)
(10.9005 0.000184089 0)
(10.8939 -0.000877249 0)
(10.8949 6.58727e-05 0)
(10.8939 0.000235777 0)
(10.8937 0.000463777 0)
(10.8935 0.000677928 0)
(10.8934 0.000978579 0)
(10.8931 0.00143433 0)
(10.8928 0.00213622 0)
(10.8924 0.00319726 0)
(10.8917 0.00480018 0)
(10.8907 0.00723954 0)
(10.8891 0.0109591 0)
(10.8868 0.0165996 0)
(10.8833 0.0250086 0)
(10.878 0.0377418 0)
(10.87 0.0568103 0)
(10.8575 0.0852913 0)
(10.8385 0.127749 0)
(10.8093 0.19033 0)
(10.7643 0.282011 0)
(10.695 0.414914 0)
(10.5895 0.604371 0)
(10.426 0.867891 0)
(10.1664 1.22422 0)
(9.80013 1.68655 0)
(9.34602 2.3193 0)
(9.15909 3.40609 0)
(9.76111 1.95205 0)
(-1.50041 -6.06543 0)
(0.741298 -5.94312 0)
(-0.394684 -5.78322 0)
(-1.0522 -5.58928 0)
(-0.891171 -5.29187 0)
(-0.774029 -4.94384 0)
(-0.61674 -4.56346 0)
(-0.336551 -4.15549 0)
(0.00223982 -3.73824 0)
(0.323337 -3.32058 0)
(0.61812 -2.90732 0)
(0.881823 -2.50809 0)
(1.09803 -2.13318 0)
(1.27916 -1.79291 0)
(1.42857 -1.48963 0)
(1.54718 -1.22371 0)
(1.64086 -0.994482 0)
(1.71049 -0.80021 0)
(1.76311 -0.637915 0)
(1.80267 -0.503661 0)
(1.82913 -0.395847 0)
(1.85053 -0.308493 0)
(1.86508 -0.236926 0)
(1.8754 -0.181564 0)
(1.88265 -0.138403 0)
(1.88726 -0.104354 0)
(1.89125 -0.0779082 0)
(1.90165 -0.0577728 0)
(1.89453 -0.0426877 0)
(1.89582 -0.0314863 0)
(1.89632 -0.0231466 0)
(1.89731 -0.0168722 0)
(1.89712 -0.0122176 0)
(1.91509 -0.00872882 0)
(1.89897 -0.00622466 0)
(1.89797 -0.0044271 0)
(1.89742 -0.00311898 0)
(1.89723 -0.00219898 0)
(1.89719 -0.00155317 0)
(1.89719 -0.00110594 0)
(1.89719 -0.000792209 0)
(1.89722 -0.000577031 0)
(1.89726 -0.000434214 0)
(1.89741 -0.000341684 0)
(1.89768 -0.000278775 0)
(1.89953 -0.000218257 0)
(1.90413 -0.000142368 0)
(1.90656 -8.52121e-05 0)
(1.8981 -7.67924e-05 0)
(1.89867 -7.93666e-05 0)
(1.89779 -3.3833e-05 0)
(1.91546 3.80922e-05 0)
(1.89802 3.27089e-05 0)
(1.89825 3.2463e-06 0)
(1.89776 1.36343e-07 0)
(1.89822 -2.38894e-05 0)
(1.89766 -3.94077e-06 0)
(1.91528 6.32792e-05 0)
(1.89792 6.05907e-05 0)
(1.89822 3.58138e-05 0)
(1.89866 3.85354e-05 0)
(1.89742 1.32922e-05 0)
(1.89744 -1.87053e-05 0)
(1.89753 -4.71105e-05 0)
(1.89816 -7.43792e-05 0)
(1.89766 -5.07058e-05 0)
(1.91557 2.32658e-05 0)
(1.8983 2.87119e-05 0)
(1.8984 1.41456e-05 0)
(1.89838 3.18187e-05 0)
(1.89771 8.22837e-05 0)
(1.91483 0.000182873 0)
(1.89782 0.000231601 0)
(1.89928 0.000282318 0)
(1.89747 0.000385929 0)
(1.89731 0.000514662 0)
(1.89718 0.000711979 0)
(1.89709 0.0010135 0)
(1.897 0.00147796 0)
(1.8969 0.00219448 0)
(1.89681 0.00328699 0)
(1.89654 0.00493759 0)
(1.89623 0.00744416 0)
(1.89574 0.0112657 0)
(1.89504 0.0170554 0)
(1.89396 0.0257105 0)
(1.89231 0.0388052 0)
(1.88974 0.058456 0)
(1.88561 0.0878527 0)
(1.87911 0.131717 0)
(1.86871 0.196529 0)
(1.8516 0.291683 0)
(1.8234 0.430106 0)
(1.77798 0.628717 0)
(1.70014 0.907338 0)
(1.56015 1.28561 0)
(1.3674 1.7729 0)
(1.1552 2.40071 0)
(0.818034 3.29279 0)
(1.94486 1.78697 0)
(-1.89236 -5.77741 0)
(-0.344235 -5.71699 0)
(-2.24222 -5.58618 0)
(-3.63691 -5.43981 0)
(-4.19343 -5.20107 0)
(-4.77201 -4.89238 0)
(-5.2591 -4.54023 0)
(-5.56582 -4.15483 0)
(-5.76143 -3.7514 0)
(-5.91287 -3.33957 0)
(-6.03175 -2.92766 0)
(-6.12607 -2.52673 0)
(-6.20825 -2.14927 0)
(-6.27757 -1.80636 0)
(-6.33735 -1.50036 0)
(-6.39017 -1.23187 0)
(-6.43532 -1.00025 0)
(-6.47647 -0.803986 0)
(-6.51285 -0.640218 0)
(-6.54204 -0.504883 0)
(-6.56937 -0.396293 0)
(-6.59145 -0.308504 0)
(-6.60921 -0.236877 0)
(-6.62388 -0.181227 0)
(-6.63539 -0.137937 0)
(-6.64506 -0.104118 0)
(-6.65203 -0.0781796 0)
(-6.65462 -0.0574633 0)
(-6.66193 -0.0418555 0)
(-6.66473 -0.03119 0)
(-6.66736 -0.0229947 0)
(-6.66875 -0.016936 0)
(-6.67079 -0.0133545 0)
(-6.66505 -0.00878532 0)
(-6.67169 -0.00495122 0)
(-6.67232 -0.00404934 0)
(-6.67318 -0.0030045 0)
(-6.67366 -0.00214848 0)
(-6.67391 -0.00152689 0)
(-6.67406 -0.0010911 0)
(-6.67416 -0.000786021 0)
(-6.67421 -0.000578804 0)
(-6.67421 -0.000448723 0)
(-6.67412 -0.000391528 0)
(-6.67394 -0.000499062 0)
(-6.67328 -0.000773363 0)
(-6.67175 -0.000653546 0)
(-6.67068 0.000340282 0)
(-6.67362 0.000557185 0)
(-6.67309 -0.000141073 0)
(-6.6741 -0.00121756 0)
(-6.66744 8.10748e-07 0)
(-6.67383 0.00124202 0)
(-6.67343 0.000233405 0)
(-6.67385 1.14215e-05 0)
(-6.67349 -0.000200734 0)
(-6.67423 -0.00120702 0)
(-6.66754 2.11574e-05 0)
(-6.67388 0.0012481 0)
(-6.67351 0.000198588 0)
(-6.67362 0.00010017 0)
(-6.67417 0.000104234 0)
(-6.67415 -1.52851e-05 0)
(-6.67407 -9.69795e-05 0)
(-6.67355 -0.000278346 0)
(-6.67424 -0.0012884 0)
(-6.66742 -5.08876e-05 0)
(-6.67371 0.00122937 0)
(-6.6733 0.000226099 0)
(-6.67332 -9.46332e-05 0)
(-6.67415 -0.00107371 0)
(-6.66765 0.00014179 0)
(-6.67392 0.00132589 0)
(-6.67306 0.000515283 0)
(-6.67403 0.000531883 0)
(-6.67414 0.000556083 0)
(-6.6742 0.000728393 0)
(-6.67419 0.00102163 0)
(-6.67414 0.00148179 0)
(-6.67404 0.00219298 0)
(-6.67385 0.00328673 0)
(-6.67361 0.0049392 0)
(-6.6732 0.00744397 0)
(-6.67261 0.0112615 0)
(-6.67165 0.0170387 0)
(-6.67023 0.0257006 0)
(-6.66811 0.0387998 0)
(-6.66501 0.058483 0)
(-6.66053 0.0879689 0)
(-6.65407 0.132009 0)
(-6.645 0.197224 0)
(-6.63303 0.293177 0)
(-6.6181 0.433237 0)
(-6.60031 0.635442 0)
(-6.58692 0.921538 0)
(-6.59644 1.31234 0)
(-6.59995 1.81495 0)
(-6.55411 2.43443 0)
(-6.99932 3.158 0)
(-5.49364 1.62537 0)
(-2.19728 -5.32874 0)
(-1.2019 -5.31807 0)
(-3.72029 -5.21826 0)
(-5.73052 -5.12069 0)
(-6.92377 -4.94431 0)
(-8.1233 -4.68604 0)
(-9.20667 -4.37536 0)
(-10.0712 -4.02426 0)
(-10.7828 -3.64537 0)
(-11.3962 -3.25086 0)
(-11.9223 -2.85238 0)
(-12.3694 -2.46243 0)
(-12.7495 -2.09456 0)
(-13.0696 -1.75988 0)
(-13.3381 -1.46103 0)
(-13.562 -1.19883 0)
(-13.7466 -0.972628 0)
(-13.8983 -0.781005 0)
(-14.022 -0.621469 0)
(-14.1179 -0.489578 0)
(-14.1995 -0.383529 0)
(-14.2648 -0.298306 0)
(-14.3137 -0.22903 0)
(-14.3533 -0.174969 0)
(-14.383 -0.133004 0)
(-14.407 -0.100414 0)
(-14.4244 -0.0755095 0)
(-14.4367 -0.0553496 0)
(-14.4473 -0.0401397 0)
(-14.454 -0.0299478 0)
(-14.4597 -0.0220962 0)
(-14.4635 -0.016376 0)
(-14.4672 -0.0131934 0)
(-14.4672 -0.00849814 0)
(-14.4705 -0.00439751 0)
(-14.4712 -0.00369923 0)
(-14.4722 -0.00280925 0)
(-14.473 -0.00202941 0)
(-14.4734 -0.00145307 0)
(-14.4737 -0.00104278 0)
(-14.4739 -0.00075563 0)
(-14.474 -0.000563528 0)
(-14.4741 -0.000449542 0)
(-14.474 -0.000419341 0)
(-14.474 -0.000589249 0)
(-14.4739 -0.000949462 0)
(-14.4736 -0.000800503 0)
(-14.4732 0.000429244 0)
(-14.4738 0.000721481 0)
(-14.4734 -0.000161771 0)
(-14.4744 -0.00149982 0)
(-14.4722 -2.88038e-05 0)
(-14.4742 0.00154366 0)
(-14.4736 0.000369281 0)
(-14.4739 2.48915e-05 0)
(-14.4737 -0.000291855 0)
(-14.4745 -0.00151149 0)
(-14.4723 -1.65633e-05 0)
(-14.4742 0.00154157 0)
(-14.4737 0.000325197 0)
(-14.4739 0.000150636 0)
(-14.4742 0.000138093 0)
(-14.4741 -1.51954e-05 0)
(-14.4741 -0.000135587 0)
(-14.4737 -0.000393726 0)
(-14.4745 -0.00161163 0)
(-14.4723 -0.000104256 0)
(-14.4741 0.00151606 0)
(-14.4735 0.000338018 0)
(-14.4735 -0.000148886 0)
(-14.4744 -0.00135939 0)
(-14.4723 0.000104481 0)
(-14.4742 0.001598 0)
(-14.4735 0.00065374 0)
(-14.4739 0.000599375 0)
(-14.474 0.000575273 0)
(-14.474 0.000722151 0)
(-14.4739 0.000997595 0)
(-14.4737 0.00143868 0)
(-14.4734 0.00212333 0)
(-14.4729 0.00317933 0)
(-14.4722 0.00477644 0)
(-14.471 0.00719772 0)
(-14.4694 0.0108845 0)
(-14.4668 0.01646 0)
(-14.4629 0.0248384 0)
(-14.4571 0.0375084 0)
(-14.4483 0.056565 0)
(-14.4353 0.0851465 0)
(-14.416 0.127881 0)
(-14.3876 0.191292 0)
(-14.3465 0.284807 0)
(-14.2882 0.4218 0)
(-14.2063 0.620802 0)
(-14.099 0.904846 0)
(-13.9707 1.29612 0)
(-13.7687 1.80145 0)
(-13.4316 2.40938 0)
(-13.8732 3.00394 0)
(-11.895 1.47814 0)
(-2.41956 -4.75841 0)
(-1.83436 -4.78452 0)
(-4.82785 -4.71468 0)
(-7.3256 -4.65969 0)
(-9.04579 -4.53999 0)
(-10.7826 -4.33435 0)
(-12.3946 -4.0705 0)
(-13.7661 -3.76213 0)
(-14.9535 -3.41994 0)
(-15.9986 -3.05665 0)
(-16.9079 -2.68551 0)
(-17.6886 -2.32017 0)
(-18.3529 -1.97444 0)
(-18.9125 -1.65899 0)
(-19.3802 -1.37697 0)
(-19.7673 -1.12941 0)
(-20.0843 -0.91584 0)
(-20.3417 -0.73496 0)
(-20.5489 -0.584612 0)
(-20.7128 -0.46037 0)
(-20.8396 -0.359818 0)
(-20.9473 -0.27942 0)
(-21.0273 -0.214676 0)
(-21.0894 -0.163915 0)
(-21.1351 -0.124424 0)
(-21.1728 -0.0938344 0)
(-21.2003 -0.0705545 0)
(-21.2204 -0.0517464 0)
(-21.2354 -0.0375637 0)
(-21.246 -0.027944 0)
(-21.2543 -0.0206169 0)
(-21.2601 -0.0153266 0)
(-21.2653 -0.0122429 0)
(-21.2681 -0.00794085 0)
(-21.2706 -0.00416296 0)
(-21.2716 -0.00336255 0)
(-21.2729 -0.00256154 0)
(-21.2738 -0.00186167 0)
(-21.2744 -0.00134253 0)
(-21.2748 -0.000968305 0)
(-21.2751 -0.000706503 0)
(-21.2753 -0.000534468 0)
(-21.2754 -0.000438027 0)
(-21.2754 -0.000426584 0)
(-21.2754 -0.000596672 0)
(-21.2756 -0.000913384 0)
(-21.2759 -0.000750149 0)
(-21.2757 0.000349937 0)
(-21.2755 0.000637029 0)
(-21.2751 -0.00016055 0)
(-21.276 -0.00131787 0)
(-21.2757 -4.16372e-05 0)
(-21.2759 0.00137429 0)
(-21.2752 0.000421351 0)
(-21.2754 3.61592e-05 0)
(-21.2753 -0.000318267 0)
(-21.2761 -0.00134682 0)
(-21.2757 -3.72613e-05 0)
(-21.2759 0.00137248 0)
(-21.2753 0.000397167 0)
(-21.2755 0.000183573 0)
(-21.2756 0.000138938 0)
(-21.2756 -1.75839e-05 0)
(-21.2755 -0.000159687 0)
(-21.2753 -0.000439396 0)
(-21.2761 -0.00145618 0)
(-21.2757 -0.000131523 0)
(-21.2759 0.00133058 0)
(-21.2752 0.000369245 0)
(-21.2751 -0.000156679 0)
(-21.276 -0.00119352 0)
(-21.2756 8.28551e-05 0)
(-21.2759 0.00144248 0)
(-21.2752 0.000705763 0)
(-21.2753 0.000609979 0)
(-21.2753 0.000572937 0)
(-21.2752 0.000695924 0)
(-21.275 0.000946692 0)
(-21.2747 0.00135647 0)
(-21.2742 0.00199611 0)
(-21.2734 0.00298331 0)
(-21.2722 0.00447878 0)
(-21.2705 0.0067473 0)
(-21.2678 0.0101982 0)
(-21.2637 0.015416 0)
(-21.2575 0.0232694 0)
(-21.2481 0.0351466 0)
(-21.234 0.0530251 0)
(-21.2129 0.0798673 0)
(-21.1814 0.120043 0)
(-21.1344 0.179764 0)
(-21.0655 0.268039 0)
(-20.9654 0.397816 0)
(-20.8211 0.587414 0)
(-20.6212 0.860267 0)
(-20.3536 1.23949 0)
(-19.9364 1.73196 0)
(-19.2846 2.31421 0)
(-19.6299 2.79163 0)
(-17.1085 1.31872 0)
(-2.56971 -4.1026 0)
(-2.26561 -4.15276 0)
(-5.60085 -4.10862 0)
(-8.46492 -4.08705 0)
(-10.6006 -4.01498 0)
(-12.7813 -3.8598 0)
(-14.8435 -3.64466 0)
(-16.6571 -3.3837 0)
(-18.2663 -3.08608 0)
(-19.699 -2.76424 0)
(-20.9555 -2.43181 0)
(-22.04 -2.10268 0)
(-22.9647 -1.79021 0)
(-23.7445 -1.50432 0)
(-24.3952 -1.24841 0)
(-24.9325 -1.02366 0)
(-25.3712 -0.829768 0)
(-25.7257 -0.665602 0)
(-26.0098 -0.529219 0)
(-26.2349 -0.416792 0)
(-26.4109 -0.325185 0)
(-26.5514 -0.251987 0)
(-26.6589 -0.193758 0)
(-26.7418 -0.147977 0)
(-26.8042 -0.112179 0)
(-26.8526 -0.0844674 0)
(-26.8887 -0.0635029 0)
(-26.9156 -0.0466306 0)
(-26.9351 -0.0338983 0)
(-26.9492 -0.0251539 0)
(-26.9599 -0.0185695 0)
(-26.9676 -0.0138267 0)
(-26.974 -0.010917 0)
(-26.9784 -0.00714597 0)
(-26.981 -0.00383917 0)
(-26.9824 -0.00297381 0)
(-26.9839 -0.00225851 0)
(-26.9851 -0.00164877 0)
(-26.9858 -0.00119587 0)
(-26.9863 -0.00086785 0)
(-26.9867 -0.000639071 0)
(-26.987 -0.000491489 0)
(-26.9871 -0.000414043 0)
(-26.9872 -0.000416687 0)
(-26.9873 -0.000571547 0)
(-26.9875 -0.000827072 0)
(-26.988 -0.000662993 0)
(-26.9879 0.000254119 0)
(-26.9875 0.000513103 0)
(-26.9871 -0.000151366 0)
(-26.9879 -0.00107564 0)
(-26.9882 -4.17408e-05 0)
(-26.9879 0.00113957 0)
(-26.9872 0.000422979 0)
(-26.9872 4.3601e-05 0)
(-26.9872 -0.000309779 0)
(-26.9879 -0.00111432 0)
(-26.9882 -4.28856e-05 0)
(-26.9879 0.00114068 0)
(-26.9873 0.00042038 0)
(-26.9874 0.00020082 0)
(-26.9874 0.000131371 0)
(-26.9874 -2.08071e-05 0)
(-26.9873 -0.000171844 0)
(-26.9873 -0.000444671 0)
(-26.9879 -0.00122962 0)
(-26.9882 -0.000141603 0)
(-26.9879 0.00108229 0)
(-26.9871 0.000356722 0)
(-26.9871 -0.000144659 0)
(-26.9878 -0.000966944 0)
(-26.9881 7.37401e-05 0)
(-26.9878 0.00122377 0)
(-26.9871 0.000700494 0)
(-26.9871 0.00059103 0)
(-26.987 0.000549745 0)
(-26.9868 0.000648938 0)
(-26.9865 0.000868188 0)
(-26.9861 0.00123415 0)
(-26.9854 0.00180915 0)
(-26.9844 0.00269754 0)
(-26.9828 0.00404546 0)
(-26.9804 0.00609096 0)
(-26.9768 0.00920055 0)
(-26.9713 0.0139018 0)
(-26.963 0.020986 0)
(-26.9504 0.0317017 0)
(-26.9315 0.0478431 0)
(-26.903 0.0720998 0)
(-26.8602 0.108442 0)
(-26.7964 0.162552 0)
(-26.7019 0.24271 0)
(-26.563 0.360954 0)
(-26.3603 0.534605 0)
(-26.0727 0.786382 0)
(-25.6703 1.13926 0)
(-25.0385 1.5996 0)
(-24.068 2.13614 0)
(-24.2595 2.50694 0)
(-21.2163 1.13916 0)
(-2.6618 -3.39212 0)
(-2.53268 -3.45414 0)
(-6.09818 -3.42963 0)
(-9.22226 -3.43088 0)
(-11.6698 -3.39497 0)
(-14.201 -3.2844 0)
(-16.6312 -3.11674 0)
(-18.8148 -2.9053 0)
(-20.7828 -2.65785 0)
(-22.5495 -2.38564 0)
(-24.1076 -2.10149 0)
(-25.4578 -1.81854 0)
(-26.6115 -1.54905 0)
(-27.5852 -1.30186 0)
(-28.3975 -1.08034 0)
(-29.0673 -0.885686 0)
(-29.6133 -0.717743 0)
(-30.0537 -0.57557 0)
(-30.4056 -0.457452 0)
(-30.6843 -0.360247 0)
(-30.9025 -0.280825 0)
(-31.0734 -0.217312 0)
(-31.2051 -0.167131 0)
(-31.3061 -0.127656 0)
(-31.3827 -0.0967103 0)
(-31.441 -0.072764 0)
(-31.4847 -0.054673 0)
(-31.5172 -0.040191 0)
(-31.5409 -0.0292532 0)
(-31.5581 -0.0216706 0)
(-31.5709 -0.016015 0)
(-31.5803 -0.0119447 0)
(-31.5877 -0.0093396 0)
(-31.593 -0.00615493 0)
(-31.5962 -0.00337212 0)
(-31.598 -0.00252012 0)
(-31.5997 -0.00190488 0)
(-31.601 -0.00139631 0)
(-31.6019 -0.0010186 0)
(-31.6025 -0.000745221 0)
(-31.603 -0.000555755 0)
(-31.6033 -0.000436378 0)
(-31.6035 -0.000379268 0)
(-31.6036 -0.000393648 0)
(-31.6037 -0.000529783 0)
(-31.604 -0.00072744 0)
(-31.6044 -0.000570723 0)
(-31.6044 0.000168665 0)
(-31.604 0.00039187 0)
(-31.6037 -0.000139538 0)
(-31.6043 -0.000846428 0)
(-31.6048 -3.4323e-05 0)
(-31.6044 0.000914414 0)
(-31.6038 0.000396908 0)
(-31.6037 4.73022e-05 0)
(-31.6038 -0.000283873 0)
(-31.6044 -0.000888633 0)
(-31.6048 -3.86078e-05 0)
(-31.6044 0.000919316 0)
(-31.6039 0.000412646 0)
(-31.6039 0.000205825 0)
(-31.6039 0.000120502 0)
(-31.6038 -2.39983e-05 0)
(-31.6038 -0.000175438 0)
(-31.6038 -0.00042745 0)
(-31.6044 -0.00100778 0)
(-31.6048 -0.000140738 0)
(-31.6044 0.000846518 0)
(-31.6037 0.000321756 0)
(-31.6037 -0.000125783 0)
(-31.6043 -0.000751741 0)
(-31.6046 7.15166e-05 0)
(-31.6042 0.00100947 0)
(-31.6036 0.000660246 0)
(-31.6035 0.000552062 0)
(-31.6033 0.000508773 0)
(-31.6031 0.000583421 0)
(-31.6027 0.000765226 0)
(-31.6022 0.00107648 0)
(-31.6013 0.00156967 0)
(-31.6001 0.00233322 0)
(-31.5981 0.00349355 0)
(-31.5952 0.00525495 0)
(-31.5908 0.00793119 0)
(-31.5841 0.0119768 0)
(-31.5739 0.018078 0)
(-31.5586 0.0273089 0)
(-31.5354 0.0412223 0)
(-31.5004 0.0621486 0)
(-31.4479 0.0935303 0)
(-31.3692 0.140323 0)
(-31.2522 0.20978 0)
(-31.079 0.312553 0)
(-30.8241 0.46417 0)
(-30.4571 0.685416 0)
(-29.9304 0.997695 0)
(-29.097 1.40608 0)
(-27.8284 1.87613 0)
(-27.8514 2.14966 0)
(-24.3685 0.942107 0)
(-2.71071 -2.65054 0)
(-2.6781 -2.71364 0)
(-6.38815 -2.70206 0)
(-9.68515 -2.71557 0)
(-12.3542 -2.70375 0)
(-15.1491 -2.6299 0)
(-17.866 -2.50636 0)
(-20.3447 -2.34456 0)
(-22.6032 -2.15076 0)
(-24.6438 -1.93426 0)
(-26.4511 -1.706 0)
(-28.022 -1.47742 0)
(-29.3668 -1.25903 0)
(-30.5027 -1.05831 0)
(-31.4503 -0.878269 0)
(-32.2312 -0.719976 0)
(-32.8672 -0.583375 0)
(-33.3795 -0.467741 0)
(-33.7884 -0.371663 0)
(-34.1118 -0.292643 0)
(-34.3649 -0.228038 0)
(-34.5619 -0.176344 0)
(-34.7137 -0.135617 0)
(-34.83 -0.103595 0)
(-34.9182 -0.078473 0)
(-34.9848 -0.0590392 0)
(-35.0349 -0.0443388 0)
(-35.0721 -0.0326195 0)
(-35.0992 -0.0237629 0)
(-35.119 -0.017591 0)
(-35.1336 -0.0130229 0)
(-35.1443 -0.0097414 0)
(-35.1526 -0.00757287 0)
(-35.1586 -0.00500269 0)
(-35.1622 -0.002758 0)
(-35.1645 -0.0019993 0)
(-35.1664 -0.0015053 0)
(-35.1679 -0.00110917 0)
(-35.1689 -0.000815661 0)
(-35.1696 -0.000603929 0)
(-35.1701 -0.000458846 0)
(-35.1704 -0.000370882 0)
(-35.1706 -0.00033539 0)
(-35.1708 -0.000360652 0)
(-35.1709 -0.000479675 0)
(-35.1712 -0.000629711 0)
(-35.1716 -0.000485345 0)
(-35.1717 0.000100921 0)
(-35.1713 0.000288246 0)
(-35.1711 -0.00012685 0)
(-35.1715 -0.000653238 0)
(-35.172 -2.38823e-05 0)
(-35.1716 0.000722951 0)
(-35.1711 0.000357974 0)
(-35.171 4.81566e-05 0)
(-35.1711 -0.000250544 0)
(-35.1716 -0.000694681 0)
(-35.172 -2.93852e-05 0)
(-35.1716 0.000731613 0)
(-35.1712 0.000387437 0)
(-35.1711 0.000202209 0)
(-35.1711 0.000108719 0)
(-35.1711 -2.67327e-05 0)
(-35.1711 -0.00017324 0)
(-35.1711 -0.000398541 0)
(-35.1716 -0.000816095 0)
(-35.172 -0.0001342 0)
(-35.1716 0.000647184 0)
(-35.1711 0.000277632 0)
(-35.171 -0.000106115 0)
(-35.1715 -0.000571296 0)
(-35.1718 7.12636e-05 0)
(-35.1715 0.000821557 0)
(-35.1709 0.000600235 0)
(-35.1707 0.000499621 0)
(-35.1705 0.000453277 0)
(-35.1702 0.000501961 0)
(-35.1698 0.000641237 0)
(-35.1691 0.000888567 0)
(-35.1681 0.00128538 0)
(-35.1667 0.00190207 0)
(-35.1645 0.00284085 0)
(-35.1611 0.0042664 0)
(-35.156 0.00643127 0)
(-35.1483 0.00970294 0)
(-35.1366 0.0146393 0)
(-35.1189 0.02211 0)
(-35.0922 0.0333769 0)
(-35.052 0.0503364 0)
(-34.9913 0.0757923 0)
(-34.9003 0.113797 0)
(-34.7644 0.170308 0)
(-34.5625 0.254143 0)
(-34.2635 0.378288 0)
(-33.8286 0.560389 0)
(-33.1944 0.818817 0)
(-32.1842 1.15693 0)
(-30.6609 1.54039 0)
(-30.5284 1.73223 0)
(-26.7152 0.733932 0)
(-2.73053 -1.89449 0)
(-2.74299 -1.94904 0)
(-6.53733 -1.94437 0)
(-9.9403 -1.96095 0)
(-12.7562 -1.96201 0)
(-15.7372 -1.91665 0)
(-18.6634 -1.8329 0)
(-21.3619 -1.71962 0)
(-23.8402 -1.58135 0)
(-26.0899 -1.42485 0)
(-28.0888 -1.25821 0)
(-29.8302 -1.09033 0)
(-31.3232 -0.929481 0)
(-32.5852 -0.781461 0)
(-33.6379 -0.648615 0)
(-34.5051 -0.531755 0)
(-35.2111 -0.430869 0)
(-35.7795 -0.345465 0)
(-36.2327 -0.274506 0)
(-36.5907 -0.216158 0)
(-36.8708 -0.16841 0)
(-37.0882 -0.130187 0)
(-37.2556 -0.100146 0)
(-37.3838 -0.0765373 0)
(-37.481 -0.0579975 0)
(-37.5542 -0.0436544 0)
(-37.6091 -0.032793 0)
(-37.6499 -0.0241341 0)
(-37.6797 -0.0175856 0)
(-37.7015 -0.013027 0)
(-37.7176 -0.00967882 0)
(-37.7293 -0.00728257 0)
(-37.7382 -0.00566222 0)
(-37.7447 -0.00372376 0)
(-37.7488 -0.00201578 0)
(-37.7514 -0.00141744 0)
(-37.7535 -0.00106686 0)
(-37.755 -0.000793806 0)
(-37.7561 -0.00059223 0)
(-37.7569 -0.000447746 0)
(-37.7574 -0.000350983 0)
(-37.7577 -0.000296941 0)
(-37.758 -0.000284172 0)
(-37.7582 -0.000320297 0)
(-37.7584 -0.00042569 0)
(-37.7587 -0.000539402 0)
(-37.759 -0.000410275 0)
(-37.7591 5.06819e-05 0)
(-37.7588 0.000205372 0)
(-37.7586 -0.000113923 0)
(-37.759 -0.000498704 0)
(-37.7593 -1.32397e-05 0)
(-37.759 0.00056855 0)
(-37.7586 0.000315011 0)
(-37.7585 4.71671e-05 0)
(-37.7586 -0.000215355 0)
(-37.759 -0.000536799 0)
(-37.7594 -1.86204e-05 0)
(-37.7591 0.000580509 0)
(-37.7587 0.000353773 0)
(-37.7586 0.000192995 0)
(-37.7585 9.70936e-05 0)
(-37.7585 -2.88453e-05 0)
(-37.7585 -0.000167266 0)
(-37.7586 -0.000364416 0)
(-37.759 -0.00065916 0)
(-37.7594 -0.000125425 0)
(-37.759 0.000487205 0)
(-37.7586 0.000231956 0)
(-37.7585 -8.83194e-05 0)
(-37.7589 -0.000428862 0)
(-37.7592 6.9927e-05 0)
(-37.7588 0.000663533 0)
(-37.7584 0.000530216 0)
(-37.7581 0.000438308 0)
(-37.7578 0.000386511 0)
(-37.7575 0.000407561 0)
(-37.7571 0.000500191 0)
(-37.7563 0.000676257 0)
(-37.7553 0.000965075 0)
(-37.7537 0.00141733 0)
(-37.7512 0.00210748 0)
(-37.7475 0.00315583 0)
(-37.7419 0.00474697 0)
(-37.7334 0.00714995 0)
(-37.7206 0.0107759 0)
(-37.7011 0.0162656 0)
(-37.6717 0.0245499 0)
(-37.6274 0.0370307 0)
(-37.5604 0.0557823 0)
(-37.4599 0.0838083 0)
(-37.3095 0.125541 0)
(-37.0852 0.187577 0)
(-36.7517 0.279707 0)
(-36.2633 0.415378 0)
(-35.5436 0.608666 0)
(-34.3914 0.861416 0)
(-32.6717 1.14418 0)
(-32.4121 1.26795 0)
(-28.3788 0.521543 0)
(-2.73337 -1.13449 0)
(-2.76247 -1.17182 0)
(-6.60243 -1.16998 0)
(-10.0625 -1.18269 0)
(-12.9657 -1.18738 0)
(-16.0648 -1.16335 0)
(-19.1274 -1.1154 0)
(-21.9715 -1.04907 0)
(-24.5973 -0.967107 0)
(-26.9884 -0.873336 0)
(-29.1175 -0.772262 0)
(-30.9751 -0.669587 0)
(-32.5693 -0.570909 0)
(-33.9175 -0.48012 0)
(-35.0423 -0.398661 0)
(-35.9687 -0.326961 0)
(-36.7226 -0.265007 0)
(-37.3294 -0.212553 0)
(-37.8128 -0.168986 0)
(-38.1946 -0.133153 0)
(-38.4931 -0.103747 0)
(-38.7246 -0.0801982 0)
(-38.9027 -0.0617645 0)
(-39.0389 -0.0472845 0)
(-39.1421 -0.0358798 0)
(-39.2199 -0.0270489 0)
(-39.2781 -0.0203605 0)
(-39.3214 -0.014978 0)
(-39.3531 -0.0109015 0)
(-39.3762 -0.00810562 0)
(-39.3933 -0.00607629 0)
(-39.4057 -0.00463863 0)
(-39.415 -0.00365226 0)
(-39.4218 -0.00235395 0)
(-39.4262 -0.00117408 0)
(-39.4291 -0.000786775 0)
(-39.4312 -0.000598961 0)
(-39.4328 -0.0004577 0)
(-39.434 -0.000353956 0)
(-39.4348 -0.000280761 0)
(-39.4353 -0.000235067 0)
(-39.4357 -0.000216677 0)
(-39.436 -0.000227434 0)
(-39.4362 -0.000274763 0)
(-39.4364 -0.000370379 0)
(-39.4367 -0.000457905 0)
(-39.437 -0.000345463 0)
(-39.437 1.53276e-05 0)
(-39.4368 0.000141754 0)
(-39.4367 -0.00010107 0)
(-39.437 -0.000378266 0)
(-39.4373 -3.79984e-06 0)
(-39.437 0.000447157 0)
(-39.4367 0.000272874 0)
(-39.4366 4.51406e-05 0)
(-39.4367 -0.000181323 0)
(-39.437 -0.000411701 0)
(-39.4373 -8.24929e-06 0)
(-39.4371 0.000461761 0)
(-39.4367 0.000317223 0)
(-39.4366 0.000180445 0)
(-39.4366 8.60956e-05 0)
(-39.4366 -3.03063e-05 0)
(-39.4366 -0.000158932 0)
(-39.4366 -0.000328922 0)
(-39.437 -0.000533873 0)
(-39.4373 -0.00011631 0)
(-39.437 0.000362073 0)
(-39.4367 0.000188712 0)
(-39.4366 -7.34304e-05 0)
(-39.4369 -0.000320339 0)
(-39.4371 6.6086e-05 0)
(-39.4368 0.000532403 0)
(-39.4364 0.000456249 0)
(-39.4361 0.000371511 0)
(-39.4358 0.000311604 0)
(-39.4355 0.000303496 0)
(-39.435 0.000346482 0)
(-39.4342 0.000446 0)
(-39.4331 0.000618425 0)
(-39.4314 0.000893524 0)
(-39.4288 0.00131539 0)
(-39.4249 0.00195654 0)
(-39.4189 0.0029287 0)
(-39.4099 0.00439409 0)
(-39.3963 0.00660356 0)
(-39.3756 0.00995148 0)
(-39.3444 0.015008 0)
(-39.2972 0.0226362 0)
(-39.2261 0.0341136 0)
(-39.1191 0.0512861 0)
(-38.9588 0.0768845 0)
(-38.7192 0.114988 0)
(-38.3619 0.171687 0)
(-37.8366 0.255399 0)
(-37.0574 0.374963 0)
(-35.8056 0.531234 0)
(-33.9523 0.704476 0)
(-33.6047 0.772474 0)
(-29.4476 0.310616 0)
(-2.73073 -0.375715 0)
(-2.76443 -0.38882 0)
(-6.62467 -0.388147 0)
(-10.1085 -0.392738 0)
(-13.0521 -0.394729 0)
(-16.209 -0.387157 0)
(-19.3391 -0.372197 0)
(-22.2561 -0.351527 0)
(-24.9561 -0.326108 0)
(-27.4185 -0.296552 0)
(-29.6133 -0.263301 0)
(-31.5296 -0.22845 0)
(-33.175 -0.194694 0)
(-34.5668 -0.163864 0)
(-35.7281 -0.136332 0)
(-36.6844 -0.112057 0)
(-37.4625 -0.0909923 0)
(-38.0886 -0.0731421 0)
(-38.5874 -0.0583586 0)
(-38.9811 -0.0461704 0)
(-39.2889 -0.0360089 0)
(-39.5275 -0.0278643 0)
(-39.711 -0.0216075 0)
(-39.8513 -0.0166958 0)
(-39.9576 -0.0127624 0)
(-40.0376 -0.00969911 0)
(-40.0975 -0.0073908 0)
(-40.142 -0.00541252 0)
(-40.1746 -0.00390425 0)
(-40.1985 -0.00296447 0)
(-40.216 -0.00231569 0)
(-40.2288 -0.0018834 0)
(-40.2383 -0.00158899 0)
(-40.2452 -0.000930286 0)
(-40.2498 -0.00026492 0)
(-40.2528 -0.0001233 0)
(-40.2551 -0.000112679 0)
(-40.2567 -0.000109123 0)
(-40.2579 -0.000106872 0)
(-40.2587 -0.0001073 0)
(-40.2593 -0.000114175 0)
(-40.2597 -0.000132332 0)
(-40.26 -0.000167002 0)
(-40.2602 -0.00022593 0)
(-40.2604 -0.000315333 0)
(-40.2606 -0.000385003 0)
(-40.2609 -0.000289671 0)
(-40.2609 -8.16238e-06 0)
(-40.2608 9.44057e-05 0)
(-40.2607 -8.85305e-05 0)
(-40.2609 -0.000285626 0)
(-40.2612 3.93329e-06 0)
(-40.261 0.000352841 0)
(-40.2607 0.000233983 0)
(-40.2606 4.26254e-05 0)
(-40.2607 -0.000150002 0)
(-40.2609 -0.000313954 0)
(-40.2612 8.10093e-07 0)
(-40.261 0.000369378 0)
(-40.2607 0.000281003 0)
(-40.2606 0.000166151 0)
(-40.2606 7.59172e-05 0)
(-40.2606 -3.11526e-05 0)
(-40.2606 -0.000149218 0)
(-40.2606 -0.000294287 0)
(-40.2609 -0.000434948 0)
(-40.2612 -0.000107741 0)
(-40.261 0.000265467 0)
(-40.2607 0.000149731 0)
(-40.2606 -6.16912e-05 0)
(-40.2608 -0.000239665 0)
(-40.261 5.94094e-05 0)
(-40.2608 0.000423573 0)
(-40.2604 0.000382082 0)
(-40.2601 0.000301872 0)
(-40.2598 0.000231511 0)
(-40.2594 0.000193175 0)
(-40.2589 0.00018477 0)
(-40.2581 0.000204627 0)
(-40.2569 0.000255649 0)
(-40.2552 0.000345991 0)
(-40.2525 0.000487763 0)
(-40.2485 0.000703653 0)
(-40.2424 0.0010296 0)
(-40.2331 0.00151586 0)
(-40.2191 0.00224472 0)
(-40.1978 0.00335342 0)
(-40.1657 0.00503347 0)
(-40.1171 0.00758212 0)
(-40.0439 0.011439 0)
(-39.9336 0.0172254 0)
(-39.7684 0.0258607 0)
(-39.5211 0.0387205 0)
(-39.1519 0.0578744 0)
(-38.6079 0.0861975 0)
(-37.7985 0.126722 0)
(-36.496 0.179752 0)
(-34.5747 0.238643 0)
(-34.183 0.260458 0)
(-29.9704 0.103373 0)
(-2.7307 0.385323 0)
(-2.76432 0.399264 0)
(-6.62447 0.398979 0)
(-10.1082 0.404046 0)
(-13.0518 0.407162 0)
(-16.2089 0.399982 0)
(-19.3395 0.382753 0)
(-22.2571 0.357895 0)
(-24.9575 0.326259 0)
(-27.4199 0.290599 0)
(-29.6143 0.254786 0)
(-31.5302 0.220553 0)
(-33.1753 0.188178 0)
(-34.567 0.15791 0)
(-35.7281 0.130497 0)
(-36.6843 0.106472 0)
(-37.4624 0.0859154 0)
(-38.0885 0.0685549 0)
(-38.5873 0.0540481 0)
(-38.981 0.0421841 0)
(-39.2889 0.0327897 0)
(-39.5275 0.025274 0)
(-39.711 0.019152 0)
(-39.8513 0.0143419 0)
(-39.9576 0.0106902 0)
(-40.0376 0.00790037 0)
(-40.0975 0.00575356 0)
(-40.1419 0.0042923 0)
(-40.1746 0.00320595 0)
(-40.1985 0.00225344 0)
(-40.2161 0.00149914 0)
(-40.2289 0.000907649 0)
(-40.2383 0.000479708 0)
(-40.2451 0.00050951 0)
(-40.2497 0.000679074 0)
(-40.2528 0.000554909 0)
(-40.2551 0.00037983 0)
(-40.2567 0.000243165 0)
(-40.2579 0.000142758 0)
(-40.2587 6.81773e-05 0)
(-40.2593 8.52697e-06 0)
(-40.2597 -4.62004e-05 0)
(-40.26 -0.000104685 0)
(-40.2602 -0.000175458 0)
(-40.2604 -0.000261644 0)
(-40.2606 -0.000319957 0)
(-40.2608 -0.000241446 0)
(-40.2609 -2.25202e-05 0)
(-40.2608 6.01605e-05 0)
(-40.2608 -7.65093e-05 0)
(-40.2609 -0.000214812 0)
(-40.2611 9.93603e-06 0)
(-40.261 0.000279899 0)
(-40.2607 0.000199347 0)
(-40.2607 3.99534e-05 0)
(-40.2607 -0.000122096 0)
(-40.2609 -0.00023813 0)
(-40.2611 8.24271e-06 0)
(-40.261 0.000297676 0)
(-40.2607 0.000246845 0)
(-40.2606 0.000151194 0)
(-40.2606 6.66135e-05 0)
(-40.2606 -3.14511e-05 0)
(-40.2606 -0.000138809 0)
(-40.2607 -0.000261734 0)
(-40.2609 -0.000357084 0)
(-40.2611 -0.000100025 0)
(-40.261 0.000191376 0)
(-40.2607 0.000115639 0)
(-40.2607 -5.29486e-05 0)
(-40.2608 -0.000180905 0)
(-40.2609 5.01846e-05 0)
(-40.2607 0.000332702 0)
(-40.2604 0.000310072 0)
(-40.2601 0.00023156 0)
(-40.2598 0.000148989 0)
(-40.2595 8.00313e-05 0)
(-40.2589 1.98264e-05 0)
(-40.2581 -4.08623e-05 0)
(-40.257 -0.000112798 0)
(-40.2552 -0.000209588 0)
(-40.2525 -0.000351732 0)
(-40.2485 -0.000567002 0)
(-40.2424 -0.000896071 0)
(-40.2331 -0.00140256 0)
(-40.2191 -0.00217575 0)
(-40.1978 -0.00333883 0)
(-40.1657 -0.00508518 0)
(-40.1172 -0.00769273 0)
(-40.0439 -0.0115733 0)
(-39.9336 -0.017354 0)
(-39.7684 -0.0259659 0)
(-39.5211 -0.0388058 0)
(-39.1519 -0.0579451 0)
(-38.6079 -0.0862548 0)
(-37.7985 -0.126764 0)
(-36.496 -0.179778 0)
(-34.5747 -0.238651 0)
(-34.183 -0.26045 0)
(-29.9704 -0.103368 0)
(-2.73327 1.14406 0)
(-2.76211 1.1822 0)
(-6.60181 1.18077 0)
(-10.0616 1.19395 0)
(-12.9647 1.19983 0)
(-16.0645 1.17632 0)
(-19.1286 1.1262 0)
(-21.9744 1.05568 0)
(-24.6015 0.96735 0)
(-26.9926 0.867272 0)
(-29.1205 0.76354 0)
(-30.9769 0.66152 0)
(-32.5702 0.564297 0)
(-33.9179 0.474097 0)
(-35.0423 0.392775 0)
(-35.9684 0.321345 0)
(-36.7222 0.259928 0)
(-37.329 0.207985 0)
(-37.8126 0.164687 0)
(-38.1943 0.129171 0)
(-38.493 0.100547 0)
(-38.7245 0.0776205 0)
(-38.9027 0.0593082 0)
(-39.0388 0.0449226 0)
(-39.1421 0.0338019 0)
(-39.2198 0.0252478 0)
(-39.2779 0.018705 0)
(-39.3211 0.013864 0)
(-39.3529 0.0102279 0)
(-39.3762 0.00740382 0)
(-39.3933 0.00526379 0)
(-39.4058 0.00365924 0)
(-39.4149 0.00250501 0)
(-39.4215 0.00192778 0)
(-39.426 0.00162611 0)
(-39.4291 0.00122894 0)
(-39.4313 0.00086594 0)
(-39.4329 0.000590228 0)
(-39.434 0.000388617 0)
(-39.4348 0.000241206 0)
(-39.4354 0.000129875 0)
(-39.4358 3.94384e-05 0)
(-39.436 -4.22292e-05 0)
(-39.4363 -0.000124822 0)
(-39.4365 -0.000210133 0)
(-39.4367 -0.000261961 0)
(-39.4369 -0.000199488 0)
(-39.4369 -3.00196e-05 0)
(-39.4369 3.61637e-05 0)
(-39.4368 -6.51673e-05 0)
(-39.437 -0.000160807 0)
(-39.4371 1.43983e-05 0)
(-39.437 0.000223512 0)
(-39.4368 0.000169192 0)
(-39.4367 3.73051e-05 0)
(-39.4368 -9.78139e-05 0)
(-39.437 -0.000179534 0)
(-39.4371 1.40498e-05 0)
(-39.437 0.000241894 0)
(-39.4368 0.000215573 0)
(-39.4367 0.000136286 0)
(-39.4367 5.81729e-05 0)
(-39.4367 -3.12786e-05 0)
(-39.4367 -0.000128174 0)
(-39.4368 -0.000231853 0)
(-39.4369 -0.000295692 0)
(-39.4371 -9.31726e-05 0)
(-39.437 0.000134757 0)
(-39.4368 8.64298e-05 0)
(-39.4368 -4.68417e-05 0)
(-39.4369 -0.000138938 0)
(-39.4369 3.90047e-05 0)
(-39.4368 0.00025625 0)
(-39.4365 0.000241756 0)
(-39.4362 0.000162436 0)
(-39.4359 6.6617e-05 0)
(-39.4355 -3.25549e-05 0)
(-39.435 -0.000143587 0)
(-39.4343 -0.000283472 0)
(-39.4331 -0.000476466 0)
(-39.4314 -0.00075754 0)
(-39.4288 -0.00117945 0)
(-39.4249 -0.00181963 0)
(-39.4189 -0.00279414 0)
(-39.41 -0.00427899 0)
(-39.3963 -0.00653295 0)
(-39.3757 -0.00993532 0)
(-39.3445 -0.0150588 0)
(-39.2973 -0.0227472 0)
(-39.2261 -0.0342488 0)
(-39.1191 -0.0514159 0)
(-38.9588 -0.0769906 0)
(-38.7192 -0.115074 0)
(-38.362 -0.171758 0)
(-37.8367 -0.255456 0)
(-37.0574 -0.375006 0)
(-35.8056 -0.53126 0)
(-33.9524 -0.704485 0)
(-33.6048 -0.772467 0)
(-29.4477 -0.31061 0)
(-2.73033 1.90398 0)
(-2.74237 1.95932 0)
(-6.53629 1.9551 0)
(-9.93878 1.97213 0)
(-12.7546 1.97456 0)
(-15.7366 1.92998 0)
(-18.6652 1.84423 0)
(-21.3666 1.7268 0)
(-23.8472 1.58181 0)
(-26.0969 1.41858 0)
(-28.0939 1.24906 0)
(-29.8332 1.0819 0)
(-31.3247 0.922654 0)
(-32.5857 0.775282 0)
(-33.6378 0.642612 0)
(-34.5046 0.526071 0)
(-35.2104 0.425782 0)
(-35.7789 0.340935 0)
(-36.2322 0.270231 0)
(-36.5904 0.212188 0)
(-36.8707 0.165248 0)
(-37.0882 0.12763 0)
(-37.2557 0.0976862 0)
(-37.3837 0.0741598 0)
(-37.4808 0.055908 0)
(-37.554 0.041848 0)
(-37.6088 0.0310995 0)
(-37.6495 0.0230329 0)
(-37.6796 0.0169625 0)
(-37.7016 0.0123432 0)
(-37.7177 0.00887447 0)
(-37.7294 0.00629677 0)
(-37.7381 0.00443741 0)
(-37.7443 0.00328706 0)
(-37.7485 0.00254548 0)
(-37.7515 0.00187956 0)
(-37.7536 0.00133277 0)
(-37.7551 0.000923036 0)
(-37.7561 0.000624363 0)
(-37.7569 0.000407326 0)
(-37.7574 0.000246719 0)
(-37.7578 0.000122326 0)
(-37.7581 1.86719e-05 0)
(-37.7583 -7.53642e-05 0)
(-37.7585 -0.000161475 0)
(-37.7587 -0.00021031 0)
(-37.7588 -0.000162761 0)
(-37.7589 -3.24966e-05 0)
(-37.7589 2.0007e-05 0)
(-37.7588 -5.4619e-05 0)
(-37.7589 -0.000119625 0)
(-37.759 1.7575e-05 0)
(-37.759 0.000179824 0)
(-37.7588 0.000143323 0)
(-37.7588 3.47654e-05 0)
(-37.7588 -7.70744e-05 0)
(-37.7589 -0.000134346 0)
(-37.759 1.83766e-05 0)
(-37.759 0.000198261 0)
(-37.7588 0.000187477 0)
(-37.7587 0.000121884 0)
(-37.7587 5.05556e-05 0)
(-37.7587 -3.07104e-05 0)
(-37.7587 -0.00011763 0)
(-37.7588 -0.000204842 0)
(-37.7589 -0.000247037 0)
(-37.759 -8.70568e-05 0)
(-37.759 9.16071e-05 0)
(-37.7588 6.1797e-05 0)
(-37.7588 -4.29027e-05 0)
(-37.7588 -0.000109573 0)
(-37.7589 2.65889e-05 0)
(-37.7587 0.000191546 0)
(-37.7585 0.00017821 0)
(-37.7582 9.61708e-05 0)
(-37.758 -1.31652e-05 0)
(-37.7576 -0.000141252 0)
(-37.7571 -0.000300717 0)
(-37.7564 -0.000516205 0)
(-37.7553 -0.00082491 0)
(-37.7537 -0.00128219 0)
(-37.7512 -0.00197172 0)
(-37.7476 -0.00301845 0)
(-37.742 -0.00461039 0)
(-37.7335 -0.00703123 0)
(-37.7207 -0.010702 0)
(-37.7012 -0.0162463 0)
(-37.6718 -0.0245989 0)
(-37.6275 -0.0371425 0)
(-37.5605 -0.0559193 0)
(-37.46 -0.0839406 0)
(-37.3096 -0.125649 0)
(-37.0853 -0.187664 0)
(-36.7517 -0.27978 0)
(-36.2634 -0.415437 0)
(-35.5436 -0.60871 0)
(-34.3915 -0.861444 0)
(-32.6717 -1.14419 0)
(-32.4121 -1.26795 0)
(-28.3788 -0.521538 0)
(-2.7104 2.65991 0)
(-2.67718 2.7238 0)
(-6.38665 2.71268 0)
(-9.68294 2.72664 0)
(-12.3519 2.71641 0)
(-15.1479 2.64374 0)
(-17.8681 2.51849 0)
(-20.3509 2.35261 0)
(-22.6129 2.15158 0)
(-24.6536 1.92769 0)
(-26.4583 1.69622 0)
(-28.0262 1.46843 0)
(-29.3689 1.25187 0)
(-30.5035 1.05189 0)
(-31.4501 0.87209 0)
(-32.2303 0.714191 0)
(-32.8661 0.57828 0)
(-33.3787 0.463273 0)
(-33.7878 0.367429 0)
(-34.1114 0.288704 0)
(-34.365 0.224936 0)
(-34.5619 0.173806 0)
(-34.7137 0.133149 0)
(-34.8299 0.101196 0)
(-34.9181 0.0763663 0)
(-34.9846 0.0572228 0)
(-35.0345 0.0425845 0)
(-35.0716 0.0315382 0)
(-35.0989 0.0232175 0)
(-35.119 0.0169325 0)
(-35.1338 0.0122307 0)
(-35.1445 0.00874817 0)
(-35.1524 0.00622826 0)
(-35.158 0.00455097 0)
(-35.162 0.00340811 0)
(-35.1647 0.00248785 0)
(-35.1666 0.00176761 0)
(-35.168 0.00123273 0)
(-35.1689 0.000843795 0)
(-35.1696 0.000562183 0)
(-35.1701 0.00035599 0)
(-35.1705 0.000200274 0)
(-35.1707 7.64023e-05 0)
(-35.1709 -2.8304e-05 0)
(-35.1711 -0.000116247 0)
(-35.1713 -0.000164452 0)
(-35.1714 -0.000130499 0)
(-35.1715 -3.14179e-05 0)
(-35.1714 9.72401e-06 0)
(-35.1714 -4.49379e-05 0)
(-35.1715 -8.81891e-05 0)
(-35.1716 1.9712e-05 0)
(-35.1715 0.000145831 0)
(-35.1714 0.000121345 0)
(-35.1714 3.23629e-05 0)
(-35.1714 -5.96353e-05 0)
(-35.1715 -9.95465e-05 0)
(-35.1716 2.1419e-05 0)
(-35.1715 0.000163866 0)
(-35.1714 0.000162538 0)
(-35.1713 0.000108264 0)
(-35.1713 4.37115e-05 0)
(-35.1713 -2.9814e-05 0)
(-35.1713 -0.000107382 0)
(-35.1714 -0.000180652 0)
(-35.1715 -0.000208173 0)
(-35.1716 -8.15063e-05 0)
(-35.1715 5.88353e-05 0)
(-35.1714 4.13172e-05 0)
(-35.1714 -4.06214e-05 0)
(-35.1714 -8.94616e-05 0)
(-35.1715 1.36771e-05 0)
(-35.1713 0.000136662 0)
(-35.1711 0.000120241 0)
(-35.1709 3.42828e-05 0)
(-35.1706 -8.8063e-05 0)
(-35.1703 -0.000242842 0)
(-35.1699 -0.00044693 0)
(-35.1692 -0.000732223 0)
(-35.1682 -0.00114792 0)
(-35.1667 -0.00176819 0)
(-35.1645 -0.0027054 0)
(-35.1612 -0.00412841 0)
(-35.1561 -0.00629176 0)
(-35.1484 -0.00957877 0)
(-35.1367 -0.0145605 0)
(-35.1191 -0.0220859 0)
(-35.0924 -0.0334231 0)
(-35.0521 -0.0504494 0)
(-34.9915 -0.075932 0)
(-34.9004 -0.113933 0)
(-34.7645 -0.170419 0)
(-34.5626 -0.254232 0)
(-34.2636 -0.378362 0)
(-33.8287 -0.560449 0)
(-33.1945 -0.818861 0)
(-32.1843 -1.15696 0)
(-30.6609 -1.5404 0)
(-30.5285 -1.73223 0)
(-26.7152 -0.733927 0)
(-2.66138 3.40131 0)
(-2.53143 3.46412 0)
(-6.09619 3.44011 0)
(-9.21932 3.44178 0)
(-11.6668 3.40775 0)
(-14.1991 3.29884 0)
(-16.6333 3.12993 0)
(-18.8224 2.91455 0)
(-20.7949 2.65918 0)
(-22.562 2.37869 0)
(-24.117 2.09086 0)
(-25.4633 1.8088 0)
(-26.6141 1.54144 0)
(-27.586 1.29511 0)
(-28.397 1.07393 0)
(-29.066 0.879772 0)
(-29.6119 0.712646 0)
(-30.0526 0.571198 0)
(-30.4049 0.453287 0)
(-30.684 0.356385 0)
(-30.9031 0.277806 0)
(-31.0736 0.214763 0)
(-31.2052 0.164644 0)
(-31.3061 0.125237 0)
(-31.3828 0.0945807 0)
(-31.4408 0.0709276 0)
(-31.4843 0.0528321 0)
(-31.5166 0.0391372 0)
(-31.5406 0.028814 0)
(-31.5582 0.0210422 0)
(-31.5711 0.0152388 0)
(-31.5805 0.0109462 0)
(-31.5874 0.00783156 0)
(-31.5924 0.00568542 0)
(-31.5959 0.00418725 0)
(-31.5983 0.003036 0)
(-31.5999 0.00215843 0)
(-31.6012 0.00151092 0)
(-31.602 0.00104106 0)
(-31.6026 0.00070168 0)
(-31.6031 0.000454804 0)
(-31.6034 0.000271228 0)
(-31.6036 0.000129467 0)
(-31.6038 1.52694e-05 0)
(-31.6039 -7.49511e-05 0)
(-31.6041 -0.000123971 0)
(-31.6042 -0.000102153 0)
(-31.6043 -2.79488e-05 0)
(-31.6043 3.7396e-06 0)
(-31.6043 -3.61638e-05 0)
(-31.6043 -6.4161e-05 0)
(-31.6044 2.10192e-05 0)
(-31.6043 0.000119225 0)
(-31.6042 0.000102783 0)
(-31.6042 3.00956e-05 0)
(-31.6042 -4.5173e-05 0)
(-31.6043 -7.27909e-05 0)
(-31.6044 2.33761e-05 0)
(-31.6043 0.000136494 0)
(-31.6042 0.000140569 0)
(-31.6041 9.55799e-05 0)
(-31.6041 3.75889e-05 0)
(-31.6041 -2.86482e-05 0)
(-31.6041 -9.75509e-05 0)
(-31.6042 -0.000159097 0)
(-31.6043 -0.000176808 0)
(-31.6044 -7.63459e-05 0)
(-31.6043 3.40886e-05 0)
(-31.6042 2.45449e-05 0)
(-31.6042 -3.94882e-05 0)
(-31.6042 -7.59602e-05 0)
(-31.6043 9.71062e-07 0)
(-31.6041 9.02464e-05 0)
(-31.604 6.84761e-05 0)
(-31.6038 -2.18609e-05 0)
(-31.6035 -0.000155963 0)
(-31.6032 -0.000334304 0)
(-31.6028 -0.000577848 0)
(-31.6023 -0.000925056 0)
(-31.6014 -0.00143581 0)
(-31.6001 -0.00220104 0)
(-31.5982 -0.00335858 0)
(-31.5953 -0.00511635 0)
(-31.5909 -0.00778796 0)
(-31.5842 -0.0118453 0)
(-31.574 -0.0179925 0)
(-31.5587 -0.0272781 0)
(-31.5356 -0.0412645 0)
(-31.5006 -0.0622629 0)
(-31.4481 -0.0936732 0)
(-31.3694 -0.140464 0)
(-31.2523 -0.209895 0)
(-31.0791 -0.312645 0)
(-30.8242 -0.464246 0)
(-30.4572 -0.685478 0)
(-29.9305 -0.997741 0)
(-29.0971 -1.40611 0)
(-27.8285 -1.87615 0)
(-27.8515 -2.14966 0)
(-24.3685 -0.942103 0)
(-2.56916 4.11155 0)
(-2.264 4.1625 0)
(-5.5983 4.11892 0)
(-8.46119 4.09775 0)
(-10.5972 4.02786 0)
(-12.7783 3.8749 0)
(-14.8451 3.65916 0)
(-16.6654 3.3945 0)
(-18.2806 3.08811 0)
(-19.714 2.75688 0)
(-20.9668 2.42014 0)
(-22.0467 2.09197 0)
(-22.9677 1.78203 0)
(-23.7452 1.49715 0)
(-24.3944 1.24171 0)
(-24.9308 1.0176 0)
(-25.3694 0.824684 0)
(-25.7243 0.661367 0)
(-26.0089 0.525173 0)
(-26.235 0.413174 0)
(-26.4129 0.322265 0)
(-26.5517 0.249276 0)
(-26.6592 0.191238 0)
(-26.7418 0.145577 0)
(-26.8047 0.11002 0)
(-26.8524 0.0825661 0)
(-26.8882 0.0615487 0)
(-26.915 0.0456126 0)
(-26.9348 0.0335917 0)
(-26.9494 0.0245556 0)
(-26.9601 0.0178142 0)
(-26.968 0.0128304 0)
(-26.9738 0.00920549 0)
(-26.9779 0.00665958 0)
(-26.9808 0.00485904 0)
(-26.9828 0.00350781 0)
(-26.9842 0.00249421 0)
(-26.9852 0.00174998 0)
(-26.9859 0.00121083 0)
(-26.9864 0.000822085 0)
(-26.9868 0.000540537 0)
(-26.9871 0.000333328 0)
(-26.9873 0.000176522 0)
(-26.9874 5.44058e-05 0)
(-26.9876 -3.801e-05 0)
(-26.9877 -8.85563e-05 0)
(-26.9878 -7.7341e-05 0)
(-26.9879 -2.30126e-05 0)
(-26.9879 8.06809e-07 0)
(-26.9879 -2.83126e-05 0)
(-26.9879 -4.57775e-05 0)
(-26.988 2.16639e-05 0)
(-26.9879 9.82369e-05 0)
(-26.9879 8.71437e-05 0)
(-26.9878 2.79458e-05 0)
(-26.9878 -3.33337e-05 0)
(-26.9879 -5.22663e-05 0)
(-26.9879 2.44296e-05 0)
(-26.9879 0.000114465 0)
(-26.9878 0.000121298 0)
(-26.9878 8.39002e-05 0)
(-26.9877 3.21373e-05 0)
(-26.9877 -2.72595e-05 0)
(-26.9877 -8.81941e-05 0)
(-26.9878 -0.000139912 0)
(-26.9879 -0.00015117 0)
(-26.988 -7.14166e-05 0)
(-26.9879 1.55867e-05 0)
(-26.9879 1.10575e-05 0)
(-26.9878 -3.90255e-05 0)
(-26.9879 -6.70008e-05 0)
(-26.9879 -1.08988e-05 0)
(-26.9878 5.13682e-05 0)
(-26.9876 2.34077e-05 0)
(-26.9874 -7.10631e-05 0)
(-26.9872 -0.000214979 0)
(-26.987 -0.000412906 0)
(-26.9867 -0.000689487 0)
(-26.9862 -0.0010888 0)
(-26.9855 -0.00167979 0)
(-26.9844 -0.00256746 0)
(-26.9829 -0.00391123 0)
(-26.9805 -0.00595195 0)
(-26.9769 -0.00905304 0)
(-26.9714 -0.0137611 0)
(-26.9631 -0.0208923 0)
(-26.9506 -0.0316624 0)
(-26.9317 -0.0478798 0)
(-26.9032 -0.0722156 0)
(-26.8605 -0.108588 0)
(-26.7966 -0.1627 0)
(-26.702 -0.24283 0)
(-26.5631 -0.361051 0)
(-26.3605 -0.534684 0)
(-26.0728 -0.786446 0)
(-25.6704 -1.1393 0)
(-25.0386 -1.59963 0)
(-24.0681 -2.13615 0)
(-24.2596 -2.50694 0)
(-21.2164 -1.13916 0)
(-2.41887 4.76706 0)
(-1.83236 4.79397 0)
(-4.8246 4.72477 0)
(-7.32102 4.6702 0)
(-9.04229 4.55294 0)
(-10.7782 4.35006 0)
(-12.3952 4.08651 0)
(-13.7742 3.77487 0)
(-14.9693 3.42288 0)
(-16.0154 3.04886 0)
(-16.9209 2.67263 0)
(-17.6964 2.30828 0)
(-18.356 1.96553 0)
(-18.9128 1.6513 0)
(-19.3787 1.36993 0)
(-19.765 1.1232 0)
(-20.0821 0.910798 0)
(-20.34 0.730915 0)
(-20.5478 0.58082 0)
(-20.7137 0.457295 0)
(-20.8449 0.356931 0)
(-20.9478 0.276282 0)
(-21.0278 0.212118 0)
(-21.0895 0.161599 0)
(-21.1368 0.12222 0)
(-21.1727 0.0917893 0)
(-21.1999 0.0684753 0)
(-21.2202 0.050772 0)
(-21.2353 0.0374085 0)
(-21.2464 0.0273692 0)
(-21.2546 0.0198818 0)
(-21.2607 0.0143466 0)
(-21.2651 0.0103123 0)
(-21.2683 0.00744569 0)
(-21.2706 0.00540224 0)
(-21.2721 0.00388866 0)
(-21.2732 0.00276499 0)
(-21.274 0.00194296 0)
(-21.2745 0.00134825 0)
(-21.2749 0.000920009 0)
(-21.2752 0.000610808 0)
(-21.2754 0.000384888 0)
(-21.2756 0.000216364 0)
(-21.2757 8.82734e-05 0)
(-21.2758 -5.78947e-06 0)
(-21.276 -5.79886e-05 0)
(-21.2761 -5.58094e-05 0)
(-21.2761 -1.73429e-05 0)
(-21.2761 -5.67505e-08 0)
(-21.2761 -2.13862e-05 0)
(-21.2762 -3.17188e-05 0)
(-21.2762 2.17719e-05 0)
(-21.2762 8.15153e-05 0)
(-21.2761 7.39593e-05 0)
(-21.2761 2.58884e-05 0)
(-21.2761 -2.37652e-05 0)
(-21.2761 -3.65773e-05 0)
(-21.2762 2.47361e-05 0)
(-21.2761 9.65103e-05 0)
(-21.2761 0.000104419 0)
(-21.276 7.32348e-05 0)
(-21.276 2.73064e-05 0)
(-21.276 -2.56827e-05 0)
(-21.276 -7.93234e-05 0)
(-21.2761 -0.000122803 0)
(-21.2761 -0.000129893 0)
(-21.2762 -6.65815e-05 0)
(-21.2762 1.9863e-06 0)
(-21.2761 4.7623e-07 0)
(-21.2761 -3.8804e-05 0)
(-21.2761 -6.09705e-05 0)
(-21.2761 -2.13858e-05 0)
(-21.276 1.93895e-05 0)
(-21.2759 -1.45794e-05 0)
(-21.2758 -0.000112302 0)
(-21.2756 -0.000263467 0)
(-21.2754 -0.000476242 0)
(-21.2752 -0.000778327 0)
(-21.2748 -0.00121826 0)
(-21.2743 -0.00187204 0)
(-21.2735 -0.00285574 0)
(-21.2723 -0.00434565 0)
(-21.2705 -0.00660839 0)
(-21.2678 -0.0100463 0)
(-21.2638 -0.0152643 0)
(-21.2576 -0.023166 0)
(-21.2483 -0.0350967 0)
(-21.2343 -0.0530543 0)
(-21.2132 -0.0799841 0)
(-21.1816 -0.120194 0)
(-21.1347 -0.17992 0)
(-21.0657 -0.268166 0)
(-20.9655 -0.397918 0)
(-20.8212 -0.587497 0)
(-20.6213 -0.860333 0)
(-20.3538 -1.23953 0)
(-19.9365 -1.732 0)
(-19.2847 -2.31422 0)
(-19.63 -2.79163 0)
(-17.1086 -1.31871 0)
(-2.19645 5.33701 0)
(-1.19946 5.32714 0)
(-3.71613 5.22809 0)
(-5.72496 5.1312 0)
(-6.92122 4.95723 0)
(-8.11706 4.70203 0)
(-9.2052 4.39298 0)
(-10.0775 4.03933 0)
(-10.7988 3.64947 0)
(-11.4137 3.24271 0)
(-11.9362 2.83821 0)
(-12.3782 2.44916 0)
(-12.7525 2.08476 0)
(-13.0691 1.75158 0)
(-13.3358 1.45365 0)
(-13.5588 1.19252 0)
(-13.744 0.967691 0)
(-13.8964 0.777184 0)
(-14.0206 0.618111 0)
(-14.1209 0.487076 0)
(-14.2012 0.380494 0)
(-14.2647 0.294762 0)
(-14.3147 0.226498 0)
(-14.3536 0.172701 0)
(-14.3837 0.130723 0)
(-14.4067 0.0982538 0)
(-14.4242 0.0733551 0)
(-14.4375 0.0544241 0)
(-14.4474 0.0401224 0)
(-14.4547 0.0293788 0)
(-14.4602 0.0213658 0)
(-14.4642 0.0154401 0)
(-14.4672 0.0111135 0)
(-14.4694 0.00801544 0)
(-14.4709 0.00579545 0)
(-14.4719 0.00416357 0)
(-14.4726 0.00296041 0)
(-14.4732 0.00208267 0)
(-14.4735 0.0014483 0)
(-14.4738 0.000991937 0)
(-14.474 0.000663159 0)
(-14.4742 0.000424189 0)
(-14.4743 0.00024779 0)
(-14.4744 0.000116075 0)
(-14.4745 2.13617e-05 0)
(-14.4746 -3.21261e-05 0)
(-14.4747 -3.73968e-05 0)
(-14.4747 -1.15251e-05 0)
(-14.4747 3.76444e-07 0)
(-14.4747 -1.53802e-05 0)
(-14.4748 -2.10031e-05 0)
(-14.4748 2.14232e-05 0)
(-14.4748 6.80077e-05 0)
(-14.4747 6.27842e-05 0)
(-14.4747 2.38853e-05 0)
(-14.4747 -1.61391e-05 0)
(-14.4747 -2.46519e-05 0)
(-14.4748 2.44151e-05 0)
(-14.4747 8.16444e-05 0)
(-14.4747 8.95983e-05 0)
(-14.4746 6.35318e-05 0)
(-14.4746 2.30419e-05 0)
(-14.4746 -2.39358e-05 0)
(-14.4746 -7.08992e-05 0)
(-14.4747 -0.000107441 0)
(-14.4747 -0.000111896 0)
(-14.4748 -6.17073e-05 0)
(-14.4748 -7.71725e-06 0)
(-14.4747 -7.52168e-06 0)
(-14.4747 -3.84421e-05 0)
(-14.4747 -5.66064e-05 0)
(-14.4747 -3.00211e-05 0)
(-14.4747 -6.11698e-06 0)
(-14.4746 -4.51696e-05 0)
(-14.4744 -0.000144672 0)
(-14.4743 -0.000299929 0)
(-14.4742 -0.000522071 0)
(-14.474 -0.00084105 0)
(-14.4738 -0.00130847 0)
(-14.4735 -0.00200516 0)
(-14.473 -0.00305471 0)
(-14.4722 -0.00464494 0)
(-14.4711 -0.00706007 0)
(-14.4694 -0.010729 0)
(-14.4669 -0.0162962 0)
(-14.4631 -0.0247243 0)
(-14.4573 -0.0374458 0)
(-14.4486 -0.0565844 0)
(-14.4356 -0.0852638 0)
(-14.4163 -0.128035 0)
(-14.3878 -0.191458 0)
(-14.3467 -0.284942 0)
(-14.2883 -0.421909 0)
(-14.2064 -0.620889 0)
(-14.0991 -0.904914 0)
(-13.9709 -1.29617 0)
(-13.7688 -1.80149 0)
(-13.4318 -2.40939 0)
(-13.8734 -3.00394 0)
(-11.8952 -1.47814 0)
(-1.89138 5.78522 0)
(-0.341304 5.72554 0)
(-2.2367 5.59571 0)
(-3.63015 5.45069 0)
(-4.19388 5.21384 0)
(-4.76319 4.90803 0)
(-5.25447 4.55934 0)
(-5.56759 4.17249 0)
(-5.77504 3.75696 0)
(-5.92873 3.33122 0)
(-6.04514 2.91236 0)
(-6.13571 2.51198 0)
(-6.21046 2.1383 0)
(-6.27547 1.79731 0)
(-6.33357 1.49265 0)
(-6.38588 1.22559 0)
(-6.43278 0.995508 0)
(-6.47439 0.80036 0)
(-6.51077 0.637225 0)
(-6.54208 0.502674 0)
(-6.56859 0.393082 0)
(-6.59066 0.304815 0)
(-6.6088 0.234454 0)
(-6.62351 0.178941 0)
(-6.63529 0.135571 0)
(-6.64462 0.101989 0)
(-6.65193 0.0762087 0)
(-6.65759 0.0565826 0)
(-6.66192 0.0417424 0)
(-6.6652 0.0305904 0)
(-6.6677 0.02227 0)
(-6.66959 0.0161138 0)
(-6.67102 0.0116114 0)
(-6.67207 0.00837005 0)
(-6.67279 0.00603865 0)
(-6.67328 0.00433264 0)
(-6.67362 0.00308074 0)
(-6.67387 0.00216933 0)
(-6.67405 0.00151113 0)
(-6.67419 0.00103793 0)
(-6.67429 0.000697571 0)
(-6.67437 0.000451137 0)
(-6.67445 0.000270653 0)
(-6.67452 0.000137659 0)
(-6.67459 4.34278e-05 0)
(-6.67467 -1.0746e-05 0)
(-6.67474 -2.19481e-05 0)
(-6.67478 -5.98934e-06 0)
(-6.67479 1.52775e-06 0)
(-6.6748 -1.02715e-05 0)
(-6.67482 -1.2878e-05 0)
(-6.67484 2.07284e-05 0)
(-6.67481 5.69939e-05 0)
(-6.67477 5.33094e-05 0)
(-6.67475 2.19492e-05 0)
(-6.67476 -1.01426e-05 0)
(-6.67479 -1.56472e-05 0)
(-6.67481 2.36237e-05 0)
(-6.67478 6.92247e-05 0)
(-6.67473 7.6641e-05 0)
(-6.67469 5.48069e-05 0)
(-6.67466 1.93273e-05 0)
(-6.67466 -2.20686e-05 0)
(-6.67468 -6.29704e-05 0)
(-6.67472 -9.36661e-05 0)
(-6.67478 -9.64946e-05 0)
(-6.67483 -5.68029e-05 0)
(-6.67482 -1.43632e-05 0)
(-6.6748 -1.32922e-05 0)
(-6.67479 -3.77314e-05 0)
(-6.6748 -5.30799e-05 0)
(-6.6748 -3.66002e-05 0)
(-6.67476 -2.56967e-05 0)
(-6.67468 -6.85454e-05 0)
(-6.67461 -0.000168157 0)
(-6.67454 -0.00032431 0)
(-6.67447 -0.000550405 0)
(-6.67439 -0.000877794 0)
(-6.6743 -0.00135975 0)
(-6.67417 -0.00207969 0)
(-6.67398 -0.00316526 0)
(-6.67371 -0.00481052 0)
(-6.67329 -0.00730917 0)
(-6.67268 -0.0111044 0)
(-6.67176 -0.0168617 0)
(-6.67038 -0.025575 0)
(-6.66832 -0.0387218 0)
(-6.66529 -0.0584892 0)
(-6.66084 -0.0880854 0)
(-6.65439 -0.132165 0)
(-6.6453 -0.197402 0)
(-6.63327 -0.293324 0)
(-6.61829 -0.433353 0)
(-6.60048 -0.635533 0)
(-6.58708 -0.921608 0)
(-6.59659 -1.3124 0)
(-6.60011 -1.81498 0)
(-6.55427 -2.43445 0)
(-6.99949 -3.158 0)
(-5.49382 -1.62536 0)
(-1.49931 6.07271 0)
(0.744729 5.95094 0)
(-0.386941 5.79232 0)
(-1.04372 5.60052 0)
(-0.884556 5.30434 0)
(-0.761619 4.95892 0)
(-0.607573 4.58382 0)
(-0.329547 4.17594 0)
(-0.00448885 3.74557 0)
(0.313277 3.3124 0)
(0.608036 2.89138 0)
(0.871183 2.49188 0)
(1.09678 2.12074 0)
(1.28363 1.78301 0)
(1.43421 1.48166 0)
(1.55287 1.21759 0)
(1.64455 0.989977 0)
(1.71416 0.796769 0)
(1.76616 0.635079 0)
(1.80446 0.501551 0)
(1.83229 0.392641 0)
(1.85229 0.304804 0)
(1.86648 0.234698 0)
(1.87641 0.179315 0)
(1.88328 0.135991 0)
(1.88798 0.102403 0)
(1.89114 0.0765892 0)
(1.89326 0.0569121 0)
(1.89466 0.0420181 0)
(1.89557 0.0308191 0)
(1.89614 0.0224588 0)
(1.89647 0.0162688 0)
(1.89664 0.0117348 0)
(1.89675 0.00845769 0)
(1.89684 0.00609393 0)
(1.89693 0.00436882 0)
(1.897 0.00310688 0)
(1.89704 0.00218949 0)
(1.89706 0.0015273 0)
(1.89706 0.00105143 0)
(1.89706 0.000709523 0)
(1.89704 0.000462669 0)
(1.89702 0.000282926 0)
(1.89698 0.000151764 0)
(1.89693 5.97697e-05 0)
(1.89687 6.00462e-06 0)
(1.89682 -9.49851e-06 0)
(1.89679 -1.11773e-06 0)
(1.89678 2.9367e-06 0)
(1.89677 -6.07543e-06 0)
(1.89675 -6.86686e-06 0)
(1.89674 1.96636e-05 0)
(1.89676 4.7818e-05 0)
(1.89679 4.51566e-05 0)
(1.89681 1.99948e-05 0)
(1.89681 -5.58465e-06 0)
(1.89678 -9.0168e-06 0)
(1.89677 2.23608e-05 0)
(1.8968 5.8612e-05 0)
(1.89684 6.51853e-05 0)
(1.89688 4.69098e-05 0)
(1.8969 1.60973e-05 0)
(1.8969 -2.00371e-05 0)
(1.89688 -5.53665e-05 0)
(1.89684 -8.10713e-05 0)
(1.89679 -8.29222e-05 0)
(1.89675 -5.16442e-05 0)
(1.89675 -1.83751e-05 0)
(1.89676 -1.69443e-05 0)
(1.89676 -3.63259e-05 0)
(1.89675 -4.95676e-05 0)
(1.89675 -4.06797e-05 0)
(1.89677 -3.93078e-05 0)
(1.89682 -8.41344e-05 0)
(1.89687 -0.000181507 0)
(1.8969 -0.000334494 0)
(1.8969 -0.000557921 0)
(1.89688 -0.000883467 0)
(1.89684 -0.00136436 0)
(1.89676 -0.0020839 0)
(1.89664 -0.00316961 0)
(1.89644 -0.00481537 0)
(1.89614 -0.00731468 0)
(1.89568 -0.0111102 0)
(1.89496 -0.0168664 0)
(1.89386 -0.0255749 0)
(1.89214 -0.0387087 0)
(1.88947 -0.0584445 0)
(1.8853 -0.0879662 0)
(1.87878 -0.131872 0)
(1.8684 -0.196721 0)
(1.85135 -0.291844 0)
(1.8232 -0.430231 0)
(1.77781 -0.628813 0)
(1.69998 -0.907409 0)
(1.55999 -1.28567 0)
(1.36724 -1.77293 0)
(1.15503 -2.40072 0)
(0.817843 -3.29279 0)
(1.94466 -1.78696 0)
(-1.02414 6.16198 0)
(2.03218 5.96884 0)
(1.77781 5.7939 0)
(1.96127 5.55995 0)
(2.89729 5.20677 0)
(3.743 4.829 0)
(4.55885 4.43711 0)
(5.42971 4.02214 0)
(6.27966 3.59652 0)
(7.05681 3.17578 0)
(7.74926 2.77074 0)
(8.35298 2.38834 0)
(8.86718 2.03402 0)
(9.29602 1.71192 0)
(9.6474 1.42445 0)
(9.93097 1.17228 0)
(10.1567 0.954592 0)
(10.3342 0.769477 0)
(10.4723 0.614265 0)
(10.5786 0.485836 0)
(10.6597 0.380881 0)
(10.7211 0.296077 0)
(10.7672 0.228277 0)
(10.8015 0.174628 0)
(10.8269 0.132593 0)
(10.8455 0.0999574 0)
(10.8591 0.0748397 0)
(10.869 0.055666 0)
(10.8761 0.0411358 0)
(10.8812 0.0302007 0)
(10.8849 0.0220309 0)
(10.8875 0.0159766 0)
(10.8893 0.0115353 0)
(10.8905 0.00831507 0)
(10.8914 0.00598686 0)
(10.8921 0.0042903 0)
(10.8926 0.00305185 0)
(10.8929 0.00215239 0)
(10.8932 0.00150328 0)
(10.8933 0.00103685 0)
(10.8934 0.00070197 0)
(10.8935 0.000460675 0)
(10.8935 0.000285751 0)
(10.8935 0.000159052 0)
(10.8934 7.08371e-05 0)
(10.8934 1.85211e-05 0)
(10.8934 1.25971e-07 0)
(10.8933 2.77976e-06 0)
(10.8933 4.17423e-06 0)
(10.8933 -2.76128e-06 0)
(10.8933 -2.4484e-06 0)
(10.8933 1.83314e-05 0)
(10.8933 4.00038e-05 0)
(10.8934 3.8056e-05 0)
(10.8934 1.80602e-05 0)
(10.8934 -2.11074e-06 0)
(10.8934 -4.09047e-06 0)
(10.8933 2.08176e-05 0)
(10.8934 4.94339e-05 0)
(10.8934 5.50657e-05 0)
(10.8934 3.9835e-05 0)
(10.8935 1.33139e-05 0)
(10.8935 -1.79488e-05 0)
(10.8934 -4.82111e-05 0)
(10.8934 -6.96186e-05 0)
(10.8934 -7.08753e-05 0)
(10.8933 -4.64325e-05 0)
(10.8933 -2.0533e-05 0)
(10.8933 -1.897e-05 0)
(10.8933 -3.42341e-05 0)
(10.8933 -4.57083e-05 0)
(10.8933 -4.24181e-05 0)
(10.8933 -4.78183e-05 0)
(10.8933 -9.2928e-05 0)
(10.8933 -0.000185994 0)
(10.8933 -0.000332411 0)
(10.8933 -0.000547682 0)
(10.8932 -0.000862876 0)
(10.893 -0.00132973 0)
(10.8927 -0.00202918 0)
(10.8923 -0.00308511 0)
(10.8916 -0.00468597 0)
(10.8906 -0.00711689 0)
(10.8891 -0.0108079 0)
(10.8868 -0.0164036 0)
(10.8833 -0.024866 0)
(10.8779 -0.0376218 0)
(10.8698 -0.056776 0)
(10.8572 -0.0853981 0)
(10.8382 -0.127898 0)
(10.809 -0.190537 0)
(10.7641 -0.282186 0)
(10.6948 -0.415048 0)
(10.5894 -0.60447 0)
(10.4258 -0.867963 0)
(10.1662 -1.22427 0)
(9.79996 -1.68658 0)
(9.34584 -2.31931 0)
(9.15889 -3.40608 0)
(9.76091 -1.95204 0)
(-0.480681 6.02154 0)
(3.46094 5.75138 0)
(4.14856 5.56783 0)
(5.22576 5.30371 0)
(6.93948 4.91745 0)
(8.49332 4.53318 0)
(9.94787 4.1491 0)
(11.3752 3.74761 0)
(12.7092 3.34085 0)
(13.9062 2.94464 0)
(14.9599 2.56708 0)
(15.8719 2.21271 0)
(16.6471 1.88544 0)
(17.295 1.5884 0)
(17.8286 1.32335 0)
(18.2623 1.09067 0)
(18.6106 0.889535 0)
(18.8872 0.718202 0)
(19.1046 0.574273 0)
(19.274 0.454939 0)
(19.4046 0.357218 0)
(19.5047 0.278101 0)
(19.5807 0.21473 0)
(19.638 0.164495 0)
(19.6808 0.125066 0)
(19.7127 0.0944022 0)
(19.7363 0.0707653 0)
(19.7536 0.0526939 0)
(19.7662 0.0389805 0)
(19.7754 0.0286485 0)
(19.782 0.0209216 0)
(19.7867 0.0151893 0)
(19.79 0.010978 0)
(19.7924 0.00791646 0)
(19.7942 0.00569854 0)
(19.7954 0.00408342 0)
(19.7963 0.00290589 0)
(19.7969 0.00205109 0)
(19.7973 0.00143416 0)
(19.7976 0.000990803 0)
(19.7978 0.000672576 0)
(19.7979 0.000443591 0)
(19.798 0.000278118 0)
(19.798 0.000158912 0)
(19.798 7.63238e-05 0)
(19.798 2.67226e-05 0)
(19.798 6.91812e-06 0)
(19.798 5.59177e-06 0)
(19.798 5.09663e-06 0)
(19.798 -3.35251e-07 0)
(19.798 5.29647e-07 0)
(19.798 1.67085e-05 0)
(19.798 3.3312e-05 0)
(19.798 3.18667e-05 0)
(19.798 1.61014e-05 0)
(19.798 3.23825e-07 0)
(19.798 -7.03754e-07 0)
(19.798 1.89671e-05 0)
(19.798 4.14387e-05 0)
(19.798 4.61242e-05 0)
(19.7981 3.35047e-05 0)
(19.7981 1.09491e-05 0)
(19.7981 -1.5764e-05 0)
(19.7981 -4.13994e-05 0)
(19.798 -5.91145e-05 0)
(19.798 -6.00353e-05 0)
(19.798 -4.10416e-05 0)
(19.798 -2.09501e-05 0)
(19.798 -1.94e-05 0)
(19.7979 -3.136e-05 0)
(19.7979 -4.12656e-05 0)
(19.7979 -4.17244e-05 0)
(19.7979 -5.1288e-05 0)
(19.7979 -9.48126e-05 0)
(19.7979 -0.000181273 0)
(19.7978 -0.000317403 0)
(19.7977 -0.000518579 0)
(19.7975 -0.00081425 0)
(19.7972 -0.00125311 0)
(19.7968 -0.00191127 0)
(19.7961 -0.0029053 0)
(19.795 -0.00441241 0)
(19.7934 -0.00670071 0)
(19.7909 -0.0101743 0)
(19.7871 -0.0154385 0)
(19.7814 -0.0233956 0)
(19.7726 -0.0353822 0)
(19.7594 -0.0533666 0)
(19.7392 -0.0802087 0)
(19.7086 -0.119998 0)
(19.6622 -0.178512 0)
(19.5918 -0.26391 0)
(19.4852 -0.38725 0)
(19.3256 -0.561973 0)
(19.0857 -0.803193 0)
(18.7213 -1.12896 0)
(18.2001 -1.55811 0)
(17.5107 -2.192 0)
(17.3931 -3.43117 0)
(16.6522 -2.05157 0)
(0.103855 5.634 0)
(4.9274 5.2891 0)
(6.54762 5.12118 0)
(8.49223 4.8501 0)
(10.9137 4.44715 0)
(13.1023 4.07043 0)
(15.1196 3.70742 0)
(17.0271 3.33586 0)
(18.772 2.96728 0)
(20.3223 2.61344 0)
(21.6788 2.27896 0)
(22.8488 1.96622 0)
(23.8427 1.67779 0)
(24.6748 1.41593 0)
(25.3624 1.18197 0)
(25.9238 0.976154 0)
(26.377 0.797814 0)
(26.7389 0.645492 0)
(27.0252 0.517187 0)
(27.2495 0.410522 0)
(27.4237 0.322948 0)
(27.558 0.251871 0)
(27.6605 0.194809 0)
(27.7383 0.149476 0)
(27.7969 0.113821 0)
(27.8407 0.0860385 0)
(27.8732 0.0645839 0)
(27.8973 0.0481523 0)
(27.9149 0.0356637 0)
(27.9278 0.0262417 0)
(27.9371 0.0191866 0)
(27.9438 0.0139462 0)
(27.9486 0.0100903 0)
(27.9521 0.00728092 0)
(27.9545 0.00524197 0)
(27.9563 0.00375722 0)
(27.9576 0.00267529 0)
(27.9584 0.00188991 0)
(27.9591 0.0013229 0)
(27.9595 0.000915244 0)
(27.9598 0.000622629 0)
(27.9599 0.000412224 0)
(27.9601 0.000260495 0)
(27.9601 0.000151594 0)
(27.9601 7.63807e-05 0)
(27.9601 3.07499e-05 0)
(27.9601 1.09555e-05 0)
(27.9601 7.21833e-06 0)
(27.9601 5.55355e-06 0)
(27.9601 1.23396e-06 0)
(27.9601 2.30772e-06 0)
(27.9601 1.48855e-05 0)
(27.9601 2.76093e-05 0)
(27.9601 2.65249e-05 0)
(27.9602 1.41431e-05 0)
(27.9602 1.84446e-06 0)
(27.9602 1.40639e-06 0)
(27.9601 1.69137e-05 0)
(27.9602 3.4534e-05 0)
(27.9602 3.83606e-05 0)
(27.9602 2.79661e-05 0)
(27.9602 9.00228e-06 0)
(27.9602 -1.35475e-05 0)
(27.9602 -3.50335e-05 0)
(27.9602 -4.96031e-05 0)
(27.9601 -5.03163e-05 0)
(27.9601 -3.55594e-05 0)
(27.9601 -1.99432e-05 0)
(27.9601 -1.84621e-05 0)
(27.9601 -2.77751e-05 0)
(27.9601 -3.61923e-05 0)
(27.96 -3.87846e-05 0)
(27.96 -5.02335e-05 0)
(27.96 -9.04449e-05 0)
(27.96 -0.000168267 0)
(27.9599 -0.000290887 0)
(27.9597 -0.000472804 0)
(27.9595 -0.000740937 0)
(27.9591 -0.00113955 0)
(27.9584 -0.00173784 0)
(27.9575 -0.00264168 0)
(27.956 -0.0040121 0)
(27.9539 -0.0060925 0)
(27.9505 -0.00924952 0)
(27.9455 -0.0140318 0)
(27.9378 -0.0212562 0)
(27.9262 -0.0321309 0)
(27.9085 -0.0484309 0)
(27.8817 -0.0727255 0)
(27.8412 -0.108671 0)
(27.7801 -0.161414 0)
(27.6881 -0.23818 0)
(27.55 -0.3486 0)
(27.345 -0.503981 0)
(27.0416 -0.716917 0)
(26.591 -1.00409 0)
(25.9351 -1.38778 0)
(25.0049 -1.99137 0)
(24.7609 -3.24522 0)
(21.8593 -1.97955 0)
(0.689583 4.99885 0)
(6.2768 4.59205 0)
(8.71419 4.46132 0)
(11.4034 4.20408 0)
(14.3941 3.81704 0)
(17.084 3.47413 0)
(19.5355 3.15555 0)
(21.8042 2.83329 0)
(23.8526 2.5167 0)
(25.6615 2.21612 0)
(27.2388 1.934 0)
(28.5974 1.67102 0)
(29.752 1.4286 0)
(30.7206 1.20827 0)
(31.5234 1.01101 0)
(32.1814 0.837015 0)
(32.7149 0.685783 0)
(33.1429 0.556199 0)
(33.483 0.446694 0)
(33.7508 0.355373 0)
(33.9597 0.280168 0)
(34.1215 0.218956 0)
(34.2456 0.169683 0)
(34.3402 0.130438 0)
(34.4117 0.0994981 0)
(34.4655 0.0753362 0)
(34.5055 0.0566388 0)
(34.5352 0.0422903 0)
(34.5571 0.0313654 0)
(34.5731 0.0231097 0)
(34.5847 0.0169187 0)
(34.5932 0.0123136 0)
(34.5992 0.00891966 0)
(34.6036 0.0064417 0)
(34.6067 0.00464022 0)
(34.6089 0.00332778 0)
(34.6105 0.00237134 0)
(34.6116 0.00167676 0)
(34.6124 0.00117497 0)
(34.6129 0.00081396 0)
(34.6133 0.000554708 0)
(34.6135 0.000368318 0)
(34.6137 0.000234061 0)
(34.6138 0.000137926 0)
(34.6138 7.1658e-05 0)
(34.6138 3.11433e-05 0)
(34.6138 1.25725e-05 0)
(34.6138 7.68569e-06 0)
(34.6138 5.46221e-06 0)
(34.6138 2.05094e-06 0)
(34.6138 3.16496e-06 0)
(34.6138 1.29022e-05 0)
(34.6138 2.26238e-05 0)
(34.6139 2.18185e-05 0)
(34.6139 1.21789e-05 0)
(34.6139 2.66664e-06 0)
(34.6139 2.579e-06 0)
(34.6139 1.47255e-05 0)
(34.6139 2.84632e-05 0)
(34.6139 3.15428e-05 0)
(34.6139 2.30854e-05 0)
(34.6139 7.39079e-06 0)
(34.6139 -1.13401e-05 0)
(34.6139 -2.90823e-05 0)
(34.6139 -4.09266e-05 0)
(34.6139 -4.14867e-05 0)
(34.6138 -3.00578e-05 0)
(34.6138 -1.7927e-05 0)
(34.6138 -1.65111e-05 0)
(34.6138 -2.36222e-05 0)
(34.6138 -3.05455e-05 0)
(34.6137 -3.40308e-05 0)
(34.6137 -4.56137e-05 0)
(34.6137 -8.1107e-05 0)
(34.6136 -0.000148658 0)
(34.6135 -0.000255223 0)
(34.6133 -0.000413814 0)
(34.613 -0.000648087 0)
(34.6125 -0.000996792 0)
(34.6118 -0.00152048 0)
(34.6106 -0.00231179 0)
(34.6089 -0.00351157 0)
(34.6063 -0.00533248 0)
(34.6023 -0.00809466 0)
(34.5962 -0.0122764 0)
(34.5871 -0.018589 0)
(34.5731 -0.0280823 0)
(34.552 -0.0422949 0)
(34.52 -0.0634436 0)
(34.4717 -0.0946709 0)
(34.3991 -0.140379 0)
(34.2904 -0.206714 0)
(34.1282 -0.301695 0)
(33.8891 -0.434408 0)
(33.5389 -0.614862 0)
(33.0249 -0.857169 0)
(32.264 -1.18146 0)
(31.1138 -1.70168 0)
(30.6083 -2.76516 0)
(25.3537 -1.68188 0)
(1.22717 4.15 0)
(7.30121 3.70712 0)
(10.3375 3.63938 0)
(13.5439 3.42359 0)
(16.894 3.07598 0)
(19.89 2.78363 0)
(22.5948 2.52314 0)
(25.0645 2.26276 0)
(27.2765 2.00907 0)
(29.223 1.77043 0)
(30.9176 1.54774 0)
(32.3774 1.34045 0)
(33.62 1.14914 0)
(34.6653 0.97483 0)
(35.5347 0.818248 0)
(36.25 0.679506 0)
(36.8324 0.558414 0)
(37.3017 0.454224 0)
(37.6764 0.365825 0)
(37.9726 0.291819 0)
(38.2047 0.230651 0)
(38.3852 0.180693 0)
(38.5243 0.140351 0)
(38.6306 0.108123 0)
(38.7114 0.0826446 0)
(38.7722 0.0626956 0)
(38.8178 0.0472211 0)
(38.8516 0.0353185 0)
(38.8766 0.0262369 0)
(38.895 0.0193607 0)
(38.9084 0.0141952 0)
(38.9181 0.0103462 0)
(38.9251 0.00750465 0)
(38.9302 0.00542583 0)
(38.9338 0.00391191 0)
(38.9364 0.00280796 0)
(38.9382 0.00200294 0)
(38.9395 0.00141781 0)
(38.9404 0.000994647 0)
(38.9411 0.000689879 0)
(38.9415 0.000470832 0)
(38.9418 0.000313272 0)
(38.942 0.000199813 0)
(38.9421 0.000118663 0)
(38.9422 6.27831e-05 0)
(38.9422 2.84374e-05 0)
(38.9422 1.21341e-05 0)
(38.9422 7.1191e-06 0)
(38.9422 4.84381e-06 0)
(38.9422 2.23303e-06 0)
(38.9422 3.30244e-06 0)
(38.9422 1.07726e-05 0)
(38.9422 1.81414e-05 0)
(38.9422 1.75643e-05 0)
(38.9422 1.01792e-05 0)
(38.9422 2.92733e-06 0)
(38.9422 3.02668e-06 0)
(38.9422 1.24114e-05 0)
(38.9423 2.29893e-05 0)
(38.9423 2.5428e-05 0)
(38.9423 1.86963e-05 0)
(38.9423 6.02091e-06 0)
(38.9423 -9.1579e-06 0)
(38.9423 -2.3468e-05 0)
(38.9423 -3.2898e-05 0)
(38.9422 -3.33221e-05 0)
(38.9422 -2.45444e-05 0)
(38.9422 -1.51743e-05 0)
(38.9422 -1.38172e-05 0)
(38.9422 -1.90589e-05 0)
(38.9421 -2.44684e-05 0)
(38.9421 -2.79135e-05 0)
(38.9421 -3.83023e-05 0)
(38.9421 -6.79673e-05 0)
(38.942 -0.000123951 0)
(38.9418 -0.000212445 0)
(38.9416 -0.000344487 0)
(38.9413 -0.000539882 0)
(38.9407 -0.000830987 0)
(38.9399 -0.00126838 0)
(38.9386 -0.00192939 0)
(38.9367 -0.00293152 0)
(38.9337 -0.00445197 0)
(38.9293 -0.00675723 0)
(38.9226 -0.0102446 0)
(38.9123 -0.0155041 0)
(38.8968 -0.0234043 0)
(38.8733 -0.0352143 0)
(38.8377 -0.0527534 0)
(38.7842 -0.07859 0)
(38.704 -0.116308 0)
(38.5843 -0.170871 0)
(38.4066 -0.248596 0)
(38.1462 -0.356336 0)
(37.7682 -0.501452 0)
(37.2179 -0.694029 0)
(36.3953 -0.944705 0)
(35.1028 -1.32045 0)
(34.3831 -1.99132 0)
(27.337 -1.16064 0)
(1.64016 3.14897 0)
(7.79275 2.7099 0)
(11.0886 2.72401 0)
(14.5004 2.56689 0)
(17.9379 2.27928 0)
(20.9916 2.05159 0)
(23.7266 1.85934 0)
(26.2037 1.66827 0)
(28.4135 1.48244 0)
(30.3555 1.30889 0)
(32.047 1.14767 0)
(33.5068 0.997519 0)
(34.7532 0.858434 0)
(35.8056 0.731034 0)
(36.6848 0.615942 0)
(37.4114 0.51352 0)
(38.0059 0.423618 0)
(38.4872 0.345833 0)
(38.8733 0.279493 0)
(39.1799 0.22368 0)
(39.4214 0.177341 0)
(39.6098 0.139332 0)
(39.7557 0.10852 0)
(39.8677 0.083816 0)
(39.953 0.0642206 0)
(40.0176 0.0488295 0)
(40.066 0.0368565 0)
(40.1022 0.0276219 0)
(40.129 0.0205585 0)
(40.1487 0.0151977 0)
(40.1632 0.0111621 0)
(40.1737 0.0081489 0)
(40.1813 0.00592017 0)
(40.1867 0.00428629 0)
(40.1907 0.00309427 0)
(40.1935 0.00222384 0)
(40.1955 0.00158835 0)
(40.1969 0.00112577 0)
(40.1979 0.000790762 0)
(40.1986 0.000549114 0)
(40.1991 0.000375206 0)
(40.1994 0.000249972 0)
(40.1996 0.000159734 0)
(40.1997 9.51932e-05 0)
(40.1998 5.07664e-05 0)
(40.1999 2.33825e-05 0)
(40.1999 1.01379e-05 0)
(40.1999 5.76036e-06 0)
(40.1999 3.81439e-06 0)
(40.1999 1.93578e-06 0)
(40.1999 2.9159e-06 0)
(40.1999 8.54616e-06 0)
(40.1999 1.4039e-05 0)
(40.1999 1.36533e-05 0)
(40.1999 8.14571e-06 0)
(40.1999 2.75064e-06 0)
(40.1999 2.92584e-06 0)
(40.1999 9.99962e-06 0)
(40.1999 1.7959e-05 0)
(40.2 1.98493e-05 0)
(40.2 1.46792e-05 0)
(40.2 4.81434e-06 0)
(40.2 -7.03694e-06 0)
(40.2 -1.81709e-05 0)
(40.2 -2.54289e-05 0)
(40.1999 -2.57213e-05 0)
(40.1999 -1.90981e-05 0)
(40.1999 -1.19707e-05 0)
(40.1999 -1.06883e-05 0)
(40.1999 -1.43444e-05 0)
(40.1998 -1.8268e-05 0)
(40.1998 -2.10511e-05 0)
(40.1998 -2.93618e-05 0)
(40.1997 -5.25129e-05 0)
(40.1996 -9.61869e-05 0)
(40.1995 -0.000165439 0)
(40.1993 -0.000269007 0)
(40.1989 -0.000422475 0)
(40.1983 -0.00065127 0)
(40.1974 -0.000995178 0)
(40.1961 -0.00151492 0)
(40.194 -0.00230278 0)
(40.191 -0.00349756 0)
(40.1863 -0.00530789 0)
(40.1792 -0.00804372 0)
(40.1684 -0.0121651 0)
(40.152 -0.0183458 0)
(40.1273 -0.0275684 0)
(40.09 -0.041231 0)
(40.034 -0.0613009 0)
(39.9502 -0.0905101 0)
(39.8256 -0.132616 0)
(39.6416 -0.192241 0)
(39.3736 -0.274123 0)
(38.9876 -0.383108 0)
(38.4309 -0.524716 0)
(37.6035 -0.695861 0)
(36.3067 -0.891888 0)
(35.632 -1.05614 0)
(28.0003 -0.515876 0)
(1.85789 2.09472 0)
(7.56511 1.71027 0)
(10.6866 1.8044 0)
(13.9431 1.71184 0)
(17.1539 1.49626 0)
(19.9802 1.33987 0)
(22.4959 1.21791 0)
(24.7685 1.09578 0)
(26.7955 0.976037 0)
(28.5795 0.864886 0)
(30.1378 0.761978 0)
(31.4885 0.665775 0)
(32.6476 0.576029 0)
(33.632 0.493188 0)
(34.4592 0.417754 0)
(35.147 0.350024 0)
(35.7131 0.290116 0)
(36.1741 0.237906 0)
(36.546 0.193081 0)
(36.843 0.155136 0)
(37.0781 0.123455 0)
(37.2625 0.0973334 0)
(37.4059 0.0760576 0)
(37.5165 0.0589232 0)
(37.6012 0.0452779 0)
(37.6654 0.0345196 0)
(37.7139 0.0261221 0)
(37.7502 0.019624 0)
(37.7772 0.0146389 0)
(37.7971 0.0108447 0)
(37.8117 0.00798111 0)
(37.8224 0.00583775 0)
(37.8301 0.00424903 0)
(37.8357 0.00308179 0)
(37.8398 0.00222858 0)
(37.8427 0.00160436 0)
(37.8447 0.0011478 0)
(37.8462 0.00081478 0)
(37.8472 0.000573118 0)
(37.8479 0.000398449 0)
(37.8484 0.000272513 0)
(37.8488 0.000181651 0)
(37.849 0.000116075 0)
(37.8491 6.9116e-05 0)
(37.8492 3.67834e-05 0)
(37.8492 1.68515e-05 0)
(37.8493 7.17851e-06 0)
(37.8493 3.9411e-06 0)
(37.8493 2.56117e-06 0)
(37.8493 1.34198e-06 0)
(37.8493 2.18603e-06 0)
(37.8493 6.26209e-06 0)
(37.8493 1.02021e-05 0)
(37.8493 9.97389e-06 0)
(37.8493 6.06435e-06 0)
(37.8493 2.23092e-06 0)
(37.8493 2.40506e-06 0)
(37.8493 7.48407e-06 0)
(37.8493 1.32033e-05 0)
(37.8494 1.46113e-05 0)
(37.8494 1.08834e-05 0)
(37.8494 3.67853e-06 0)
(37.8494 -5.00429e-06 0)
(37.8494 -1.31445e-05 0)
(37.8494 -1.84047e-05 0)
(37.8493 -1.85713e-05 0)
(37.8493 -1.37714e-05 0)
(37.8493 -8.55788e-06 0)
(37.8493 -7.41108e-06 0)
(37.8493 -9.75108e-06 0)
(37.8492 -1.2292e-05 0)
(37.8492 -1.40884e-05 0)
(37.8492 -1.98521e-05 0)
(37.8491 -3.62144e-05 0)
(37.849 -6.73522e-05 0)
(37.8489 -0.000116955 0)
(37.8487 -0.000191284 0)
(37.8483 -0.000301537 0)
(37.8477 -0.000465965 0)
(37.8468 -0.000713196 0)
(37.8455 -0.00108679 0)
(37.8434 -0.00165301 0)
(37.8403 -0.00251108 0)
(37.8356 -0.00381016 0)
(37.8285 -0.00577067 0)
(37.8176 -0.00871963 0)
(37.8012 -0.0131332 0)
(37.7764 -0.0197037 0)
(37.7391 -0.029407 0)
(37.6832 -0.0436121 0)
(37.5999 -0.0642104 0)
(37.4765 -0.0937933 0)
(37.2953 -0.135404 0)
(37.0331 -0.191911 0)
(36.6591 -0.266102 0)
(36.1255 -0.360141 0)
(35.3516 -0.459876 0)
(34.2081 -0.492766 0)
(33.9631 -0.182336 0)
(27.3323 0.0892328 0)
(1.82976 1.11985 0)
(6.50043 0.841708 0)
(8.98497 0.994364 0)
(11.7271 0.955565 0)
(14.3908 0.812485 0)
(16.6959 0.723894 0)
(18.7421 0.66369 0)
(20.5994 0.600373 0)
(22.263 0.536713 0)
(23.7336 0.478238 0)
(25.0263 0.424348 0)
(26.1557 0.373547 0)
(27.1332 0.325554 0)
(27.9706 0.280709 0)
(28.6803 0.239386 0)
(29.2754 0.201868 0)
(29.7692 0.168326 0)
(30.1746 0.138813 0)
(30.504 0.113249 0)
(30.769 0.0914396 0)
(30.9801 0.0730972 0)
(31.1468 0.0578768 0)
(31.2772 0.0454046 0)
(31.3783 0.0353069 0)
(31.4561 0.0272244 0)
(31.5155 0.0208239 0)
(31.5605 0.0158063 0)
(31.5943 0.0119089 0)
(31.6196 0.00890771 0)
(31.6383 0.00661592 0)
(31.6521 0.00488049 0)
(31.6622 0.00357801 0)
(31.6696 0.00261 0)
(31.6749 0.00189733 0)
(31.6788 0.00137517 0)
(31.6816 0.000992279 0)
(31.6836 0.00071141 0)
(31.685 0.000505985 0)
(31.686 0.00035648 0)
(31.6867 0.000248151 0)
(31.6871 0.000169826 0)
(31.6875 0.000113164 0)
(31.6877 7.21408e-05 0)
(31.6878 4.26869e-05 0)
(31.6879 2.23823e-05 0)
(31.6879 9.91231e-06 0)
(31.6879 3.95343e-06 0)
(31.6879 2.06978e-06 0)
(31.688 1.33377e-06 0)
(31.688 6.74422e-07 0)
(31.688 1.32507e-06 0)
(31.688 4.02915e-06 0)
(31.688 6.62694e-06 0)
(31.688 6.52013e-06 0)
(31.688 3.9967e-06 0)
(31.688 1.50762e-06 0)
(31.688 1.63092e-06 0)
(31.688 4.94143e-06 0)
(31.688 8.68606e-06 0)
(31.688 9.65344e-06 0)
(31.6881 7.26156e-06 0)
(31.6881 2.57432e-06 0)
(31.6881 -3.0936e-06 0)
(31.6881 -8.40649e-06 0)
(31.688 -1.18183e-05 0)
(31.688 -1.18787e-05 0)
(31.688 -8.69282e-06 0)
(31.688 -5.20122e-06 0)
(31.688 -4.2903e-06 0)
(31.6879 -5.592e-06 0)
(31.6879 -6.95562e-06 0)
(31.6879 -7.74016e-06 0)
(31.6879 -1.09366e-05 0)
(31.6878 -2.07701e-05 0)
(31.6878 -3.98985e-05 0)
(31.6876 -7.05686e-05 0)
(31.6874 -0.000116615 0)
(31.687 -0.00018492 0)
(31.6865 -0.000286809 0)
(31.6857 -0.000439964 0)
(31.6844 -0.000671385 0)
(31.6824 -0.00102185 0)
(31.6794 -0.00155257 0)
(31.6749 -0.00235476 0)
(31.6681 -0.0035634 0)
(31.6577 -0.00537678 0)
(31.6421 -0.00808399 0)
(31.6185 -0.0121001 0)
(31.5832 -0.0180079 0)
(31.5305 -0.0266107 0)
(31.4523 -0.0390273 0)
(31.3371 -0.0567776 0)
(31.1689 -0.081563 0)
(30.9279 -0.114702 0)
(30.5879 -0.157588 0)
(30.1085 -0.211546 0)
(29.4352 -0.261626 0)
(28.5605 -0.205045 0)
(29.0791 0.38322 0)
(25.0191 0.47437 0)
(1.49725 0.354852 0)
(4.56918 0.239606 0)
(6.05686 0.375221 0)
(7.95662 0.363836 0)
(9.76341 0.294282 0)
(11.2764 0.262014 0)
(12.6255 0.244591 0)
(13.8684 0.222924 0)
(14.9906 0.200183 0)
(15.9896 0.179819 0)
(16.8769 0.161143 0)
(17.6616 0.143245 0)
(18.3491 0.125984 0)
(18.945 0.109581 0)
(19.4558 0.0942118 0)
(19.8888 0.0800617 0)
(20.2518 0.0672288 0)
(20.5526 0.055808 0)
(20.7993 0.045802 0)
(20.9995 0.0371904 0)
(21.1602 0.0298816 0)
(21.288 0.0237748 0)
(21.3886 0.0187329 0)
(21.4672 0.0146282 0)
(21.5281 0.011322 0)
(21.5748 0.00869218 0)
(21.6103 0.00661963 0)
(21.6372 0.00500383 0)
(21.6574 0.0037537 0)
(21.6724 0.00279591 0)
(21.6835 0.00206761 0)
(21.6917 0.00151956 0)
(21.6977 0.00111101 0)
(21.702 0.000809839 0)
(21.7052 0.000588625 0)
(21.7074 0.00042598 0)
(21.7091 0.000306138 0)
(21.7103 0.000218197 0)
(21.7111 0.000153965 0)
(21.7117 0.000107318 0)
(21.7121 7.34825e-05 0)
(21.7123 4.89285e-05 0)
(21.7125 3.10575e-05 0)
(21.7126 1.81527e-05 0)
(21.7127 9.21829e-06 0)
(21.7127 3.78207e-06 0)
(21.7127 1.31787e-06 0)
(21.7127 6.91783e-07 0)
(21.7127 4.70146e-07 0)
(21.7127 1.63257e-07 0)
(21.7127 4.73552e-07 0)
(21.7127 1.84305e-06 0)
(21.7127 3.18126e-06 0)
(21.7128 3.14128e-06 0)
(21.7128 1.8511e-06 0)
(21.7128 5.55608e-07 0)
(21.7128 5.81451e-07 0)
(21.7128 2.24495e-06 0)
(21.7128 4.15626e-06 0)
(21.7128 4.6905e-06 0)
(21.7128 3.57299e-06 0)
(21.7128 1.34893e-06 0)
(21.7128 -1.34897e-06 0)
(21.7128 -3.89629e-06 0)
(21.7128 -5.54042e-06 0)
(21.7128 -5.53056e-06 0)
(21.7128 -3.88564e-06 0)
(21.7127 -2.08903e-06 0)
(21.7127 -1.60686e-06 0)
(21.7127 -2.21268e-06 0)
(21.7127 -2.73447e-06 0)
(21.7127 -2.75567e-06 0)
(21.7127 -3.71702e-06 0)
(21.7127 -7.64971e-06 0)
(21.7126 -1.5715e-05 0)
(21.7125 -2.87602e-05 0)
(21.7123 -4.83309e-05 0)
(21.712 -7.72879e-05 0)
(21.7116 -0.000120438 0)
(21.7109 -0.000185231 0)
(21.7098 -0.000283117 0)
(21.7082 -0.000431203 0)
(21.7058 -0.00065532 0)
(21.702 -0.000993479 0)
(21.6964 -0.00150226 0)
(21.6879 -0.00226363 0)
(21.675 -0.00339802 0)
(21.6557 -0.00507568 0)
(21.6269 -0.0075361 0)
(21.5841 -0.0111004 0)
(21.5211 -0.0162263 0)
(21.4288 -0.0235408 0)
(21.295 -0.0337199 0)
(21.1052 -0.0470765 0)
(20.8412 -0.0640921 0)
(20.471 -0.0866782 0)
(19.9537 -0.110611 0)
(19.3674 -0.0674716 0)
(20.5448 0.436405 0)
(19.7334 0.46591 0)
(0.732101 0.0490357 0)
(1.81285 0.0246729 0)
(2.22459 0.0807585 0)
(2.96658 0.081038 0)
(3.63091 0.0604435 0)
(4.15295 0.0532066 0)
(4.62936 0.051531 0)
(5.08 0.0477385 0)
(5.48913 0.0432996 0)
(5.85554 0.0393619 0)
(6.1851 0.0359673 0)
(6.48059 0.0324566 0)
(6.74277 0.0290533 0)
(6.97261 0.0255707 0)
(7.17176 0.0223346 0)
(7.3423 0.0191564 0)
(7.48659 0.0163135 0)
(7.60722 0.0136333 0)
(7.70689 0.0113303 0)
(7.78832 0.00924262 0)
(7.85416 0.00751188 0)
(7.90683 0.00599455 0)
(7.94856 0.00477387 0)
(7.98131 0.00373406 0)
(8.00678 0.00291925 0)
(8.02643 0.00224258 0)
(8.04145 0.00172424 0)
(8.05286 0.0013031 0)
(8.06145 0.000986484 0)
(8.06788 0.000734069 0)
(8.07265 0.000547605 0)
(8.07617 0.00040184 0)
(8.07875 0.000296341 0)
(8.08063 0.00021566 0)
(8.082 0.000158142 0)
(8.083 0.000114283 0)
(8.08371 8.28597e-05 0)
(8.08423 5.89451e-05 0)
(8.0846 4.19163e-05 0)
(8.08485 2.91052e-05 0)
(8.08503 2.00285e-05 0)
(8.08515 1.32162e-05 0)
(8.08523 8.36336e-06 0)
(8.08527 4.75437e-06 0)
(8.0853 2.31819e-06 0)
(8.08531 8.06618e-07 0)
(8.08531 1.6304e-07 0)
(8.08531 1.24533e-08 0)
(8.08531 2.14867e-09 0)
(8.08531 -3.41758e-08 0)
(8.08531 1.03248e-07 0)
(8.08531 5.11693e-07 0)
(8.08532 9.02971e-07 0)
(8.08533 9.06307e-07 0)
(8.08533 5.5754e-07 0)
(8.08533 2.02672e-07 0)
(8.08533 2.1795e-07 0)
(8.08534 6.88912e-07 0)
(8.08534 1.23389e-06 0)
(8.08535 1.39518e-06 0)
(8.08536 1.07693e-06 0)
(8.08537 4.22757e-07 0)
(8.08537 -3.78449e-07 0)
(8.08536 -1.13463e-06 0)
(8.08535 -1.61646e-06 0)
(8.08534 -1.61597e-06 0)
(8.08533 -1.1404e-06 0)
(8.08532 -6.08846e-07 0)
(8.08532 -4.14302e-07 0)
(8.08531 -5.22038e-07 0)
(8.08531 -5.91935e-07 0)
(8.0853 -5.47851e-07 0)
(8.0853 -7.30698e-07 0)
(8.08529 -1.77788e-06 0)
(8.08527 -3.91466e-06 0)
(8.08523 -7.54703e-06 0)
(8.08515 -1.2848e-05 0)
(8.08503 -2.09731e-05 0)
(8.08484 -3.26686e-05 0)
(8.08455 -5.08553e-05 0)
(8.0841 -7.73329e-05 0)
(8.08341 -0.000118844 0)
(8.08236 -0.000179227 0)
(8.08077 -0.000273665 0)
(8.07837 -0.000409752 0)
(8.07474 -0.000620896 0)
(8.06928 -0.000921007 0)
(8.06112 -0.00138146 0)
(8.04896 -0.00202199 0)
(8.03101 -0.00298322 0)
(8.00471 -0.00428653 0)
(7.96636 -0.00622429 0)
(7.91097 -0.00875059 0)
(7.83296 -0.0121451 0)
(7.72605 -0.0161713 0)
(7.57389 -0.0224137 0)
(7.33827 -0.0289936 0)
(7.03416 -0.00845777 0)
(7.88254 0.204541 0)
(8.82877 0.207971 0)
)
;

boundaryField
{
    inlet
    {
        type            fixedValue;
        value           uniform (1 0 0);
    }
    outlet
    {
        type            zeroGradient;
    }
    lowerWall
    {
        type            fixedValue;
        value           uniform (0 0 0);
    }
    upperWall
    {
        type            fixedValue;
        value           uniform (0 0 0);
    }
    frontAndBack
    {
        type            empty;
    }
}


// ************************************************************************* //
