/*--------------------------------*- C++ -*----------------------------------*\
| =========                 |                                                 |
| \\      /  F ield         | foam-extend: Open Source CFD                    |
|  \\    /   O peration     | Version:     5.0                                |
|   \\  /    A nd           | Web:         http://www.foam-extend.org         |
|    \\/     M anipulation  |                                                 |
\*---------------------------------------------------------------------------*/
FoamFile
{
    version     2.0;
    format      ascii;
    class       volVectorField;
    location    "0.045";
    object      bodyForce;
}
// * * * * * * * * * * * * * * * * * * * * * * * * * * * * * * * * * * * * * //

dimensions      [0 1 -2 0 0 0 0];

internalField   nonuniform List<vector> 
4000
(
(329.108 -0 0)
(1063.89 -0 0)
(1681.13 -0 0)
(2338.3 -0 0)
(2942.62 -0 0)
(3474.84 -0 0)
(3942.61 -0 0)
(4370.03 -0 0)
(4713.1 -0 0)
(5238.16 -0 0)
(5878.4 -0 0)
(6414.15 -0 0)
(6526.64 -0 0)
(6157.32 -0 0)
(5798.97 -0 0)
(5694.19 -0 0)
(5463.24 -0 0)
(5622.03 -0 0)
(5333.22 -0 0)
(5816.25 -0 0)
(6158.13 -0 0)
(6002.18 -0 0)
(5403.25 -0 0)
(5256.3 -0 0)
(5171.77 -0 0)
(5283.83 -0 0)
(6366.25 -0 0)
(7751.12 -0 0)
(7583.2 -0 0)
(6505.58 -0 0)
(5761.86 -0 0)
(5360.36 -0 0)
(5184.56 -0 0)
(5897.01 -0 0)
(6419.9 -0 0)
(6202.74 -0 0)
(6254.93 -0 0)
(6885.74 -0 0)
(6316.86 -0 0)
(5153.73 -0 0)
(5225.81 -0 0)
(5941.26 -0 0)
(5485.25 -0 0)
(6752.45 -0 0)
(6806.47 -0 0)
(6096.9 -0 0)
(4837.13 -0 0)
(4989.08 -0 0)
(6165.83 -0 0)
(6870.05 -0 0)
(6568.73 -0 0)
(5638.31 -0 0)
(5125.77 -0 0)
(6069.04 -0 0)
(5765.89 -0 0)
(5151.98 -0 0)
(4625.41 -0 0)
(5543.1 -0 0)
(5876.7 -0 0)
(5879.15 -0 0)
(6403.4 -0 0)
(6932.36 -0 0)
(5926.47 -0 0)
(5208.01 -0 0)
(5673.65 -0 0)
(5823.53 -0 0)
(5443.46 -0 0)
(5163.91 -0 0)
(5350.73 -0 0)
(5645.36 -0 0)
(6304.44 -0 0)
(6927.91 -0 0)
(7106.94 -0 0)
(6114.71 -0 0)
(5403.24 -0 0)
(5468.38 -0 0)
(5040.18 -0 0)
(5521.07 -0 0)
(5850.24 -0 0)
(6328.8 -0 0)
(6583.45 -0 0)
(6368.06 -0 0)
(5964.57 -0 0)
(5705.94 -0 0)
(5559.64 -0 0)
(5438.4 -0 0)
(5341.98 -0 0)
(5325.38 -0 0)
(5432.07 -0 0)
(5384.26 -0 0)
(5077.88 -0 0)
(4402.88 -0 0)
(3894.92 -0 0)
(3320.7 -0 0)
(2948.1 -0 0)
(2558.51 -0 0)
(2723.59 -0 0)
(2710.53 -0 0)
(2268.04 -0 0)
(1750.37 -0 0)
(889.305 -0 0)
(2847.76 -0 0)
(4455.48 -0 0)
(6059.13 -0 0)
(7547.5 -0 0)
(8901.65 -0 0)
(10118.4 -0 0)
(11233.8 -0 0)
(12181.9 -0 0)
(13348.8 -0 0)
(14533.4 -0 0)
(15580 -0 0)
(15509.4 -0 0)
(14775.5 -0 0)
(14926.3 -0 0)
(15135.9 -0 0)
(14154.8 -0 0)
(15190.4 -0 0)
(14702.3 -0 0)
(15689.5 -0 0)
(15179.9 -0 0)
(15474.6 -0 0)
(14885.3 -0 0)
(14886.7 -0 0)
(14859.8 -0 0)
(15112.9 -0 0)
(16836.8 -0 0)
(18630.4 -0 0)
(17947.9 -0 0)
(16646.4 -0 0)
(15685.3 -0 0)
(15113.9 -0 0)
(14747.2 -0 0)
(15891.6 -0 0)
(15929.2 -0 0)
(15976.2 -0 0)
(15712.9 -0 0)
(15851 -0 0)
(15774.5 -0 0)
(14394.2 -0 0)
(14602.7 -0 0)
(15625.6 -0 0)
(16202.6 -0 0)
(17169.3 -0 0)
(15398.2 -0 0)
(15078.6 -0 0)
(13723 -0 0)
(14171.8 -0 0)
(15995.3 -0 0)
(16685.5 -0 0)
(16577 -0 0)
(15480.6 -0 0)
(14572.5 -0 0)
(15711.8 -0 0)
(12328.1 -0 0)
(13021.7 -0 0)
(13210.5 -0 0)
(14911.9 -0 0)
(15044.1 -0 0)
(15303.3 -0 0)
(14520.3 -0 0)
(15094.4 -0 0)
(14766.4 -0 0)
(14303.8 -0 0)
(15268.8 -0 0)
(15708.9 -0 0)
(15253.4 -0 0)
(14845.9 -0 0)
(15000.7 -0 0)
(15341.8 -0 0)
(16329.8 -0 0)
(15903.3 -0 0)
(16959.8 -0 0)
(16006.6 -0 0)
(15088.3 -0 0)
(15071.5 -0 0)
(12604.3 -0 0)
(14745.6 -0 0)
(15424.8 -0 0)
(16435.5 -0 0)
(17057.7 -0 0)
(16873.8 -0 0)
(16208 -0 0)
(15473.8 -0 0)
(15432.5 -0 0)
(15330 -0 0)
(15085.1 -0 0)
(15128.1 -0 0)
(15030.5 -0 0)
(14835.1 -0 0)
(14312.2 -0 0)
(12269.5 -0 0)
(11840.7 -0 0)
(11026.8 -0 0)
(10240.2 -0 0)
(8908.66 -0 0)
(8413.18 -0 0)
(7557.53 -0 0)
(6631.07 -0 0)
(6336.47 -0 0)
(1216.96 -0 0)
(3999.74 -0 0)
(6255.38 -0 0)
(8439.24 -0 0)
(10471.9 -0 0)
(12348.8 -0 0)
(14057.5 -0 0)
(15624.8 -0 0)
(16962.9 -0 0)
(18399.5 -0 0)
(19382.2 -0 0)
(20454.8 -0 0)
(19361.7 -0 0)
(17705.2 -0 0)
(20281.1 -0 0)
(21384.7 -0 0)
(21781.4 -0 0)
(22296.6 -0 0)
(22148.3 -0 0)
(22865.9 -0 0)
(18447.8 -0 0)
(21009.5 -0 0)
(21543 -0 0)
(21996.6 -0 0)
(22203.3 -0 0)
(22488.4 -0 0)
(24085.9 -0 0)
(24152.3 -0 0)
(21474.7 -0 0)
(21718.4 -0 0)
(21819.9 -0 0)
(21847.8 -0 0)
(21316.2 -0 0)
(22795.3 -0 0)
(23049.3 -0 0)
(21355.3 -0 0)
(19616 -0 0)
(19370.4 -0 0)
(20258.8 -0 0)
(19898.6 -0 0)
(20693.7 -0 0)
(21838.9 -0 0)
(22531.2 -0 0)
(23178.7 -0 0)
(14972 -0 0)
(18642.6 -0 0)
(19035.1 -0 0)
(20383.6 -0 0)
(22058.9 -0 0)
(21725.8 -0 0)
(21913.6 -0 0)
(21867.2 -0 0)
(20794.8 -0 0)
(21440.7 -0 0)
(13120.7 -0 0)
(17158.4 -0 0)
(18918.5 -0 0)
(21201.7 -0 0)
(19366.7 -0 0)
(20483.9 -0 0)
(21032.5 -0 0)
(14757.4 -0 0)
(18402.7 -0 0)
(19697.1 -0 0)
(21534.2 -0 0)
(22463.6 -0 0)
(22289.4 -0 0)
(22046.2 -0 0)
(21844.2 -0 0)
(21702.9 -0 0)
(22348.5 -0 0)
(16790.2 -0 0)
(21196.9 -0 0)
(21543.4 -0 0)
(21368.6 -0 0)
(21443.5 -0 0)
(18637 -0 0)
(21314.1 -0 0)
(21202.8 -0 0)
(22742 -0 0)
(23689.5 -0 0)
(23760.7 -0 0)
(23363.6 -0 0)
(21508.6 -0 0)
(22524.1 -0 0)
(22747.4 -0 0)
(22755.7 -0 0)
(22686 -0 0)
(21731.1 -0 0)
(21391.7 -0 0)
(21014 -0 0)
(15999.5 -0 0)
(18080.9 -0 0)
(17881.7 -0 0)
(16989.2 -0 0)
(14930.1 -0 0)
(11798 -0 0)
(12211 -0 0)
(6960.49 -0 0)
(8821.42 -0 0)
(1309.71 -0 0)
(4576.08 -0 0)
(7176.54 -0 0)
(9685.46 -0 0)
(12037 -0 0)
(14229 -0 0)
(16244.9 -0 0)
(18104.8 -0 0)
(19663.6 -0 0)
(21167.4 -0 0)
(20890.4 -0 0)
(21833.7 -0 0)
(17212.4 -0 0)
(21972.6 -0 0)
(24186.3 -0 0)
(25546.8 -0 0)
(26463.2 -0 0)
(27032.4 -0 0)
(27074.4 -0 0)
(27669.1 -0 0)
(17899.3 -0 0)
(24359.1 -0 0)
(26031.6 -0 0)
(26873.3 -0 0)
(27211.9 -0 0)
(27387 -0 0)
(28689.2 -0 0)
(22722.2 -0 0)
(17920 -0 0)
(23185.3 -0 0)
(25196.5 -0 0)
(26012 -0 0)
(26253.2 -0 0)
(26927.9 -0 0)
(25009 -0 0)
(20593.3 -0 0)
(23675.1 -0 0)
(13701 -0 0)
(20434 -0 0)
(22331.2 -0 0)
(23684.4 -0 0)
(24018.1 -0 0)
(24821.2 -0 0)
(25270.4 -0 0)
(12260 -0 0)
(19800.8 -0 0)
(22020.3 -0 0)
(24234.7 -0 0)
(24133.4 -0 0)
(25616.7 -0 0)
(26179.7 -0 0)
(25824.2 -0 0)
(25569.1 -0 0)
(22601.7 -0 0)
(13844.8 -0 0)
(20412.7 -0 0)
(23029.8 -0 0)
(24939.6 -0 0)
(15447.9 -0 0)
(21902.1 -0 0)
(22101 -0 0)
(13130.2 -0 0)
(20168.1 -0 0)
(22988.2 -0 0)
(25248 -0 0)
(26534.8 -0 0)
(26656.6 -0 0)
(26628.2 -0 0)
(25005.7 -0 0)
(23750.8 -0 0)
(24199.3 -0 0)
(19186.7 -0 0)
(22843.1 -0 0)
(24125.7 -0 0)
(24860.4 -0 0)
(25974.7 -0 0)
(25401.5 -0 0)
(26200 -0 0)
(21922.5 -0 0)
(25857.9 -0 0)
(27109.9 -0 0)
(27596 -0 0)
(27619 -0 0)
(27433.3 -0 0)
(27714 -0 0)
(27911.9 -0 0)
(27960 -0 0)
(27779.5 -0 0)
(23985.3 -0 0)
(24270.7 -0 0)
(24840.9 -0 0)
(23830.4 -0 0)
(23720 -0 0)
(23141.5 -0 0)
(21530 -0 0)
(19718.7 -0 0)
(12742 -0 0)
(11771 -0 0)
(11414.7 -0 0)
(10912.5 -0 0)
(1168.11 -0 0)
(4646.37 -0 0)
(7318.44 -0 0)
(9924.73 -0 0)
(12397.3 -0 0)
(14721.4 -0 0)
(16875.7 -0 0)
(18883.8 -0 0)
(20504.2 -0 0)
(21817.2 -0 0)
(21737.1 -0 0)
(18986.8 -0 0)
(22411.7 -0 0)
(25033.8 -0 0)
(26593 -0 0)
(27785.9 -0 0)
(28753.7 -0 0)
(29384.9 -0 0)
(29598.4 -0 0)
(30274.2 -0 0)
(28461 -0 0)
(29170.6 -0 0)
(29394.8 -0 0)
(29763.4 -0 0)
(29864.9 -0 0)
(29947.6 -0 0)
(30169 -0 0)
(16931.5 -0 0)
(22414.1 -0 0)
(25338.7 -0 0)
(27201.5 -0 0)
(28020.1 -0 0)
(28393.4 -0 0)
(26890.1 -0 0)
(17216.7 -0 0)
(22576.8 -0 0)
(25418 -0 0)
(12427 -0 0)
(20639.1 -0 0)
(23454 -0 0)
(23286.3 -0 0)
(19487.3 -0 0)
(22059.9 -0 0)
(25163.4 -0 0)
(13889.7 -0 0)
(21714.3 -0 0)
(24205.7 -0 0)
(26385 -0 0)
(18188.3 -0 0)
(23325.2 -0 0)
(25949.8 -0 0)
(26625.1 -0 0)
(27259.7 -0 0)
(17251.1 -0 0)
(22343.9 -0 0)
(24801.8 -0 0)
(26391.8 -0 0)
(25389.9 -0 0)
(23781.8 -0 0)
(24095.5 -0 0)
(14054.1 -0 0)
(20370.2 -0 0)
(23396.4 -0 0)
(25442.8 -0 0)
(26140.2 -0 0)
(27685 -0 0)
(28224 -0 0)
(28573.5 -0 0)
(28348.7 -0 0)
(18099.3 -0 0)
(24204.4 -0 0)
(20872.1 -0 0)
(19740 -0 0)
(23759.7 -0 0)
(25794.2 -0 0)
(27733.5 -0 0)
(26551.4 -0 0)
(28628.6 -0 0)
(22708.7 -0 0)
(27519 -0 0)
(26734.6 -0 0)
(28090.8 -0 0)
(28930.3 -0 0)
(29702.8 -0 0)
(30193.6 -0 0)
(30513.3 -0 0)
(30504.3 -0 0)
(30238.9 -0 0)
(29284.4 -0 0)
(22224.8 -0 0)
(26314.6 -0 0)
(27006.1 -0 0)
(26797.6 -0 0)
(26047.9 -0 0)
(23683.1 -0 0)
(20507.7 -0 0)
(19153.4 -0 0)
(6838.21 -0 0)
(11237.8 -0 0)
(11299 -0 0)
(843.739 -0 0)
(4270.16 -0 0)
(6773.94 -0 0)
(9243.3 -0 0)
(11643.5 -0 0)
(13919.2 -0 0)
(16044.2 -0 0)
(18056.5 -0 0)
(19555.5 -0 0)
(21316.4 -0 0)
(17449.3 -0 0)
(21415.9 -0 0)
(23985.9 -0 0)
(25794 -0 0)
(26927.2 -0 0)
(27865.8 -0 0)
(28718.5 -0 0)
(29332.1 -0 0)
(29649 -0 0)
(30316.2 -0 0)
(30588.7 -0 0)
(30303.3 -0 0)
(30111.2 -0 0)
(30181 -0 0)
(30044.1 -0 0)
(30007.5 -0 0)
(26583.7 -0 0)
(15750.8 -0 0)
(23309.7 -0 0)
(25810 -0 0)
(27172 -0 0)
(27787.6 -0 0)
(28082.9 -0 0)
(18604.6 -0 0)
(20961.3 -0 0)
(23805.8 -0 0)
(26281.4 -0 0)
(14711.8 -0 0)
(22051.5 -0 0)
(24231.4 -0 0)
(16404.5 -0 0)
(22531.5 -0 0)
(12400.8 -0 0)
(21741.1 -0 0)
(22657.2 -0 0)
(25060.4 -0 0)
(25929.8 -0 0)
(27333.2 -0 0)
(25934.1 -0 0)
(16264.4 -0 0)
(22269.6 -0 0)
(24875.3 -0 0)
(26673 -0 0)
(24183.4 -0 0)
(26713.4 -0 0)
(27221.2 -0 0)
(27782.6 -0 0)
(16736.6 -0 0)
(23358.8 -0 0)
(25630.3 -0 0)
(14718.2 -0 0)
(22621.7 -0 0)
(24727.2 -0 0)
(26115 -0 0)
(20962.3 -0 0)
(25353 -0 0)
(27043.5 -0 0)
(28059.5 -0 0)
(27584.9 -0 0)
(26249.3 -0 0)
(23849.5 -0 0)
(24009.3 -0 0)
(14761.5 -0 0)
(22244.5 -0 0)
(25080.3 -0 0)
(27386.9 -0 0)
(28310.3 -0 0)
(29386.5 -0 0)
(28376.4 -0 0)
(28498.6 -0 0)
(18001 -0 0)
(25154.8 -0 0)
(27726.5 -0 0)
(29298.6 -0 0)
(30084.6 -0 0)
(30542.4 -0 0)
(30019.7 -0 0)
(30102.4 -0 0)
(29898.4 -0 0)
(28190.3 -0 0)
(28325.5 -0 0)
(28054.2 -0 0)
(27449.4 -0 0)
(26381 -0 0)
(24307.7 -0 0)
(21406.9 -0 0)
(20336 -0 0)
(6113.95 -0 0)
(10642.4 -0 0)
(10622.2 -0 0)
(422.253 -0 0)
(3561.81 -0 0)
(5722.36 -0 0)
(7856.07 -0 0)
(10042.1 -0 0)
(12122.9 -0 0)
(14078.6 -0 0)
(15967.1 -0 0)
(17054.1 -0 0)
(19131.7 -0 0)
(16932.7 -0 0)
(20852.8 -0 0)
(22959.7 -0 0)
(24333.6 -0 0)
(25174.9 -0 0)
(25887.5 -0 0)
(26581.4 -0 0)
(27118.2 -0 0)
(27454 -0 0)
(28045.6 -0 0)
(28755.7 -0 0)
(27459.4 -0 0)
(28002.8 -0 0)
(28136.4 -0 0)
(27868.7 -0 0)
(27734 -0 0)
(17251.8 -0 0)
(21719.2 -0 0)
(24544.1 -0 0)
(24269 -0 0)
(24174.5 -0 0)
(25162.7 -0 0)
(25797.9 -0 0)
(24461.6 -0 0)
(15570.8 -0 0)
(22222.9 -0 0)
(25030.5 -0 0)
(23777.3 -0 0)
(24561.6 -0 0)
(24512.1 -0 0)
(22626.6 -0 0)
(24475.8 -0 0)
(11483 -0 0)
(20253.6 -0 0)
(23482.1 -0 0)
(25208.3 -0 0)
(25474 -0 0)
(26275.8 -0 0)
(24268 -0 0)
(19654.7 -0 0)
(16941.7 -0 0)
(22023 -0 0)
(24510.9 -0 0)
(25744.1 -0 0)
(27041.3 -0 0)
(26772 -0 0)
(26620.2 -0 0)
(18571.3 -0 0)
(23375.8 -0 0)
(25370.5 -0 0)
(23206.9 -0 0)
(23583.9 -0 0)
(24114.2 -0 0)
(24791.3 -0 0)
(15903.4 -0 0)
(21750.7 -0 0)
(24243 -0 0)
(25642.1 -0 0)
(26570.7 -0 0)
(26625.5 -0 0)
(26221.9 -0 0)
(17268.4 -0 0)
(20535.6 -0 0)
(22955.4 -0 0)
(23323.2 -0 0)
(25181.1 -0 0)
(26625.7 -0 0)
(27583.7 -0 0)
(27871.7 -0 0)
(26728.6 -0 0)
(20747 -0 0)
(24384.5 -0 0)
(25885.5 -0 0)
(27212.2 -0 0)
(27870.2 -0 0)
(28280.8 -0 0)
(25523 -0 0)
(27244.8 -0 0)
(27844.9 -0 0)
(27633.2 -0 0)
(27264.6 -0 0)
(26392.4 -0 0)
(25577.2 -0 0)
(23732.9 -0 0)
(20321.2 -0 0)
(19615.7 -0 0)
(18016.4 -0 0)
(6864.44 -0 0)
(10028.8 -0 0)
(9137.74 -0 0)
(-22.8018 0 0)
(2654.75 -0 0)
(4355.68 -0 0)
(5985.37 -0 0)
(7865.43 -0 0)
(9634.66 -0 0)
(11310.6 -0 0)
(12976.3 -0 0)
(13034.5 -0 0)
(15795.5 -0 0)
(16676 -0 0)
(18678.4 -0 0)
(20098 -0 0)
(21032.9 -0 0)
(21636.7 -0 0)
(22148.3 -0 0)
(22674.1 -0 0)
(23097.1 -0 0)
(23394.3 -0 0)
(23885 -0 0)
(24597.1 -0 0)
(24367.7 -0 0)
(24217.9 -0 0)
(24155.9 -0 0)
(23824.1 -0 0)
(23919.1 -0 0)
(17965.2 -0 0)
(21924 -0 0)
(23129.8 -0 0)
(22252 -0 0)
(15840.5 -0 0)
(20406.7 -0 0)
(21819.9 -0 0)
(22876.9 -0 0)
(21203 -0 0)
(21964.4 -0 0)
(22042.4 -0 0)
(22609 -0 0)
(22889.6 -0 0)
(22054.9 -0 0)
(21699.8 -0 0)
(22864.8 -0 0)
(14332.7 -0 0)
(19704.4 -0 0)
(21846.4 -0 0)
(22846.9 -0 0)
(22734.3 -0 0)
(23137.2 -0 0)
(17275.6 -0 0)
(20751.5 -0 0)
(17830.1 -0 0)
(20028.8 -0 0)
(21509.7 -0 0)
(23122.9 -0 0)
(24059.5 -0 0)
(23500.8 -0 0)
(22279.9 -0 0)
(21705.7 -0 0)
(22629.2 -0 0)
(23283.2 -0 0)
(23783.9 -0 0)
(16317.5 -0 0)
(20512.5 -0 0)
(21549 -0 0)
(14605.2 -0 0)
(17540.6 -0 0)
(20615.3 -0 0)
(21995.5 -0 0)
(23027.4 -0 0)
(23007.1 -0 0)
(23610.4 -0 0)
(22103.8 -0 0)
(19921.4 -0 0)
(21427 -0 0)
(17564.7 -0 0)
(20600.6 -0 0)
(22782.7 -0 0)
(23726 -0 0)
(24305.4 -0 0)
(18381.7 -0 0)
(21135.6 -0 0)
(22473.4 -0 0)
(22360.5 -0 0)
(23474.5 -0 0)
(23799.2 -0 0)
(24125.9 -0 0)
(22482.6 -0 0)
(23398.3 -0 0)
(23846.4 -0 0)
(23973.6 -0 0)
(23487.3 -0 0)
(21904.2 -0 0)
(21511.7 -0 0)
(19665.3 -0 0)
(13793.4 -0 0)
(15204.7 -0 0)
(10879.2 -0 0)
(9926.94 -0 0)
(9219.27 -0 0)
(6680.59 -0 0)
(-449.543 0 0)
(1665.55 -0 0)
(2833.19 -0 0)
(3819.38 -0 0)
(5357.93 -0 0)
(6728.26 -0 0)
(8045.77 -0 0)
(9411.41 -0 0)
(10232.6 -0 0)
(11949.5 -0 0)
(13359.7 -0 0)
(14790.1 -0 0)
(15800.4 -0 0)
(16304.5 -0 0)
(16755 -0 0)
(17080.7 -0 0)
(17430.1 -0 0)
(17706.4 -0 0)
(17931.9 -0 0)
(18307.6 -0 0)
(18893.8 -0 0)
(18925.3 -0 0)
(18697 -0 0)
(18570 -0 0)
(18276.8 -0 0)
(18513.1 -0 0)
(17657.7 -0 0)
(19128 -0 0)
(19292.6 -0 0)
(16096.4 -0 0)
(15765.9 -0 0)
(16575.9 -0 0)
(17058.9 -0 0)
(18323.7 -0 0)
(18727.4 -0 0)
(18603.9 -0 0)
(18610.7 -0 0)
(16053.2 -0 0)
(18153.2 -0 0)
(17684.9 -0 0)
(17593.2 -0 0)
(18712 -0 0)
(16958.9 -0 0)
(17900.9 -0 0)
(18310.4 -0 0)
(18469.7 -0 0)
(18113.3 -0 0)
(18359.9 -0 0)
(17177.3 -0 0)
(18330 -0 0)
(14183.8 -0 0)
(16343.8 -0 0)
(17134.8 -0 0)
(18345.4 -0 0)
(18903.1 -0 0)
(17944.6 -0 0)
(18218 -0 0)
(18707.5 -0 0)
(18907.5 -0 0)
(19041.2 -0 0)
(20030.3 -0 0)
(17958 -0 0)
(17556.5 -0 0)
(17343.1 -0 0)
(15585.4 -0 0)
(16170.2 -0 0)
(16782.2 -0 0)
(17231.3 -0 0)
(17841.7 -0 0)
(16121.8 -0 0)
(18081.3 -0 0)
(19190.3 -0 0)
(18742.6 -0 0)
(18149 -0 0)
(16398.8 -0 0)
(17142.4 -0 0)
(18049.4 -0 0)
(18514.3 -0 0)
(19055.7 -0 0)
(17738.2 -0 0)
(18366.7 -0 0)
(18487.3 -0 0)
(18200.3 -0 0)
(18405.3 -0 0)
(18011.9 -0 0)
(18403 -0 0)
(18070.5 -0 0)
(18186 -0 0)
(18337.4 -0 0)
(18443.3 -0 0)
(17602.7 -0 0)
(16886.1 -0 0)
(16055.9 -0 0)
(12257.3 -0 0)
(11743.6 -0 0)
(11712.5 -0 0)
(8872.75 -0 0)
(8679.4 -0 0)
(6739.19 -0 0)
(2748.08 -0 0)
(-838.843 0 0)
(679.244 -0 0)
(1270.33 -0 0)
(1494.96 -0 0)
(2727.98 -0 0)
(3636.43 -0 0)
(4534.13 -0 0)
(5508.72 -0 0)
(6337.19 -0 0)
(7545.1 -0 0)
(8843.08 -0 0)
(9892.74 -0 0)
(10612.9 -0 0)
(10557.9 -0 0)
(11034.4 -0 0)
(11161.8 -0 0)
(11315 -0 0)
(11404.1 -0 0)
(11557.1 -0 0)
(11810.9 -0 0)
(12261.2 -0 0)
(12284.7 -0 0)
(12049 -0 0)
(11883.8 -0 0)
(11656.5 -0 0)
(11944.7 -0 0)
(12511.5 -0 0)
(13655 -0 0)
(13582.2 -0 0)
(12130.3 -0 0)
(11629.9 -0 0)
(11246.6 -0 0)
(11143.2 -0 0)
(12155.7 -0 0)
(13109.6 -0 0)
(12990.9 -0 0)
(12910.2 -0 0)
(12543.4 -0 0)
(12635.8 -0 0)
(11809.2 -0 0)
(11709.7 -0 0)
(12781.8 -0 0)
(13088.5 -0 0)
(13245.2 -0 0)
(12847.8 -0 0)
(12477 -0 0)
(12042.1 -0 0)
(12223.3 -0 0)
(12361.7 -0 0)
(12953.2 -0 0)
(11709.7 -0 0)
(11587.3 -0 0)
(11541.9 -0 0)
(12220.2 -0 0)
(12385.4 -0 0)
(11676.1 -0 0)
(12201.2 -0 0)
(13024.3 -0 0)
(13109.3 -0 0)
(13127.5 -0 0)
(14119.8 -0 0)
(13691.8 -0 0)
(12469.7 -0 0)
(11653.4 -0 0)
(11362.1 -0 0)
(11587.9 -0 0)
(11375.2 -0 0)
(11250.7 -0 0)
(11508.3 -0 0)
(11133.4 -0 0)
(12079 -0 0)
(13542.6 -0 0)
(13719.8 -0 0)
(12653 -0 0)
(11466.3 -0 0)
(11689.3 -0 0)
(12047.9 -0 0)
(12161.8 -0 0)
(12578.2 -0 0)
(12594.7 -0 0)
(12917.7 -0 0)
(12636.3 -0 0)
(12190.2 -0 0)
(12027.1 -0 0)
(11724 -0 0)
(11784.2 -0 0)
(11705.6 -0 0)
(11664.6 -0 0)
(11687.6 -0 0)
(11757.3 -0 0)
(11301 -0 0)
(10359 -0 0)
(9315.29 -0 0)
(7490.17 -0 0)
(7268.08 -0 0)
(7002.57 -0 0)
(5873.42 -0 0)
(5263.38 -0 0)
(2593.82 -0 0)
(-2687.76 0 0)
(-1193.15 0 0)
(-275.061 0 0)
(-290.696 0 0)
(-446.56 0 0)
(41.4799 -0 0)
(422.719 -0 0)
(838.895 -0 0)
(1374.11 -0 0)
(1921.23 -0 0)
(2704.31 -0 0)
(3682.73 -0 0)
(4322.64 -0 0)
(4803.9 -0 0)
(4757.27 -0 0)
(4756.34 -0 0)
(4629.79 -0 0)
(4578.37 -0 0)
(4435.31 -0 0)
(4582.04 -0 0)
(4738.12 -0 0)
(5109.12 -0 0)
(5006.53 -0 0)
(4765.4 -0 0)
(4489.32 -0 0)
(4335.51 -0 0)
(4606.81 -0 0)
(5626.88 -0 0)
(6688.42 -0 0)
(6534.46 -0 0)
(5745.81 -0 0)
(5283.18 -0 0)
(4486.83 -0 0)
(4198.96 -0 0)
(4946.34 -0 0)
(6022.12 -0 0)
(6014.04 -0 0)
(6066.67 -0 0)
(6251.17 -0 0)
(5823.97 -0 0)
(4845.04 -0 0)
(4727.87 -0 0)
(5720.25 -0 0)
(6687.39 -0 0)
(6727.95 -0 0)
(5980.95 -0 0)
(5326.64 -0 0)
(4916.59 -0 0)
(5106.52 -0 0)
(5593.91 -0 0)
(6329.87 -0 0)
(5851.3 -0 0)
(5206.65 -0 0)
(4812.83 -0 0)
(5162.33 -0 0)
(5012.92 -0 0)
(4122.02 -0 0)
(5065.91 -0 0)
(5995.9 -0 0)
(6033.11 -0 0)
(6056.24 -0 0)
(6968.44 -0 0)
(7072.74 -0 0)
(5802.26 -0 0)
(4784.13 -0 0)
(4908.88 -0 0)
(5169.33 -0 0)
(4620.19 -0 0)
(4280.45 -0 0)
(4323.6 -0 0)
(4310.21 -0 0)
(4804.66 -0 0)
(6525.84 -0 0)
(6921.76 -0 0)
(5670.61 -0 0)
(4747.82 -0 0)
(4889.85 -0 0)
(5033.69 -0 0)
(4959.13 -0 0)
(5238.83 -0 0)
(5647.86 -0 0)
(5938.3 -0 0)
(5458.58 -0 0)
(5021.43 -0 0)
(4691.26 -0 0)
(4397.05 -0 0)
(4354.65 -0 0)
(4349.77 -0 0)
(4305.33 -0 0)
(4302.87 -0 0)
(4391.26 -0 0)
(4093.43 -0 0)
(3503.41 -0 0)
(2923.17 -0 0)
(2101.25 -0 0)
(1951.5 -0 0)
(1409.27 -0 0)
(1281.79 -0 0)
(716.366 -0 0)
(-2572.28 0 0)
(-8572.71 0 0)
(-1519.67 0 0)
(-1192.57 0 0)
(-1794.97 0 0)
(-2433.01 0 0)
(-2559.45 0 0)
(-2714.5 0 0)
(-2798.53 0 0)
(-2734.45 0 0)
(-2582.86 0 0)
(-2235.84 0 0)
(-1680.27 0 0)
(-1344.27 0 0)
(-1262.58 0 0)
(-1490.71 0 0)
(-1808.74 0 0)
(-2161.62 0 0)
(-2402.73 0 0)
(-2584.84 0 0)
(-2575.01 0 0)
(-2451.75 0 0)
(-2041.08 0 0)
(-2347.96 0 0)
(-2547.24 0 0)
(-3072.11 0 0)
(-3182.5 0 0)
(-2966.3 0 0)
(-1868.85 0 0)
(-996.03 0 0)
(-1153.16 0 0)
(-1650.35 0 0)
(-2047.51 0 0)
(-2755.6 0 0)
(-3145.74 0 0)
(-2516.65 0 0)
(-1653.67 0 0)
(-1540.09 0 0)
(-1411.42 0 0)
(-1086.06 0 0)
(-1612.78 0 0)
(-2516.58 0 0)
(-2575.86 0 0)
(-1681.23 0 0)
(-666.492 0 0)
(-615.595 0 0)
(-1437.04 0 0)
(-2044.57 0 0)
(-2651.55 0 0)
(-2423.72 0 0)
(-1921.17 0 0)
(-1218.89 0 0)
(-1362.95 0 0)
(-2016.74 0 0)
(-2436.17 0 0)
(-2235.23 0 0)
(-2539.04 0 0)
(-2988.14 0 0)
(-2389.93 0 0)
(-1400.57 0 0)
(-1578.42 0 0)
(-1485.18 0 0)
(-695.022 0 0)
(-419.258 0 0)
(-1475.03 0 0)
(-2426.26 0 0)
(-2175.54 0 0)
(-1929.87 0 0)
(-2641.72 0 0)
(-3108.78 0 0)
(-3160.17 0 0)
(-3057.72 0 0)
(-2454.04 0 0)
(-1022.45 0 0)
(-546.158 0 0)
(-1691.34 0 0)
(-2480.22 0 0)
(-2427.1 0 0)
(-2418.52 0 0)
(-2530.39 0 0)
(-2426.82 0 0)
(-1895.62 0 0)
(-1591 0 0)
(-2216.84 0 0)
(-2664.29 0 0)
(-3053.5 0 0)
(-3320.23 0 0)
(-3383.77 0 0)
(-3346.39 0 0)
(-3335.71 0 0)
(-3295.87 0 0)
(-3170.39 0 0)
(-3276.36 0 0)
(-3591.87 0 0)
(-3846.57 0 0)
(-4030.47 0 0)
(-3798.81 0 0)
(-4086.09 0 0)
(-3855.87 0 0)
(-4244.96 0 0)
(-7796.78 0 0)
(-12075.1 0 0)
(-1820.49 0 0)
(-2061.16 0 0)
(-3212.26 0 0)
(-4345.08 0 0)
(-5027.02 0 0)
(-5704.31 0 0)
(-6281.79 0 0)
(-6690.79 0 0)
(-6971.32 0 0)
(-7062.87 0 0)
(-6961.11 0 0)
(-6995.23 0 0)
(-7262.73 0 0)
(-7730.97 0 0)
(-8300.6 0 0)
(-8849.8 0 0)
(-9256.54 0 0)
(-9514.66 0 0)
(-9547.31 0 0)
(-9332.76 0 0)
(-8554.69 0 0)
(-9184.86 0 0)
(-9190.52 0 0)
(-10453.8 0 0)
(-10600.5 0 0)
(-10371.5 0 0)
(-9388.78 0 0)
(-8800.51 0 0)
(-8891.73 0 0)
(-9221.53 0 0)
(-9556.94 0 0)
(-10073.8 0 0)
(-10359.7 0 0)
(-9801.3 0 0)
(-9348.74 0 0)
(-9106.02 0 0)
(-8895.59 0 0)
(-8535.98 0 0)
(-8931.94 0 0)
(-9592.57 0 0)
(-9540.17 0 0)
(-8919.4 0 0)
(-8165.39 0 0)
(-8004.33 0 0)
(-8622.47 0 0)
(-8900.34 0 0)
(-10172.7 0 0)
(-9924.61 0 0)
(-9542.97 0 0)
(-8950.29 0 0)
(-8925.48 0 0)
(-9387.72 0 0)
(-9621.51 0 0)
(-9360.04 0 0)
(-9552.93 0 0)
(-9588.81 0 0)
(-9733.28 0 0)
(-8634.58 0 0)
(-9189.61 0 0)
(-9000.65 0 0)
(-8304.54 0 0)
(-7907.42 0 0)
(-8553.13 0 0)
(-9173.33 0 0)
(-8790.76 0 0)
(-8727.29 0 0)
(-9949.06 0 0)
(-10391.6 0 0)
(-10415.9 0 0)
(-10242.5 0 0)
(-9617.06 0 0)
(-8535.7 0 0)
(-7928.34 0 0)
(-8776.56 0 0)
(-9246.24 0 0)
(-9531.7 0 0)
(-9770.7 0 0)
(-9716.68 0 0)
(-9961.48 0 0)
(-9343.17 0 0)
(-8842.36 0 0)
(-9933.32 0 0)
(-10338.9 0 0)
(-10725.3 0 0)
(-10944.9 0 0)
(-10983 0 0)
(-10903.3 0 0)
(-10793.9 0 0)
(-10688.2 0 0)
(-10478.1 0 0)
(-10428.7 0 0)
(-10521.3 0 0)
(-10449.6 0 0)
(-10186.2 0 0)
(-9758.32 0 0)
(-9467.45 0 0)
(-8834.26 0 0)
(-8742.28 0 0)
(-11762.4 0 0)
(-11976.1 0 0)
(-2093.22 0 0)
(-2846.57 0 0)
(-4488.43 0 0)
(-6077.71 0 0)
(-7253.29 0 0)
(-8411.73 0 0)
(-9451.09 0 0)
(-10310 0 0)
(-11019.3 0 0)
(-11538.9 0 0)
(-11877.9 0 0)
(-12290.5 0 0)
(-12881.7 0 0)
(-13608.1 0 0)
(-14402.1 0 0)
(-15132.6 0 0)
(-15690.6 0 0)
(-16040 0 0)
(-16097.7 0 0)
(-15682.2 0 0)
(-13459.9 0 0)
(-15737.5 0 0)
(-14218.9 0 0)
(-17541.5 0 0)
(-17513.5 0 0)
(-17251.2 0 0)
(-16267.4 0 0)
(-16101 0 0)
(-16139.4 0 0)
(-16356.1 0 0)
(-16670.9 0 0)
(-16960 0 0)
(-16960.4 0 0)
(-16105.1 0 0)
(-16549.5 0 0)
(-16198 0 0)
(-15871.6 0 0)
(-15377 0 0)
(-15416.4 0 0)
(-15683.2 0 0)
(-15320.4 0 0)
(-15257.1 0 0)
(-15191.1 0 0)
(-14806.7 0 0)
(-14864.6 0 0)
(-13676.8 0 0)
(-17251.5 0 0)
(-17016.1 0 0)
(-16785.3 0 0)
(-16287.9 0 0)
(-16156.7 0 0)
(-16364.6 0 0)
(-16277.9 0 0)
(-15662.1 0 0)
(-15265.2 0 0)
(-14113.9 0 0)
(-16548.9 0 0)
(-14767.2 0 0)
(-16359.3 0 0)
(-16068.9 0 0)
(-15345.6 0 0)
(-14704.4 0 0)
(-14754.3 0 0)
(-14635.7 0 0)
(-13577.2 0 0)
(-13804.7 0 0)
(-16811 0 0)
(-17154.1 0 0)
(-16985.9 0 0)
(-16605.8 0 0)
(-15821.2 0 0)
(-15450.4 0 0)
(-14550.3 0 0)
(-14806.6 0 0)
(-14238.1 0 0)
(-15575.5 0 0)
(-16626.1 0 0)
(-15784.9 0 0)
(-17037.5 0 0)
(-16185.5 0 0)
(-14554.7 0 0)
(-17186 0 0)
(-17564.8 0 0)
(-17912.6 0 0)
(-18079.3 0 0)
(-18072.1 0 0)
(-17946.9 0 0)
(-17659.6 0 0)
(-17484.6 0 0)
(-17104.1 0 0)
(-17150.1 0 0)
(-16921.9 0 0)
(-16536.3 0 0)
(-15915.8 0 0)
(-15161.9 0 0)
(-14316.3 0 0)
(-13153.7 0 0)
(-12284 0 0)
(-14123.6 0 0)
(-10280.2 0 0)
(-2328.74 0 0)
(-3518.1 0 0)
(-5583.15 0 0)
(-7572.47 0 0)
(-9175.89 0 0)
(-10756.7 0 0)
(-12204.7 0 0)
(-13463.6 0 0)
(-14559.7 0 0)
(-15462.7 0 0)
(-16188.8 0 0)
(-16939.5 0 0)
(-17815.9 0 0)
(-18783.7 0 0)
(-19779.8 0 0)
(-20681.1 0 0)
(-21391.4 0 0)
(-21878 0 0)
(-22108.1 0 0)
(-22067.3 0 0)
(-21541.4 0 0)
(-21691.2 0 0)
(-18926 0 0)
(-23784.4 0 0)
(-23658.5 0 0)
(-23258.5 0 0)
(-21565.1 0 0)
(-22682.1 0 0)
(-22570.7 0 0)
(-22403.5 0 0)
(-23048.7 0 0)
(-23061.8 0 0)
(-22555.5 0 0)
(-19774.8 0 0)
(-22868.9 0 0)
(-22434.3 0 0)
(-21908.4 0 0)
(-21079 0 0)
(-20342.3 0 0)
(-19910.7 0 0)
(-18264.2 0 0)
(-19338 0 0)
(-21392.3 0 0)
(-20773.4 0 0)
(-20108.8 0 0)
(-16793.8 0 0)
(-23531.2 0 0)
(-23316.4 0 0)
(-23199.5 0 0)
(-22769.1 0 0)
(-22562 0 0)
(-22527.7 0 0)
(-22093.6 0 0)
(-20931.1 0 0)
(-19225.9 0 0)
(-13725 0 0)
(-22937.4 0 0)
(-22174.3 0 0)
(-22713.5 0 0)
(-22288.1 0 0)
(-21428.6 0 0)
(-20376.9 0 0)
(-19662.4 0 0)
(-17914 0 0)
(-14342 0 0)
(-22075.4 0 0)
(-22935.3 0 0)
(-23056.1 0 0)
(-22482.6 0 0)
(-21472.1 0 0)
(-19481.5 0 0)
(-21414.6 0 0)
(-20112.5 0 0)
(-19311.7 0 0)
(-15554.9 0 0)
(-22975 0 0)
(-23188 0 0)
(-23355.4 0 0)
(-23552.2 0 0)
(-23013.3 0 0)
(-22859.2 0 0)
(-23660.8 0 0)
(-23921.9 0 0)
(-24220 0 0)
(-24355.8 0 0)
(-24300.5 0 0)
(-24208.4 0 0)
(-23976.5 0 0)
(-23712.2 0 0)
(-23329.1 0 0)
(-22990.8 0 0)
(-22501.8 0 0)
(-21830 0 0)
(-20892 0 0)
(-19755.7 0 0)
(-18352.3 0 0)
(-16553.3 0 0)
(-14750.7 0 0)
(-15256.5 0 0)
(-8373.06 0 0)
(-2518.57 0 0)
(-4061.2 0 0)
(-6476.51 0 0)
(-8800.13 0 0)
(-10762.4 0 0)
(-12700.2 0 0)
(-14496.2 0 0)
(-16097 0 0)
(-17527 0 0)
(-18760.6 0 0)
(-19813.4 0 0)
(-20850.6 0 0)
(-21971.5 0 0)
(-23152.8 0 0)
(-24329.5 0 0)
(-25390.5 0 0)
(-26253.4 0 0)
(-26900.3 0 0)
(-27346.8 0 0)
(-27645.2 0 0)
(-27756.3 0 0)
(-28027 0 0)
(-27923.4 0 0)
(-29214.1 0 0)
(-29090.4 0 0)
(-28910 0 0)
(-28296.6 0 0)
(-28291.2 0 0)
(-28101.7 0 0)
(-27764.1 0 0)
(-28580.3 0 0)
(-28621.2 0 0)
(-28474.2 0 0)
(-27604.2 0 0)
(-28264.7 0 0)
(-27804.8 0 0)
(-27103.2 0 0)
(-25849.4 0 0)
(-23309 0 0)
(-22034.2 0 0)
(-24619.9 0 0)
(-27009.8 0 0)
(-26988.6 0 0)
(-26358.4 0 0)
(-25614.4 0 0)
(-22270.8 0 0)
(-28982.5 0 0)
(-28734.6 0 0)
(-28656 0 0)
(-28285.1 0 0)
(-28050.2 0 0)
(-27891.4 0 0)
(-27333.9 0 0)
(-26077.7 0 0)
(-24039.5 0 0)
(-17322.7 0 0)
(-28512.5 0 0)
(-27969.3 0 0)
(-28137.9 0 0)
(-27640.8 0 0)
(-26692.9 0 0)
(-25229.9 0 0)
(-24044.3 0 0)
(-19347.9 0 0)
(-21760 0 0)
(-28174.8 0 0)
(-28259.2 0 0)
(-28146.4 0 0)
(-27180.3 0 0)
(-25062.2 0 0)
(-18435.6 0 0)
(-26689 0 0)
(-25354 0 0)
(-24037 0 0)
(-18160.7 0 0)
(-28818.7 0 0)
(-28852.9 0 0)
(-29230.3 0 0)
(-29205 0 0)
(-28959.8 0 0)
(-28804.6 0 0)
(-29235.3 0 0)
(-29400.3 0 0)
(-29624.4 0 0)
(-29731.1 0 0)
(-29657.3 0 0)
(-29490.2 0 0)
(-29231.8 0 0)
(-28884.9 0 0)
(-28409.2 0 0)
(-27846.4 0 0)
(-27136.7 0 0)
(-26203.8 0 0)
(-24963 0 0)
(-23425.2 0 0)
(-21468.4 0 0)
(-19003 0 0)
(-16281.3 0 0)
(-15686.9 0 0)
(-6744.52 0 0)
(-2658.54 0 0)
(-4471.66 0 0)
(-7163.38 0 0)
(-9751 0 0)
(-12001.6 0 0)
(-14227.5 0 0)
(-16306 0 0)
(-18185.3 0 0)
(-19890.5 0 0)
(-21396.4 0 0)
(-22712 0 0)
(-23978.6 0 0)
(-25299.9 0 0)
(-26661.6 0 0)
(-27995.1 0 0)
(-29199 0 0)
(-30201.9 0 0)
(-30996.8 0 0)
(-31622 0 0)
(-32139 0 0)
(-32540.7 0 0)
(-32983.1 0 0)
(-33301.8 0 0)
(-33605.4 0 0)
(-33538.8 0 0)
(-33469.7 0 0)
(-33127.2 0 0)
(-32896 0 0)
(-32818.9 0 0)
(-32874.2 0 0)
(-33153.7 0 0)
(-33283.8 0 0)
(-33379.9 0 0)
(-33117.7 0 0)
(-32877.8 0 0)
(-32400.5 0 0)
(-31907.9 0 0)
(-31333.8 0 0)
(-30947.8 0 0)
(-31247 0 0)
(-32112.5 0 0)
(-32341.1 0 0)
(-31909.7 0 0)
(-31692.9 0 0)
(-31938.1 0 0)
(-31990.3 0 0)
(-33497.6 0 0)
(-33192.3 0 0)
(-33094.6 0 0)
(-32795.4 0 0)
(-32605.8 0 0)
(-32498.4 0 0)
(-32190.7 0 0)
(-31679.2 0 0)
(-31478.6 0 0)
(-30944.6 0 0)
(-33236.6 0 0)
(-32643.9 0 0)
(-32636.9 0 0)
(-32228.8 0 0)
(-31582.8 0 0)
(-30899.4 0 0)
(-30679.2 0 0)
(-30476.1 0 0)
(-31757.9 0 0)
(-33003.3 0 0)
(-32822.9 0 0)
(-32740 0 0)
(-32214.8 0 0)
(-31526.8 0 0)
(-30367.6 0 0)
(-31759.2 0 0)
(-31025.5 0 0)
(-31266.6 0 0)
(-31112.8 0 0)
(-33609.2 0 0)
(-33493.5 0 0)
(-33812.9 0 0)
(-33775.2 0 0)
(-33672.9 0 0)
(-33654.7 0 0)
(-33759.3 0 0)
(-33867.6 0 0)
(-34004.2 0 0)
(-34028.4 0 0)
(-33920.5 0 0)
(-33707 0 0)
(-33399.9 0 0)
(-32975.1 0 0)
(-32400.2 0 0)
(-31681 0 0)
(-30782.6 0 0)
(-29616.2 0 0)
(-28092.4 0 0)
(-26171.9 0 0)
(-23707.1 0 0)
(-20637.9 0 0)
(-17153.4 0 0)
(-15795.6 0 0)
(-5506.13 0 0)
(-2748.18 0 0)
(-4752.96 0 0)
(-7649.52 0 0)
(-10429.6 0 0)
(-12896.8 0 0)
(-15340.8 0 0)
(-17633.3 0 0)
(-19724.2 0 0)
(-21641.9 0 0)
(-23358.5 0 0)
(-24871.2 0 0)
(-26307.3 0 0)
(-27782 0 0)
(-29287.8 0 0)
(-30750.3 0 0)
(-32073.4 0 0)
(-33190.7 0 0)
(-34099.8 0 0)
(-34844.9 0 0)
(-35479.2 0 0)
(-36001.9 0 0)
(-36491.2 0 0)
(-36820.1 0 0)
(-36896.1 0 0)
(-36877.1 0 0)
(-36848.4 0 0)
(-36605.5 0 0)
(-36382.2 0 0)
(-36363.1 0 0)
(-36472.4 0 0)
(-36626.8 0 0)
(-36798.8 0 0)
(-36948.2 0 0)
(-36783.6 0 0)
(-36395 0 0)
(-36037.9 0 0)
(-35797.3 0 0)
(-35689.3 0 0)
(-35920.5 0 0)
(-36326.5 0 0)
(-36480 0 0)
(-36160.9 0 0)
(-35780.1 0 0)
(-35842.4 0 0)
(-36391.4 0 0)
(-36772.5 0 0)
(-36877.4 0 0)
(-36584.5 0 0)
(-36477.3 0 0)
(-36260.2 0 0)
(-36154.6 0 0)
(-36164 0 0)
(-36135.8 0 0)
(-36170.1 0 0)
(-36637.9 0 0)
(-36836.5 0 0)
(-36769.2 0 0)
(-36209.8 0 0)
(-36141.4 0 0)
(-35878 0 0)
(-35543.5 0 0)
(-35373.6 0 0)
(-35721.8 0 0)
(-36322.4 0 0)
(-36740.5 0 0)
(-36629.1 0 0)
(-36438.8 0 0)
(-36473.2 0 0)
(-36361.5 0 0)
(-36333.3 0 0)
(-36068 0 0)
(-35859.4 0 0)
(-35611.5 0 0)
(-36352.7 0 0)
(-36852.6 0 0)
(-37146.1 0 0)
(-36988.3 0 0)
(-37206.4 0 0)
(-37183 0 0)
(-37127.4 0 0)
(-37109.3 0 0)
(-37116.5 0 0)
(-37180.2 0 0)
(-37254.6 0 0)
(-37230.6 0 0)
(-37091.1 0 0)
(-36841.9 0 0)
(-36487.5 0 0)
(-35997.8 0 0)
(-35340.7 0 0)
(-34505.1 0 0)
(-33452.8 0 0)
(-32091.2 0 0)
(-30325.2 0 0)
(-28079.6 0 0)
(-25198.6 0 0)
(-21655.7 0 0)
(-17624.7 0 0)
(-15807.6 0 0)
(-4625.84 0 0)
(-2789.1 0 0)
(-4912.62 0 0)
(-7945.99 0 0)
(-10847.1 0 0)
(-13457.9 0 0)
(-16050.8 0 0)
(-18489.8 0 0)
(-20723.7 0 0)
(-22786.7 0 0)
(-24648.3 0 0)
(-26289.9 0 0)
(-27833.3 0 0)
(-29412.8 0 0)
(-31024.6 0 0)
(-32585.1 0 0)
(-33999.1 0 0)
(-35199.2 0 0)
(-36183.3 0 0)
(-36996.2 0 0)
(-37682.7 0 0)
(-38246.3 0 0)
(-38728.7 0 0)
(-39028.9 0 0)
(-39080.3 0 0)
(-39092.7 0 0)
(-39078.2 0 0)
(-38895.5 0 0)
(-38719.8 0 0)
(-38721.9 0 0)
(-38827.1 0 0)
(-38954.1 0 0)
(-39127.3 0 0)
(-39263.7 0 0)
(-39130.2 0 0)
(-38792.7 0 0)
(-38553.6 0 0)
(-38466.8 0 0)
(-38546.3 0 0)
(-38869.3 0 0)
(-39151 0 0)
(-39065.1 0 0)
(-38679.5 0 0)
(-38407.1 0 0)
(-38562.4 0 0)
(-39074.2 0 0)
(-39337.2 0 0)
(-39124 0 0)
(-38871.7 0 0)
(-38775.1 0 0)
(-38633 0 0)
(-38604.1 0 0)
(-38702.6 0 0)
(-38834.5 0 0)
(-39080.7 0 0)
(-39600.4 0 0)
(-39694.7 0 0)
(-39120.3 0 0)
(-38638.9 0 0)
(-38564.9 0 0)
(-38419.1 0 0)
(-38285.9 0 0)
(-38354.2 0 0)
(-38830.6 0 0)
(-39397.8 0 0)
(-39447.6 0 0)
(-39077.7 0 0)
(-38945.6 0 0)
(-39058.1 0 0)
(-39137.7 0 0)
(-39274.5 0 0)
(-39110.9 0 0)
(-38659.3 0 0)
(-38623.3 0 0)
(-39326.6 0 0)
(-39688.3 0 0)
(-39463.9 0 0)
(-39308.8 0 0)
(-39450.4 0 0)
(-39434.6 0 0)
(-39391.4 0 0)
(-39361.2 0 0)
(-39339.1 0 0)
(-39370.9 0 0)
(-39402.3 0 0)
(-39346.4 0 0)
(-39182.8 0 0)
(-38908.1 0 0)
(-38518.4 0 0)
(-37982.8 0 0)
(-37268.3 0 0)
(-36352.6 0 0)
(-35189.6 0 0)
(-33686.2 0 0)
(-31743.4 0 0)
(-29263.5 0 0)
(-26092.8 0 0)
(-22238.9 0 0)
(-17883.5 0 0)
(-15839.6 0 0)
(-4055.94 0 0)
(-2796.83 0 0)
(-4981.49 0 0)
(-8084.77 0 0)
(-11042.7 0 0)
(-13729.5 0 0)
(-16403.4 0 0)
(-18916 0 0)
(-21218.1 0 0)
(-23354.7 0 0)
(-25292.9 0 0)
(-26992.5 0 0)
(-28575.9 0 0)
(-30206.1 0 0)
(-31881.2 0 0)
(-33504.1 0 0)
(-34976.6 0 0)
(-36225.8 0 0)
(-37248.2 0 0)
(-38089.2 0 0)
(-38789.6 0 0)
(-39357.9 0 0)
(-39819.4 0 0)
(-40100.8 0 0)
(-40170.2 0 0)
(-40201.5 0 0)
(-40193.3 0 0)
(-40054.4 0 0)
(-39921.6 0 0)
(-39930.3 0 0)
(-40023.9 0 0)
(-40140.7 0 0)
(-40298.2 0 0)
(-40410.9 0 0)
(-40305.4 0 0)
(-40046.4 0 0)
(-39886 0 0)
(-39867.9 0 0)
(-39994.3 0 0)
(-40274.1 0 0)
(-40452.5 0 0)
(-40310.4 0 0)
(-39974.2 0 0)
(-39779.3 0 0)
(-39936.1 0 0)
(-40337.1 0 0)
(-40494.5 0 0)
(-40254.1 0 0)
(-40048 0 0)
(-39968.1 0 0)
(-39882.5 0 0)
(-39903.3 0 0)
(-40042.9 0 0)
(-40232.7 0 0)
(-40516.7 0 0)
(-40932.3 0 0)
(-40913.6 0 0)
(-40323.2 0 0)
(-39924.7 0 0)
(-39855.6 0 0)
(-39780.3 0 0)
(-39749 0 0)
(-39897.4 0 0)
(-40335 0 0)
(-40762.6 0 0)
(-40703.5 0 0)
(-40359.6 0 0)
(-40279.2 0 0)
(-40414.6 0 0)
(-40549.4 0 0)
(-40688.4 0 0)
(-40534.8 0 0)
(-40131.8 0 0)
(-40157.8 0 0)
(-40699.5 0 0)
(-40911.6 0 0)
(-40621.7 0 0)
(-40484.4 0 0)
(-40572.1 0 0)
(-40558.5 0 0)
(-40519.8 0 0)
(-40483.9 0 0)
(-40453.8 0 0)
(-40464.4 0 0)
(-40466.9 0 0)
(-40390.8 0 0)
(-40213.2 0 0)
(-39924.9 0 0)
(-39516.6 0 0)
(-38957.8 0 0)
(-38215 0 0)
(-37258.6 0 0)
(-36036.8 0 0)
(-34459 0 0)
(-32425.7 0 0)
(-29827.6 0 0)
(-26516.9 0 0)
(-22524.6 0 0)
(-18042.2 0 0)
(-15891.5 0 0)
(-3766.73 0 0)
(-2786.72 0 0)
(-4975.89 0 0)
(-8075.61 0 0)
(-11032.1 0 0)
(-13723.4 0 0)
(-16403 0 0)
(-18911.5 0 0)
(-21203.8 0 0)
(-23341 0 0)
(-25287.9 0 0)
(-26973.4 0 0)
(-28525.5 0 0)
(-30149.2 0 0)
(-31843.3 0 0)
(-33492.2 0 0)
(-34992.3 0 0)
(-36260.5 0 0)
(-37291.2 0 0)
(-38132.5 0 0)
(-38824.3 0 0)
(-39380.1 0 0)
(-39817.5 0 0)
(-40085.9 0 0)
(-40174.8 0 0)
(-40216.2 0 0)
(-40211.4 0 0)
(-40104.6 0 0)
(-40003.6 0 0)
(-40013.2 0 0)
(-40094.8 0 0)
(-40201.9 0 0)
(-40339.2 0 0)
(-40430.6 0 0)
(-40349.4 0 0)
(-40154 0 0)
(-40039.5 0 0)
(-40045.2 0 0)
(-40168 0 0)
(-40388.6 0 0)
(-40504.4 0 0)
(-40365.3 0 0)
(-40091.5 0 0)
(-39944.9 0 0)
(-40076.3 0 0)
(-40378.9 0 0)
(-40478.2 0 0)
(-40276.3 0 0)
(-40111.4 0 0)
(-40046.8 0 0)
(-39998.3 0 0)
(-40044.2 0 0)
(-40192.2 0 0)
(-40388.5 0 0)
(-40651.4 0 0)
(-40962.2 0 0)
(-40895.4 0 0)
(-40395.1 0 0)
(-40066.6 0 0)
(-39999.7 0 0)
(-39959.5 0 0)
(-39972.7 0 0)
(-40135.1 0 0)
(-40502 0 0)
(-40822.5 0 0)
(-40752.5 0 0)
(-40485.1 0 0)
(-40437 0 0)
(-40564.3 0 0)
(-40699 0 0)
(-40806.7 0 0)
(-40666 0 0)
(-40347.8 0 0)
(-40381.3 0 0)
(-40777.4 0 0)
(-40904.5 0 0)
(-40654.8 0 0)
(-40537.8 0 0)
(-40589.2 0 0)
(-40576.4 0 0)
(-40541.8 0 0)
(-40506.5 0 0)
(-40476.3 0 0)
(-40474.6 0 0)
(-40459.7 0 0)
(-40373.7 0 0)
(-40192.4 0 0)
(-39903.6 0 0)
(-39494.2 0 0)
(-38935.4 0 0)
(-38194.1 0 0)
(-37237.3 0 0)
(-36011.7 0 0)
(-34432.5 0 0)
(-32404.4 0 0)
(-29815.2 0 0)
(-26522.7 0 0)
(-22561.4 0 0)
(-18097.3 0 0)
(-15929.2 0 0)
(-3772.21 0 0)
(-2754.44 0 0)
(-4896.19 0 0)
(-7917.87 0 0)
(-10814.6 0 0)
(-13438.4 0 0)
(-16049 0 0)
(-18478.2 0 0)
(-20685 0 0)
(-22749.5 0 0)
(-24636.8 0 0)
(-26235.6 0 0)
(-27683.4 0 0)
(-29243.1 0 0)
(-30912.1 0 0)
(-32550.6 0 0)
(-34048.1 0 0)
(-35307.4 0 0)
(-36319.5 0 0)
(-37138.4 0 0)
(-37804.7 0 0)
(-38335.7 0 0)
(-38745.2 0 0)
(-38999.3 0 0)
(-39098.5 0 0)
(-39143 0 0)
(-39138.5 0 0)
(-39053.8 0 0)
(-38974.1 0 0)
(-38981.6 0 0)
(-39051.1 0 0)
(-39146.6 0 0)
(-39263.5 0 0)
(-39336.9 0 0)
(-39273.7 0 0)
(-39123.3 0 0)
(-39035.5 0 0)
(-39046.6 0 0)
(-39152.8 0 0)
(-39324.4 0 0)
(-39403.2 0 0)
(-39281.7 0 0)
(-39060.9 0 0)
(-38945.9 0 0)
(-39050.1 0 0)
(-39279.3 0 0)
(-39348.2 0 0)
(-39190.7 0 0)
(-39058.7 0 0)
(-39005.9 0 0)
(-38980.3 0 0)
(-39036.3 0 0)
(-39177.9 0 0)
(-39362.5 0 0)
(-39592.6 0 0)
(-39826 0 0)
(-39747.6 0 0)
(-39342.5 0 0)
(-39068.5 0 0)
(-39000.9 0 0)
(-38976.2 0 0)
(-39007.5 0 0)
(-39162.6 0 0)
(-39466.6 0 0)
(-39716.5 0 0)
(-39663.6 0 0)
(-39466 0 0)
(-39436.1 0 0)
(-39545.1 0 0)
(-39663 0 0)
(-39741 0 0)
(-39618.4 0 0)
(-39372.9 0 0)
(-39400.6 0 0)
(-39689.7 0 0)
(-39772.6 0 0)
(-39577.2 0 0)
(-39479.2 0 0)
(-39507.3 0 0)
(-39495.8 0 0)
(-39466.7 0 0)
(-39436 0 0)
(-39410.2 0 0)
(-39403.5 0 0)
(-39381.2 0 0)
(-39294.9 0 0)
(-39120.6 0 0)
(-38844.4 0 0)
(-38451.7 0 0)
(-37915.9 0 0)
(-37205.9 0 0)
(-36288.6 0 0)
(-35113.6 0 0)
(-33605.2 0 0)
(-31677.5 0 0)
(-29223.2 0 0)
(-26105.6 0 0)
(-22344.5 0 0)
(-18044.9 0 0)
(-15950.2 0 0)
(-4071.11 0 0)
(-2666.28 0 0)
(-4729.06 0 0)
(-7605.44 0 0)
(-10377.5 0 0)
(-12863.9 0 0)
(-15333.8 0 0)
(-17607.8 0 0)
(-19653.2 0 0)
(-21575.5 0 0)
(-23341.7 0 0)
(-24783.8 0 0)
(-26053 0 0)
(-27493.7 0 0)
(-29098.2 0 0)
(-30691.8 0 0)
(-32158.2 0 0)
(-33380.7 0 0)
(-34347.3 0 0)
(-35121.2 0 0)
(-35744.9 0 0)
(-36237.9 0 0)
(-36611.9 0 0)
(-36844.7 0 0)
(-36942.8 0 0)
(-36982.5 0 0)
(-36973.7 0 0)
(-36901.4 0 0)
(-36834 0 0)
(-36836.4 0 0)
(-36893 0 0)
(-36975.3 0 0)
(-37072.5 0 0)
(-37130.2 0 0)
(-37079.1 0 0)
(-36959.9 0 0)
(-36888.4 0 0)
(-36898.8 0 0)
(-36987.5 0 0)
(-37121.8 0 0)
(-37177.1 0 0)
(-37074.2 0 0)
(-36895.2 0 0)
(-36802.7 0 0)
(-36884.2 0 0)
(-37060 0 0)
(-37111.4 0 0)
(-36990.8 0 0)
(-36884.2 0 0)
(-36840.5 0 0)
(-36828.8 0 0)
(-36887.6 0 0)
(-37018.6 0 0)
(-37187.5 0 0)
(-37387.4 0 0)
(-37566.7 0 0)
(-37491 0 0)
(-37164.5 0 0)
(-36932.4 0 0)
(-36863.6 0 0)
(-36845.5 0 0)
(-36884 0 0)
(-37027.1 0 0)
(-37281.7 0 0)
(-37484.7 0 0)
(-37452.7 0 0)
(-37309.3 0 0)
(-37290.3 0 0)
(-37380.6 0 0)
(-37479.8 0 0)
(-37535.6 0 0)
(-37432.1 0 0)
(-37243 0 0)
(-37264.1 0 0)
(-37477.9 0 0)
(-37537.1 0 0)
(-37388.7 0 0)
(-37307.6 0 0)
(-37321.5 0 0)
(-37312.7 0 0)
(-37290.7 0 0)
(-37267.6 0 0)
(-37249.4 0 0)
(-37244.4 0 0)
(-37223.5 0 0)
(-37146.1 0 0)
(-36989.2 0 0)
(-36738.6 0 0)
(-36379.6 0 0)
(-35888.5 0 0)
(-35237.7 0 0)
(-34396.8 0 0)
(-33321.8 0 0)
(-31949.1 0 0)
(-30206.7 0 0)
(-28000.6 0 0)
(-25204.9 0 0)
(-21820.3 0 0)
(-17888.5 0 0)
(-15988.4 0 0)
(-4647.01 0 0)
(-2455.33 0 0)
(-4439.93 0 0)
(-7106.73 0 0)
(-9680.59 0 0)
(-11957.3 0 0)
(-14215 0 0)
(-16263.9 0 0)
(-18076.8 0 0)
(-19791 0 0)
(-21378.9 0 0)
(-22596.1 0 0)
(-23610.5 0 0)
(-24882.9 0 0)
(-26391.1 0 0)
(-27909.7 0 0)
(-29319.8 0 0)
(-30480.2 0 0)
(-31375.2 0 0)
(-32082.1 0 0)
(-32645.9 0 0)
(-33087.1 0 0)
(-33416 0 0)
(-33618.5 0 0)
(-33703.6 0 0)
(-33730.5 0 0)
(-33711.8 0 0)
(-33643 0 0)
(-33579.7 0 0)
(-33574 0 0)
(-33616.6 0 0)
(-33684.3 0 0)
(-33763 0 0)
(-33806.6 0 0)
(-33763 0 0)
(-33665.5 0 0)
(-33604.7 0 0)
(-33612.4 0 0)
(-33685.6 0 0)
(-33791.5 0 0)
(-33830.9 0 0)
(-33744 0 0)
(-33597.7 0 0)
(-33521.8 0 0)
(-33585.3 0 0)
(-33721.7 0 0)
(-33761.9 0 0)
(-33669.3 0 0)
(-33582.4 0 0)
(-33545.9 0 0)
(-33543.1 0 0)
(-33601.9 0 0)
(-33722.4 0 0)
(-33876.7 0 0)
(-34051.4 0 0)
(-34192.5 0 0)
(-34124.1 0 0)
(-33858.7 0 0)
(-33659 0 0)
(-33589.8 0 0)
(-33574.7 0 0)
(-33616.1 0 0)
(-33747.3 0 0)
(-33964.3 0 0)
(-34134.8 0 0)
(-34121 0 0)
(-34018.4 0 0)
(-34006.8 0 0)
(-34081.5 0 0)
(-34164.3 0 0)
(-34204.9 0 0)
(-34119.2 0 0)
(-33973.2 0 0)
(-33989.2 0 0)
(-34150 0 0)
(-34195.4 0 0)
(-34084.1 0 0)
(-34017.8 0 0)
(-34024.1 0 0)
(-34019 0 0)
(-34005.2 0 0)
(-33991.8 0 0)
(-33984 0 0)
(-33986.3 0 0)
(-33974.2 0 0)
(-33913.6 0 0)
(-33783.3 0 0)
(-33569.6 0 0)
(-33258.7 0 0)
(-32830.5 0 0)
(-32261.8 0 0)
(-31526.8 0 0)
(-30589.8 0 0)
(-29401.6 0 0)
(-27908 0 0)
(-26036.7 0 0)
(-23684.2 0 0)
(-20844.5 0 0)
(-17512 0 0)
(-16039.2 0 0)
(-5525.96 0 0)
(-2375.1 0 0)
(-4015.81 0 0)
(-6408.46 0 0)
(-8710.35 0 0)
(-10708.7 0 0)
(-12687.1 0 0)
(-14445.6 0 0)
(-15954.8 0 0)
(-17400.2 0 0)
(-18756.9 0 0)
(-19676.7 0 0)
(-20350.8 0 0)
(-21409.8 0 0)
(-22799.2 0 0)
(-24214.7 0 0)
(-25543.2 0 0)
(-26616.3 0 0)
(-27412.6 0 0)
(-28030 0 0)
(-28515.9 0 0)
(-28890.7 0 0)
(-29163.5 0 0)
(-29325.2 0 0)
(-29385.7 0 0)
(-29391.3 0 0)
(-29356.1 0 0)
(-29282.4 0 0)
(-29215.8 0 0)
(-29198.5 0 0)
(-29225.7 0 0)
(-29277.8 0 0)
(-29338.9 0 0)
(-29369.6 0 0)
(-29330 0 0)
(-29247.5 0 0)
(-29193.8 0 0)
(-29198.3 0 0)
(-29258.2 0 0)
(-29342.2 0 0)
(-29370.2 0 0)
(-29296.3 0 0)
(-29175 0 0)
(-29111.5 0 0)
(-29160.8 0 0)
(-29267.7 0 0)
(-29300.1 0 0)
(-29228.3 0 0)
(-29156.7 0 0)
(-29126 0 0)
(-29129.4 0 0)
(-29187.4 0 0)
(-29299.1 0 0)
(-29441.1 0 0)
(-29595.5 0 0)
(-29709.5 0 0)
(-29649.3 0 0)
(-29430.4 0 0)
(-29256.1 0 0)
(-29187.3 0 0)
(-29173.9 0 0)
(-29216.2 0 0)
(-29337.1 0 0)
(-29525.3 0 0)
(-29672.8 0 0)
(-29674 0 0)
(-29602.2 0 0)
(-29596.5 0 0)
(-29659.1 0 0)
(-29728.8 0 0)
(-29759.3 0 0)
(-29689.1 0 0)
(-29575.9 0 0)
(-29588.4 0 0)
(-29711.5 0 0)
(-29748.5 0 0)
(-29665.5 0 0)
(-29612.1 0 0)
(-29615 0 0)
(-29614.6 0 0)
(-29609.8 0 0)
(-29607.4 0 0)
(-29612 0 0)
(-29625.7 0 0)
(-29628.2 0 0)
(-29590.7 0 0)
(-29494.3 0 0)
(-29326.3 0 0)
(-29074.8 0 0)
(-28723.5 0 0)
(-28253.8 0 0)
(-27645.8 0 0)
(-26872.5 0 0)
(-25899.8 0 0)
(-24693.4 0 0)
(-23209.2 0 0)
(-21381.8 0 0)
(-19223.8 0 0)
(-16718.8 0 0)
(-15976.2 0 0)
(-6749.02 0 0)
(-2148.12 0 0)
(-3437.8 0 0)
(-5502.61 0 0)
(-7460.88 0 0)
(-9115.96 0 0)
(-10749.6 0 0)
(-12156.4 0 0)
(-13295.9 0 0)
(-14410 0 0)
(-15492.9 0 0)
(-16041.8 0 0)
(-16270 0 0)
(-17079.4 0 0)
(-18351.5 0 0)
(-19642.9 0 0)
(-20860.7 0 0)
(-21820.7 0 0)
(-22489.9 0 0)
(-22995 0 0)
(-23384.5 0 0)
(-23678.1 0 0)
(-23882.9 0 0)
(-23993 0 0)
(-24017.4 0 0)
(-23993.1 0 0)
(-23934.3 0 0)
(-23847.4 0 0)
(-23770.2 0 0)
(-23737.8 0 0)
(-23747.8 0 0)
(-23783.2 0 0)
(-23827.3 0 0)
(-23845.9 0 0)
(-23807.6 0 0)
(-23734.8 0 0)
(-23685.5 0 0)
(-23686.3 0 0)
(-23734.9 0 0)
(-23801.8 0 0)
(-23821.5 0 0)
(-23757.6 0 0)
(-23655.3 0 0)
(-23600.8 0 0)
(-23638.7 0 0)
(-23723.5 0 0)
(-23750.1 0 0)
(-23693.7 0 0)
(-23633.9 0 0)
(-23608.2 0 0)
(-23616.1 0 0)
(-23673.2 0 0)
(-23778.2 0 0)
(-23910.3 0 0)
(-24049.1 0 0)
(-24144.1 0 0)
(-24091.7 0 0)
(-23908.1 0 0)
(-23753.6 0 0)
(-23685.7 0 0)
(-23673 0 0)
(-23715.3 0 0)
(-23827.6 0 0)
(-23994.3 0 0)
(-24125.9 0 0)
(-24139.2 0 0)
(-24090.8 0 0)
(-24090.2 0 0)
(-24144.1 0 0)
(-24203.9 0 0)
(-24228 0 0)
(-24171 0 0)
(-24082.4 0 0)
(-24092.2 0 0)
(-24188.4 0 0)
(-24220.2 0 0)
(-24158.8 0 0)
(-24116.2 0 0)
(-24118.5 0 0)
(-24123.3 0 0)
(-24127.6 0 0)
(-24136.8 0 0)
(-24155.1 0 0)
(-24183.3 0 0)
(-24204.5 0 0)
(-24194.7 0 0)
(-24137.2 0 0)
(-24021.2 0 0)
(-23837 0 0)
(-23572.3 0 0)
(-23213.5 0 0)
(-22746.4 0 0)
(-22152.6 0 0)
(-21411.4 0 0)
(-20507.2 0 0)
(-19426.2 0 0)
(-18151.5 0 0)
(-16745.1 0 0)
(-15237.5 0 0)
(-15554.6 0 0)
(-8334.27 0 0)
(-1985.51 0 0)
(-2676.2 0 0)
(-4388.84 0 0)
(-5932.31 0 0)
(-7192.54 0 0)
(-8419.37 0 0)
(-9421.27 0 0)
(-10131.3 0 0)
(-10858.2 0 0)
(-11634.9 0 0)
(-11735.5 0 0)
(-11364.1 0 0)
(-11905.1 0 0)
(-13119.3 0 0)
(-14287.6 0 0)
(-15349.5 0 0)
(-16166.4 0 0)
(-16677.7 0 0)
(-17047.1 0 0)
(-17322.2 0 0)
(-17519.8 0 0)
(-17644.9 0 0)
(-17692.4 0 0)
(-17669.9 0 0)
(-17606.6 0 0)
(-17516.7 0 0)
(-17408.5 0 0)
(-17313.9 0 0)
(-17262.3 0 0)
(-17252.8 0 0)
(-17270.5 0 0)
(-17297.8 0 0)
(-17304.7 0 0)
(-17265.3 0 0)
(-17198 0 0)
(-17150.5 0 0)
(-17147.3 0 0)
(-17186.1 0 0)
(-17239.7 0 0)
(-17253.2 0 0)
(-17196.8 0 0)
(-17108.3 0 0)
(-17059.8 0 0)
(-17088.5 0 0)
(-17156.7 0 0)
(-17179.3 0 0)
(-17134.2 0 0)
(-17083.6 0 0)
(-17061.9 0 0)
(-17073.1 0 0)
(-17129.6 0 0)
(-17229.8 0 0)
(-17354.9 0 0)
(-17482.3 0 0)
(-17564.6 0 0)
(-17519.5 0 0)
(-17362.4 0 0)
(-17222.6 0 0)
(-17155.4 0 0)
(-17142.8 0 0)
(-17184.6 0 0)
(-17290.1 0 0)
(-17441.4 0 0)
(-17562.5 0 0)
(-17586.3 0 0)
(-17556 0 0)
(-17560 0 0)
(-17607.8 0 0)
(-17660.5 0 0)
(-17681 0 0)
(-17634.7 0 0)
(-17564.3 0 0)
(-17572.2 0 0)
(-17649.3 0 0)
(-17678.1 0 0)
(-17632.8 0 0)
(-17599.2 0 0)
(-17602.4 0 0)
(-17612.5 0 0)
(-17625.7 0 0)
(-17646.6 0 0)
(-17679 0 0)
(-17723.4 0 0)
(-17765.9 0 0)
(-17786.5 0 0)
(-17771.1 0 0)
(-17710.9 0 0)
(-17599.1 0 0)
(-17427.5 0 0)
(-17187.5 0 0)
(-16870.6 0 0)
(-16466.3 0 0)
(-15964.4 0 0)
(-15363.9 0 0)
(-14675.3 0 0)
(-13928.2 0 0)
(-13250.4 0 0)
(-12769.9 0 0)
(-14360.6 0 0)
(-10139.4 0 0)
(-1754.07 0 0)
(-1948.91 0 0)
(-3074.27 0 0)
(-4123.6 0 0)
(-4975.49 0 0)
(-5738.11 0 0)
(-6295.3 0 0)
(-6526.98 0 0)
(-6824.07 0 0)
(-7282.94 0 0)
(-6860.93 0 0)
(-5615.28 0 0)
(-5892.04 0 0)
(-7241.87 0 0)
(-8350.89 0 0)
(-9159.18 0 0)
(-9789.27 0 0)
(-10106.3 0 0)
(-10316.3 0 0)
(-10459.7 0 0)
(-10547.7 0 0)
(-10581.9 0 0)
(-10556.7 0 0)
(-10477.1 0 0)
(-10366.4 0 0)
(-10237.6 0 0)
(-10100.1 0 0)
(-9981.2 0 0)
(-9906.02 0 0)
(-9874.68 0 0)
(-9873.31 0 0)
(-9884.05 0 0)
(-9879.21 0 0)
(-9836.56 0 0)
(-9770.91 0 0)
(-9722.8 0 0)
(-9714.82 0 0)
(-9745.23 0 0)
(-9788.71 0 0)
(-9797.54 0 0)
(-9746.45 0 0)
(-9667.37 0 0)
(-9622.18 0 0)
(-9643.48 0 0)
(-9699.58 0 0)
(-9719.42 0 0)
(-9682.6 0 0)
(-9638.59 0 0)
(-9619.84 0 0)
(-9633.42 0 0)
(-9689.84 0 0)
(-9787.13 0 0)
(-9907.9 0 0)
(-10028.4 0 0)
(-10103.7 0 0)
(-10065.5 0 0)
(-9927.6 0 0)
(-9797.97 0 0)
(-9730.43 0 0)
(-9716.92 0 0)
(-9757.82 0 0)
(-9858.47 0 0)
(-9999.68 0 0)
(-10115.4 0 0)
(-10148.4 0 0)
(-10132.4 0 0)
(-10140.5 0 0)
(-10184.6 0 0)
(-10232.8 0 0)
(-10251.7 0 0)
(-10214.1 0 0)
(-10156.7 0 0)
(-10163 0 0)
(-10226.9 0 0)
(-10254.3 0 0)
(-10221 0 0)
(-10194.6 0 0)
(-10199.4 0 0)
(-10214.5 0 0)
(-10236.2 0 0)
(-10268.2 0 0)
(-10314.6 0 0)
(-10376 0 0)
(-10441.1 0 0)
(-10493.5 0 0)
(-10521.4 0 0)
(-10518.7 0 0)
(-10481.6 0 0)
(-10406.3 0 0)
(-10289.7 0 0)
(-10129.1 0 0)
(-9921.42 0 0)
(-9664.79 0 0)
(-9367.21 0 0)
(-9053.02 0 0)
(-8780.02 0 0)
(-8732.46 0 0)
(-9147.48 0 0)
(-11821.8 0 0)
(-11611.4 0 0)
(-1478.82 0 0)
(-1120.25 0 0)
(-1684.92 0 0)
(-2220.19 0 0)
(-2540.86 0 0)
(-2794.97 0 0)
(-2899.78 0 0)
(-2634.42 0 0)
(-2507.94 0 0)
(-2682.01 0 0)
(-1722.95 0 0)
(913.748 -0 0)
(828.131 -0 0)
(-1156.73 0 0)
(-2407.39 0 0)
(-2702.02 0 0)
(-3053.49 0 0)
(-3124.29 0 0)
(-3148.2 0 0)
(-3143.46 0 0)
(-3110.84 0 0)
(-3046.89 0 0)
(-2943.56 0 0)
(-2802.69 0 0)
(-2642.1 0 0)
(-2473.18 0 0)
(-2304.71 0 0)
(-2159.95 0 0)
(-2060.57 0 0)
(-2007.12 0 0)
(-1986.62 0 0)
(-1981.27 0 0)
(-1965.37 0 0)
(-1918.8 0 0)
(-1853.24 0 0)
(-1803.45 0 0)
(-1790.45 0 0)
(-1813.19 0 0)
(-1848.49 0 0)
(-1854.27 0 0)
(-1807.85 0 0)
(-1736.1 0 0)
(-1693 0 0)
(-1708.04 0 0)
(-1754.97 0 0)
(-1773.04 0 0)
(-1742.63 0 0)
(-1703.99 0 0)
(-1687.37 0 0)
(-1701.68 0 0)
(-1756.21 0 0)
(-1849.16 0 0)
(-1964.57 0 0)
(-2078.81 0 0)
(-2149.89 0 0)
(-2119.27 0 0)
(-1997.91 0 0)
(-1877.69 0 0)
(-1810.71 0 0)
(-1795.67 0 0)
(-1833.77 0 0)
(-1928.3 0 0)
(-2060.35 0 0)
(-2171.66 0 0)
(-2211.7 0 0)
(-2206.24 0 0)
(-2217.27 0 0)
(-2258.27 0 0)
(-2303 0 0)
(-2321.46 0 0)
(-2290.92 0 0)
(-2243 0 0)
(-2247.8 0 0)
(-2302.41 0 0)
(-2329.11 0 0)
(-2304.96 0 0)
(-2284.12 0 0)
(-2290.51 0 0)
(-2309.23 0 0)
(-2336.99 0 0)
(-2377.42 0 0)
(-2434.5 0 0)
(-2509.3 0 0)
(-2593.06 0 0)
(-2672.44 0 0)
(-2738.28 0 0)
(-2786.89 0 0)
(-2817.84 0 0)
(-2831.8 0 0)
(-2830.72 0 0)
(-2818.04 0 0)
(-2797.5 0 0)
(-2774.39 0 0)
(-2762.12 0 0)
(-2788.68 0 0)
(-2917 0 0)
(-3367.96 0 0)
(-4423.91 0 0)
(-7494.85 0 0)
(-11258.1 0 0)
(-1170.99 0 0)
(-240.815 0 0)
(-243.2 0 0)
(-202.198 0 0)
(-24.0029 0 0)
(265.811 -0 0)
(585.119 -0 0)
(1332.72 -0 0)
(1801.27 -0 0)
(1903.61 -0 0)
(3335.7 -0 0)
(5680.63 -0 0)
(5858.27 -0 0)
(4558.25 -0 0)
(2749.02 -0 0)
(3606.62 -0 0)
(3707.23 -0 0)
(3939.14 -0 0)
(4127.57 -0 0)
(4294.19 -0 0)
(4454.92 -0 0)
(4620.63 -0 0)
(4802.7 -0 0)
(5003.28 -0 0)
(5210.7 -0 0)
(5416.16 -0 0)
(5612.06 -0 0)
(5779.85 -0 0)
(5901.91 -0 0)
(5977.39 -0 0)
(6017.75 -0 0)
(6039.8 -0 0)
(6066.58 -0 0)
(6115.86 -0 0)
(6179.55 -0 0)
(6229.71 -0 0)
(6247.68 -0 0)
(6233.69 -0 0)
(6207.56 -0 0)
(6204.7 -0 0)
(6244.87 -0 0)
(6307.21 -0 0)
(6347.15 -0 0)
(6338.95 -0 0)
(6302.5 -0 0)
(6286.88 -0 0)
(6310.3 -0 0)
(6342.52 -0 0)
(6356.81 -0 0)
(6343.07 -0 0)
(6293.02 -0 0)
(6208.07 -0 0)
(6102.1 -0 0)
(5997.34 -0 0)
(5931.3 -0 0)
(5952.31 -0 0)
(6052.99 -0 0)
(6159.57 -0 0)
(6223.96 -0 0)
(6241 -0 0)
(6208.24 -0 0)
(6123.93 -0 0)
(6005.6 -0 0)
(5902.24 -0 0)
(5856.81 -0 0)
(5851.87 -0 0)
(5838.05 -0 0)
(5801.24 -0 0)
(5761.06 -0 0)
(5742.99 -0 0)
(5765.27 -0 0)
(5802.75 -0 0)
(5799.68 -0 0)
(5755.88 -0 0)
(5731.18 -0 0)
(5746.55 -0 0)
(5761.65 -0 0)
(5754.62 -0 0)
(5734.24 -0 0)
(5703.05 -0 0)
(5657.91 -0 0)
(5594.99 -0 0)
(5512.82 -0 0)
(5417.61 -0 0)
(5319.33 -0 0)
(5224.51 -0 0)
(5134.46 -0 0)
(5046.65 -0 0)
(4956.38 -0 0)
(4856.74 -0 0)
(4738.59 -0 0)
(4591.45 -0 0)
(4403.02 -0 0)
(4155.37 -0 0)
(3822.04 -0 0)
(3352.51 -0 0)
(2524.68 -0 0)
(1102.3 -0 0)
(-1619.61 0 0)
(-7036.73 0 0)
(-833.734 0 0)
(663.557 -0 0)
(1250.71 -0 0)
(1919.28 -0 0)
(2521.99 -0 0)
(3349.27 -0 0)
(4006.16 -0 0)
(5165.34 -0 0)
(5733.21 -0 0)
(6222.91 -0 0)
(8154.6 -0 0)
(10093.2 -0 0)
(9776.27 -0 0)
(9065.93 -0 0)
(6411.12 -0 0)
(9354.02 -0 0)
(10112.3 -0 0)
(10693.8 -0 0)
(11124.4 -0 0)
(11469.4 -0 0)
(11767.3 -0 0)
(12039.3 -0 0)
(12301.6 -0 0)
(12561 -0 0)
(12812.4 -0 0)
(13050.7 -0 0)
(13269.9 -0 0)
(13456.7 -0 0)
(13598.3 -0 0)
(13694.1 -0 0)
(13754 -0 0)
(13793 -0 0)
(13831 -0 0)
(13882.5 -0 0)
(13942.9 -0 0)
(13991.5 -0 0)
(14013.4 -0 0)
(14008.5 -0 0)
(13992.7 -0 0)
(13993.7 -0 0)
(14027.3 -0 0)
(14078.4 -0 0)
(14113.2 -0 0)
(14111.1 -0 0)
(14085.9 -0 0)
(14074.2 -0 0)
(14090.9 -0 0)
(14115.5 -0 0)
(14126.3 -0 0)
(14112.8 -0 0)
(14068.1 -0 0)
(13993.5 -0 0)
(13900.7 -0 0)
(13809.6 -0 0)
(13752 -0 0)
(13764.7 -0 0)
(13842.8 -0 0)
(13931.2 -0 0)
(13988.9 -0 0)
(14005.9 -0 0)
(13978.7 -0 0)
(13907 -0 0)
(13806.3 -0 0)
(13715.3 -0 0)
(13667.9 -0 0)
(13653.7 -0 0)
(13637 -0 0)
(13604.8 -0 0)
(13570.5 -0 0)
(13553.7 -0 0)
(13567.7 -0 0)
(13593.9 -0 0)
(13591.7 -0 0)
(13559.3 -0 0)
(13538.4 -0 0)
(13546 -0 0)
(13555 -0 0)
(13547.1 -0 0)
(13526.1 -0 0)
(13493.3 -0 0)
(13446 -0 0)
(13380.9 -0 0)
(13296.3 -0 0)
(13196 -0 0)
(13086.6 -0 0)
(12971.8 -0 0)
(12850.9 -0 0)
(12718.6 -0 0)
(12566.8 -0 0)
(12384.2 -0 0)
(12156.5 -0 0)
(11866.8 -0 0)
(11495.6 -0 0)
(11019 -0 0)
(10409.1 -0 0)
(9623.6 -0 0)
(8458.55 -0 0)
(6780.52 -0 0)
(4552.76 -0 0)
(-250.347 0 0)
(-464.16 0 0)
(1559.43 -0 0)
(2684.68 -0 0)
(3990.09 -0 0)
(5147.78 -0 0)
(6263.09 -0 0)
(7010.4 -0 0)
(8459.3 -0 0)
(8498.76 -0 0)
(9795.26 -0 0)
(12338.1 -0 0)
(12144 -0 0)
(13211.7 -0 0)
(11106.4 -0 0)
(12953.9 -0 0)
(14840 -0 0)
(15919.2 -0 0)
(16797.5 -0 0)
(17464.3 -0 0)
(17988 -0 0)
(18420.6 -0 0)
(18794.1 -0 0)
(19131 -0 0)
(19443.4 -0 0)
(19732.7 -0 0)
(19997.4 -0 0)
(20234.6 -0 0)
(20435.4 -0 0)
(20591.2 -0 0)
(20702.5 -0 0)
(20778 -0 0)
(20831 -0 0)
(20878.1 -0 0)
(20931.7 -0 0)
(20989.2 -0 0)
(21036 -0 0)
(21060.5 -0 0)
(21062.8 -0 0)
(21055.4 -0 0)
(21059.8 -0 0)
(21088.1 -0 0)
(21129.7 -0 0)
(21159.4 -0 0)
(21161.2 -0 0)
(21144.6 -0 0)
(21136.3 -0 0)
(21148.2 -0 0)
(21166.4 -0 0)
(21173.8 -0 0)
(21160.8 -0 0)
(21121.7 -0 0)
(21057.6 -0 0)
(20978.5 -0 0)
(20901.4 -0 0)
(20852.4 -0 0)
(20859.3 -0 0)
(20918.8 -0 0)
(20990 -0 0)
(21039.2 -0 0)
(21054.8 -0 0)
(21032.5 -0 0)
(20972.7 -0 0)
(20888.6 -0 0)
(20810.5 -0 0)
(20764.5 -0 0)
(20745 -0 0)
(20726.6 -0 0)
(20698.6 -0 0)
(20669.6 -0 0)
(20654.5 -0 0)
(20662.7 -0 0)
(20680.3 -0 0)
(20678.2 -0 0)
(20654.2 -0 0)
(20636.8 -0 0)
(20639.2 -0 0)
(20643.2 -0 0)
(20634.5 -0 0)
(20613.5 -0 0)
(20580.6 -0 0)
(20533.4 -0 0)
(20468.9 -0 0)
(20385.1 -0 0)
(20284.1 -0 0)
(20169.6 -0 0)
(20043 -0 0)
(19901.4 -0 0)
(19737.3 -0 0)
(19539.8 -0 0)
(19294.1 -0 0)
(18981.4 -0 0)
(18579.6 -0 0)
(18063 -0 0)
(17402.7 -0 0)
(16568.8 -0 0)
(15524.5 -0 0)
(14081.9 -0 0)
(12213.3 -0 0)
(10195.9 -0 0)
(6372.73 -0 0)
(-62.3547 0 0)
(2367.89 -0 0)
(4134.71 -0 0)
(5916.54 -0 0)
(7534.15 -0 0)
(8921.49 -0 0)
(9032.72 -0 0)
(10585.4 -0 0)
(8392.71 -0 0)
(12479.5 -0 0)
(15854.3 -0 0)
(9061.84 -0 0)
(12568.4 -0 0)
(15732.7 -0 0)
(17907.8 -0 0)
(19669.3 -0 0)
(20953.3 -0 0)
(22034.4 -0 0)
(22888.2 -0 0)
(23561.3 -0 0)
(24107.7 -0 0)
(24566 -0 0)
(24964.4 -0 0)
(25320 -0 0)
(25639.4 -0 0)
(25924.9 -0 0)
(26176 -0 0)
(26387.4 -0 0)
(26553.9 -0 0)
(26676.7 -0 0)
(26763.9 -0 0)
(26827.6 -0 0)
(26881.9 -0 0)
(26937.5 -0 0)
(26993.3 -0 0)
(27038.7 -0 0)
(27065.2 -0 0)
(27072.8 -0 0)
(27071.8 -0 0)
(27078.8 -0 0)
(27103.6 -0 0)
(27138.4 -0 0)
(27164.2 -0 0)
(27168.5 -0 0)
(27158 -0 0)
(27152.3 -0 0)
(27161.1 -0 0)
(27174.5 -0 0)
(27179.1 -0 0)
(27166.3 -0 0)
(27131.3 -0 0)
(27075.1 -0 0)
(27006.4 -0 0)
(26940.1 -0 0)
(26897.9 -0 0)
(26901.1 -0 0)
(26947.1 -0 0)
(27005.3 -0 0)
(27047.3 -0 0)
(27061.2 -0 0)
(27042.2 -0 0)
(26991.2 -0 0)
(26919.6 -0 0)
(26851.3 -0 0)
(26807.1 -0 0)
(26784.2 -0 0)
(26764.7 -0 0)
(26739.4 -0 0)
(26714.4 -0 0)
(26700.5 -0 0)
(26704.6 -0 0)
(26716.1 -0 0)
(26713.9 -0 0)
(26695.5 -0 0)
(26680.7 -0 0)
(26679.7 -0 0)
(26680 -0 0)
(26670.2 -0 0)
(26649.1 -0 0)
(26616.1 -0 0)
(26568.8 -0 0)
(26504.6 -0 0)
(26421.2 -0 0)
(26319.4 -0 0)
(26200.8 -0 0)
(26064.8 -0 0)
(25906.7 -0 0)
(25717.4 -0 0)
(25483.6 -0 0)
(25187.5 -0 0)
(24806.9 -0 0)
(24315.4 -0 0)
(23682.7 -0 0)
(22875.6 -0 0)
(21861.3 -0 0)
(20602.8 -0 0)
(18909.2 -0 0)
(16827.2 -0 0)
(14695 -0 0)
(11707.5 -0 0)
(354.498 -0 0)
(3253.06 -0 0)
(5389.27 -0 0)
(7431.95 -0 0)
(9453.74 -0 0)
(11171.6 -0 0)
(12420.9 -0 0)
(9982.19 -0 0)
(12701.2 -0 0)
(15319.1 -0 0)
(18887.1 -0 0)
(8982.36 -0 0)
(16546.5 -0 0)
(19124.3 -0 0)
(21478.7 -0 0)
(23365.9 -0 0)
(24797.4 -0 0)
(26001.4 -0 0)
(26969.9 -0 0)
(27738.5 -0 0)
(28357.9 -0 0)
(28869.7 -0 0)
(29305.3 -0 0)
(29685.5 -0 0)
(30020.6 -0 0)
(30315.8 -0 0)
(30572.4 -0 0)
(30787.7 -0 0)
(30958.8 -0 0)
(31087.7 -0 0)
(31181.6 -0 0)
(31251.7 -0 0)
(31310.3 -0 0)
(31366.7 -0 0)
(31420.7 -0 0)
(31464.8 -0 0)
(31492.3 -0 0)
(31503.5 -0 0)
(31507 -0 0)
(31515.9 -0 0)
(31538.3 -0 0)
(31568.2 -0 0)
(31591 -0 0)
(31596.9 -0 0)
(31590.6 -0 0)
(31586.9 -0 0)
(31593.6 -0 0)
(31603.5 -0 0)
(31605.9 -0 0)
(31593 -0 0)
(31560.7 -0 0)
(31510.3 -0 0)
(31449.3 -0 0)
(31391.1 -0 0)
(31354 -0 0)
(31354.8 -0 0)
(31391.4 -0 0)
(31439.7 -0 0)
(31476 -0 0)
(31488.1 -0 0)
(31471.4 -0 0)
(31426.7 -0 0)
(31364 -0 0)
(31303.1 -0 0)
(31260.5 -0 0)
(31235.5 -0 0)
(31214.9 -0 0)
(31191.5 -0 0)
(31169.2 -0 0)
(31156.2 -0 0)
(31157.5 -0 0)
(31164.7 -0 0)
(31162.2 -0 0)
(31147.4 -0 0)
(31134.6 -0 0)
(31131.3 -0 0)
(31128.9 -0 0)
(31118.1 -0 0)
(31096.6 -0 0)
(31063.2 -0 0)
(31015.8 -0 0)
(30951.6 -0 0)
(30868.4 -0 0)
(30765.8 -0 0)
(30644.1 -0 0)
(30501.1 -0 0)
(30331.1 -0 0)
(30123.5 -0 0)
(29863.5 -0 0)
(29531.2 -0 0)
(29102.2 -0 0)
(28547.1 -0 0)
(27832.6 -0 0)
(26922.7 -0 0)
(25782 -0 0)
(24368.6 -0 0)
(22477.5 -0 0)
(20206.3 -0 0)
(17875 -0 0)
(15517.9 -0 0)
(745.085 -0 0)
(3889.51 -0 0)
(6299.14 -0 0)
(8026.96 -0 0)
(10568.3 -0 0)
(12673.6 -0 0)
(14646.3 -0 0)
(14690.9 -0 0)
(16359.6 -0 0)
(17655.6 -0 0)
(21105.8 -0 0)
(9821.43 -0 0)
(18486.6 -0 0)
(21085.5 -0 0)
(23571.8 -0 0)
(25567.5 -0 0)
(27068.8 -0 0)
(28304.2 -0 0)
(29299.4 -0 0)
(30090.8 -0 0)
(30726.7 -0 0)
(31248.3 -0 0)
(31687.8 -0 0)
(32067.2 -0 0)
(32398.7 -0 0)
(32688.8 -0 0)
(32939.7 -0 0)
(33150.1 -0 0)
(33318.3 -0 0)
(33446.6 -0 0)
(33541.6 -0 0)
(33613.4 -0 0)
(33673 -0 0)
(33728.3 -0 0)
(33779.9 -0 0)
(33822.1 -0 0)
(33849.6 -0 0)
(33862.8 -0 0)
(33869.1 -0 0)
(33879.3 -0 0)
(33899.8 -0 0)
(33926.2 -0 0)
(33946.8 -0 0)
(33953.6 -0 0)
(33950.2 -0 0)
(33948 -0 0)
(33953.1 -0 0)
(33960.5 -0 0)
(33961 -0 0)
(33947.7 -0 0)
(33917.1 -0 0)
(33870.5 -0 0)
(33814.9 -0 0)
(33762.4 -0 0)
(33729 -0 0)
(33728.3 -0 0)
(33758.4 -0 0)
(33799.7 -0 0)
(33831.5 -0 0)
(33842.1 -0 0)
(33826.7 -0 0)
(33786.2 -0 0)
(33729.8 -0 0)
(33673.8 -0 0)
(33632.4 -0 0)
(33605.8 -0 0)
(33584.3 -0 0)
(33562 -0 0)
(33541.4 -0 0)
(33529.1 -0 0)
(33528.3 -0 0)
(33532.5 -0 0)
(33529.6 -0 0)
(33517.3 -0 0)
(33505.8 -0 0)
(33501 -0 0)
(33496.5 -0 0)
(33484.6 -0 0)
(33462.6 -0 0)
(33428.8 -0 0)
(33381 -0 0)
(33316.4 -0 0)
(33233 -0 0)
(33129.7 -0 0)
(33005.8 -0 0)
(32858.2 -0 0)
(32680.3 -0 0)
(32461 -0 0)
(32184.5 -0 0)
(31830 -0 0)
(31371.8 -0 0)
(30779.4 -0 0)
(30018.3 -0 0)
(29051.6 -0 0)
(27843.1 -0 0)
(26348 -0 0)
(24355 -0 0)
(22014.9 -0 0)
(19630.6 -0 0)
(17739.3 -0 0)
(1043.21 -0 0)
(4198.68 -0 0)
(6715.63 -0 0)
(6634.84 -0 0)
(10524.8 -0 0)
(13033 -0 0)
(15388.2 -0 0)
(16651.1 -0 0)
(17044.2 -0 0)
(18454.7 -0 0)
(21930.3 -0 0)
(10453.7 -0 0)
(19280 -0 0)
(21709.7 -0 0)
(24099.2 -0 0)
(26027.3 -0 0)
(27451.5 -0 0)
(28598.3 -0 0)
(29519.1 -0 0)
(30252.5 -0 0)
(30842.1 -0 0)
(31325.8 -0 0)
(31733.3 -0 0)
(32085.1 -0 0)
(32393.1 -0 0)
(32663.1 -0 0)
(32897.2 -0 0)
(33094.2 -0 0)
(33252.5 -0 0)
(33374.1 -0 0)
(33465.2 -0 0)
(33534.5 -0 0)
(33592 -0 0)
(33644.5 -0 0)
(33692.9 -0 0)
(33732.5 -0 0)
(33759 -0 0)
(33773 -0 0)
(33780.8 -0 0)
(33791.6 -0 0)
(33810.8 -0 0)
(33834.7 -0 0)
(33853.6 -0 0)
(33860.9 -0 0)
(33859.4 -0 0)
(33858.2 -0 0)
(33862.3 -0 0)
(33867.7 -0 0)
(33866.6 -0 0)
(33852.7 -0 0)
(33822.7 -0 0)
(33778.2 -0 0)
(33725.9 -0 0)
(33677.1 -0 0)
(33646.2 -0 0)
(33644.7 -0 0)
(33670.5 -0 0)
(33707 -0 0)
(33735.7 -0 0)
(33745 -0 0)
(33730 -0 0)
(33692 -0 0)
(33639.3 -0 0)
(33586.3 -0 0)
(33545.3 -0 0)
(33517.3 -0 0)
(33494.8 -0 0)
(33472.9 -0 0)
(33453.4 -0 0)
(33441.3 -0 0)
(33439.1 -0 0)
(33441.2 -0 0)
(33437.9 -0 0)
(33427.1 -0 0)
(33416.4 -0 0)
(33410.5 -0 0)
(33404.3 -0 0)
(33391.5 -0 0)
(33368.7 -0 0)
(33334 -0 0)
(33285.2 -0 0)
(33219.7 -0 0)
(33135.3 -0 0)
(33030.7 -0 0)
(32904.3 -0 0)
(32752.9 -0 0)
(32569.2 -0 0)
(32341.8 -0 0)
(32054.7 -0 0)
(31686.8 -0 0)
(31212.3 -0 0)
(30600.6 -0 0)
(29818 -0 0)
(28829.3 -0 0)
(27601.4 -0 0)
(26095.4 -0 0)
(24118.7 -0 0)
(21920.4 -0 0)
(19794.7 -0 0)
(18287.5 -0 0)
(1172.17 -0 0)
(4132.38 -0 0)
(6602.29 -0 0)
(7312.34 -0 0)
(10442.8 -0 0)
(12072.4 -0 0)
(14182.1 -0 0)
(15330.7 -0 0)
(16143.1 -0 0)
(17477.3 -0 0)
(20997.1 -0 0)
(10403.7 -0 0)
(19046.5 -0 0)
(20947.6 -0 0)
(22904 -0 0)
(24500.4 -0 0)
(25662.4 -0 0)
(26593.4 -0 0)
(27347 -0 0)
(27953.6 -0 0)
(28446.7 -0 0)
(28856 -0 0)
(29205.4 -0 0)
(29511.3 -0 0)
(29782.9 -0 0)
(30024.2 -0 0)
(30235.4 -0 0)
(30414.5 -0 0)
(30559.4 -0 0)
(30671.3 -0 0)
(30755.6 -0 0)
(30820.2 -0 0)
(30873.9 -0 0)
(30923.1 -0 0)
(30968.2 -0 0)
(31005.2 -0 0)
(31030.3 -0 0)
(31044.2 -0 0)
(31052.7 -0 0)
(31063.8 -0 0)
(31082.2 -0 0)
(31104.5 -0 0)
(31122.4 -0 0)
(31130 -0 0)
(31129.7 -0 0)
(31129 -0 0)
(31132.4 -0 0)
(31136.4 -0 0)
(31133.9 -0 0)
(31118.9 -0 0)
(31088.6 -0 0)
(31044.5 -0 0)
(30993.3 -0 0)
(30946.4 -0 0)
(30917 -0 0)
(30915.1 -0 0)
(30938.6 -0 0)
(30972.4 -0 0)
(30999.2 -0 0)
(31007.3 -0 0)
(30992.1 -0 0)
(30954.8 -0 0)
(30903.5 -0 0)
(30851.6 -0 0)
(30810.1 -0 0)
(30780.6 -0 0)
(30756.9 -0 0)
(30734.7 -0 0)
(30715.6 -0 0)
(30703.5 -0 0)
(30700.3 -0 0)
(30701 -0 0)
(30697.2 -0 0)
(30687.3 -0 0)
(30677 -0 0)
(30670.1 -0 0)
(30662.6 -0 0)
(30648.6 -0 0)
(30624.7 -0 0)
(30588.7 -0 0)
(30538.3 -0 0)
(30471 -0 0)
(30384.6 -0 0)
(30277.7 -0 0)
(30148.6 -0 0)
(29993.6 -0 0)
(29805.6 -0 0)
(29573.2 -0 0)
(29280.7 -0 0)
(28907.3 -0 0)
(28428.1 -0 0)
(27813.9 -0 0)
(27033.1 -0 0)
(26054.4 -0 0)
(24851 -0 0)
(23397.5 -0 0)
(21545 -0 0)
(19685.7 -0 0)
(18102.9 -0 0)
(17053.3 -0 0)
(1082.96 -0 0)
(3607.67 -0 0)
(5794.47 -0 0)
(7119.74 -0 0)
(9356.92 -0 0)
(10955.9 -0 0)
(10322.9 -0 0)
(13684.8 -0 0)
(14104.1 -0 0)
(14667.4 -0 0)
(18293.3 -0 0)
(10040.8 -0 0)
(17954.4 -0 0)
(18756.5 -0 0)
(19879.5 -0 0)
(20876 -0 0)
(21609.5 -0 0)
(22222.6 -0 0)
(22742 -0 0)
(23176 -0 0)
(23540.3 -0 0)
(23852.7 -0 0)
(24128.7 -0 0)
(24378.8 -0 0)
(24608 -0 0)
(24816.9 -0 0)
(25003.4 -0 0)
(25163.7 -0 0)
(25294.4 -0 0)
(25395.8 -0 0)
(25472.2 -0 0)
(25531.2 -0 0)
(25580.9 -0 0)
(25626.8 -0 0)
(25669.1 -0 0)
(25704 -0 0)
(25727.9 -0 0)
(25741.3 -0 0)
(25749.9 -0 0)
(25761.2 -0 0)
(25779.4 -0 0)
(25801.2 -0 0)
(25818.7 -0 0)
(25826.5 -0 0)
(25826.8 -0 0)
(25826.5 -0 0)
(25829.4 -0 0)
(25832.4 -0 0)
(25828.6 -0 0)
(25812 -0 0)
(25780 -0 0)
(25734.5 -0 0)
(25682.5 -0 0)
(25635.4 -0 0)
(25606.5 -0 0)
(25604.8 -0 0)
(25627.9 -0 0)
(25661 -0 0)
(25687 -0 0)
(25694.3 -0 0)
(25677.9 -0 0)
(25639.4 -0 0)
(25587.2 -0 0)
(25534.3 -0 0)
(25491.3 -0 0)
(25459.7 -0 0)
(25434.5 -0 0)
(25411.6 -0 0)
(25392.1 -0 0)
(25379.8 -0 0)
(25375.9 -0 0)
(25375.6 -0 0)
(25371.5 -0 0)
(25361.7 -0 0)
(25351.4 -0 0)
(25343.7 -0 0)
(25335 -0 0)
(25319.7 -0 0)
(25294.2 -0 0)
(25256 -0 0)
(25202.9 -0 0)
(25132.4 -0 0)
(25042.5 -0 0)
(24931.7 -0 0)
(24798.4 -0 0)
(24638.9 -0 0)
(24446.5 -0 0)
(24210.1 -0 0)
(23914.5 -0 0)
(23540 -0 0)
(23063.4 -0 0)
(22457.9 -0 0)
(21695.9 -0 0)
(20751.7 -0 0)
(19607.2 -0 0)
(18251.5 -0 0)
(16586.4 -0 0)
(15126.2 -0 0)
(14371.7 -0 0)
(14096.5 -0 0)
(775.152 -0 0)
(2538.8 -0 0)
(4155.73 -0 0)
(5540.13 -0 0)
(6965.35 -0 0)
(8223.72 -0 0)
(8692.43 -0 0)
(10465.3 -0 0)
(10845.8 -0 0)
(10517.2 -0 0)
(13602.1 -0 0)
(9674.8 -0 0)
(15226.4 -0 0)
(14397.5 -0 0)
(14514.7 -0 0)
(14843.1 -0 0)
(15119.6 -0 0)
(15402.2 -0 0)
(15678 -0 0)
(15929.9 -0 0)
(16156.1 -0 0)
(16362.8 -0 0)
(16557.1 -0 0)
(16743.5 -0 0)
(16922.8 -0 0)
(17092.3 -0 0)
(17247.6 -0 0)
(17382.9 -0 0)
(17493.9 -0 0)
(17579.9 -0 0)
(17644.6 -0 0)
(17694.8 -0 0)
(17737.7 -0 0)
(17778.4 -0 0)
(17816.6 -0 0)
(17848.2 -0 0)
(17869.5 -0 0)
(17881.3 -0 0)
(17888.9 -0 0)
(17899.6 -0 0)
(17917 -0 0)
(17937.8 -0 0)
(17954.4 -0 0)
(17961.6 -0 0)
(17961.8 -0 0)
(17961.4 -0 0)
(17964 -0 0)
(17966.5 -0 0)
(17962.1 -0 0)
(17945 -0 0)
(17912.8 -0 0)
(17867.5 -0 0)
(17816.4 -0 0)
(17770.8 -0 0)
(17743.4 -0 0)
(17742.9 -0 0)
(17766.2 -0 0)
(17798.8 -0 0)
(17823.9 -0 0)
(17830.1 -0 0)
(17812.9 -0 0)
(17774.1 -0 0)
(17722.4 -0 0)
(17670.3 -0 0)
(17628 -0 0)
(17596.9 -0 0)
(17572.1 -0 0)
(17549.8 -0 0)
(17531.1 -0 0)
(17519.5 -0 0)
(17515.9 -0 0)
(17515.6 -0 0)
(17511.4 -0 0)
(17501.8 -0 0)
(17491.6 -0 0)
(17483.8 -0 0)
(17475 -0 0)
(17459.6 -0 0)
(17434 -0 0)
(17396.1 -0 0)
(17343.5 -0 0)
(17274 -0 0)
(17185.8 -0 0)
(17077.8 -0 0)
(16948.6 -0 0)
(16795.3 -0 0)
(16611.8 -0 0)
(16388.2 -0 0)
(16111.1 -0 0)
(15763.5 -0 0)
(15325.4 -0 0)
(14775.2 -0 0)
(14091.4 -0 0)
(13256.4 -0 0)
(12261.5 -0 0)
(11103.8 -0 0)
(9709.18 -0 0)
(8565.41 -0 0)
(8902.98 -0 0)
(9542.38 -0 0)
(272.123 -0 0)
(910.18 -0 0)
(1568.75 -0 0)
(2233.74 -0 0)
(2752.01 -0 0)
(3260.31 -0 0)
(3691.85 -0 0)
(4342.25 -0 0)
(4386.49 -0 0)
(3823.36 -0 0)
(5509.39 -0 0)
(5907.2 -0 0)
(7133.62 -0 0)
(5689.95 -0 0)
(5511.4 -0 0)
(5571.01 -0 0)
(5625.22 -0 0)
(5700.44 -0 0)
(5784.83 -0 0)
(5865.92 -0 0)
(5942.08 -0 0)
(6015.96 -0 0)
(6090.55 -0 0)
(6167.06 -0 0)
(6244.52 -0 0)
(6320.32 -0 0)
(6391.03 -0 0)
(6452.69 -0 0)
(6502.36 -0 0)
(6539.54 -0 0)
(6566.48 -0 0)
(6587.16 -0 0)
(6605.89 -0 0)
(6625.15 -0 0)
(6644.17 -0 0)
(6659.84 -0 0)
(6669.63 -0 0)
(6673.9 -0 0)
(6676.16 -0 0)
(6680.99 -0 0)
(6690.48 -0 0)
(6702.15 -0 0)
(6710.92 -0 0)
(6713.73 -0 0)
(6712.35 -0 0)
(6711.35 -0 0)
(6713.01 -0 0)
(6715.07 -0 0)
(6713.23 -0 0)
(6704.04 -0 0)
(6686.12 -0 0)
(6660.81 -0 0)
(6632.41 -0 0)
(6607.63 -0 0)
(6593.99 -0 0)
(6596.35 -0 0)
(6612.36 -0 0)
(6632.74 -0 0)
(6647.49 -0 0)
(6650.49 -0 0)
(6639.68 -0 0)
(6616.67 -0 0)
(6586.82 -0 0)
(6557.9 -0 0)
(6535.79 -0 0)
(6520.7 -0 0)
(6508.93 -0 0)
(6498.04 -0 0)
(6489 -0 0)
(6484.15 -0 0)
(6483.97 -0 0)
(6485.13 -0 0)
(6483.06 -0 0)
(6477.19 -0 0)
(6471.2 -0 0)
(6467.22 -0 0)
(6463.01 -0 0)
(6455.17 -0 0)
(6441.78 -0 0)
(6421.72 -0 0)
(6393.85 -0 0)
(6356.99 -0 0)
(6310.35 -0 0)
(6253.66 -0 0)
(6186.62 -0 0)
(6107.98 -0 0)
(6014.77 -0 0)
(5902.11 -0 0)
(5763.32 -0 0)
(5590.23 -0 0)
(5373.5 -0 0)
(5103.49 -0 0)
(4771.01 -0 0)
(4369.62 -0 0)
(3898.18 -0 0)
(3355.99 -0 0)
(2672.59 -0 0)
(2020.41 -0 0)
(2444.01 -0 0)
(3131.5 -0 0)
)
;

boundaryField
{
    inlet
    {
        type            calculated;
        value           nonuniform List<vector> 
40
(
(329.108 -0 0)
(889.305 -0 0)
(1216.96 -0 0)
(1309.71 -0 0)
(1168.11 -0 0)
(843.739 -0 0)
(422.253 -0 0)
(-22.8018 0 0)
(-449.543 0 0)
(-838.843 0 0)
(-1193.15 0 0)
(-1519.67 0 0)
(-1820.49 0 0)
(-2093.22 0 0)
(-2328.74 0 0)
(-2518.57 0 0)
(-2658.54 0 0)
(-2748.18 0 0)
(-2789.1 0 0)
(-2796.83 0 0)
(-2786.72 0 0)
(-2754.44 0 0)
(-2666.28 0 0)
(-2455.33 0 0)
(-2375.1 0 0)
(-2148.12 0 0)
(-1985.51 0 0)
(-1754.07 0 0)
(-1478.82 0 0)
(-1170.99 0 0)
(-833.734 0 0)
(-464.16 0 0)
(-62.3547 0 0)
(354.498 -0 0)
(745.085 -0 0)
(1043.21 -0 0)
(1172.17 -0 0)
(1082.96 -0 0)
(775.152 -0 0)
(272.123 -0 0)
)
;
    }
    outlet
    {
        type            calculated;
        value           nonuniform List<vector> 
40
(
(1750.37 -0 0)
(6336.47 -0 0)
(8821.42 -0 0)
(10912.5 -0 0)
(11299 -0 0)
(10622.2 -0 0)
(9137.74 -0 0)
(6680.59 -0 0)
(2748.08 -0 0)
(-2687.76 0 0)
(-8572.71 0 0)
(-12075.1 0 0)
(-11976.1 0 0)
(-10280.2 0 0)
(-8373.06 0 0)
(-6744.52 0 0)
(-5506.13 0 0)
(-4625.84 0 0)
(-4055.94 0 0)
(-3766.73 0 0)
(-3772.21 0 0)
(-4071.11 0 0)
(-4647.01 0 0)
(-5525.96 0 0)
(-6749.02 0 0)
(-8334.27 0 0)
(-10139.4 0 0)
(-11611.4 0 0)
(-11258.1 0 0)
(-7036.73 0 0)
(-250.347 0 0)
(6372.73 -0 0)
(11707.5 -0 0)
(15517.9 -0 0)
(17739.3 -0 0)
(18287.5 -0 0)
(17053.3 -0 0)
(14096.5 -0 0)
(9542.38 -0 0)
(3131.5 -0 0)
)
;
    }
    lowerWall
    {
        type            calculated;
        value           nonuniform List<vector> 
100
(
(329.108 -0 0)
(1063.89 -0 0)
(1681.13 -0 0)
(2338.3 -0 0)
(2942.62 -0 0)
(3474.84 -0 0)
(3942.61 -0 0)
(4370.03 -0 0)
(4713.1 -0 0)
(5238.16 -0 0)
(5878.4 -0 0)
(6414.15 -0 0)
(6526.64 -0 0)
(6157.32 -0 0)
(5798.97 -0 0)
(5694.19 -0 0)
(5463.24 -0 0)
(5622.03 -0 0)
(5333.22 -0 0)
(5816.25 -0 0)
(6158.13 -0 0)
(6002.18 -0 0)
(5403.25 -0 0)
(5256.3 -0 0)
(5171.77 -0 0)
(5283.83 -0 0)
(6366.25 -0 0)
(7751.12 -0 0)
(7583.2 -0 0)
(6505.58 -0 0)
(5761.86 -0 0)
(5360.36 -0 0)
(5184.56 -0 0)
(5897.01 -0 0)
(6419.9 -0 0)
(6202.74 -0 0)
(6254.93 -0 0)
(6885.74 -0 0)
(6316.86 -0 0)
(5153.73 -0 0)
(5225.81 -0 0)
(5941.26 -0 0)
(5485.25 -0 0)
(6752.45 -0 0)
(6806.47 -0 0)
(6096.9 -0 0)
(4837.13 -0 0)
(4989.08 -0 0)
(6165.83 -0 0)
(6870.05 -0 0)
(6568.73 -0 0)
(5638.31 -0 0)
(5125.77 -0 0)
(6069.04 -0 0)
(5765.89 -0 0)
(5151.98 -0 0)
(4625.41 -0 0)
(5543.1 -0 0)
(5876.7 -0 0)
(5879.15 -0 0)
(6403.4 -0 0)
(6932.36 -0 0)
(5926.47 -0 0)
(5208.01 -0 0)
(5673.65 -0 0)
(5823.53 -0 0)
(5443.46 -0 0)
(5163.91 -0 0)
(5350.73 -0 0)
(5645.36 -0 0)
(6304.44 -0 0)
(6927.91 -0 0)
(7106.94 -0 0)
(6114.71 -0 0)
(5403.24 -0 0)
(5468.38 -0 0)
(5040.18 -0 0)
(5521.07 -0 0)
(5850.24 -0 0)
(6328.8 -0 0)
(6583.45 -0 0)
(6368.06 -0 0)
(5964.57 -0 0)
(5705.94 -0 0)
(5559.64 -0 0)
(5438.4 -0 0)
(5341.98 -0 0)
(5325.38 -0 0)
(5432.07 -0 0)
(5384.26 -0 0)
(5077.88 -0 0)
(4402.88 -0 0)
(3894.92 -0 0)
(3320.7 -0 0)
(2948.1 -0 0)
(2558.51 -0 0)
(2723.59 -0 0)
(2710.53 -0 0)
(2268.04 -0 0)
(1750.37 -0 0)
)
;
    }
    upperWall
    {
        type            calculated;
        value           nonuniform List<vector> 
100
(
(272.123 -0 0)
(910.18 -0 0)
(1568.75 -0 0)
(2233.74 -0 0)
(2752.01 -0 0)
(3260.31 -0 0)
(3691.85 -0 0)
(4342.25 -0 0)
(4386.49 -0 0)
(3823.36 -0 0)
(5509.39 -0 0)
(5907.2 -0 0)
(7133.62 -0 0)
(5689.95 -0 0)
(5511.4 -0 0)
(5571.01 -0 0)
(5625.22 -0 0)
(5700.44 -0 0)
(5784.83 -0 0)
(5865.92 -0 0)
(5942.08 -0 0)
(6015.96 -0 0)
(6090.55 -0 0)
(6167.06 -0 0)
(6244.52 -0 0)
(6320.32 -0 0)
(6391.03 -0 0)
(6452.69 -0 0)
(6502.36 -0 0)
(6539.54 -0 0)
(6566.48 -0 0)
(6587.16 -0 0)
(6605.89 -0 0)
(6625.15 -0 0)
(6644.17 -0 0)
(6659.84 -0 0)
(6669.63 -0 0)
(6673.9 -0 0)
(6676.16 -0 0)
(6680.99 -0 0)
(6690.48 -0 0)
(6702.15 -0 0)
(6710.92 -0 0)
(6713.73 -0 0)
(6712.35 -0 0)
(6711.35 -0 0)
(6713.01 -0 0)
(6715.07 -0 0)
(6713.23 -0 0)
(6704.04 -0 0)
(6686.12 -0 0)
(6660.81 -0 0)
(6632.41 -0 0)
(6607.63 -0 0)
(6593.99 -0 0)
(6596.35 -0 0)
(6612.36 -0 0)
(6632.74 -0 0)
(6647.49 -0 0)
(6650.49 -0 0)
(6639.68 -0 0)
(6616.67 -0 0)
(6586.82 -0 0)
(6557.9 -0 0)
(6535.79 -0 0)
(6520.7 -0 0)
(6508.93 -0 0)
(6498.04 -0 0)
(6489 -0 0)
(6484.15 -0 0)
(6483.97 -0 0)
(6485.13 -0 0)
(6483.06 -0 0)
(6477.19 -0 0)
(6471.2 -0 0)
(6467.22 -0 0)
(6463.01 -0 0)
(6455.17 -0 0)
(6441.78 -0 0)
(6421.72 -0 0)
(6393.85 -0 0)
(6356.99 -0 0)
(6310.35 -0 0)
(6253.66 -0 0)
(6186.62 -0 0)
(6107.98 -0 0)
(6014.77 -0 0)
(5902.11 -0 0)
(5763.32 -0 0)
(5590.23 -0 0)
(5373.5 -0 0)
(5103.49 -0 0)
(4771.01 -0 0)
(4369.62 -0 0)
(3898.18 -0 0)
(3355.99 -0 0)
(2672.59 -0 0)
(2020.41 -0 0)
(2444.01 -0 0)
(3131.5 -0 0)
)
;
    }
    frontAndBack
    {
        type            empty;
    }
}


// ************************************************************************* //
