/*--------------------------------*- C++ -*----------------------------------*\
| =========                 |                                                 |
| \\      /  F ield         | foam-extend: Open Source CFD                    |
|  \\    /   O peration     | Version:     5.0                                |
|   \\  /    A nd           | Web:         http://www.foam-extend.org         |
|    \\/     M anipulation  |                                                 |
\*---------------------------------------------------------------------------*/
FoamFile
{
    version     2.0;
    format      ascii;
    class       surfaceScalarField;
    location    "0.045";
    object      phi;
}
// * * * * * * * * * * * * * * * * * * * * * * * * * * * * * * * * * * * * * //

dimensions      [0 3 -1 0 0 0 0];

internalField   nonuniform List<scalar> 
7860
(
0.0150909
-0.0100909
0.0269496
-0.0118587
0.0413718
-0.0144221
0.0547337
-0.0133618
0.0665707
-0.011837
0.0781924
-0.0116216
0.0910062
-0.0128136
0.107661
-0.0166552
0.127781
-0.0201197
0.139612
-0.01183
0.1424
-0.00278855
0.141419
0.000981795
0.137007
0.00441227
0.135656
0.00135113
0.13861
-0.00295324
0.145478
-0.00686819
0.157937
-0.0124585
0.169375
-0.0114378
0.182383
-0.0130071
0.185206
-0.00282272
0.174871
0.0103357
0.175063
-0.000191268
0.179224
-0.00416071
0.187685
-0.00846053
0.208113
-0.020428
0.232465
-0.0243514
0.230081
0.00238477
0.206164
0.0239172
0.193385
0.0127801
0.190027
0.00335761
0.189905
0.000122283
0.194137
-0.00423149
0.206164
-0.012026
0.209186
-0.0030214
0.204982
0.00420372
0.214418
-0.00943583
0.209016
0.00540267
0.189956
0.0190603
0.187198
0.00275748
0.193444
-0.00624508
0.201203
-0.00775915
0.196065
0.00513793
0.200671
-0.00460606
0.199146
0.00152582
0.180471
0.0186749
0.177053
0.00341766
0.192374
-0.015321
0.209632
-0.0172571
0.203742
0.00588957
0.188438
0.0153037
0.183624
0.00481396
0.191532
-0.00790806
0.202084
-0.0105516
0.195715
0.00636931
0.180715
0.0149999
0.180965
-0.000250648
0.188864
-0.00789869
0.19059
-0.00172638
0.199854
-0.00926418
0.214706
-0.0148517
0.203612
0.0110938
0.186329
0.0172829
0.18487
0.00145827
0.181071
0.00379959
0.178364
0.00270636
0.178673
-0.000309374
0.185076
-0.00640243
0.198313
-0.0132376
0.2099
-0.0115873
0.222739
-0.0128386
0.219897
0.00284164
0.201388
0.0185093
0.186405
0.0149822
0.180807
0.00559795
0.182948
-0.00214109
0.188595
-0.00564686
0.196443
-0.00784802
0.203492
-0.00704991
0.203935
-0.000442265
0.198577
0.00535763
0.191132
0.00744522
0.190838
0.000293963
0.196632
-0.00579454
0.195138
0.0014944
0.198841
-0.0037037
0.205827
-0.00698597
0.207014
-0.00118713
0.208576
-0.00156144
0.204009
0.00456666
0.203072
0.000936792
0.20273
0.000341812
0.203793
-0.00106278
0.210826
-0.00703303
0.209498
0.00132823
0.212789
-0.00329136
0.220252
-0.007463
0.209787
0.010465
0.181809
0.0279784
0.198383
-0.0165738
-0.0350769
0.049018
-0.0541088
0.0903367
-0.0531772
0.131942
-0.0560267
0.171127
-0.0525475
0.206982
-0.0476911
0.241312
-0.0459513
0.276036
-0.047537
0.314771
-0.0553907
0.354625
-0.0599728
0.379311
-0.0365153
0.389192
-0.0126692
0.392805
-0.00263027
0.395019
0.00219831
0.40224
-0.00586935
0.411462
-0.012174
0.424344
-0.0197498
0.446644
-0.0347577
0.468033
-0.0328254
0.483356
-0.0283298
0.488373
-0.00783822
0.481708
0.0170014
0.484431
-0.00291315
0.492575
-0.0123031
0.507339
-0.0232241
0.539987
-0.0530744
0.570036
-0.0543999
0.563138
0.00928361
0.537507
0.0495496
0.522401
0.0278862
0.513485
0.0122745
0.5092
0.00440892
0.515628
-0.0106592
0.526733
-0.0231307
0.526944
-0.00323101
0.521834
0.00931425
0.528735
-0.0163366
0.524353
0.00978525
0.50711
0.0363035
0.506112
0.00375631
0.513707
-0.0138402
0.524174
-0.0182257
0.517851
0.0114608
0.510519
0.00272677
0.503605
0.00843944
0.488743
0.0335374
0.487837
0.00432432
0.509109
-0.0365937
0.52794
-0.0360875
0.524872
0.00895749
0.510977
0.0291988
0.498469
0.0173215
0.4995
-0.00893854
0.494965
-0.00601687
0.485625
0.015709
0.480608
0.0200163
0.483317
-0.00295941
0.493558
-0.0181404
0.498549
-0.0067174
0.506153
-0.0168677
0.515168
-0.0238677
0.507536
0.0187258
0.497395
0.0274234
0.497061
0.00179213
0.488485
0.0123754
0.479969
0.0112226
0.48665
-0.00699116
0.50367
-0.023423
0.52253
-0.0320977
0.538668
-0.0277253
0.549562
-0.0237331
0.544235
0.00816859
0.526367
0.0363767
0.508253
0.0330963
0.495967
0.0178834
0.489957
0.00386916
0.497832
-0.0135223
0.519353
-0.0293698
0.535539
-0.0232364
0.533218
0.00187885
0.526529
0.012047
0.521862
0.0121117
0.523223
-0.00106726
0.532728
-0.0152997
0.530923
0.00329948
0.532885
-0.00566629
0.541509
-0.0156098
0.543388
-0.00306613
0.544584
-0.00275747
0.538366
0.0107846
0.531291
0.00801136
0.528415
0.00321793
0.531259
-0.00390689
0.537162
-0.0129361
0.529441
0.00904975
0.522102
0.00404712
0.517629
-0.00298945
0.489779
0.0383147
0.441399
0.0763585
0.418956
0.00586925
-0.0392164
0.0797426
-0.128851
0.148212
-0.121647
0.212903
-0.120717
0.273223
-0.112867
0.328283
-0.102751
0.379278
-0.0969456
0.427209
-0.095468
0.473705
-0.101886
0.516248
-0.102516
0.544104
-0.0643709
0.556352
-0.0249165
0.56334
-0.00961751
0.586275
-0.0207358
0.618984
-0.0385783
0.642902
-0.0360905
0.661567
-0.0384149
0.67725
-0.0504397
0.689096
-0.0446699
0.681894
-0.0211276
0.687289
-0.013232
0.701271
0.00302063
0.704848
-0.00648907
0.709051
-0.0165057
0.710519
-0.0246905
0.735921
-0.0784756
0.756704
-0.0751816
0.738489
0.0274988
0.730589
0.0574507
0.73557
0.0229059
0.728782
0.0190634
0.712037
0.0211549
0.71762
-0.0162408
0.734329
-0.0398392
0.71687
0.014228
0.686463
0.0397226
0.69274
-0.0226137
0.709372
-0.00684606
0.706765
0.038911
0.713697
-0.00317528
0.721002
-0.0211452
0.725527
-0.0227499
0.708574
0.0284144
0.664851
0.0464496
0.660775
0.0125153
0.684564
0.00974901
0.695712
-0.00682364
0.718993
-0.0598746
0.727715
-0.0448097
0.731437
0.00523575
0.728661
0.0319745
0.697547
0.048436
0.68223
0.00637753
0.659204
0.0170092
0.656256
0.0186576
0.678632
-0.00236027
0.682287
-0.00661463
0.68333
-0.0191832
0.682311
-0.00569904
0.688334
-0.0228913
0.672365
-0.0078989
0.670806
0.0202848
0.697529
0.000700561
0.711405
-0.0120843
0.703123
0.0206566
0.679837
0.0345088
0.689378
-0.0165327
0.713198
-0.0472427
0.727521
-0.0464216
0.735131
-0.0353355
0.718699
-0.00730089
0.718833
0.00803408
0.731835
0.0233746
0.725019
0.0399117
0.710624
0.0322778
0.706226
0.00826731
0.718956
-0.0262521
0.740677
-0.051092
0.763169
-0.0457281
0.769755
-0.00470692
0.758862
0.0229389
0.757579
0.0133951
0.762994
-0.00648201
0.770031
-0.0223375
0.770519
0.00281126
0.760789
0.00406432
0.763489
-0.0183107
0.761982
-0.00155867
0.763135
-0.00391047
0.763389
0.0105302
0.74249
0.0289107
0.735355
0.0103524
0.745365
-0.0139162
0.742553
-0.0101243
0.719488
0.0321151
0.688745
0.0347901
0.668778
0.0169771
0.626274
0.080819
0.558163
0.144469
0.487356
0.0766757
-0.00296166
0.100736
-0.224587
0.188182
-0.209093
0.268947
-0.201481
0.343683
-0.187603
0.411469
-0.170537
0.472617
-0.158094
0.526162
-0.149013
0.570457
-0.14618
0.601317
-0.133376
0.627067
-0.09012
0.637649
-0.0354985
0.67466
-0.0466277
0.737681
-0.0837566
0.776003
-0.0768995
0.805083
-0.0651696
0.821257
-0.0545876
0.813976
-0.0431583
0.822063
-0.0527565
0.811648
-0.0107112
0.815782
-0.0173653
0.843908
-0.0251045
0.833676
0.00374403
0.827096
-0.00992496
0.844147
-0.041741
0.855213
-0.0895403
0.807131
-0.0270989
0.787643
0.0469874
0.828797
0.0162974
0.852238
-0.000533621
0.85062
0.0206821
0.847108
0.0246672
0.849324
-0.0184565
0.830995
-0.0215093
0.777719
0.0675048
0.760472
0.0569697
0.759128
-0.021269
0.768993
-0.0167111
0.804914
0.00299089
0.821211
-0.0194719
0.82558
-0.0255141
0.819143
-0.0163128
0.801005
0.0465523
0.7677
0.0797555
0.771382
0.00883266
0.802653
-0.0215209
0.81767
-0.0218408
0.838756
-0.0809612
0.864649
-0.0707021
0.878618
-0.00873303
0.869662
0.0409302
0.841933
0.0761644
0.795684
0.0526271
0.767286
0.0454072
0.79037
-0.00442675
0.809931
-0.0219218
0.80506
-0.00174298
0.764628
0.0212485
0.75417
0.00475811
0.786469
-0.0551899
0.774715
0.00385511
0.783376
0.0116233
0.825163
-0.0410871
0.850031
-0.0369528
0.845273
0.0254143
0.804523
0.0752592
0.797429
-0.00943894
0.799762
-0.0495756
0.80743
-0.0540902
0.822673
-0.0505787
0.827572
-0.0122002
0.848333
-0.012727
0.857814
0.0138928
0.859604
0.0381213
0.857041
0.0348407
0.850214
0.0150943
0.8399
-0.0159379
0.857057
-0.0682498
0.894037
-0.0827078
0.913272
-0.0239421
0.916692
0.0195183
0.920285
0.0098024
0.931309
-0.0175067
0.938764
-0.0297926
0.925582
0.0159929
0.887679
0.0419675
0.877355
-0.00798606
0.858292
0.017504
0.86566
-0.0112787
0.906085
-0.0298945
0.910242
0.0247531
0.902263
0.0183313
0.878332
0.0100156
0.851726
0.0164818
0.822937
0.0609035
0.760536
0.0971917
0.712275
0.0652372
0.687973
0.105121
0.619588
0.212854
0.503928
0.192336
0.0663759
0.10997
-0.329557
0.206631
-0.305754
0.295392
-0.290243
0.37742
-0.269631
0.451547
-0.244663
0.517284
-0.223831
0.571478
-0.203207
0.607194
-0.181895
0.639737
-0.165919
0.659732
-0.110114
0.706874
-0.0826398
0.783197
-0.12295
0.831835
-0.132395
0.867876
-0.112939
0.897287
-0.0945799
0.917724
-0.0750243
0.930316
-0.0557502
0.938591
-0.0610302
0.946305
-0.0184244
0.950087
-0.0211462
0.936419
-0.0114363
0.896286
0.0438779
0.899739
-0.013377
0.92554
-0.0675411
0.896787
-0.0607871
0.839158
0.0305308
0.852085
0.0340618
0.9051
-0.036717
0.916157
-0.01159
0.895638
0.0412021
0.89193
0.0283758
0.891186
-0.0177122
0.839654
0.0300228
0.825194
0.0819659
0.827768
0.0543965
0.798883
0.007616
0.815122
-0.0329494
0.849954
-0.0318411
0.85238
-0.0218975
0.831502
-0.00463567
0.83458
-0.0193907
0.850322
0.0308111
0.824192
0.105885
0.836049
-0.0030249
0.873754
-0.0592256
0.875273
-0.0233598
0.85066
-0.0563476
0.868116
-0.0881585
0.916375
-0.0569916
0.924776
0.0325292
0.908476
0.0924636
0.860607
0.100497
0.862312
0.0437016
0.895852
-0.0379661
0.885749
-0.0118191
0.873814
0.0101914
0.85751
0.0375524
0.838517
0.0237514
0.813329
-0.0300019
0.838671
-0.0214876
0.887095
-0.0368005
0.90365
-0.0576427
0.922243
-0.0555457
0.923234
0.0244227
0.901694
0.0967994
0.860704
0.0315512
0.851856
-0.0407282
0.840328
-0.0425625
0.833093
-0.0433438
0.850754
-0.0298617
0.866066
-0.028039
0.896795
-0.0168364
0.911994
0.0229217
0.91196
0.034875
0.881277
0.045777
0.887204
-0.0218657
0.892876
-0.073922
0.910397
-0.100228
0.966572
-0.0801176
0.985743
0.000346865
0.994311
0.00123496
1.00031
-0.0235096
1.00535
-0.0348322
1.00145
0.0198951
0.98846
0.0549584
0.949701
0.030772
0.942721
0.0244842
0.942054
-0.0106115
0.949896
-0.0377366
0.984154
-0.00950439
0.973259
0.0292258
0.943622
0.0396531
0.890872
0.0692318
0.84825
0.103526
0.811044
0.134397
0.732423
0.143858
0.673103
0.164442
0.622611
0.263346
0.502408
0.312539
0.146585
0.10838
-0.432937
0.20499
-0.402364
0.293722
-0.378975
0.375967
-0.351875
0.450468
-0.319164
0.516355
-0.289718
0.570605
-0.257456
0.607594
-0.218884
0.617954
-0.176279
0.667084
-0.159244
0.756087
-0.171642
0.816511
-0.183374
0.858108
-0.173991
0.890331
-0.145162
0.916682
-0.12093
0.936088
-0.0944302
0.949144
-0.0688051
0.956231
-0.0681167
0.960335
-0.0225274
0.965865
-0.0266756
0.967302
-0.0128727
0.958617
0.0525638
0.941805
0.00343484
0.91
-0.035735
0.845523
0.00369066
0.815736
0.0603188
0.86774
-0.0179415
0.913981
-0.0829581
0.931572
-0.0291799
0.932864
0.0399106
0.912043
0.049198
0.849706
0.0446246
0.830484
0.0492459
0.863175
0.0492752
0.862317
0.0552553
0.83765
0.0322831
0.842849
-0.0381482
0.86036
-0.0493512
0.82121
0.0172527
0.803511
0.0130634
0.800696
-0.0165755
0.815396
0.016111
0.867048
0.0542338
0.896248
-0.0322247
0.904849
-0.0678262
0.896721
-0.0152318
0.881956
-0.0415827
0.854225
-0.0604279
0.867086
-0.0698519
0.910019
-0.0104045
0.920973
0.0815095
0.92861
0.09286
0.934326
0.0379853
0.911427
-0.0150669
0.883337
0.01627
0.84271
0.0508184
0.837081
0.0431818
0.858789
0.00204269
0.829847
-0.0010596
0.861438
-0.0530795
0.913822
-0.0891846
0.914252
-0.0580722
0.908356
-0.04965
0.909794
0.0229845
0.912345
0.0942476
0.899128
0.0447678
0.87345
-0.0150497
0.867603
-0.036716
0.84745
-0.0231912
0.84296
-0.0253717
0.848442
-0.033521
0.860152
-0.0285467
0.903576
-0.0205026
0.909414
0.029036
0.918112
0.0370791
0.93937
-0.0431238
0.936979
-0.0715313
0.911688
-0.0749374
0.907153
-0.0755827
0.94492
-0.03742
0.975565
-0.0294099
0.979812
-0.0277568
0.956354
-0.0113745
0.970532
0.00571755
1.00596
0.0195333
0.988342
0.0483865
0.991989
0.0208373
1.00482
-0.0234448
0.996766
-0.0296805
0.986681
0.000580826
0.963882
0.0520241
0.928612
0.0749241
0.883131
0.114712
0.82035
0.166306
0.765555
0.189192
0.708211
0.201202
0.650785
0.221868
0.605821
0.30831
0.496813
0.421547
0.223936
0.0980573
-0.525994
0.186774
-0.49108
0.268521
-0.460721
0.344858
-0.428212
0.414633
-0.388939
0.476718
-0.351802
0.528796
-0.309534
0.569603
-0.259692
0.597602
-0.204278
0.655764
-0.217406
0.73092
-0.246798
0.780559
-0.233012
0.816751
-0.210182
0.844407
-0.172818
0.865738
-0.14226
0.88024
-0.108932
0.883393
-0.0719573
0.861075
-0.0457982
0.869887
-0.0313384
0.872333
-0.0291211
0.883736
-0.0242754
0.919811
0.0164895
0.895093
0.0281536
0.833653
0.0257062
0.780944
0.0564005
0.809188
0.0320752
0.859335
-0.0680879
0.87171
-0.095332
0.879841
-0.037311
0.88281
0.0369431
0.867786
0.0642224
0.839876
0.0725345
0.805233
0.0838894
0.811091
0.0434184
0.844688
0.0216579
0.863681
0.0132912
0.870472
-0.0449387
0.854672
-0.0335508
0.836815
0.03511
0.816352
0.0335266
0.767295
0.0324817
0.774682
0.00872379
0.839606
-0.0106901
0.860466
-0.0530843
0.861659
-0.0690194
0.853106
-0.00667809
0.816475
-0.00495212
0.798485
-0.0424374
0.811474
-0.0828415
0.842184
-0.0411143
0.875177
0.0485163
0.89965
0.0683871
0.907905
0.0297305
0.897431
-0.00459341
0.868635
0.0450664
0.817009
0.102444
0.820211
0.0399791
0.848198
-0.0259438
0.847593
-0.000454721
0.863979
-0.069466
0.879407
-0.104613
0.866311
-0.0449764
0.830904
-0.0142432
0.828973
0.0249155
0.855061
0.0681596
0.86165
0.0381778
0.864162
-0.0175616
0.861424
-0.0339779
0.847534
-0.00930196
0.805356
0.0168064
0.802266
-0.0304314
0.842644
-0.0689249
0.866809
-0.0446671
0.882464
0.0133804
0.885147
0.0343963
0.876271
-0.0342483
0.872811
-0.0680714
0.877305
-0.0794313
0.868448
-0.0667267
0.888511
-0.0574831
0.922449
-0.0633476
0.925205
-0.0305134
0.910891
0.00293979
0.92132
-0.00471161
0.929993
0.01086
0.936595
0.0417845
0.956895
0.000537705
0.949832
-0.0163817
0.929753
-0.00960222
0.905153
0.0251811
0.876354
0.0808228
0.819902
0.131376
0.776965
0.15765
0.747743
0.195528
0.682179
0.254756
0.607867
0.275514
0.57623
0.253505
0.563683
0.320857
0.482958
0.502272
0.285636
0.0815452
-0.602539
0.156302
-0.565838
0.225367
-0.529786
0.290717
-0.493562
0.351486
-0.449707
0.405906
-0.406222
0.45126
-0.354888
0.493458
-0.301889
0.541553
-0.252372
0.597614
-0.273467
0.649113
-0.298297
0.687776
-0.271674
0.716933
-0.239338
0.738889
-0.194774
0.754976
-0.158346
0.766095
-0.120051
0.770043
-0.0759046
0.760916
-0.03667
0.77628
-0.046702
0.80142
-0.0542599
0.810069
-0.0329246
0.815382
0.0111776
0.796124
0.0474125
0.76322
0.0586106
0.741123
0.0784983
0.750653
0.0225463
0.766773
-0.0842077
0.764204
-0.0927626
0.738819
-0.0119256
0.742791
0.0329722
0.767792
0.0392224
0.764361
0.0759657
0.763076
0.0851744
0.767036
0.0394596
0.771361
0.0173328
0.780875
0.00377766
0.786098
-0.0501618
0.780199
-0.0276512
0.773747
0.0415619
0.754112
0.0531623
0.716562
0.0700321
0.722428
0.00285733
0.768159
-0.0564206
0.786119
-0.0710441
0.771736
-0.0546364
0.751049
0.0140089
0.715376
0.030721
0.709618
-0.0366795
0.731972
-0.105196
0.753246
-0.0623884
0.784066
0.0176961
0.805173
0.047281
0.812792
0.0221106
0.801132
0.0070665
0.790523
0.055676
0.781489
0.111477
0.779737
0.0417317
0.781532
-0.0277391
0.777076
0.00400075
0.745914
-0.0383043
0.74621
-0.104909
0.762771
-0.0615378
0.727308
0.0212202
0.721852
0.0303706
0.751133
0.0388788
0.764223
0.0250873
0.764903
-0.0182419
0.762773
-0.0318485
0.760178
-0.00670628
0.754031
0.0229523
0.744951
-0.0213515
0.754856
-0.0788293
0.766596
-0.056408
0.776333
0.00364343
0.784258
0.0264717
0.764026
-0.0140165
0.765896
-0.0699417
0.750977
-0.0645133
0.757045
-0.0727942
0.804626
-0.105064
0.819115
-0.0778373
0.824866
-0.0362641
0.829475
-0.00166877
0.834172
-0.00940869
0.835688
0.00934348
0.8393
0.0381727
0.836649
0.00318847
0.818149
0.00211802
0.787647
0.0208999
0.746086
0.0667417
0.724729
0.10218
0.70109
0.155015
0.634888
0.223852
0.595425
0.234992
0.573866
0.276315
0.525747
0.323634
0.493437
0.285814
0.485395
0.328899
0.448969
0.538698
0.316432
0.0613284
-0.658868
0.117932
-0.622441
0.170061
-0.581915
0.220529
-0.54403
0.268918
-0.498096
0.312661
-0.449964
0.351438
-0.393664
0.385174
-0.335626
0.431301
-0.298499
0.480103
-0.322268
0.516779
-0.334973
0.547559
-0.302454
0.569127
-0.260905
0.584954
-0.210601
0.595736
-0.169128
0.603935
-0.12825
0.610979
-0.082948
0.618943
-0.0446329
0.630177
-0.0579353
0.639996
-0.064078
0.646755
-0.0396834
0.650507
0.00742671
0.638762
0.0591583
0.621077
0.0762962
0.612136
0.0874398
0.611264
0.023419
0.60975
-0.0826926
0.598743
-0.0817554
0.60365
-0.0168319
0.62033
0.0162926
0.626423
0.0331305
0.626269
0.0761201
0.626445
0.084999
0.628961
0.0369432
0.629725
0.0165693
0.615612
0.0178909
0.616747
-0.0512956
0.637772
-0.0486762
0.641662
0.0376718
0.631125
0.0637003
0.620877
0.0802796
0.626031
-0.00229653
0.645405
-0.0757945
0.655577
-0.0812152
0.642523
-0.0415825
0.621401
0.0351307
0.610163
0.0419587
0.603749
-0.0302646
0.584517
-0.085964
0.600285
-0.0781565
0.637979
-0.0199982
0.653206
0.0320546
0.654506
0.0208103
0.650745
0.0108272
0.651799
0.0546221
0.648683
0.114594
0.645804
0.0446098
0.645256
-0.0271912
0.644803
0.00445444
0.63953
-0.0330322
0.640606
-0.105985
0.63978
-0.0607114
0.626197
0.0348035
0.623041
0.0335264
0.626954
0.0349649
0.627198
0.0248432
0.620517
-0.0115609
0.597128
-0.00845939
0.598465
-0.00804356
0.619412
0.00200449
0.624233
-0.0261722
0.630277
-0.0848736
0.644
-0.0701307
0.65403
-0.0063876
0.648854
0.0316484
0.641851
-0.00701426
0.644501
-0.0725921
0.641981
-0.0619934
0.646052
-0.0768655
0.660999
-0.120011
0.671112
-0.0879506
0.674471
-0.0396228
0.673448
-0.000645901
0.671551
-0.00751219
0.672782
0.00811297
0.671004
0.0399501
0.65818
0.0160131
0.63901
0.0212876
0.610436
0.0494741
0.587175
0.0900023
0.564521
0.124835
0.527832
0.191704
0.491872
0.259812
0.458937
0.267927
0.423677
0.311574
0.385335
0.361976
0.356182
0.314967
0.355391
0.32969
0.369763
0.524327
0.303733
0.0394495
-0.693317
0.0754578
-0.658449
0.108199
-0.614656
0.141154
-0.576985
0.174382
-0.531324
0.202862
-0.478445
0.23219
-0.422992
0.264638
-0.368073
0.30058
-0.33444
0.332571
-0.354259
0.355598
-0.358
0.372312
-0.319168
0.385087
-0.27368
0.395676
-0.221188
0.400609
-0.17406
0.404548
-0.132188
0.410401
-0.0888014
0.419603
-0.0538334
0.425548
-0.0638805
0.430131
-0.0686599
0.435646
-0.0451975
0.439867
0.003206
0.434111
0.0649151
0.42366
0.0867485
0.417103
0.0939973
0.41387
0.0266523
0.41745
-0.0862714
0.424278
-0.0885829
0.435161
-0.0277151
0.442488
0.00896664
0.441049
0.0345698
0.433768
0.0834017
0.430139
0.0886284
0.432943
0.0341401
0.436902
0.0126103
0.436496
0.0182973
0.436036
-0.0508352
0.44841
-0.0610501
0.455717
0.0303649
0.449623
0.0697952
0.44604
0.0838622
0.448698
-0.00495434
0.46196
-0.0890563
0.470894
-0.0901489
0.464548
-0.0352361
0.445493
0.0541857
0.435047
0.0524042
0.428046
-0.0232634
0.42026
-0.0781779
0.43484
-0.0927368
0.452652
-0.0378099
0.458301
0.0264053
0.452208
0.0269041
0.449146
0.0138885
0.451886
0.0518824
0.450775
0.115705
0.45054
0.0448447
0.452018
-0.02867
0.454541
0.00193183
0.454575
-0.0330669
0.455508
-0.106917
0.460114
-0.065318
0.459037
0.03588
0.453658
0.0389054
0.449212
0.0394102
0.445902
0.0281531
0.435342
-0.00100068
0.41847
0.00841249
0.416214
-0.00578824
0.424882
-0.00666348
0.433862
-0.0351523
0.447755
-0.098767
0.463061
-0.0854366
0.469812
-0.0131387
0.463788
0.0376723
0.459282
-0.00250824
0.460069
-0.0733795
0.455521
-0.0574458
0.452472
-0.0738166
0.458865
-0.126404
0.469951
-0.0990366
0.474033
-0.0437044
0.474748
-0.00136078
0.466333
0.000902532
0.458734
0.0157115
0.452631
0.0460529
0.438043
0.0306013
0.422312
0.0370184
0.40381
0.0679768
0.386413
0.107398
0.365733
0.145515
0.340702
0.216734
0.313545
0.286969
0.282102
0.29937
0.248537
0.345139
0.216594
0.393918
0.1889
0.342661
0.18057
0.33802
0.21612
0.488777
0.266067
0.017279
-0.705596
0.031615
-0.672785
0.0443935
-0.627434
0.0584951
-0.591087
0.0746087
-0.547437
0.0900059
-0.493842
0.106696
-0.439682
0.126891
-0.388268
0.149099
-0.356647
0.164992
-0.370152
0.174623
-0.36763
0.180974
-0.325519
0.183782
-0.276488
0.184551
-0.221957
0.182203
-0.171712
0.180307
-0.130291
0.182208
-0.0907026
0.18803
-0.0596548
0.189053
-0.0649021
0.189465
-0.0690719
0.193119
-0.048851
0.198972
-0.00264539
0.198057
0.0658305
0.191679
0.0931272
0.185865
0.0998116
0.181955
0.0305635
0.18647
-0.0907862
0.198795
-0.100907
0.211912
-0.0408316
0.21684
0.00403901
0.213992
0.0374185
0.203885
0.0935092
0.19803
0.0944837
0.200297
0.0318736
0.206027
0.00688027
0.209092
0.0152332
0.206565
-0.0483081
0.216858
-0.0713433
0.22684
0.0203834
0.225088
0.0715474
0.225639
0.0833117
0.226368
-0.00568366
0.235508
-0.098196
0.242985
-0.0976251
0.24227
-0.034521
0.232246
0.064209
0.222166
0.0624847
0.211682
-0.0127796
0.204183
-0.070679
0.213938
-0.102491
0.226189
-0.0500609
0.227911
0.0246826
0.215685
0.0391299
0.207739
0.0218351
0.212597
0.0470245
0.216514
0.111787
0.218561
0.0427979
0.221807
-0.0319167
0.2254
-0.00166102
0.226336
-0.0340028
0.227623
-0.108205
0.236828
-0.0745234
0.241513
0.031195
0.237534
0.0428841
0.232892
0.0440522
0.229955
0.0310897
0.215929
0.0130256
0.196229
0.0281117
0.190195
0.000245589
0.198747
-0.0152158
0.208693
-0.0450985
0.218445
-0.108519
0.234732
-0.101724
0.24522
-0.0236266
0.241232
0.0416603
0.237256
0.00146734
0.236404
-0.0725276
0.227559
-0.0486017
0.21819
-0.0644469
0.219896
-0.128111
0.231602
-0.110742
0.236972
-0.0490746
0.236187
-0.000575848
0.225294
0.0117954
0.214069
0.0269363
0.204935
0.0551869
0.191033
0.0445036
0.179472
0.048579
0.167063
0.0803852
0.155757
0.118705
0.140115
0.161157
0.122814
0.234035
0.105388
0.304395
0.081442
0.323316
0.058045
0.368536
0.0358022
0.416161
0.00738694
0.371077
-0.0127072
0.358115
0.0164627
0.459607
0.228074
-0.00436983
-0.696226
-0.0115477
-0.665607
-0.0187938
-0.620188
-0.0237291
-0.586151
-0.0253423
-0.545824
-0.0251885
-0.493995
-0.0228639
-0.442006
-0.0170838
-0.394048
-0.0100977
-0.363633
-0.00998979
-0.37026
-0.0142371
-0.363382
-0.0201439
-0.319611
-0.028634
-0.267997
-0.0375749
-0.213016
-0.047499
-0.161787
-0.0555682
-0.122221
-0.0582088
-0.0880614
-0.0567224
-0.0611405
-0.0597527
-0.0618711
-0.0622987
-0.0665253
-0.0607226
-0.0504264
-0.0540986
-0.00926868
-0.0513409
0.0630735
-0.0550406
0.0968277
-0.0613905
0.106162
-0.0675611
0.0367348
-0.0676333
-0.0907134
-0.0597076
-0.108832
-0.0464366
-0.054102
-0.0392626
-0.00313437
-0.0391635
0.03732
-0.0474158
0.101762
-0.0531308
0.100199
-0.0518405
0.0305837
-0.0471748
0.00221496
-0.0428404
0.0108992
-0.0476772
-0.0434709
-0.0413345
-0.0776857
-0.0285537
0.00760282
-0.0237617
0.0667556
-0.0187057
0.078256
-0.0196859
-0.00470332
-0.016711
-0.101171
-0.0118784
-0.102458
-0.00741837
-0.038981
-0.00883413
0.0656248
-0.0163127
0.0699633
-0.0296695
0.000577216
-0.04224
-0.0581086
-0.0383135
-0.106418
-0.0283738
-0.0600006
-0.0252542
0.021563
-0.0376284
0.051504
-0.0486725
0.0328791
-0.0402485
0.0386004
-0.0294778
0.101016
-0.0274887
0.0408087
-0.0279297
-0.0314759
-0.0259496
-0.00364119
-0.0253406
-0.0346121
-0.0281904
-0.105355
-0.0187465
-0.0839674
-0.00756822
0.0200165
-0.00541857
0.0407343
-0.00519466
0.0438281
-0.00512601
0.0310208
-0.0215917
0.0294911
-0.0449575
0.0514773
-0.053171
0.00845887
-0.0467018
-0.0216852
-0.0390844
-0.052716
-0.0353935
-0.11221
-0.022465
-0.114653
-0.0067295
-0.0393623
-0.0030659
0.0379965
-0.00443147
0.00283276
-0.00715348
-0.0698057
-0.0205038
-0.0352515
-0.0362983
-0.0486526
-0.0400722
-0.124337
-0.0292103
-0.121604
-0.0225836
-0.0557014
-0.0241564
0.000996897
-0.0356347
0.0232737
-0.0471144
0.0384159
-0.056521
0.0645935
-0.0683283
0.0563109
-0.0760361
0.0562868
-0.0834304
0.0877795
-0.0896016
0.124876
-0.0987406
0.170297
-0.10605
0.241344
-0.112613
0.310958
-0.126025
0.336729
-0.137755
0.380266
-0.147891
0.426298
-0.169415
0.3926
-0.192177
0.380877
-0.171159
0.438588
0.194562
-0.0251204
-0.666106
-0.0527964
-0.637931
-0.0789261
-0.594058
-0.102292
-0.562785
-0.121569
-0.526547
-0.137175
-0.478389
-0.149834
-0.429347
-0.159184
-0.384698
-0.167506
-0.355311
-0.182165
-0.355601
-0.200908
-0.344639
-0.220077
-0.300442
-0.239813
-0.24826
-0.258515
-0.194313
-0.275885
-0.144417
-0.289678
-0.108427
-0.297432
-0.0803068
-0.300357
-0.0582154
-0.304935
-0.0572927
-0.307955
-0.0635037
-0.306572
-0.0518096
-0.300104
-0.0157354
-0.295118
0.0580881
-0.297325
0.099035
-0.305842
0.11468
-0.31374
0.0446336
-0.318605
-0.0858482
-0.31785
-0.109587
-0.308791
-0.0631598
-0.301811
-0.0101145
-0.299327
0.0348373
-0.303322
0.105757
-0.305012
0.101889
-0.301406
0.0269788
-0.296627
-0.00256406
-0.292896
0.00716858
-0.299889
-0.0364775
-0.298884
-0.0786903
-0.285918
-0.00536319
-0.273957
0.0547947
-0.263947
0.068246
-0.263894
-0.00475626
-0.266672
-0.0983921
-0.267586
-0.101544
-0.261138
-0.0454293
-0.254954
0.0594416
-0.257539
0.0725476
-0.273144
0.0161825
-0.291187
-0.0400652
-0.294497
-0.103109
-0.289031
-0.0654667
-0.283236
0.0157682
-0.289124
0.0573916
-0.297874
0.0416295
-0.288043
0.0287692
-0.271473
0.0844467
-0.266609
0.0359443
-0.272509
-0.0255765
-0.274898
-0.00125241
-0.274506
-0.0350039
-0.280885
-0.0989763
-0.275447
-0.0894054
-0.261125
0.00569402
-0.250145
0.0297546
-0.243039
0.0367215
-0.240037
0.0280195
-0.259053
0.0485063
-0.284962
0.0773869
-0.294598
0.0180937
-0.291029
-0.0252536
-0.284726
-0.0590193
-0.284954
-0.111982
-0.278164
-0.121443
-0.260808
-0.0567186
-0.248015
0.0252038
-0.244871
-0.000311782
-0.249953
-0.0647236
-0.267197
-0.0180083
-0.287333
-0.028516
-0.296887
-0.114784
-0.291058
-0.127434
-0.285276
-0.0614829
-0.287059
0.00277961
-0.297787
0.0340019
-0.307368
0.0479971
-0.314117
0.0713424
-0.322196
0.0643896
-0.32702
0.0611101
-0.328872
0.0896322
-0.331406
0.127409
-0.334161
0.173051
-0.328872
0.236055
-0.32637
0.308457
-0.330745
0.341104
-0.329567
0.379087
-0.325042
0.421773
-0.332595
0.400153
-0.343436
0.391718
-0.317853
0.413005
0.162592
-0.0444963
-0.61661
-0.0910526
-0.591375
-0.13446
-0.550651
-0.174735
-0.52251
-0.210597
-0.490685
-0.241546
-0.44744
-0.26878
-0.402113
-0.292819
-0.360659
-0.315712
-0.332418
-0.343974
-0.327339
-0.376339
-0.312273
-0.408662
-0.268119
-0.439675
-0.217247
-0.467934
-0.166054
-0.49267
-0.119681
-0.51192
-0.0891763
-0.524316
-0.0679109
-0.531244
-0.0512866
-0.537396
-0.0511404
-0.540281
-0.0606184
-0.532907
-0.0591828
-0.526777
-0.0218652
-0.519447
0.0507584
-0.518894
0.0984827
-0.534066
0.129853
-0.544597
0.0551642
-0.555694
-0.0747506
-0.562658
-0.102622
-0.558657
-0.06716
-0.553321
-0.0154507
-0.549144
0.030661
-0.548211
0.104824
-0.544192
0.0978708
-0.533819
0.0166059
-0.530421
-0.00596186
-0.532331
0.00907886
-0.538806
-0.0300015
-0.539193
-0.0783035
-0.527075
-0.0174809
-0.50935
0.0370703
-0.493715
0.0526102
-0.490567
-0.00790415
-0.498324
-0.0906342
-0.507158
-0.0927099
-0.500218
-0.0523693
-0.483209
0.0424331
-0.481131
0.0704693
-0.504987
0.0400383
-0.529248
-0.0158041
-0.539491
-0.0928658
-0.539319
-0.0656382
-0.531442
0.00789116
-0.526884
0.0528336
-0.525303
0.0400481
-0.511618
0.0150847
-0.487539
0.0603672
-0.48166
0.030065
-0.49828
-0.00895609
-0.509975
0.0104419
-0.512104
-0.0328751
-0.519023
-0.0920575
-0.517955
-0.0904735
-0.500568
-0.0116932
-0.478179
0.00736612
-0.457846
0.0163877
-0.449128
0.0193016
-0.477655
0.0770329
-0.51021
0.109942
-0.517923
0.0258066
-0.516567
-0.0266099
-0.511974
-0.063613
-0.513759
-0.110197
-0.512751
-0.12245
-0.495891
-0.0735794
-0.471517
0.000829853
-0.463621
-0.00820748
-0.47732
-0.0510248
-0.498018
0.00268957
-0.521573
-0.00496101
-0.538741
-0.0976157
-0.538065
-0.128109
-0.533078
-0.0664709
-0.535727
0.00542891
-0.546534
0.0448091
-0.552911
0.0543742
-0.552256
0.0706868
-0.554967
0.0671006
-0.560332
0.066475
-0.564926
0.0942261
-0.566102
0.128586
-0.561598
0.168548
-0.552001
0.226457
-0.535964
0.29242
-0.520605
0.325745
-0.504249
0.362731
-0.483584
0.401108
-0.472674
0.389243
-0.462607
0.381651
-0.424339
0.374737
0.130495
-0.0618844
-0.549725
-0.125095
-0.528164
-0.183743
-0.492003
-0.238949
-0.467304
-0.289705
-0.439929
-0.334758
-0.402387
-0.375368
-0.361502
-0.412739
-0.323288
-0.448639
-0.296518
-0.488679
-0.287299
-0.532843
-0.268109
-0.57725
-0.223712
-0.618984
-0.175512
-0.656335
-0.128702
-0.688229
-0.0877875
-0.712568
-0.0648371
-0.728946
-0.0515322
-0.739487
-0.040746
-0.748457
-0.0421693
-0.757228
-0.0518474
-0.762423
-0.0539868
-0.760628
-0.02366
-0.731572
0.0217022
-0.718625
0.0855361
-0.733702
0.144931
-0.744142
0.0656046
-0.758327
-0.0605649
-0.774835
-0.0861142
-0.7862
-0.0557946
-0.778934
-0.0227164
-0.771275
0.0230026
-0.767807
0.101356
-0.755288
0.0853521
-0.723274
-0.0154081
-0.717501
-0.0117342
-0.739448
0.0310254
-0.747963
-0.0214857
-0.749386
-0.0768806
-0.737207
-0.0296598
-0.714685
0.0145485
-0.69124
0.0291651
-0.672185
-0.0269591
-0.688458
-0.0743609
-0.718519
-0.0626495
-0.713936
-0.0569521
-0.677034
0.00553132
-0.669241
0.0626766
-0.710023
0.0808197
-0.738595
0.0127682
-0.754654
-0.0768071
-0.763041
-0.0572507
-0.756252
0.0011018
-0.735846
0.0324279
-0.719869
0.0240704
-0.704101
-0.000683325
-0.652345
0.00861108
-0.647768
0.025488
-0.703696
0.0469725
-0.724875
0.0316204
-0.718556
-0.0391942
-0.724422
-0.086191
-0.731298
-0.0835978
-0.71102
-0.0319713
-0.677426
-0.0262287
-0.622548
-0.0384899
-0.618874
0.0156271
-0.681545
0.139704
-0.709611
0.138008
-0.710194
0.0263902
-0.708373
-0.0284318
-0.703313
-0.0686723
-0.704116
-0.109395
-0.709799
-0.116768
-0.697994
-0.0853842
-0.641813
-0.0553513
-0.632115
-0.0179054
-0.684872
0.00173204
-0.720055
0.0378721
-0.746396
0.0213797
-0.761119
-0.0828925
-0.768881
-0.120347
-0.772796
-0.0625562
-0.766457
-0.00091015
-0.764861
0.0432132
-0.769509
0.0590223
-0.750354
0.0515318
-0.745116
0.0618622
-0.765284
0.0866431
-0.772499
0.101441
-0.770796
0.126883
-0.763565
0.161316
-0.748364
0.211257
-0.722732
0.266788
-0.692829
0.295841
-0.658006
0.327909
-0.620497
0.363598
-0.588587
0.357333
-0.553365
0.346429
-0.499255
0.320627
0.0980894
-0.0767873
-0.467938
-0.154027
-0.450924
-0.225605
-0.420425
-0.293453
-0.399456
-0.356974
-0.376409
-0.414309
-0.345051
-0.4666
-0.309211
-0.515547
-0.274341
-0.562589
-0.249476
-0.612436
-0.237451
-0.666302
-0.214244
-0.721048
-0.168965
-0.772227
-0.124333
-0.817725
-0.0832042
-0.856322
-0.0491904
-0.885415
-0.0357438
-0.905424
-0.031522
-0.919569
-0.0266016
-0.932179
-0.0295581
-0.944537
-0.0394894
-0.95777
-0.0407536
-0.968051
-0.0133789
-0.969029
0.022681
-0.959393
0.0759006
-0.912312
0.0978489
-0.903351
0.0566447
-0.95202
-0.0118961
-0.977406
-0.0607276
-0.985807
-0.0473939
-0.980667
-0.027856
-0.971382
0.0137177
-0.955602
0.0855769
-0.938187
0.0679368
-0.937153
-0.0164419
-0.926763
-0.0221242
-0.915087
0.0193495
-0.921341
-0.0152315
-0.92682
-0.0714013
-0.914536
-0.041943
-0.894686
-0.00530215
-0.860122
-0.00539843
-0.858959
-0.0281218
-0.898134
-0.0351863
-0.915331
-0.0454525
-0.916797
-0.0554861
-0.870367
-0.0408986
-0.852248
0.0445578
-0.889827
0.118399
-0.913202
0.0361433
-0.937453
-0.0525567
-0.95298
-0.0417235
-0.94911
-0.00276775
-0.932154
0.0154719
-0.915206
0.00712159
-0.900886
-0.0150031
-0.853681
-0.0385942
-0.84275
0.014557
-0.884886
0.0891088
-0.900834
0.0475685
-0.908719
-0.0313098
-0.920261
-0.074649
-0.920196
-0.0836622
-0.898313
-0.053855
-0.864202
-0.0603395
-0.812708
-0.0899843
-0.814783
0.0177028
-0.863314
0.188234
-0.873353
0.148047
-0.871283
0.0243207
-0.872638
-0.0270776
-0.845073
-0.0962373
-0.847836
-0.106632
-0.886692
-0.0779114
-0.886762
-0.0853148
-0.836665
-0.105448
-0.829301
-0.0252692
-0.885325
0.0577559
-0.909457
0.062004
-0.925111
0.0370339
-0.946721
-0.0612826
-0.963816
-0.103253
-0.973029
-0.0533432
-0.972074
-0.00186526
-0.953377
0.0245162
-0.94559
0.0512358
-0.954184
0.0601256
-0.953331
0.061009
-0.949471
0.0827829
-0.944938
0.0969086
-0.937056
0.119001
-0.928829
0.153089
-0.913338
0.195766
-0.881032
0.234483
-0.840774
0.255583
-0.793324
0.280459
-0.736622
0.306896
-0.679556
0.300267
-0.619999
0.286872
-0.551418
0.252046
0.0661349
-0.0888319
-0.374106
-0.177287
-0.362469
-0.259333
-0.338379
-0.337379
-0.32141
-0.411308
-0.302479
-0.47874
-0.277619
-0.540679
-0.247272
-0.599197
-0.215822
-0.655326
-0.193348
-0.712923
-0.179853
-0.774329
-0.152838
-0.837412
-0.105882
-0.896299
-0.0654455
-0.948597
-0.0309064
-0.993112
-0.00467479
-1.02637
-0.00248319
-1.0495
-0.00838986
-1.06693
-0.00917973
-1.08298
-0.0135004
-1.10045
-0.0220186
-1.11881
-0.0224009
-1.13323
0.00104225
-1.14189
0.0313484
-1.13766
0.0716677
-1.12096
0.0811477
-1.11453
0.0502105
-1.1281
0.00168154
-1.14498
-0.0438513
-1.15223
-0.0401386
-1.15324
-0.0268471
-1.14401
0.00448823
-1.08005
0.0216109
-1.05178
0.0396679
-1.09561
0.0273903
-1.10809
-0.00964051
-1.06755
-0.0211979
-1.05396
-0.0288156
-1.0876
-0.0377647
-1.09679
-0.0327488
-1.09501
-0.00708832
-1.08982
-0.0105871
-1.0893
-0.0286397
-1.08529
-0.0391955
-1.08752
-0.0432222
-1.10352
-0.0394866
-1.10772
-0.0366971
-1.09403
0.0308676
-1.03803
0.0623983
-1.02991
0.0280175
-1.08678
0.00431609
-1.11088
-0.0176242
-1.11268
-0.000964664
-1.10089
0.00367855
-1.08976
-0.00400878
-1.09279
-0.011974
-1.09746
-0.0339158
-1.09011
0.00720712
-1.03755
0.0365483
-1.02075
0.0307685
-1.06456
0.0124922
-1.08746
-0.051745
-1.09277
-0.0783552
-1.0829
-0.063727
-1.07808
-0.0651541
-1.08142
-0.0866464
-1.07061
0.00688944
-1.00415
0.121779
-0.973965
0.117861
-1.01575
0.0661029
-1.04347
0.000641089
-1.06129
-0.0784168
-1.06055
-0.107365
-1.06048
-0.0779876
-1.07353
-0.0722635
-1.08331
-0.0956683
-1.0836
-0.0249783
-1.08378
0.0579372
-1.0411
0.0193268
-1.02513
0.0210628
-1.07583
-0.0105896
-1.1111
-0.0679754
-1.13129
-0.0331591
-1.13703
0.00387249
-1.13424
0.0217309
-1.12119
0.0381843
-1.10915
0.0480901
-1.10804
0.0598992
-1.10918
0.083919
-1.10654
0.0942699
-1.09556
0.108022
-1.07702
0.134542
-1.04883
0.167584
-1.00857
0.194224
-0.959091
0.206099
-0.898304
0.219672
-0.82454
0.233132
-0.746497
0.222224
-0.666304
0.206679
-0.587182
0.172924
0.0359645
-0.0977708
-0.271335
-0.194621
-0.265619
-0.284614
-0.248386
-0.37036
-0.235664
-0.452236
-0.220603
-0.527361
-0.202494
-0.596691
-0.177942
-0.662625
-0.149888
-0.725656
-0.130317
-0.788854
-0.116655
-0.85564
-0.0860523
-0.925007
-0.0365152
-0.989596
-0.000855989
-1.04701
0.0265093
-1.09631
0.0446281
-1.13279
0.0339971
-1.15823
0.017041
-1.17824
0.0108354
-1.19698
0.00523626
-1.21688
-0.00211405
-1.23707
-0.00221003
-1.25296
0.0169299
-1.26352
0.0419132
-1.26334
0.0714831
-1.25729
0.0750967
-1.25491
0.0478319
-1.26028
0.00704847
-1.27154
-0.0325891
-1.27789
-0.0337863
-1.28067
-0.0240683
-1.27546
-0.000724327
-1.25679
0.00294127
-1.24015
0.0230311
-1.2434
0.0306357
-1.24915
-0.00388242
-1.24117
-0.0291809
-1.23378
-0.0362079
-1.23892
-0.0326244
-1.24213
-0.0295323
-1.24235
-0.00687161
-1.24623
-0.00670905
-1.24819
-0.0266817
-1.24711
-0.0402708
-1.24751
-0.0428265
-1.25027
-0.0367205
-1.25904
-0.027928
-1.25561
0.0274381
-1.23588
0.0426652
-1.22809
0.0202309
-1.23666
0.012884
-1.24776
-0.00652202
-1.24894
0.000208248
-1.24503
-0.000232263
-1.2383
-0.010736
-1.2375
-0.0127676
-1.25154
-0.0198804
-1.25335
0.00901871
-1.23613
0.0193276
-1.22187
0.0165104
-1.22108
0.0117024
-1.2306
-0.0422324
-1.23628
-0.0726666
-1.22722
-0.0727866
-1.22598
-0.0664009
-1.2459
-0.0667257
-1.24115
0.00213602
-1.15934
0.0399733
-1.11715
0.0756685
-1.15865
0.107611
-1.19033
0.0323205
-1.21651
-0.0522402
-1.22792
-0.0959525
-1.21478
-0.0911306
-1.2081
-0.07894
-1.23373
-0.0700421
-1.24917
-0.00954087
-1.24182
0.0505899
-1.23114
0.00865121
-1.17134
-0.0387407
-1.16101
-0.020918
-1.22418
-0.00480908
-1.25377
-0.00356722
-1.26378
0.013881
-1.26432
0.0222683
-1.25934
0.0332063
-1.25386
0.042611
-1.24813
0.0541684
-1.2395
0.0752855
-1.22844
0.0832129
-1.21181
0.0913921
-1.18657
0.109307
-1.15064
0.131649
-1.10311
0.146692
-1.04505
0.148045
-0.973492
0.148112
-0.886596
0.146236
-0.791907
0.127535
-0.695697
0.11047
-0.610682
0.087909
0.00909065
-0.103475
-0.162861
-0.206005
-0.163088
-0.301413
-0.152977
-0.392358
-0.144719
-0.479649
-0.133313
-0.559915
-0.122228
-0.63425
-0.103607
-0.705353
-0.0787847
-0.773002
-0.0626683
-0.83954
-0.0501164
-0.909538
-0.0160547
-0.983099
0.0370462
-1.05113
0.0671735
-1.11162
0.0870014
-1.16417
0.0971776
-1.20257
0.0723982
-1.22921
0.0436826
-1.25094
0.032564
-1.27144
0.0257336
-1.29235
0.0188024
-1.31289
0.0183217
-1.32915
0.033195
-1.34016
0.0529179
-1.34252
0.0738498
-1.34099
0.0735633
-1.34128
0.0481187
-1.3455
0.0112737
-1.35454
-0.0235455
-1.36069
-0.0276365
-1.36441
-0.0203573
-1.36255
-0.00257557
-1.35912
-0.000494422
-1.35154
0.0154565
-1.34557
0.024665
-1.34618
-0.00327319
-1.34611
-0.0292548
-1.34467
-0.0376468
-1.34549
-0.0318007
-1.34937
-0.0256553
-1.34959
-0.00665343
-1.3499
-0.00639728
-1.35139
-0.0251949
-1.35234
-0.0393165
-1.35414
-0.0410309
-1.35875
-0.0321071
-1.36626
-0.0204168
-1.36097
0.0221428
-1.35074
0.0324375
-1.3457
0.0151982
-1.34343
0.0106057
-1.34651
-0.00343912
-1.34618
-0.000116315
-1.34517
-0.00124914
-1.3461
-0.00980303
-1.35041
-0.00845904
-1.35971
-0.0105801
-1.35845
0.00776114
-1.35075
0.0116288
-1.34147
0.00722405
-1.33269
0.00292233
-1.33514
-0.0397806
-1.34033
-0.0674743
-1.34329
-0.0698283
-1.34887
-0.0608197
-1.36088
-0.0547173
-1.35386
-0.00488567
-1.3299
0.0160167
-1.30743
0.053196
-1.29756
0.0977384
-1.30761
0.0423694
-1.32547
-0.0343793
-1.33807
-0.0833511
-1.34071
-0.0884865
-1.3458
-0.0738507
-1.35945
-0.0563978
-1.36261
-0.00637302
-1.35139
0.039368
-1.34715
0.00440667
-1.33945
-0.0464404
-1.33184
-0.0285219
-1.34026
0.00361122
-1.351
0.00716728
-1.35055
0.0134296
-1.34951
0.0212285
-1.35039
0.0340863
-1.34672
0.0389441
-1.33934
0.0467859
-1.32622
0.0621658
-1.31002
0.0670199
-1.28876
0.0701265
-1.25893
0.0794771
-1.21809
0.0908103
-1.16536
0.093958
-1.10086
0.0835505
-1.02145
0.0687003
-0.925132
0.0499184
-0.818145
0.0205479
-0.710643
0.00296708
-0.624557
0.00182355
-0.0130634
-0.106053
-0.0518074
-0.211599
-0.0575428
-0.309805
-0.0547712
-0.403471
-0.0510525
-0.493462
-0.0433214
-0.576141
-0.0395499
-0.653073
-0.0266748
-0.727096
-0.00476116
-0.797006
0.00724181
-0.864488
0.0173653
-0.935508
0.0549658
-1.01085
0.112391
-1.07942
0.135736
-1.14006
0.147648
-1.1933
0.150412
-1.2319
0.111006
-1.259
0.0707772
-1.28229
0.055857
-1.3045
0.0479381
-1.32641
0.0407178
-1.34715
0.0390564
-1.36354
0.0495881
-1.37471
0.06409
-1.37875
0.0778929
-1.37954
0.0743497
-1.3814
0.0499825
-1.386
0.0158675
-1.3943
-0.0152435
-1.4007
-0.021238
-1.40513
-0.0159286
-1.4055
-0.00220001
-1.40642
0.000427135
-1.40334
0.0123745
-1.39756
0.0188808
-1.3968
-0.0040315
-1.39869
-0.0273692
-1.40037
-0.0359573
-1.40177
-0.030409
-1.40492
-0.0225034
-1.40467
-0.00689729
-1.40374
-0.00733586
-1.40478
-0.0241552
-1.40682
-0.0372743
-1.40977
-0.0380763
-1.41407
-0.0278144
-1.41938
-0.0151064
-1.41454
0.0173028
-1.40754
0.0254463
-1.40422
0.0118741
-1.40074
0.00712907
-1.40117
-0.00301409
-1.40041
-0.000871369
-1.40041
-0.00125646
-1.40335
-0.00686381
-1.40785
-0.00395695
-1.41374
-0.00468531
-1.41182
0.00583412
-1.40701
0.00682323
-1.40101
0.00122227
-1.39314
-0.00494323
-1.39387
-0.0390576
-1.39891
-0.0624325
-1.4048
-0.06394
-1.41157
-0.0540428
-1.42032
-0.0459743
-1.41705
-0.00815168
-1.40998
0.00894838
-1.39766
0.0408699
-1.38039
0.0804683
-1.3789
0.0408845
-1.38847
-0.0248144
-1.3998
-0.0720144
-1.40742
-0.0808653
-1.41475
-0.0665264
-1.42357
-0.0475719
-1.42292
-0.00702957
-1.41213
0.0285816
-1.40929
0.00156598
-1.41336
-0.0423668
-1.41145
-0.0304333
-1.40831
0.000470156
-1.40887
0.00772995
-1.40769
0.0122498
-1.40518
0.0187192
-1.40075
0.0296542
-1.39487
0.0330619
-1.3857
0.0376139
-1.37061
0.0470778
-1.35165
0.0480608
-1.32748
0.0459591
-1.29491
0.0469021
-1.25139
0.0472962
-1.19583
0.0383887
-1.12774
0.0154629
-1.04409
-0.0149519
-0.942898
-0.0512689
-0.829198
-0.0931515
-0.714362
-0.111869
-0.62883
-0.0837087
-0.0312682
-0.105798
0.0589902
-0.211177
0.0478369
-0.309482
0.0435335
-0.403388
0.0428538
-0.492852
0.0461419
-0.575083
0.0426813
-0.652505
0.0507474
-0.727227
0.0699606
-0.796906
0.0769215
-0.862841
0.0832993
-0.932639
0.124764
-1.00605
0.185801
-1.07114
0.200829
-1.12884
0.205343
-1.1805
0.202076
-1.21897
0.149474
-1.24696
0.0987655
-1.27238
0.0812825
-1.29663
0.0721834
-1.31973
0.0638166
-1.34076
0.0600914
-1.35725
0.0660789
-1.36852
0.0753536
-1.37364
0.0830165
-1.3758
0.0765109
-1.37862
0.0527996
-1.38369
0.0209414
-1.39174
-0.00719157
-1.39852
-0.0144574
-1.40357
-0.0108841
-1.40544
-0.000327035
-1.40766
0.00264899
-1.40661
0.0113184
-1.40246
0.0147356
-1.4019
-0.00458976
-1.40446
-0.0248103
-1.40761
-0.0328137
-1.40996
-0.0280515
-1.41262
-0.0198482
-1.4121
-0.00741511
-1.41078
-0.00865382
-1.41163
-0.0233123
-1.41421
-0.0346871
-1.41775
-0.034539
-1.42147
-0.0240914
-1.42497
-0.0116058
-1.42091
0.0132382
-1.41552
0.0200536
-1.41314
0.00949555
-1.41055
0.00453584
-1.41063
-0.00293411
-1.41023
-0.00126682
-1.41069
-0.000797143
-1.41363
-0.00392353
-1.41691
-0.000680356
-1.42011
-0.00147744
-1.41799
0.00370722
-1.41433
0.00316194
-1.41029
-0.00281081
-1.40484
-0.0104002
-1.40588
-0.0380141
-1.4111
-0.0572131
-1.41744
-0.0575992
-1.42371
-0.0477699
-1.43041
-0.0392755
-1.42902
-0.00954202
-1.42692
0.00684274
-1.41996
0.0339164
-1.40483
0.0653398
-1.39951
0.035561
-1.40418
-0.0201449
-1.41328
-0.0629146
-1.42171
-0.0724332
-1.42895
-0.0592881
-1.43519
-0.0413277
-1.4336
-0.00862758
-1.42433
0.0193193
-1.42162
-0.00115139
-1.42725
-0.0367316
-1.4282
-0.0294872
-1.424
-0.00373153
-1.42125
0.00498167
-1.41846
0.00945956
-1.41463
0.0148952
-1.40829
0.0233073
-1.40059
0.0253617
-1.39001
0.0270375
-1.37409
0.0311578
-1.35392
0.0278939
-1.32843
0.0204704
-1.29485
0.0133207
-1.25076
0.00320818
-1.19487
-0.0175014
-1.12637
-0.053037
-1.0425
-0.0988268
-0.941378
-0.15239
-0.827083
-0.207446
-0.711412
-0.227541
-0.626064
-0.169056
-0.049528
-0.1027
0.16669
-0.204309
0.149445
-0.299986
0.13921
-0.391662
0.13453
-0.475808
0.130288
-0.55445
0.121323
-0.631242
0.12754
-0.704632
0.14335
-0.771508
0.143797
-0.833399
0.145191
-0.900278
0.191643
-0.965273
0.250796
-1.02235
0.257903
-1.07417
0.257161
-1.12088
0.248786
-1.16153
0.190127
-1.19301
0.130248
-1.22216
0.110432
-1.2491
0.0991226
-1.2736
0.0883145
-1.29498
0.0814726
-1.31148
0.0825823
-1.32272
0.0865859
-1.32845
0.0887527
-1.33143
0.0794879
-1.33478
0.0561455
-1.3401
0.0262641
-1.34793
0.00063843
-1.35496
-0.00742175
-1.36046
-0.00538761
-1.36332
0.00253531
-1.36597
0.00529942
-1.36588
0.0112291
-1.36316
0.0120108
-1.36312
-0.00463086
-1.36599
-0.0219378
-1.36976
-0.0290458
-1.37273
-0.0250783
-1.37511
-0.0174705
-1.37457
-0.00795719
-1.37327
-0.00995189
-1.37407
-0.0225151
-1.37688
-0.0318752
-1.3806
-0.030817
-1.38386
-0.0208316
-1.38616
-0.00930792
-1.38282
0.00989857
-1.3785
0.0157343
-1.3767
0.00769717
-1.37512
0.00295612
-1.37551
-0.00254261
-1.37571
-0.00107453
-1.37648
-1.9766e-05
-1.37891
-0.00149357
-1.38087
0.00127952
-1.38209
-0.000257066
-1.37978
0.00139752
-1.3767
8.23942e-05
-1.3739
-0.00561617
-1.37056
-0.0137353
-1.37236
-0.0362221
-1.37781
-0.0517629
-1.38404
-0.0513677
-1.38958
-0.0422266
-1.39484
-0.0340196
-1.39439
-0.00999347
-1.39362
0.00608043
-1.38905
0.0293422
-1.37706
0.053351
-1.37107
0.0295674
-1.37332
-0.0178944
-1.38063
-0.0556053
-1.38857
-0.0644892
-1.39508
-0.0527823
-1.39973
-0.0366766
-1.39809
-0.0102671
-1.39056
0.0117929
-1.388
-0.00370764
-1.39283
-0.0319057
-1.3947
-0.0276144
-1.39144
-0.00699935
-1.38816
0.00170117
-1.38474
0.00604508
-1.38027
0.0104264
-1.37331
0.0163452
-1.36473
0.0167835
-1.35341
0.0157167
-1.33732
0.0150689
-1.31696
0.00753091
-1.2914
-0.00508949
-1.25828
-0.0197946
-1.21543
-0.0396484
-1.16159
-0.0713409
-1.0959
-0.118721
-1.01602
-0.178715
-0.920293
-0.248113
-0.812263
-0.315477
-0.702836
-0.336967
-0.616659
-0.255234
-0.0722001
-0.0963715
0.268062
-0.19385
0.246924
-0.284518
0.229878
-0.368784
0.218796
-0.44894
0.210444
-0.524107
0.196489
-0.592754
0.196187
-0.659834
0.21043
-0.72077
0.204734
-0.775987
0.200407
-0.839604
0.255259
-0.908579
0.319771
-0.963539
0.312863
-0.978544
0.272166
-1.00381
0.274054
-1.05885
0.245164
-1.09941
0.170808
-1.13424
0.145262
-1.16409
0.128969
-1.18969
0.113921
-1.21105
0.102827
-1.22717
0.0987025
-1.23801
0.0974276
-1.24387
0.0946085
-1.24715
0.0827681
-1.25065
0.0596456
-1.25596
0.0315773
-1.26348
0.00815631
-1.27057
-0.000326636
-1.27632
0.000358142
-1.2798
0.00601421
-1.28258
0.00807691
-1.28296
0.0116105
-1.28124
0.0102898
-1.28164
-0.0042242
-1.28465
-0.0189282
-1.28867
-0.0250336
-1.29197
-0.0217766
-1.29415
-0.0152901
-1.29367
-0.00843948
-1.29253
-0.0110879
-1.29337
-0.0216747
-1.29629
-0.0289553
-1.30003
-0.0270804
-1.30292
-0.017936
-1.30443
-0.00779761
-1.30169
0.00715528
-1.29821
0.0122569
-1.29686
0.00634682
-1.29613
0.00222317
-1.29698
-0.00169619
-1.29775
-0.000303412
-1.29876
0.000997856
-1.3006
0.000338073
-1.30137
0.00205884
-1.3011
-0.000533141
-1.29858
-0.00112028
-1.29589
-0.00260451
-1.29396
-0.00754741
-1.2923
-0.0153965
-1.29487
-0.0336497
-1.30055
-0.0460824
-1.30658
-0.0453452
-1.31138
-0.0374272
-1.3155
-0.0298978
-1.31553
-0.00996077
-1.31507
0.00562395
-1.31153
0.0257972
-1.302
0.0438223
-1.2963
0.0238689
-1.29739
-0.0168045
-1.30348
-0.0495131
-1.31073
-0.0572417
-1.31647
-0.0470418
-1.32005
-0.0330946
-1.31862
-0.0116972
-1.31269
0.0058601
-1.31049
-0.00590757
-1.3143
-0.0280926
-1.31636
-0.0255554
-1.31416
-0.00920589
-1.31127
-0.00118509
-1.30795
0.00272738
-1.30345
0.00592395
-1.29658
0.0094717
-1.2879
0.00810912
-1.27659
0.00441053
-1.26107
-0.000453899
-1.24152
-0.0120231
-1.21716
-0.0294477
-1.18606
-0.0508977
-1.14637
-0.0793344
-1.09705
-0.120657
-1.03735
-0.178422
-0.965397
-0.250671
-0.879935
-0.333575
-0.783904
-0.411508
-0.68429
-0.436582
-0.597801
-0.341723
-0.100448
-0.0862753
0.359337
-0.176772
0.33742
-0.260076
0.313183
-0.338282
0.297002
-0.408774
0.280936
-0.474141
0.261856
-0.536688
0.258734
-0.5953
0.269042
-0.642698
0.252132
-0.688942
0.246651
-0.750354
0.316672
-0.815279
0.384696
-0.865852
0.363436
-0.898903
0.305217
-0.898425
0.273576
-0.918314
0.265052
-0.973304
0.225798
-1.01325
0.185208
-1.04442
0.160134
-1.06984
0.139347
-1.09022
0.123203
-1.10521
0.113697
-1.11508
0.107297
-1.12048
0.100002
-1.12355
0.0858401
-1.12683
0.0629325
-1.13188
0.0366197
-1.13895
0.0152283
-1.1459
0.00661954
-1.15167
0.0061351
-1.15544
0.00978541
-1.15817
0.010805
-1.15874
0.0121814
-1.15767
0.00921553
-1.15838
-0.00351154
-1.16144
-0.0158724
-1.16551
-0.0209637
-1.16892
-0.0183623
-1.17091
-0.0132995
-1.17048
-0.00887102
-1.16953
-0.0120371
-1.17047
-0.0207412
-1.17346
-0.0259621
-1.17714
-0.023397
-1.17975
-0.0153339
-1.18073
-0.00681496
-1.17845
0.00488107
-1.17566
0.00946631
-1.17472
0.00539818
-1.17467
0.00218039
-1.17596
-0.000412311
-1.1772
0.000939485
-1.17836
0.00215821
-1.1796
0.00157741
-1.17936
0.00181975
-1.17794
-0.00195287
-1.17523
-0.00382727
-1.1729
-0.00493808
-1.17171
-0.00874158
-1.17138
-0.0157188
-1.17466
-0.0303689
-1.18053
-0.0402164
-1.18633
-0.0395495
-1.19051
-0.0332428
-1.19371
-0.0266936
-1.19391
-0.0097606
-1.19348
0.00518918
-1.19041
0.0227304
-1.18263
0.0360386
-1.17743
0.018668
-1.17794
-0.0162953
-1.18321
-0.0442379
-1.18984
-0.0506126
-1.19496
-0.0419257
-1.19782
-0.0302308
-1.19667
-0.0128513
-1.1921
0.00129474
-1.19039
-0.00762179
-1.19347
-0.0250113
-1.19555
-0.0234744
-1.19426
-0.0104916
-1.19205
-0.00340295
-1.18919
-0.000126176
-1.18507
0.00180634
-1.17874
0.00313537
-1.17056
-7.26218e-05
-1.15993
-0.00621068
-1.14569
-0.0146952
-1.12788
-0.0298368
-1.10588
-0.0514448
-1.07818
-0.0785959
-1.04335
-0.11417
-1.0006
-0.163403
-0.949443
-0.229582
-0.888572
-0.311541
-0.817106
-0.405041
-0.7371
-0.491514
-0.6514
-0.522281
-0.568955
-0.424168
-0.133019
-0.0740463
0.438383
-0.153451
0.416825
-0.226793
0.386525
-0.295576
0.365785
-0.353946
0.339305
-0.408416
0.316326
-0.459121
0.309438
-0.505396
0.315317
-0.552833
0.299569
-0.591087
0.284904
-0.634344
0.359929
-0.686877
0.437228
-0.7312
0.407759
-0.76686
0.340876
-0.768619
0.275336
-0.780696
0.277128
-0.82723
0.272332
-0.863663
0.221641
-0.892598
0.189069
-0.915734
0.162483
-0.9338
0.141268
-0.94673
0.126626
-0.95493
0.115497
-0.959231
0.104303
-0.961613
0.0882214
-0.964344
0.0656632
-0.968854
0.0411293
-0.97532
0.0216942
-0.981899
0.0131981
-0.98747
0.0117057
-0.991227
0.0135423
-0.993732
0.0133096
-0.99428
0.0127295
-0.993575
0.00851053
-0.994469
-0.0026182
-0.997511
-0.0128306
-1.00153
-0.0169408
-1.00491
-0.0149885
-1.00668
-0.0115321
-1.00625
-0.00929979
-1.00548
-0.0128086
-1.00655
-0.0196708
-1.00962
-0.0228871
-1.01323
-0.0197898
-1.01557
-0.0129963
-1.01617
-0.00621552
-1.01426
0.0029733
-1.01206
0.00726539
-1.0115
0.00484299
-1.01203
0.00270725
-1.01369
0.00124776
-1.01527
0.00251689
-1.01644
0.00333605
-1.01708
0.00221389
-1.01594
0.000678657
-1.01365
-0.00424644
-1.01084
-0.00663126
-1.00891
-0.0068659
-1.00843
-0.00922536
-1.00923
-0.0149201
-1.01314
-0.0264581
-1.01913
-0.0342261
-1.02466
-0.0340187
-1.0283
-0.0296044
-1.03078
-0.0242126
-1.03099
-0.0095449
-1.03049
0.00468929
-1.02768
0.0199157
-1.02112
0.0294785
-1.0164
0.0139497
-1.01662
-0.0160731
-1.02136
-0.0394976
-1.02751
-0.0444653
-1.03214
-0.0372999
-1.03451
-0.027857
-1.03366
-0.0137057
-1.03026
-0.00210597
-1.02909
-0.00878252
-1.03177
-0.0223401
-1.03391
-0.0213302
-1.03343
-0.0109707
-1.03196
-0.0048771
-1.02974
-0.00234291
-1.02626
-0.00167178
-1.02076
-0.00236857
-1.01351
-0.0073237
-1.00411
-0.0156024
-0.99175
-0.0270593
-0.976444
-0.0451428
-0.957769
-0.0701197
-0.934601
-0.101764
-0.905905
-0.142866
-0.871251
-0.198057
-0.830507
-0.270326
-0.783047
-0.359002
-0.728511
-0.459577
-0.668228
-0.551797
-0.601006
-0.589503
-0.527185
-0.497989
-0.168604
-0.0601105
0.503494
-0.124122
0.480837
-0.185545
0.447947
-0.242448
0.422688
-0.286013
0.382871
-0.328782
0.359095
-0.376272
0.356928
-0.416264
0.355309
-0.449207
0.332513
-0.474203
0.309899
-0.50959
0.395316
-0.55238
0.480017
-0.579548
0.434928
-0.6015
0.362828
-0.621829
0.295664
-0.634186
0.289485
-0.655098
0.293245
-0.685659
0.252201
-0.710012
0.213421
-0.729083
0.181553
-0.743603
0.155787
-0.753568
0.136591
-0.759414
0.121343
-0.762065
0.106953
-0.763318
0.0894743
-0.765167
0.0675121
-0.768896
0.0448578
-0.774572
0.0273694
-0.78054
0.0191659
-0.785636
0.0168016
-0.789071
0.0169763
-0.791157
0.015396
-0.791502
0.0130741
-0.790963
0.00797058
-0.791947
-0.00163355
-0.794928
-0.00984986
-0.798822
-0.013047
-0.802027
-0.0117844
-0.803514
-0.0100448
-0.803048
-0.00976663
-0.802467
-0.0133897
-0.803734
-0.0184035
-0.806913
-0.0197086
-0.810418
-0.0162847
-0.812476
-0.0109381
-0.81277
-0.0059211
-0.811167
0.00136978
-0.809499
0.00559734
-0.809336
0.00467988
-0.810331
0.00370239
-0.812276
0.00319313
-0.814025
0.00426581
-0.815067
0.00437754
-0.815061
0.00220797
-0.813116
-0.00126563
-0.810218
-0.00714452
-0.807506
-0.00934324
-0.806101
-0.00827054
-0.806337
-0.00898916
-0.808089
-0.0131681
-0.81253
-0.0220177
-0.818548
-0.0282078
-0.823726
-0.0288401
-0.826818
-0.0265131
-0.828716
-0.0223141
-0.828912
-0.00934847
-0.828371
0.00414841
-0.825723
0.0172672
-0.820023
0.0237786
-0.815735
0.00966258
-0.815872
-0.0159367
-0.820307
-0.0350618
-0.826102
-0.0386707
-0.830296
-0.0331055
-0.832327
-0.025826
-0.83182
-0.0142124
-0.829428
-0.00449832
-0.828849
-0.00936116
-0.831367
-0.0198218
-0.833657
-0.0190408
-0.833899
-0.0107284
-0.833169
-0.00560683
-0.831657
-0.00385533
-0.82895
-0.00437831
-0.824474
-0.00684463
-0.818474
-0.013324
-0.810748
-0.0233282
-0.800768
-0.0370394
-0.788621
-0.0572899
-0.774074
-0.0846662
-0.756367
-0.119471
-0.734849
-0.164384
-0.709445
-0.223461
-0.680449
-0.299321
-0.647981
-0.391471
-0.612405
-0.495152
-0.57449
-0.589712
-0.529455
-0.634538
-0.467945
-0.559499
-0.206087
-0.044987
0.553481
-0.0917012
0.527551
-0.136496
0.492742
-0.179639
0.465831
-0.217316
0.420548
-0.248858
0.390637
-0.278288
0.386358
-0.304858
0.381879
-0.322763
0.350418
-0.333769
0.320905
-0.356643
0.418189
-0.38328
0.506654
-0.395167
0.446815
-0.405512
0.373173
-0.426694
0.316845
-0.447521
0.310312
-0.462171
0.307894
-0.48164
0.27167
-0.499189
0.230971
-0.512858
0.19522
-0.522841
0.16577
-0.529099
0.142849
-0.532026
0.12427
-0.532581
0.107508
-0.532343
0.0892365
-0.53302
0.068188
-0.535727
0.0475642
-0.540389
0.0320312
-0.545462
0.0242385
-0.549778
0.0211168
-0.552581
0.0197786
-0.55405
0.0168646
-0.554054
0.013078
-0.553554
0.00746994
-0.554574
-0.000613144
-0.55744
-0.00698433
-0.561101
-0.00938631
-0.563998
-0.00888749
-0.565156
-0.00888675
-0.564672
-0.0102518
-0.564355
-0.0137065
-0.565893
-0.0168657
-0.569168
-0.0164335
-0.572502
-0.0129511
-0.574233
-0.00920686
-0.574293
-0.00586155
-0.572989
6.58685e-05
-0.571813
0.0044212
-0.572016
0.00488347
-0.573363
0.00504903
-0.575447
0.00527731
-0.577162
0.00598078
-0.577891
0.00510655
-0.577209
0.00152629
-0.574622
-0.00385284
-0.571482
-0.0102847
-0.569156
-0.0116689
-0.568409
-0.00901796
-0.569333
-0.00806485
-0.571841
-0.0106597
-0.576642
-0.0172165
-0.582524
-0.0223253
-0.587223
-0.0241414
-0.589769
-0.0239672
-0.591249
-0.0208338
-0.591488
-0.00910913
-0.590959
0.00361994
-0.588421
0.0147293
-0.583324
0.018681
-0.579447
0.00578667
-0.579691
-0.0156926
-0.584022
-0.030731
-0.589551
-0.0331415
-0.593388
-0.0292684
-0.595206
-0.0240078
-0.595057
-0.014361
-0.593538
-0.00601692
-0.593531
-0.00936882
-0.596066
-0.0172863
-0.598555
-0.016552
-0.599424
-0.00985903
-0.599379
-0.00565134
-0.598561
-0.0046739
-0.596669
-0.00627056
-0.593333
-0.0101796
-0.588809
-0.017848
-0.583081
-0.0290561
-0.575885
-0.044236
-0.567409
-0.0657654
-0.557619
-0.0944564
-0.546082
-0.131009
-0.532496
-0.17797
-0.517115
-0.238842
-0.500636
-0.3158
-0.483905
-0.408202
-0.468123
-0.510934
-0.453671
-0.604165
-0.432609
-0.6556
-0.384407
-0.607701
-0.244977
-0.0271258
0.585607
-0.0559868
0.556412
-0.0841354
0.520891
-0.110132
0.491827
-0.133826
0.444242
-0.152385
0.409196
-0.166009
0.399981
-0.177072
0.392941
-0.179463
0.352808
-0.176204
0.317647
-0.183162
0.425147
-0.189045
0.512537
-0.189101
0.44687
-0.201754
0.385826
-0.219904
0.334994
-0.231017
0.321425
-0.240135
0.317011
-0.254607
0.286141
-0.264972
0.241335
-0.272363
0.202611
-0.277102
0.170508
-0.279114
0.14486
-0.278766
0.123921
-0.276923
0.105664
-0.274903
0.0872164
-0.274165
0.0674492
-0.275614
0.0490134
-0.279002
0.0354182
-0.282859
0.0280951
-0.286068
0.0243249
-0.287955
0.0216648
-0.288654
0.0175637
-0.288261
0.0126845
-0.287757
0.00696527
-0.288771
0.000400915
-0.29143
-0.00432603
-0.294701
-0.00611532
-0.297145
-0.00644449
-0.297991
-0.00804071
-0.297623
-0.0106196
-0.297713
-0.0136168
-0.299569
-0.0150099
-0.302846
-0.0131564
-0.305874
-0.00992339
-0.307248
-0.00783343
-0.307204
-0.00590527
-0.306254
-0.00088456
-0.305514
0.00368206
-0.305995
0.0053644
-0.307503
0.0065564
-0.309488
0.00726253
-0.31091
0.00740336
-0.311155
0.00535131
-0.309846
0.00021695
-0.306945
-0.00675388
-0.304086
-0.0131432
-0.302498
-0.0132564
-0.302468
-0.00904785
-0.303928
-0.00660519
-0.306897
-0.007691
-0.311777
-0.0123357
-0.317279
-0.0168229
-0.321385
-0.0200356
-0.323493
-0.0218593
-0.324809
-0.0195171
-0.32521
-0.00870797
-0.324709
0.00311904
-0.322196
0.0122164
-0.317525
0.01401
-0.314112
0.00237371
-0.314673
-0.0151313
-0.319034
-0.0263695
-0.324303
-0.0278723
-0.327824
-0.0257478
-0.329588
-0.0222439
-0.329853
-0.0140953
-0.329079
-0.00679118
-0.329579
-0.00886821
-0.332215
-0.0146507
-0.334899
-0.0138678
-0.336256
-0.00850123
-0.336764
-0.00514355
-0.336553
-0.00488499
-0.335445
-0.00737798
-0.333281
-0.0123441
-0.33037
-0.0207588
-0.326849
-0.032577
-0.322686
-0.0483988
-0.318198
-0.0702533
-0.313544
-0.099111
-0.308586
-0.135967
-0.303337
-0.183219
-0.298332
-0.243847
-0.294577
-0.319555
-0.293485
-0.409294
-0.296945
-0.507474
-0.304837
-0.596272
-0.305897
-0.65454
-0.267686
-0.645912
-0.286072
-0.0076835
0.59829
-0.0170667
0.565795
-0.0265463
0.53037
-0.034775
0.500055
-0.0428655
0.452333
-0.0474327
0.413763
-0.0457928
0.398341
-0.0408453
0.387993
-0.0284359
0.340399
-0.0121738
0.301384
-0.00639445
0.419367
-0.000507889
0.50665
0.0108944
0.435467
0.00615947
0.39056
-0.00432354
0.345477
-0.0104146
0.327516
-0.0126767
0.319273
-0.0151633
0.288627
-0.0172751
0.243447
-0.0181756
0.203511
-0.0176779
0.17001
-0.0156243
0.142806
-0.0122856
0.120582
-0.00832065
0.101698
-0.00477973
0.0836748
-0.00285141
0.0655202
-0.00316536
0.0493267
-0.00527833
0.0375305
-0.00781642
0.0306326
-0.00979144
0.0262993
-0.0106735
0.0225463
-0.0106599
0.0175496
-0.0100131
0.0120372
-0.00960967
0.00656134
-0.0106254
0.00141624
-0.0129563
-0.00199562
-0.0155938
-0.00347817
-0.0173844
-0.00465418
-0.0179882
-0.00743728
-0.0179334
-0.0106746
-0.0185466
-0.0130038
-0.0206537
-0.012903
-0.0236645
-0.0101458
-0.0261239
-0.00746413
-0.0271296
-0.00682781
-0.0271894
-0.00584558
-0.0267
-0.00137404
-0.0263784
0.00336043
-0.0270397
0.00602576
-0.0284611
0.00797777
-0.030025
0.00882651
-0.0308275
0.00820589
-0.03038
0.0049039
-0.0285466
-0.00161643
-0.0257955
-0.00950487
-0.0238049
-0.0151337
-0.0232567
-0.0138044
-0.0239234
-0.00838104
-0.0257123
-0.00481619
-0.0287493
-0.00465386
-0.0332095
-0.00787531
-0.0378435
-0.0121887
-0.041109
-0.0167699
-0.0428691
-0.0200989
-0.0442387
-0.0181474
-0.0448099
-0.00813656
-0.0442528
0.00256219
-0.0417255
0.00968927
-0.0374938
0.00977852
-0.0347268
-0.000393047
-0.0357573
-0.0141006
-0.040027
-0.0220996
-0.0447462
-0.0231529
-0.0478571
-0.0226367
-0.0496885
-0.0204124
-0.0503927
-0.0133909
-0.0502049
-0.0069788
-0.0510901
-0.00798285
-0.0537994
-0.0119413
-0.0565817
-0.0110853
-0.0582362
-0.00684659
-0.0591189
-0.00426081
-0.0593996
-0.00460414
-0.0590478
-0.00772972
-0.0580818
-0.0133101
-0.0568912
-0.0219493
-0.0557306
-0.0337376
-0.0547498
-0.0493796
-0.0543869
-0.0706162
-0.054965
-0.0985329
-0.0565902
-0.134342
-0.0595298
-0.180279
-0.0645149
-0.238862
-0.0727167
-0.311353
-0.0857594
-0.396251
-0.105533
-0.4877
-0.130579
-0.571226
-0.14593
-0.639189
-0.10908
-0.682762
-0.332236
0.0126009
0.590689
0.0233796
0.555016
0.0329653
0.520784
0.0419819
0.491039
0.0499059
0.444408
0.059745
0.403924
0.0754964
0.382589
0.0951456
0.368344
0.120599
0.314945
0.150725
0.271258
0.169594
0.400497
0.180879
0.495365
0.196794
0.419552
0.203228
0.384126
0.206049
0.342655
0.212072
0.321492
0.219705
0.311639
0.22749
0.280842
0.233555
0.237381
0.239113
0.197953
0.24471
0.164412
0.25063
0.136884
0.256761
0.114451
0.262691
0.0957673
0.267666
0.0786993
0.270818
0.0623673
0.27184
0.0483036
0.271306
0.0380645
0.270373
0.031564
0.269815
0.0268568
0.269981
0.0223797
0.270618
0.0169124
0.271389
0.0112657
0.271656
0.00629348
0.270768
0.00230433
0.268984
-0.000212534
0.267153
-0.0016473
0.265988
-0.00349003
0.265431
-0.00687998
0.264992
-0.0102365
0.263852
-0.0118639
0.261716
-0.0107668
0.25928
-0.00771042
0.257521
-0.00570455
0.256731
-0.00603842
0.256399
-0.00551324
0.256422
-0.00139763
0.256413
0.00336963
0.255769
0.0066693
0.254728
0.00901954
0.253834
0.00972003
0.253746
0.0082944
0.254745
0.00390447
0.256642
-0.00351298
0.258625
-0.0114875
0.259397
-0.0159063
0.25897
-0.0133774
0.257863
-0.00727309
0.256038
-0.0029914
0.2533
-0.00191525
0.249658
-0.00423357
0.246116
-0.00864649
0.243564
-0.0142175
0.241818
-0.0183527
0.240239
-0.0165687
0.239583
-0.00748049
0.240274
0.00187221
0.242687
0.00727584
0.246154
0.00631219
0.24799
-0.00222886
0.246528
-0.0126389
0.24268
-0.0182505
0.238761
-0.0192338
0.235977
-0.019853
0.233968
-0.0184033
0.23284
-0.0122619
0.232471
-0.00661037
0.231287
-0.00679793
0.228666
-0.00932066
0.225978
-0.00839746
0.22419
-0.00505804
0.223058
-0.00312859
0.222356
-0.00390203
0.221953
-0.00732665
0.221683
-0.0130398
0.221118
-0.0213842
0.219918
-0.0325374
0.217783
-0.0472449
0.214182
-0.0670152
0.208649
-0.0929996
0.200842
-0.126535
0.190255
-0.169692
0.176006
-0.224613
0.156863
-0.292211
0.131326
-0.370713
0.0983019
-0.454677
0.0615484
-0.534473
0.0424943
-0.620135
0.0904862
-0.730754
-0.387443
0.0330052
0.562684
0.0638469
0.524174
0.0928295
0.491802
0.119138
0.46473
0.141419
0.422127
0.162794
0.382549
0.189468
0.355914
0.220851
0.336961
0.256796
0.279
0.298436
0.229618
0.326898
0.372034
0.347
0.475262
0.367137
0.399415
0.38547
0.365792
0.406842
0.321282
0.424094
0.30424
0.443333
0.2924
0.460519
0.263655
0.474191
0.223708
0.48573
0.186413
0.495904
0.154237
0.505149
0.127638
0.513559
0.10604
0.521007
0.0883184
0.527058
0.0726483
0.531192
0.0582326
0.53339
0.0461041
0.534277
0.0371769
0.534774
0.0310665
0.535433
0.0261971
0.536436
0.021376
0.537494
0.015854
0.538287
0.0104726
0.538453
0.00612645
0.537768
0.00298905
0.536568
0.000987117
0.535463
-0.000542865
0.534783
-0.00281007
0.534229
-0.00632588
0.5334
-0.00940847
0.531937
-0.0104009
0.529975
-0.00880521
0.528189
-0.00592435
0.52704
-0.00455612
0.526339
-0.00533756
0.52572
-0.00489361
0.525364
-0.00104204
0.525123
0.00361041
0.524632
0.00716004
0.524128
0.00952436
0.524002
0.0098456
0.524631
0.00766536
0.526027
0.00250926
0.527678
-0.00516482
0.528686
-0.0124947
0.52831
-0.0155306
0.5271
-0.0121672
0.525703
-0.00587643
0.524015
-0.00130304
0.521855
0.000244945
0.519292
-0.0016706
0.516927
-0.00628084
0.515035
-0.0123255
0.513295
-0.0166118
0.511613
-0.0148874
0.510983
-0.00685002
0.511753
0.00110209
0.513874
0.00515551
0.516449
0.0037376
0.517408
-0.00318737
0.515758
-0.0109894
0.512555
-0.0150469
0.509476
-0.0161543
0.506974
-0.0173514
0.504819
-0.0162473
0.503378
-0.0108208
0.502593
-0.00582538
0.501237
-0.00544175
0.498822
-0.00690523
0.496358
-0.00593343
0.494572
-0.00327216
0.493286
-0.0018429
0.492215
-0.00283078
0.491093
-0.00620392
0.48964
-0.0115871
0.487411
-0.0191552
0.484004
-0.0291305
0.479009
-0.0422501
0.471832
-0.0598376
0.461895
-0.0830623
0.448664
-0.113304
0.431449
-0.152478
0.409282
-0.202445
0.381009
-0.263938
0.345637
-0.335342
0.303719
-0.412759
0.262223
-0.492977
0.245365
-0.603276
0.293655
-0.779045
-0.438752
0.052634
0.51505
0.10214
0.474669
0.149336
0.444605
0.191407
0.422659
0.226483
0.387051
0.254845
0.354187
0.284939
0.32582
0.324239
0.29766
0.368055
0.235184
0.412284
0.185389
0.450197
0.334121
0.482789
0.442669
0.524782
0.357422
0.562757
0.327816
0.589631
0.294408
0.617322
0.276549
0.64589
0.263831
0.671094
0.23845
0.691469
0.203333
0.70829
0.169592
0.722466
0.14006
0.734609
0.115494
0.745053
0.0955952
0.753935
0.0794351
0.761108
0.0654751
0.766349
0.052991
0.769825
0.0426279
0.772122
0.0348788
0.773939
0.029249
0.775649
0.024486
0.777325
0.0196994
0.77871
0.0144687
0.779592
0.00958979
0.779857
0.00586156
0.77952
0.00332564
0.778883
0.0016233
0.778315
2.46239e-05
0.777889
-0.00238369
0.777262
-0.00569958
0.776201
-0.00834761
0.774687
-0.0088871
0.773055
-0.00717394
0.771809
-0.00467798
0.771012
-0.00375914
0.77028
-0.00460587
0.769478
-0.00409147
0.768969
-0.000532974
0.768735
0.00384429
0.768565
0.00732984
0.768629
0.00945989
0.769122
0.00935325
0.77015
0.00663722
0.771497
0.00116228
0.772532
-0.0061995
0.772549
-0.0125121
0.771365
-0.014346
0.769792
-0.0105945
0.768433
-0.0045166
0.767126
4.14285e-06
0.765679
0.00169187
0.764072
-6.32811e-05
0.762511
-0.00472028
0.760926
-0.0107399
0.7591
-0.0147859
0.757382
-0.0131685
0.756791
-0.00625891
0.757512
0.000381526
0.759209
0.00345835
0.760967
0.00197992
0.761294
-0.00351446
0.759682
-0.00937729
0.757081
-0.0124457
0.754571
-0.0136439
0.752209
-0.0149891
0.749969
-0.0140075
0.748391
-0.00924205
0.747405
-0.00483953
0.746023
-0.00405965
0.743874
-0.00475616
0.74169
-0.00374942
0.739993
-0.00157442
0.738612
-0.000462508
0.737213
-0.00143171
0.735452
-0.00444211
0.732991
-0.00912664
0.729389
-0.0155531
0.72421
-0.0239516
0.716975
-0.0350147
0.707042
-0.0499046
0.69374
-0.0697607
0.676376
-0.0959396
0.654098
-0.1302
0.625857
-0.174204
0.590575
-0.228656
0.547744
-0.292511
0.499124
-0.364139
0.452695
-0.446548
0.428003
-0.578584
0.428208
-0.77925
-0.443685
0.0706911
0.449359
0.135883
0.409477
0.197546
0.382941
0.253719
0.366486
0.29923
0.34154
0.334986
0.31843
0.356622
0.304184
0.39793
0.256352
0.452124
0.18099
0.479178
0.158335
0.510446
0.302852
0.577892
0.375223
0.651993
0.283321
0.703527
0.276281
0.742775
0.255159
0.779218
0.240105
0.814925
0.228123
0.846444
0.206929
0.872312
0.177464
0.893528
0.148375
0.911043
0.122544
0.925622
0.100915
0.937815
0.0834018
0.947985
0.0692635
0.956225
0.057235
0.96254
0.0466751
0.967203
0.0379644
0.970733
0.031348
0.973649
0.0263322
0.976198
0.0219362
0.978397
0.0175003
0.980056
0.012809
0.981089
0.00855615
0.981551
0.00539908
0.981573
0.00330355
0.981382
0.00181376
0.98116
0.000246458
0.980843
-0.00206711
0.980143
-0.00500048
0.978982
-0.0071864
0.977553
-0.00745892
0.97624
-0.00586114
0.975357
-0.00379423
0.974734
-0.00313651
0.973974
-0.00384627
0.973132
-0.00324964
0.972653
-5.35571e-05
0.97259
0.00390688
0.972811
0.00710916
0.97338
0.00889106
0.974296
0.00843728
0.97545
0.00548293
0.976487
0.000125519
0.976817
-0.00652987
0.976032
-0.0117263
0.974354
-0.0126681
0.972689
-0.0089294
0.971543
-0.00337105
0.970713
0.000834899
0.969943
0.00246158
0.969064
0.000816542
0.967994
-0.00365025
0.966527
-0.00927315
0.964632
-0.0128911
0.96292
-0.0114564
0.962328
-0.00566588
0.962899
-0.000190075
0.96416
0.00219791
0.965276
0.000864119
0.965202
-0.00344045
0.963707
-0.00788207
0.961543
-0.0102808
0.959363
-0.0114636
0.957088
-0.0127144
0.954862
-0.0117808
0.953275
-0.00765497
0.952246
-0.00381108
0.95097
-0.00278303
0.949157
-0.00294322
0.947327
-0.00191929
0.945837
-8.4075e-05
0.944508
0.000867026
0.942978
9.82258e-05
0.940873
-0.00233705
0.93784
-0.00609365
0.933457
-0.0111699
0.927282
-0.017777
0.918803
-0.0265351
0.907348
-0.0384505
0.892175
-0.0545868
0.872455
-0.0762201
0.847201
-0.104946
0.815264
-0.142267
0.775555
-0.188947
0.727673
-0.244629
0.673209
-0.309675
0.617472
-0.390811
0.565321
-0.526433
0.488645
-0.702574
-0.390964
0.0846364
0.369722
0.160517
0.333597
0.231066
0.312392
0.298034
0.299518
0.355227
0.284347
0.398292
0.275365
0.437863
0.264613
0.484463
0.209751
0.521542
0.143911
0.539181
0.140695
0.587375
0.254658
0.67104
0.291558
0.743704
0.210657
0.804401
0.215584
0.852694
0.206865
0.895922
0.196876
0.936521
0.187524
0.972271
0.171178
1.00192
0.147819
1.02621
0.124081
1.04608
0.102669
1.0624
0.0845994
1.07586
0.0699379
1.087
0.0581242
1.09608
0.0481549
1.10326
0.0394918
1.10887
0.0323582
1.11334
0.0268724
1.11707
0.0226004
1.12023
0.0187826
1.1228
0.0149265
1.12468
0.0109269
1.12588
0.00735246
1.12656
0.00472434
1.12688
0.00298556
1.12699
0.00169581
1.12697
0.000268103
1.12669
-0.00178849
1.12595
-0.00426026
1.12479
-0.00602101
1.12349
-0.00616481
1.12243
-0.00479492
1.12175
-0.00312193
1.12122
-0.00260464
1.12049
-0.00311542
1.11972
-0.00248202
1.11938
0.000285415
1.11956
0.0037298
1.12014
0.00652586
1.12109
0.00794972
1.12223
0.00729793
1.12331
0.00440048
1.12393
-0.000497042
1.12363
-0.0062339
1.12229
-0.010383
1.12038
-0.0107551
1.11879
-0.00733827
1.11792
-0.00250696
1.11755
0.00121337
1.11732
0.00268638
1.11694
0.00120179
1.11614
-0.00285053
1.1147
-0.00783818
1.11277
-0.0109563
1.11107
-0.00975543
1.11042
-0.00501775
1.11079
-0.000557405
1.11165
0.00133199
1.1123
0.00022063
1.11198
-0.00312377
1.11061
-0.00650946
1.10873
-0.00840754
1.10675
-0.00948203
1.10457
-0.010536
1.10245
-0.00965578
1.10095
-0.0061555
1.09999
-0.00285333
1.09892
-0.00171134
1.0975
-0.00152053
1.09608
-0.000504956
1.09491
0.0010879
1.0938
0.00198213
1.09238
0.00151444
1.0903
-0.000252118
1.08721
-0.00300258
1.08273
-0.00668988
1.07644
-0.0114872
1.06782
-0.0179217
1.05621
-0.0268384
1.04081
-0.0391826
1.02068
-0.0560968
0.994723
-0.0789864
0.961633
-0.109177
0.920125
-0.147438
0.869337
-0.193841
0.809326
-0.249664
0.740514
-0.321999
0.653091
-0.43901
0.510004
-0.559487
-0.298569
0.0933417
0.281381
0.173115
0.253823
0.24467
0.240837
0.31806
0.226127
0.387508
0.214899
0.448313
0.214559
0.501699
0.211227
0.542794
0.168655
0.566585
0.12012
0.575936
0.131344
0.631721
0.198872
0.721611
0.201668
0.790972
0.141295
0.854706
0.151849
0.907674
0.153897
0.954474
0.150076
0.997256
0.144741
1.03483
0.133603
1.06623
0.116421
1.09202
0.0982914
1.11306
0.0816255
1.13024
0.0674172
1.14435
0.0558323
1.15599
0.0464795
1.16554
0.0386011
1.17326
0.0317774
1.17946
0.0261535
1.18454
0.0217964
1.18878
0.0183584
1.1923
0.0152581
1.19511
0.0121218
1.19714
0.00889204
1.19848
0.00601096
1.19932
0.00388405
1.19984
0.00246706
1.20014
0.00139306
1.20022
0.000187632
1.19995
-0.00151553
1.19919
-0.00350483
1.19807
-0.00489427
1.19689
-0.0049925
1.19599
-0.00389249
1.19543
-0.00256575
1.19496
-0.0021282
1.19429
-0.00245109
1.19365
-0.00184377
1.19349
0.000448323
1.1939
0.00331749
1.19478
0.00565163
1.19597
0.00676065
1.1972
0.00606938
1.19812
0.00347362
1.19835
-0.000727522
1.19758
-0.00545634
1.19588
-0.00868981
1.19389
-0.00876435
1.19244
-0.0058817
1.19183
-0.00190093
1.19181
0.00123272
1.19198
0.00251595
1.19192
0.00126787
1.19126
-0.00219506
1.18982
-0.00640122
1.18786
-0.00899313
1.18615
-0.00804439
1.18541
-0.00427626
1.18556
-0.000711821
1.1861
0.000790263
1.18641
-8.68823e-05
1.18594
-0.00265597
1.18467
-0.00523209
1.18299
-0.00672531
1.18114
-0.00763701
1.17907
-0.0084691
1.1771
-0.00767957
1.17574
-0.00479727
1.17492
-0.00203661
1.17412
-0.000904505
1.17311
-0.000517148
1.17216
0.000449954
1.1714
0.0018439
1.17067
0.00271908
1.16962
0.00256498
1.16792
0.00144688
1.16527
-0.00035701
1.16135
-0.00277189
1.15579
-0.00592222
1.14809
-0.010228
1.13762
-0.016364
1.12356
-0.0251203
1.10492
-0.0374559
1.08047
-0.0545431
1.04877
-0.0774696
1.00819
-0.106863
0.957149
-0.1428
0.893791
-0.186306
0.81414
-0.242348
0.699502
-0.324372
0.517118
-0.377104
-0.187369
0.0947951
0.191585
0.170462
0.178156
0.235908
0.175391
0.309805
0.152231
0.38396
0.140744
0.448285
0.150233
0.504093
0.15542
0.546654
0.126094
0.570298
0.0964757
0.579033
0.122608
0.635627
0.142278
0.722243
0.115051
0.785593
0.0779442
0.845872
0.0915703
0.897621
0.102147
0.943621
0.104075
0.985376
0.102986
1.02221
0.0967662
1.05331
0.0853206
1.07902
0.0725841
1.10005
0.0605927
1.11723
0.0502369
1.13133
0.0417268
1.143
0.0348159
1.15263
0.0289691
1.16052
0.0238899
1.16698
0.0196927
1.17234
0.016436
1.17683
0.0138676
1.18053
0.0115531
1.18345
0.00920561
1.18556
0.00677765
1.18698
0.00458944
1.18792
0.00294769
1.18854
0.00183854
1.18894
0.000996115
1.18906
6.39087e-05
1.18878
-0.00123547
1.18802
-0.00274188
1.18693
-0.00380109
1.18583
-0.00389788
1.18502
-0.003081
1.18452
-0.00206812
1.18408
-0.00168894
1.18349
-0.0018603
1.18298
-0.00133485
1.18298
0.000453289
1.18358
0.00271176
1.18467
0.00456158
1.18603
0.00540814
1.18729
0.00480749
1.18807
0.00269269
1.188
-0.000657877
1.18689
-0.00434588
1.18498
-0.00678365
1.18297
-0.00675372
1.18163
-0.00453822
1.18121
-0.00148083
1.18144
0.00100053
1.18188
0.0020764
1.18202
0.00112989
1.18145
-0.0016212
1.18
-0.00495225
1.178
-0.00700015
1.17626
-0.00629832
1.17541
-0.003426
1.17537
-0.000677681
1.17567
0.000494113
1.17575
-0.00016132
1.17518
-0.0020873
1.17396
-0.00401595
1.1724
-0.00516498
1.17065
-0.00589014
1.16869
-0.00650916
1.16687
-0.00585081
1.16566
-0.00358747
1.16501
-0.00138617
1.16448
-0.000375628
1.16388
7.58942e-05
1.1634
0.000938167
1.16311
0.00212655
1.16287
0.00295888
1.16238
0.00305692
1.16135
0.00247972
1.15953
0.00146135
1.15667
8.79735e-05
1.15246
-0.00171357
1.14649
-0.00425052
1.13814
-0.00802118
1.12666
-0.0136341
1.11103
-0.021826
1.08998
-0.0335006
1.06197
-0.0494545
1.02518
-0.070071
0.977526
-0.0951483
0.916021
-0.124802
0.834586
-0.160913
0.712033
-0.201819
0.523182
-0.188252
-0.07556
0.0874347
0.109151
0.159584
0.106006
0.224607
0.110367
0.285133
0.0917049
0.343656
0.0822207
0.395446
0.0984431
0.451333
0.0995331
0.501734
0.0756918
0.528059
0.070151
0.541759
0.108907
0.591669
0.092367
0.667547
0.0391725
0.720929
0.0245617
0.770586
0.0419127
0.814992
0.0577402
0.855815
0.0632514
0.89349
0.0653101
0.927322
0.0629332
0.956366
0.0562763
0.980651
0.0482983
1.00067
0.0405711
1.01711
0.0337978
1.03066
0.0281761
1.04191
0.0235688
1.05124
0.0196317
1.05895
0.0161798
1.06533
0.0133157
1.07066
0.0111038
1.07514
0.00938623
1.07884
0.00785627
1.08174
0.0062996
1.08386
0.00466341
1.08529
0.00315554
1.08624
0.00199267
1.08689
0.00119107
1.0873
0.000590146
1.08741
-4.945e-05
1.08711
-0.000933345
1.08633
-0.00196973
1.08525
-0.00272114
1.08418
-0.00282635
1.08339
-0.00228518
1.08289
-0.001569
1.08245
-0.00125658
1.08192
-0.00132414
1.08151
-0.000923444
1.08161
0.000348643
1.08235
0.00197522
1.08358
0.00332719
1.08504
0.00394576
1.08633
0.00351752
1.08703
0.00199353
1.08679
-0.000416749
1.0855
-0.00305441
1.0835
-0.00477849
1.0815
-0.00475337
1.08021
-0.00325182
1.07986
-0.00113579
1.08021
0.000652783
1.08079
0.00149442
1.08105
0.000876686
1.08052
-0.00109336
1.07906
-0.00349362
1.07704
-0.00498133
1.07525
-0.00450912
1.07431
-0.00247791
1.07413
-0.000503223
1.07427
0.00035896
1.0742
-9.15342e-05
1.07357
-0.00145481
1.07238
-0.00283041
1.07088
-0.00366697
1.06919
-0.00419588
1.0673
-0.00462328
1.06558
-0.00413038
1.06449
-0.00249223
1.06398
-0.000878138
1.06369
-8.48447e-05
1.06345
0.000319293
1.06337
0.00101008
1.06355
0.00194903
1.06384
0.00266964
1.06399
0.00290993
1.06375
0.00271516
1.06295
0.00226719
1.06139
0.00164636
1.05885
0.000825205
1.055
-0.000395911
1.04932
-0.00234108
1.04111
-0.00542941
1.02944
-0.0101576
1.0131
-0.0171542
0.990566
-0.0269246
0.960133
-0.0396374
0.919851
-0.0548663
0.867023
-0.0719745
0.796285
-0.090175
0.690114
-0.095648
0.530796
-0.0289333
0.0183058
0.0694454
0.0447051
0.128141
0.0473112
0.184167
0.0543405
0.233409
0.0424631
0.275954
0.0396757
0.318375
0.056022
0.367652
0.0502555
0.412261
0.0310823
0.443153
0.0392586
0.467838
0.0842219
0.508133
0.0520718
0.558093
-0.0107879
0.592028
-0.0093741
0.624053
0.00988684
0.656077
0.0257154
0.688322
0.0310057
0.71973
0.0339014
0.749016
0.0336466
0.774814
0.0304779
0.796759
0.0263527
0.815072
0.0222571
0.830245
0.0186238
0.842838
0.0155819
0.853341
0.0130649
0.86209
0.0108818
0.869333
0.00893657
0.875334
0.0073136
0.880363
0.00607424
0.884603
0.00514568
0.888119
0.00433882
0.890902
0.003516
0.892942
0.00262305
0.894326
0.00177084
0.89523
0.00108824
0.895815
0.000605881
0.896151
0.000252958
0.896201
-9.90188e-05
0.895853
-0.000585662
0.895057
-0.00117498
0.893961
-0.00162466
0.892854
-0.00171949
0.891997
-0.00142914
0.891432
-0.00100348
0.890964
-0.000789162
0.890447
-0.00080707
0.890088
-0.000564338
0.890248
0.000188295
0.891059
0.00116446
0.89239
0.00199576
0.893945
0.00239092
0.895296
0.0021661
0.896007
0.0012831
0.895731
-0.000140619
0.894394
-0.0017176
0.89238
-0.00276373
0.890406
-0.00277941
0.889114
-0.00196012
0.888731
-0.000752644
0.889063
0.000321284
0.889678
0.000879016
0.889986
0.000568877
0.889488
-0.000594755
0.888028
-0.00203367
0.88599
-0.00294285
0.884161
-0.00267994
0.883144
-0.00146098
0.882894
-0.000253021
0.882959
0.00029428
0.882831
3.72671e-05
0.882169
-0.000792829
0.880987
-0.0016482
0.879495
-0.00217498
0.877798
-0.00249832
0.875929
-0.00275394
0.874252
-0.00245293
0.873214
-0.00145435
0.8728
-0.000464209
0.872685
3.09695e-05
0.872709
0.000295352
0.872977
0.000741931
0.873566
0.0013605
0.874366
0.00186911
0.875163
0.00211354
0.875759
0.00211903
0.876019
0.00200702
0.875833
0.00183253
0.875057
0.00160125
0.873457
0.00120442
0.870636
0.000480071
0.86602
-0.000813718
0.858799
-0.00293617
0.847909
-0.00626461
0.83204
-0.0110552
0.809798
-0.0173952
0.779884
-0.024953
0.741006
-0.0330963
0.691
-0.0401691
0.62337
-0.0280175
0.532042
0.0623939
0.0713582
0.0422398
0.0074652
0.0788415
0.0107094
0.117971
0.0152104
0.150331
0.0101035
0.180213
0.009793
0.21804
0.018195
0.253987
0.0143083
0.280156
0.00491295
0.307875
0.0115396
0.351172
0.0409241
0.383011
0.0202325
0.39191
-0.0196878
0.395445
-0.0129094
0.405508
-0.000177416
0.42423
0.00699339
0.446225
0.00900909
0.469727
0.0103993
0.492786
0.0105864
0.513654
0.00960896
0.531705
0.00830056
0.546955
0.0070062
0.559715
0.00586327
0.570387
0.00490924
0.579332
0.00411916
0.586791
0.0034214
0.592945
0.00278201
0.598012
0.00224599
0.602238
0.00184676
0.60581
0.00157288
0.608802
0.00134584
0.611204
0.00111341
0.612987
0.000840081
0.614193
0.000563758
0.614949
0.000331567
0.615389
0.000165271
0.615591
5.04725e-05
0.615543
-5.13335e-05
0.615158
-0.000201296
0.614383
-0.000400267
0.613324
-0.000565587
0.612221
-0.000616943
0.611318
-0.00052669
0.610687
-0.000371892
0.610185
-0.000287833
0.609681
-0.000303339
0.609348
-0.000231008
0.609504
3.19207e-05
0.610286
0.000382216
0.611587
0.000695396
0.613116
0.000861208
0.614468
0.000814323
0.615221
0.000530142
0.615042
3.88317e-05
0.613856
-0.000531674
0.612029
-0.000936038
0.610221
-0.000971774
0.608976
-0.000715401
0.608524
-0.000299779
0.608745
9.99965e-05
0.609289
0.000335741
0.609596
0.000262009
0.609148
-0.000146935
0.607788
-0.000672893
0.605868
-0.00102316
0.604133
-0.000944101
0.603164
-0.000492418
0.602943
-3.17954e-05
0.603047
0.000191321
0.602976
0.000108371
0.602388
-0.000204618
0.601281
-0.000541294
0.599854
-0.000747225
0.59822
-0.000864592
0.596434
-0.000967859
0.594848
-0.000866367
0.593889
-0.000495154
0.593554
-0.000129085
0.593547
3.8368e-05
0.593723
0.000119255
0.594186
0.000279501
0.595024
0.000522492
0.596161
0.000731781
0.597422
0.000852867
0.598651
0.000889922
0.599761
0.00089805
0.600699
0.000894237
0.601403
0.000897557
0.60174
0.00086657
0.601452
0.000768725
0.600128
0.000509928
0.597161
3.0671e-05
0.591729
-0.0008323
0.582822
-0.0021476
0.569434
-0.00400773
0.550848
-0.00636708
0.527015
-0.00926318
0.499073
-0.0122273
0.47586
-0.00480424
0.480283
0.0579708
0.0595603
0.0124651
0.0231744
0.0383847
0.0484882
0.058281
0.0764759
0.0907841
0.0956968
0.107236
0.14816
0.168392
0.148704
0.135795
0.135617
0.14261
0.151618
0.162017
0.172603
0.182212
0.190512
0.197518
0.20338
0.208289
0.212408
0.215829
0.21861
0.220856
0.222702
0.224275
0.22562
0.226733
0.227573
0.228137
0.228468
0.228633
0.228683
0.228632
0.22843
0.22803
0.227464
0.226847
0.22632
0.225948
0.22566
0.225357
0.225126
0.225158
0.22554
0.226235
0.227097
0.227911
0.228441
0.22848
0.227948
0.227013
0.226041
0.225326
0.225026
0.225126
0.225462
0.225724
0.225577
0.224904
0.223881
0.222937
0.222445
0.222413
0.222605
0.222713
0.222509
0.221968
0.221221
0.220356
0.219388
0.218522
0.218027
0.217898
0.217937
0.218056
0.218336
0.218858
0.21959
0.220443
0.221333
0.222231
0.223125
0.224023
0.224889
0.225658
0.226168
0.226199
0.225366
0.223219
0.219211
0.212844
0.203581
0.191353
0.186549
0.24452
)
;

boundaryField
{
    inlet
    {
        type            calculated;
        value           nonuniform List<scalar> 
40
(
-0.005
-0.005
-0.005
-0.005
-0.005
-0.005
-0.005
-0.005
-0.005
-0.005
-0.005
-0.005
-0.005
-0.005
-0.005
-0.005
-0.005
-0.005
-0.005
-0.005
-0.005
-0.005
-0.005
-0.005
-0.005
-0.005
-0.005
-0.005
-0.005
-0.005
-0.005
-0.005
-0.005
-0.005
-0.005
-0.005
-0.005
-0.005
-0.005
-0.005
)
;
    }
    outlet
    {
        type            calculated;
        value           nonuniform List<scalar> 
40
(
0.23346
0.423096
0.451102
0.43459
0.422199
0.419462
0.421258
0.418173
0.382462
0.253785
0.0544558
-0.137646
-0.285883
-0.392241
-0.46685
-0.519463
-0.557012
-0.583808
-0.602403
-0.610625
-0.607805
-0.593987
-0.569553
-0.536384
-0.491599
-0.430463
-0.345517
-0.226591
-0.0629159
0.145693
0.344964
0.433141
0.435925
0.417609
0.405918
0.411373
0.43693
0.47899
0.492081
0.30408
)
;
    }
    lowerWall
    {
        type            calculated;
        value           uniform 0;
    }
    upperWall
    {
        type            calculated;
        value           uniform 0;
    }
    frontAndBack
    {
        type            empty;
    }
}


// ************************************************************************* //
