/*--------------------------------*- C++ -*----------------------------------*\
| =========                 |                                                 |
| \\      /  F ield         | foam-extend: Open Source CFD                    |
|  \\    /   O peration     | Version:     5.0                                |
|   \\  /    A nd           | Web:         http://www.foam-extend.org         |
|    \\/     M anipulation  |                                                 |
\*---------------------------------------------------------------------------*/
FoamFile
{
    version     2.0;
    format      ascii;
    class       surfaceScalarField;
    location    "0.05";
    object      phi;
}
// * * * * * * * * * * * * * * * * * * * * * * * * * * * * * * * * * * * * * //

dimensions      [0 3 -1 0 0 0 0];

internalField   nonuniform List<scalar> 
7860
(
0.00545856
-0.000458557
0.0349577
-0.0294985
0.0646692
-0.0297109
0.0892738
-0.024604
0.113023
-0.0237489
0.142452
-0.0294285
0.184705
-0.0422515
0.215724
-0.0310189
0.231781
-0.0160562
0.260551
-0.028769
0.265598
-0.00504605
0.237726
0.0278724
0.222477
0.0152505
0.202713
0.019765
0.176176
0.026538
0.17482
0.00135722
0.174613
0.000207609
0.19174
-0.0171261
0.222199
-0.0304572
0.283993
-0.0617931
0.321037
-0.0370427
0.293587
0.0274512
0.290739
0.00284934
0.290666
7.40519e-05
0.308811
-0.0181439
0.349626
-0.0408139
0.367267
-0.0176402
0.363259
0.00400932
0.323271
0.0399891
0.287329
0.0359433
0.278574
0.00875583
0.283811
-0.00523675
0.288492
-0.00468021
0.292786
-0.00429317
0.304437
-0.0116502
0.328669
-0.0242313
0.365282
-0.0366125
0.359897
0.0053861
0.321796
0.0381011
0.306634
0.015163
0.315745
-0.00911128
0.342794
-0.0270481
0.347445
-0.00465018
0.333791
0.0136536
0.324223
0.00956903
0.314252
0.00997059
0.310422
0.00383064
0.316703
-0.00628097
0.352449
-0.0357456
0.362067
-0.00961864
0.320088
0.0419798
0.286351
0.0337369
0.272077
0.0142736
0.274095
-0.00201767
0.279673
-0.0055779
0.280902
-0.00122874
0.294954
-0.0140528
0.303051
-0.00809703
0.307024
-0.00397298
0.337998
-0.0309733
0.369621
-0.0316236
0.363943
0.00567845
0.326133
0.0378095
0.29641
0.029723
0.278266
0.0181433
0.269162
0.00910368
0.272843
-0.00368064
0.291136
-0.0182937
0.306778
-0.0156414
0.317733
-0.0109554
0.346084
-0.0283515
0.365155
-0.019071
0.337839
0.0273155
0.299722
0.0381163
0.278409
0.0213133
0.284193
-0.00578489
0.303512
-0.0193187
0.324888
-0.0213766
0.340193
-0.0153049
0.346107
-0.00591497
0.336774
0.00933343
0.313124
0.0236496
0.323121
-0.00999731
0.352907
-0.0297865
0.375448
-0.0225412
0.415063
-0.0396158
0.466221
-0.0511586
0.478727
-0.0125059
0.469456
0.00927079
0.450115
0.0193406
0.426634
0.0234806
0.401889
0.0247452
0.391559
0.0103293
0.400306
-0.00874703
0.404344
-0.00403757
0.425948
-0.021605
0.452588
-0.0266394
0.435352
0.017236
0.41898
0.016372
-0.0163511
0.0722442
-0.0677022
0.160662
-0.117915
0.245615
-0.114662
0.318411
-0.0973992
0.373054
-0.0783902
0.449457
-0.10583
0.547112
-0.139905
0.596015
-0.0799197
0.636362
-0.0564016
0.687406
-0.0798117
0.692322
-0.00996038
0.655472
0.0647242
0.589454
0.0812712
0.580561
0.0286592
0.576559
0.0305426
0.529343
0.048575
0.54286
-0.0133075
0.596384
-0.0706475
0.641093
-0.0751635
0.684841
-0.105539
0.733071
-0.0852703
0.75444
0.00608421
0.763904
-0.00661186
0.764949
-0.000968631
0.76851
-0.0217032
0.815805
-0.0881068
0.847253
-0.0490855
0.794862
0.056402
0.754879
0.079974
0.749012
0.0418126
0.718434
0.0393349
0.722216
-0.00901697
0.745535
-0.0279974
0.75394
-0.0126963
0.75787
-0.015579
0.790063
-0.0564235
0.815831
-0.0623793
0.80631
0.0149084
0.791918
0.052494
0.790567
0.0165149
0.805254
-0.0237969
0.828694
-0.0504878
0.828669
-0.00462412
0.778756
0.0635671
0.714613
0.0737121
0.730372
-0.00578804
0.772349
-0.0381454
0.785092
-0.0190237
0.794637
-0.0452902
0.7954
-0.0103815
0.770921
0.0664584
0.714059
0.0905996
0.68741
0.0409226
0.664137
0.0212553
0.642943
0.0156156
0.678988
-0.0372739
0.736901
-0.0719658
0.763514
-0.0347094
0.784107
-0.0245667
0.812034
-0.0589001
0.82203
-0.0416196
0.775218
0.0524896
0.742015
0.0710127
0.744282
0.0274556
0.71608
0.046345
0.68117
0.0440134
0.682359
-0.00486987
0.738038
-0.0739737
0.781978
-0.0595818
0.797372
-0.02635
0.805975
-0.0369548
0.783569
0.00333459
0.769022
0.0418624
0.765285
0.0418529
0.742043
0.044554
0.728044
0.00821389
0.751605
-0.0428809
0.803245
-0.0730167
0.840525
-0.0525855
0.847567
-0.0129575
0.82834
0.028559
0.80989
0.0420991
0.810827
-0.0109351
0.86329
-0.0822504
0.935587
-0.0948387
0.998268
-0.102297
1.07539
-0.128285
1.11269
-0.0497996
1.10506
0.0168939
1.06704
0.0573641
1.0124
0.0781181
0.955954
0.0811919
0.925551
0.0407327
0.933638
-0.0168348
0.950308
-0.0207074
0.982859
-0.0541562
1.00772
-0.0515018
0.974698
0.0502587
0.9
0.09107
0.0130472
0.146899
-0.2096
0.285509
-0.256524
0.411741
-0.240893
0.522813
-0.208469
0.622131
-0.177708
0.712501
-0.196199
0.801609
-0.229012
0.878082
-0.156392
0.91879
-0.0971078
0.928317
-0.0893372
0.892161
0.0261981
0.895046
0.0618403
0.910329
0.0659901
0.931656
0.00733407
0.949123
0.0130772
0.927608
0.0700923
0.908833
0.00546956
0.870046
-0.031858
0.906852
-0.111967
0.959484
-0.15817
0.9711
-0.0968836
0.994146
-0.0169599
1.0082
-0.0206604
0.981759
0.0254715
1.02114
-0.0610851
1.06172
-0.128686
1.05422
-0.0415832
1.02565
0.0849766
1.0081
0.0975238
1.0109
0.0390136
0.978646
0.071595
0.950986
0.0186444
0.969645
-0.0466547
1.00443
-0.0474764
1.00982
-0.0209684
1.00213
-0.0487311
1.03165
-0.0919028
1.02276
0.0237975
0.994195
0.0810617
1.0329
-0.0221895
1.05345
-0.0443433
1.0341
-0.0311384
1.00219
0.0272868
0.951698
0.114059
0.913022
0.112388
0.967608
-0.0603732
1.02331
-0.0938522
1.0459
-0.0416123
1.04161
-0.0409923
1.04405
-0.0128241
1.02788
0.0826258
0.952358
0.166123
0.913403
0.0798777
0.878921
0.0557372
0.870574
0.023963
0.930863
-0.0975634
0.98619
-0.127292
1.01343
-0.0619481
1.03332
-0.0444546
1.0529
-0.0784867
1.00551
0.00577027
0.953919
0.104083
0.963878
0.0610528
0.983331
0.00800224
0.979643
0.0500329
0.950987
0.0726694
0.98109
-0.0349732
1.03766
-0.130545
1.04987
-0.071794
1.03727
-0.01375
1.00156
-0.00124701
0.994051
0.0108462
1.02788
0.00802809
1.04129
0.0284464
1.02783
0.0580121
1.01412
0.0219213
1.05993
-0.0886842
1.11638
-0.129471
1.14036
-0.0765697
1.15544
-0.0280383
1.10297
0.0810361
1.08145
0.0636146
1.1272
-0.0566824
1.19634
-0.151389
1.265
-0.163504
1.31319
-0.150488
1.34517
-0.160264
1.36957
-0.0741995
1.37659
0.00987319
1.33738
0.0965706
1.27747
0.138025
1.24696
0.111707
1.23766
0.0500315
1.22873
-0.00790385
1.24515
-0.0371281
1.25535
-0.0643615
1.24983
-0.0459816
1.20051
0.0995839
1.07967
0.211909
0.0777643
0.195295
-0.399894
0.361048
-0.422277
0.507546
-0.38739
0.638519
-0.339441
0.751106
-0.290294
0.834788
-0.279879
0.87255
-0.266772
0.947903
-0.231744
1.02465
-0.17385
1.02044
-0.0851251
1.05849
-0.011855
1.099
0.0213296
1.16261
0.00238623
1.23461
-0.0646676
1.2182
0.0294924
1.19287
0.0954217
1.13303
0.0653144
1.08495
0.0162238
1.1325
-0.159516
1.17532
-0.200989
1.21539
-0.136952
1.19924
-0.00080717
1.10993
0.0686544
1.13566
-0.00026304
1.20199
-0.127414
1.20047
-0.127166
1.15444
0.00445457
1.13309
0.106323
1.16502
0.0655947
1.15615
0.0478891
1.09805
0.129697
1.09904
0.0176526
1.14187
-0.0894834
1.13886
-0.0444647
1.10516
0.0127398
1.11366
-0.0572379
1.12909
-0.10733
1.10865
0.0442435
1.11067
0.0790354
1.13463
-0.0461456
1.16671
-0.0764182
1.18253
-0.0469628
1.11396
0.095857
1.04956
0.17846
1.0673
0.0946452
1.10292
-0.0959894
1.14002
-0.130951
1.17685
-0.0784447
1.19124
-0.0553827
1.2033
-0.0248824
1.18705
0.0988774
1.13455
0.218619
1.06935
0.145086
1.03268
0.0923992
1.06766
-0.0110143
1.10969
-0.139596
1.13679
-0.154386
1.12369
-0.0488472
1.12911
-0.0498763
1.16069
-0.110063
1.11932
0.0471335
1.08108
0.142326
1.08395
0.0581769
1.11129
-0.0193285
1.13591
0.0254111
1.16135
0.047228
1.1834
-0.0570307
1.14847
-0.0956148
1.14159
-0.0649142
1.13384
-0.00599505
1.1213
0.0112966
1.16519
-0.0330526
1.20109
-0.0278685
1.2065
0.023034
1.18703
0.0774861
1.21348
-0.00453399
1.24051
-0.115712
1.24153
-0.130492
1.30672
-0.14176
1.3591
-0.0804161
1.34827
0.0918603
1.3082
0.103688
1.3551
-0.103588
1.44914
-0.245425
1.46315
-0.177514
1.44252
-0.129858
1.4879
-0.205646
1.49794
-0.0842362
1.47256
0.0352458
1.44675
0.122384
1.41026
0.17451
1.40746
0.114507
1.40536
0.0521296
1.40187
-0.00440806
1.37935
-0.0146104
1.33787
-0.0228821
1.31809
-0.0261981
1.27396
0.143707
1.09276
0.393115
0.190535
0.220162
-0.615056
0.405623
-0.607737
0.567922
-0.549687
0.706078
-0.477596
0.813766
-0.397981
0.88915
-0.355263
0.919402
-0.297022
0.988844
-0.301185
1.03621
-0.221216
1.0933
-0.142214
1.17466
-0.0932165
1.25094
-0.0549457
1.34331
-0.0899821
1.36213
-0.0834847
1.35316
0.0384656
1.31158
0.137002
1.32908
0.0478097
1.37681
-0.0315029
1.33866
-0.121365
1.28134
-0.143668
1.30968
-0.165283
1.31739
-0.00852128
1.22366
0.162388
1.21376
0.00963816
1.20967
-0.123321
1.20254
-0.120035
1.19728
0.00971893
1.18603
0.117574
1.22253
0.0290997
1.22654
0.0438733
1.21391
0.142334
1.18031
0.0512518
1.17331
-0.0824781
1.16089
-0.0320464
1.1738
-0.000175499
1.20936
-0.0927948
1.18331
-0.0812793
1.17133
0.0562292
1.17183
0.0785387
1.16514
-0.0394565
1.16313
-0.0744113
1.20221
-0.0860377
1.21349
0.0845696
1.15584
0.236113
1.15958
0.0909098
1.18235
-0.118765
1.18054
-0.129138
1.18942
-0.087324
1.23109
-0.097057
1.27024
-0.0640299
1.2486
0.12052
1.22356
0.24366
1.18073
0.187918
1.18909
0.0840331
1.24071
-0.0626291
1.24788
-0.146771
1.25745
-0.163958
1.26481
-0.0562013
1.24402
-0.0290907
1.19341
-0.0594548
1.18336
0.0571821
1.18134
0.144352
1.14907
0.090449
1.17551
-0.0457787
1.22723
-0.0263041
1.25074
0.023717
1.22579
-0.0320809
1.21926
-0.0890806
1.20948
-0.0551383
1.19453
0.0089585
1.21508
-0.00925859
1.25995
-0.077922
1.30046
-0.0683826
1.29845
0.025048
1.29573
0.0802067
1.30484
-0.0136463
1.35161
-0.162484
1.37631
-0.155194
1.40793
-0.17338
1.42731
-0.099797
1.43262
0.0865535
1.46022
0.0760847
1.49512
-0.138484
1.55142
-0.301734
1.56967
-0.195758
1.5616
-0.121792
1.53885
-0.182894
1.52187
-0.0672547
1.48458
0.07253
1.47043
0.136541
1.47784
0.167098
1.45364
0.138706
1.45791
0.047863
1.43829
0.0152102
1.37902
0.0446563
1.30188
0.0542596
1.24959
0.0260895
1.20257
0.190724
1.07246
0.523232
0.267572
0.21945
-0.829506
0.400214
-0.7885
0.556245
-0.705718
0.690934
-0.612284
0.802695
-0.509741
0.886303
-0.43887
0.94987
-0.360588
0.98727
-0.338584
1.04163
-0.275578
1.11463
-0.215205
1.22796
-0.206554
1.34081
-0.167789
1.35777
-0.106942
1.31713
-0.0428432
1.35412
0.00147975
1.42574
0.0653798
1.44892
0.0246301
1.45396
-0.0365382
1.39543
-0.0628326
1.29956
-0.0478026
1.24069
-0.106407
1.30035
-0.0681805
1.33031
0.132428
1.27926
0.0606908
1.23406
-0.0781195
1.17102
-0.056988
1.14994
0.0307912
1.1958
0.0717193
1.22231
0.00259124
1.23333
0.0328559
1.2425
0.133168
1.21406
0.079695
1.15224
-0.0206625
1.16349
-0.0432965
1.21369
-0.050371
1.21386
-0.092965
1.20555
-0.0729722
1.22359
0.0381972
1.21651
0.0856156
1.14933
0.0277264
1.15082
-0.0758997
1.19541
-0.130628
1.22089
0.0590888
1.21313
0.243874
1.19027
0.113769
1.19927
-0.127765
1.1901
-0.119967
1.2096
-0.106824
1.23353
-0.120987
1.23405
-0.064545
1.24602
0.108548
1.2613
0.228383
1.28718
0.162032
1.31826
0.0529585
1.33022
-0.0745892
1.29938
-0.115937
1.2501
-0.114674
1.26443
-0.0705372
1.26701
-0.0316632
1.19967
0.00788529
1.20677
0.0500766
1.22542
0.1257
1.1884
0.12747
1.1704
-0.0277749
1.21793
-0.073832
1.27218
-0.0305367
1.27347
-0.0333689
1.24097
-0.0565833
1.23639
-0.0505631
1.22654
0.0188092
1.23466
-0.0173761
1.26421
-0.107469
1.2765
-0.0806761
1.3093
-0.00774841
1.32586
0.0636465
1.31905
-0.00684083
1.36266
-0.206093
1.4464
-0.238936
1.47147
-0.198447
1.44349
-0.0718231
1.45544
0.0746041
1.47975
0.051777
1.46657
-0.1253
1.461
-0.296174
1.49484
-0.22959
1.53171
-0.158668
1.5031
-0.154283
1.48238
-0.0465306
1.43586
0.119045
1.42605
0.146356
1.44416
0.14898
1.41067
0.172195
1.39162
0.0669146
1.36736
0.0394671
1.29029
0.121733
1.17144
0.173105
1.08022
0.117313
1.03963
0.231314
1.00839
0.554474
0.27454
0.198705
-1.02321
0.346819
-0.936612
0.468084
-0.826982
0.579554
-0.723754
0.698141
-0.628327
0.781443
-0.522171
0.837366
-0.41651
0.894277
-0.395494
0.979419
-0.360718
1.06593
-0.301718
1.17959
-0.320208
1.28311
-0.271309
1.2862
-0.110027
1.24911
-0.0057525
1.29828
-0.0476953
1.4022
-0.0385336
1.42715
-0.000322843
1.40838
-0.017765
1.36869
-0.0231416
1.31254
0.00835213
1.20479
0.00134144
1.19083
-0.0542137
1.25405
0.0692045
1.22646
0.088283
1.17982
-0.0314782
1.11464
0.00819545
1.11344
0.0319916
1.17448
0.0106802
1.16823
0.00884248
1.13431
0.0667744
1.14807
0.119409
1.15314
0.074628
1.13401
-0.00153334
1.12532
-0.0345968
1.15119
-0.0762485
1.17631
-0.118079
1.16268
-0.0593436
1.18843
0.0124459
1.20428
0.0697674
1.1726
0.0594131
1.16561
-0.0689125
1.15778
-0.122797
1.16565
0.0512148
1.18621
0.223316
1.19199
0.107994
1.19739
-0.133171
1.20542
-0.127991
1.21397
-0.115372
1.19267
-0.0996861
1.18656
-0.0584357
1.19424
0.10087
1.22819
0.194429
1.28727
0.10295
1.32207
0.0181597
1.32658
-0.0790945
1.28452
-0.0738765
1.22177
-0.051932
1.24342
-0.0921865
1.25825
-0.0464897
1.18655
0.0795818
1.18797
0.0486551
1.20615
0.107526
1.16665
0.166971
1.13514
0.00373534
1.1625
-0.101201
1.22173
-0.0897623
1.25088
-0.0625199
1.25698
-0.062684
1.22076
-0.0143466
1.20921
0.0303618
1.2016
-0.00977046
1.19525
-0.101114
1.20112
-0.0865503
1.21973
-0.0263566
1.27719
0.0061858
1.29123
-0.0208777
1.26975
-0.184616
1.3025
-0.271688
1.3768
-0.272745
1.38855
-0.0835713
1.39916
0.0639881
1.39833
0.0526081
1.36373
-0.0906966
1.33942
-0.271865
1.36276
-0.252928
1.37288
-0.168794
1.34838
-0.129779
1.34996
-0.0481159
1.34204
0.126963
1.34535
0.143048
1.3389
0.155428
1.30744
0.203652
1.26805
0.106312
1.19069
0.116826
1.08971
0.222713
0.989019
0.273793
0.850466
0.255867
0.782976
0.298803
0.819713
0.517737
0.230733
0.166634
-1.18484
0.299027
-1.069
0.41156
-0.939514
0.511571
-0.823764
0.593289
-0.710044
0.682635
-0.611517
0.774499
-0.508373
0.812824
-0.433818
0.883424
-0.431317
0.9657
-0.383993
1.05563
-0.410139
1.13708
-0.352752
1.15726
-0.13021
1.16365
-0.0121359
1.14235
-0.0264033
1.20494
-0.101114
1.28305
-0.0784307
1.26484
0.00044592
1.22768
0.0140153
1.17747
0.0585677
1.10162
0.0771905
1.00901
0.0383915
1.04094
0.0372832
1.09909
0.0301321
1.07484
-0.00722258
1.02103
0.0620057
1.02642
0.0266017
1.06083
-0.0237259
1.03261
0.0370557
0.998198
0.101191
0.998055
0.119553
1.0286
0.0440882
1.05036
-0.0232926
1.08389
-0.068134
1.10182
-0.0941749
1.07887
-0.0951285
1.04807
-0.0285394
1.0707
-0.0101861
1.11521
0.025261
1.12241
0.0522174
1.10876
-0.0552615
1.07152
-0.0855613
1.07681
0.045921
1.12584
0.174289
1.14274
0.0910925
1.1173
-0.107732
1.12833
-0.139017
1.12606
-0.113103
1.11408
-0.087707
1.1014
-0.0457549
1.07539
0.12688
1.14192
0.127899
1.21574
0.0291332
1.23253
0.00137243
1.2258
-0.0723646
1.19691
-0.0449888
1.14913
-0.00415894
1.16457
-0.107617
1.18495
-0.0668791
1.14661
0.117927
1.09608
0.0991881
1.09492
0.108683
1.10897
0.152923
1.06039
0.0523153
1.06907
-0.109882
1.13338
-0.154075
1.17338
-0.102523
1.18501
-0.0743142
1.15956
0.0111071
1.14745
0.0424752
1.14706
-0.00938197
1.09349
-0.0475436
1.08258
-0.0756459
1.11093
-0.0547037
1.16283
-0.0457218
1.19568
-0.053724
1.15702
-0.145957
1.179
-0.293672
1.19761
-0.291355
1.22406
-0.110017
1.27275
0.0152958
1.24446
0.0809004
1.21008
-0.0563221
1.17655
-0.238336
1.19214
-0.268519
1.18997
-0.166624
1.15515
-0.0949549
1.14987
-0.0428377
1.1536
0.123236
1.15955
0.137097
1.12719
0.187785
1.08012
0.250723
1.03717
0.149255
0.960364
0.193637
0.864656
0.318421
0.762071
0.376378
0.606826
0.411111
0.519633
0.385996
0.565101
0.472269
0.172089
0.130793
-1.31064
0.237095
-1.17531
0.32704
-1.02946
0.407431
-0.904154
0.481826
-0.784439
0.553495
-0.683185
0.63794
-0.592816
0.701082
-0.49696
0.765831
-0.496064
0.852676
-0.470837
0.907349
-0.464811
0.907174
-0.352576
0.937182
-0.160216
0.987465
-0.0624175
0.98175
-0.020687
0.97331
-0.0926724
1.0022
-0.107316
1.00745
-0.00480902
0.95602
0.0654496
0.886027
0.128562
0.823488
0.139731
0.761419
0.100462
0.792348
0.00635543
0.867001
-0.0445196
0.869877
-0.0100976
0.862393
0.0694912
0.851458
0.0375387
0.830596
-0.00286282
0.784035
0.0836172
0.805084
0.0801438
0.868302
0.0563367
0.863296
0.0490947
0.879076
-0.0390713
0.932056
-0.121112
0.939324
-0.101442
0.917888
-0.0736918
0.885136
0.00421351
0.867962
0.00698861
0.920836
-0.0276122
0.963588
0.00946609
0.964829
-0.0565027
0.937895
-0.0586265
0.959012
0.0248046
1.03434
0.0989577
1.05457
0.0708684
1.04631
-0.0994694
1.05415
-0.146858
1.04727
-0.106226
1.00727
-0.0477092
0.935142
0.026376
0.924608
0.137415
1.00509
0.0474184
1.06361
-0.0293931
1.05266
0.0123264
0.995754
-0.0154585
0.977879
-0.0271129
1.00668
-0.0329651
1.01869
-0.119623
1.02083
-0.0690171
1.00724
0.131519
0.968985
0.137438
0.98127
0.096399
1.01899
0.115206
1.01136
0.0599371
0.980182
-0.0786992
0.999987
-0.173881
1.04767
-0.150204
1.04302
-0.0696651
0.98383
0.0702957
0.942177
0.0841281
0.951102
-0.0183079
0.961415
-0.0578564
0.967922
-0.0821529
0.953058
-0.0398401
1.0027
-0.0953613
1.05968
-0.110704
1.0491
-0.135382
1.04821
-0.292779
1.04558
-0.28873
1.03991
-0.104348
1.06961
-0.0144021
1.07595
0.0745654
1.03639
-0.0167707
0.975283
-0.177227
0.941062
-0.234298
0.92949
-0.155053
0.898618
-0.064083
0.899928
-0.0441483
0.930357
0.092807
0.909488
0.157967
0.888347
0.208926
0.86975
0.26932
0.782624
0.236381
0.689133
0.287127
0.611471
0.396083
0.499314
0.488535
0.339522
0.570902
0.230613
0.494906
0.283447
0.419435
0.0877806
0.0922891
-1.39793
0.165972
-1.24899
0.221195
-1.08468
0.27854
-0.961499
0.341657
-0.847555
0.405887
-0.747414
0.467884
-0.654812
0.536253
-0.565328
0.60275
-0.562561
0.644899
-0.512984
0.653908
-0.473819
0.671859
-0.370526
0.691559
-0.179915
0.721842
-0.0926986
0.744042
-0.0428855
0.723623
-0.0722522
0.714571
-0.0982627
0.669121
0.0406427
0.589792
0.14478
0.556896
0.161459
0.506661
0.189968
0.479858
0.127266
0.523509
-0.0372947
0.537268
-0.0582769
0.498549
0.0286225
0.498285
0.0697566
0.530866
0.00495931
0.548351
-0.0203468
0.554052
0.0779174
0.581886
0.0523107
0.655878
-0.0176537
0.68658
0.018394
0.668985
-0.0214753
0.685839
-0.137966
0.700478
-0.11608
0.673546
-0.0467592
0.641596
0.0361642
0.649976
-0.00139034
0.715113
-0.0927486
0.759478
-0.0348989
0.772147
-0.0691712
0.749637
-0.0361152
0.764416
0.0100259
0.840591
0.022783
0.86515
0.0463095
0.827803
-0.0621217
0.826564
-0.145619
0.828577
-0.108239
0.781901
-0.00103337
0.729699
0.0785783
0.747044
0.12007
0.813349
-0.0188869
0.851073
-0.0671174
0.819649
0.043751
0.77616
0.0280309
0.763483
-0.0144362
0.762959
-0.0324414
0.741562
-0.0982261
0.738828
-0.0662836
0.765222
0.105125
0.751109
0.151551
0.790236
0.0572725
0.853856
0.0515853
0.861984
0.0518085
0.815026
-0.0317408
0.810682
-0.169538
0.851866
-0.191389
0.846689
-0.064488
0.800155
0.116829
0.712061
0.172222
0.680617
0.0131363
0.728161
-0.105401
0.757474
-0.111466
0.743458
-0.0258241
0.764394
-0.116298
0.829466
-0.175776
0.832113
-0.13803
0.793522
-0.254189
0.770802
-0.26601
0.79798
-0.131526
0.84889
-0.0653122
0.855562
0.0678932
0.82375
0.0150406
0.774105
-0.127583
0.697643
-0.157837
0.633662
-0.091072
0.595246
-0.0256674
0.599764
-0.0486671
0.644487
0.0480837
0.645393
0.157061
0.633621
0.220697
0.598435
0.304506
0.505412
0.329404
0.407583
0.384956
0.32778
0.475886
0.217831
0.598484
0.0637245
0.725009
-0.0370714
0.595702
-0.0316182
0.413982
0.0482442
0.0523526
-1.44528
0.09045
-1.28709
0.115131
-1.10936
0.143901
-0.990268
0.186552
-0.890206
0.234184
-0.795045
0.286167
-0.706794
0.341786
-0.620945
0.377965
-0.598739
0.389762
-0.52478
0.383177
-0.467232
0.404505
-0.391853
0.439853
-0.215262
0.43928
-0.0921244
0.435355
-0.038959
0.415686
-0.0525817
0.357149
-0.039725
0.292071
0.105723
0.235816
0.201036
0.209261
0.188016
0.200178
0.199052
0.177976
0.149469
0.168871
-0.0281876
0.156823
-0.0462279
0.114152
0.0712947
0.102971
0.080939
0.126012
-0.0180801
0.185976
-0.0803098
0.270274
-0.00637989
0.319983
0.00260291
0.369163
-0.0668328
0.406428
-0.0188698
0.410695
-0.0257404
0.41227
-0.13954
0.388308
-0.0921172
0.347843
-0.0062932
0.339713
0.0442954
0.373051
-0.0347277
0.445941
-0.165638
0.51055
-0.0995074
0.509782
-0.0684022
0.466788
0.00687886
0.476081
0.000733994
0.550452
-0.0515882
0.594081
0.00268067
0.590419
-0.0584591
0.551108
-0.106308
0.502436
-0.0595669
0.475955
0.025448
0.484799
0.0697336
0.519278
0.085592
0.555606
-0.0552149
0.589248
-0.100759
0.568014
0.064985
0.510102
0.0859429
0.493251
0.00241482
0.485241
-0.024432
0.451632
-0.0646173
0.442475
-0.0571259
0.443353
0.104247
0.440481
0.154422
0.501865
-0.00411105
0.589792
-0.0363419
0.618105
0.0234949
0.605081
-0.0187165
0.573519
-0.137977
0.570705
-0.188574
0.566001
-0.0597845
0.520317
0.162512
0.446466
0.246073
0.398408
0.0611937
0.424493
-0.131486
0.460852
-0.147826
0.493706
-0.0586781
0.522688
-0.145281
0.553505
-0.206594
0.545175
-0.1297
0.458691
-0.167705
0.401692
-0.209011
0.443712
-0.173548
0.514636
-0.136236
0.546172
0.0363567
0.53414
0.0270722
0.484966
-0.0784091
0.396835
-0.0697061
0.301014
0.00474872
0.242521
0.032825
0.246719
-0.0528647
0.287508
0.00729384
0.294878
0.149691
0.293246
0.222329
0.274562
0.32319
0.197236
0.406729
0.106951
0.475241
0.0346446
0.548192
-0.0720353
0.705164
-0.194336
0.84731
-0.288701
0.690066
-0.340614
0.465895
0.0418661
0.0116952
-1.45197
0.0146266
-1.29002
0.00984405
-1.10458
0.00729378
-0.987717
0.0216682
-0.904579
0.044582
-0.817958
0.0768048
-0.739016
0.110603
-0.654743
0.116757
-0.604892
0.105483
-0.513505
0.0954293
-0.457176
0.103134
-0.399556
0.128151
-0.240277
0.134023
-0.0979951
0.103606
-0.00854077
0.0467571
0.00426798
-0.0146536
0.0216871
-0.0802358
0.171307
-0.140893
0.261695
-0.17721
0.224335
-0.180032
0.201875
-0.184822
0.154261
-0.210337
-0.00267171
-0.238663
-0.0179003
-0.281367
0.114
-0.313171
0.112744
-0.322031
-0.00921899
-0.251425
-0.150914
-0.129773
-0.128031
-0.0692537
-0.0579153
-0.0267275
-0.109358
0.0458306
-0.0914268
0.0636855
-0.0435943
0.0360984
-0.111952
-0.0083446
-0.0476732
-0.0630691
0.0484322
-0.0599991
0.0412262
0.00386681
-0.0985929
0.0956097
-0.257381
0.167896
-0.171793
0.146833
-0.047339
0.0829679
0.0707446
0.0932653
-0.009563
0.177317
-0.13564
0.244237
-0.0642387
0.25972
-0.0739414
0.208732
-0.0553198
0.13232
0.0168447
0.10246
0.0553089
0.136869
0.0353245
0.177749
0.0447122
0.193067
-0.070533
0.230021
-0.137714
0.238413
0.0565935
0.201475
0.122881
0.172258
0.0316313
0.127816
0.0200099
0.0685509
-0.00535218
0.0400941
-0.0286691
0.0407007
0.10364
0.0609973
0.134125
0.139421
-0.0825347
0.258537
-0.155459
0.297157
-0.015125
0.273468
0.00497288
0.230629
-0.0951384
0.199805
-0.15775
0.177904
-0.0378832
0.153776
0.18664
0.108724
0.291124
0.053559
0.116359
0.0607158
-0.138643
0.113362
-0.200473
0.159932
-0.105248
0.191973
-0.177322
0.209175
-0.223796
0.173419
-0.0939438
0.0662836
-0.0605708
-0.0109793
-0.131749
0.0235523
-0.20808
0.112974
-0.225659
0.1723
-0.0229695
0.153639
0.0457326
0.0955531
-0.0203234
0.011107
0.0147396
-0.0853297
0.101185
-0.145628
0.0931231
-0.143357
-0.0551366
-0.10799
-0.0280731
-0.0931339
0.134834
-0.0822221
0.211417
-0.078974
0.319942
-0.125948
0.453703
-0.191499
0.540792
-0.268094
0.624787
-0.358916
0.795986
-0.445922
0.934315
-0.54491
0.789054
-0.603907
0.524892
0.0367638
-0.0323452
-1.41463
-0.0702941
-1.25207
-0.0935181
-1.08135
-0.109885
-0.97135
-0.124805
-0.889658
-0.140129
-0.802634
-0.150182
-0.728963
-0.148765
-0.656159
-0.163956
-0.5897
-0.188487
-0.488973
-0.210241
-0.435421
-0.214817
-0.394979
-0.20239
-0.252703
-0.209178
-0.0912059
-0.263242
0.0455241
-0.349807
0.0908348
-0.416917
0.088799
-0.457483
0.211874
-0.50416
0.308373
-0.55952
0.279697
-0.571128
0.213483
-0.566751
0.149885
-0.594011
0.02459
-0.635954
0.0240443
-0.677501
0.155548
-0.709666
0.144911
-0.730394
0.0115097
-0.676646
-0.204661
-0.561416
-0.24326
-0.494495
-0.124835
-0.460208
-0.143644
-0.375727
-0.175906
-0.347102
-0.0722185
-0.389094
-0.069958
-0.433365
-0.00340172
-0.476097
0.0911648
-0.46166
0.0267901
-0.401051
-0.159202
-0.326847
-0.331583
-0.254862
-0.243777
-0.262124
-0.040077
-0.301985
0.110606
-0.288013
-0.0235342
-0.217424
-0.206229
-0.151387
-0.130275
-0.136038
-0.0892899
-0.182899
-0.00845831
-0.248574
0.0825203
-0.273208
0.0799427
-0.23649
-0.00139375
-0.19822
0.00644277
-0.226919
-0.0418338
-0.198548
-0.166085
-0.130386
-0.0115687
-0.146328
0.138824
-0.196749
0.0820515
-0.257993
0.0812541
-0.326891
0.0635461
-0.361807
0.00624612
-0.348583
0.0904171
-0.311299
0.0968412
-0.247983
-0.145851
-0.13286
-0.270582
-0.0749615
-0.0730234
-0.103331
0.033342
-0.167365
-0.0311042
-0.23587
-0.089246
-0.262953
-0.0108005
-0.24016
0.163846
-0.23645
0.287414
-0.274669
0.154578
-0.293466
-0.119846
-0.260425
-0.233515
-0.223108
-0.142565
-0.216958
-0.183473
-0.213606
-0.227148
-0.242399
-0.0651515
-0.329266
0.0262957
-0.390709
-0.0703057
-0.374913
-0.223876
-0.303767
-0.296805
-0.243843
-0.0828942
-0.277568
0.0794576
-0.327502
0.02961
-0.381967
0.0692038
-0.45788
0.177098
-0.508164
0.143407
-0.510388
-0.0529123
-0.498963
-0.0394989
-0.480594
0.116465
-0.454706
0.185528
-0.439552
0.304788
-0.450727
0.464877
-0.505107
0.595172
-0.577055
0.696735
-0.6528
0.871731
-0.683823
0.965338
-0.714733
0.819963
-0.750957
0.561117
0.0292182
-0.0784336
-1.33119
-0.157507
-1.17299
-0.22244
-1.01642
-0.279233
-0.914556
-0.323522
-0.845368
-0.354645
-0.771511
-0.384243
-0.699364
-0.414386
-0.626016
-0.454128
-0.549958
-0.493479
-0.449621
-0.527064
-0.401834
-0.545938
-0.376105
-0.546939
-0.2517
-0.567138
-0.0710066
-0.630677
0.109064
-0.731241
0.191401
-0.801948
0.159507
-0.81264
0.222567
-0.848949
0.344683
-0.910479
0.341229
-0.93611
0.239115
-0.936663
0.150439
-0.954882
0.042811
-1.00511
0.0742725
-1.05335
0.203792
-1.0813
0.17286
-1.09462
0.024833
-1.05388
-0.245401
-0.957851
-0.339288
-0.89026
-0.192425
-0.862267
-0.171636
-0.789812
-0.24836
-0.762238
-0.0997921
-0.814794
-0.0174016
-0.848096
0.0299019
-0.867684
0.110753
-0.843723
0.00283054
-0.797534
-0.205391
-0.752919
-0.376197
-0.694901
-0.301795
-0.677198
-0.0577795
-0.685523
0.118931
-0.675685
-0.0333718
-0.607152
-0.274762
-0.538683
-0.198744
-0.540886
-0.0870866
-0.578156
0.0288118
-0.629702
0.134066
-0.645537
0.0957773
-0.610384
-0.0365466
-0.571907
-0.0320343
-0.608662
-0.00507872
-0.602897
-0.171849
-0.502569
-0.111897
-0.491885
0.128139
-0.563542
0.153708
-0.631676
0.149388
-0.695937
0.127807
-0.742005
0.0523139
-0.719402
0.0678144
-0.665615
0.0430538
-0.617331
-0.194135
-0.51722
-0.370693
-0.462919
-0.127324
-0.493018
0.0634408
-0.560294
0.036172
-0.641534
-0.00800682
-0.666488
0.0141535
-0.612025
0.109383
-0.546767
0.222155
-0.561636
0.169447
-0.632524
-0.0489584
-0.61973
-0.246309
-0.591111
-0.171185
-0.634098
-0.140486
-0.65665
-0.204597
-0.680545
-0.0412559
-0.727538
0.0732883
-0.77783
-0.020014
-0.771251
-0.230456
-0.693115
-0.374941
-0.654208
-0.121802
-0.707693
0.132941
-0.740941
0.0628582
-0.772658
0.10092
-0.830736
0.235175
-0.865604
0.178275
-0.895283
-0.0232334
-0.885897
-0.0488852
-0.865183
0.0957514
-0.842698
0.163043
-0.762515
0.224605
-0.73657
0.438932
-0.79141
0.650012
-0.852177
0.757502
-0.88811
0.907663
-0.892327
0.969555
-0.876808
0.804444
-0.839019
0.523328
0.00716339
-0.12549
-1.2007
-0.244616
-1.05387
-0.345148
-0.915888
-0.432542
-0.827161
-0.502523
-0.775387
-0.554996
-0.719037
-0.60868
-0.645679
-0.67053
-0.564166
-0.733882
-0.486605
-0.786091
-0.397411
-0.831913
-0.356012
-0.872857
-0.33516
-0.898093
-0.226463
-0.926233
-0.042866
-0.978596
0.161428
-1.07117
0.283972
-1.14352
0.231866
-1.13945
0.218494
-1.17652
0.381755
-1.23083
0.395542
-1.26851
0.276799
-1.29128
0.173209
-1.31257
0.0640969
-1.35348
0.115184
-1.38844
0.238753
-1.44312
0.227541
-1.43759
0.0193031
-1.39165
-0.291344
-1.2971
-0.433836
-1.22743
-0.262096
-1.24465
-0.154407
-1.24853
-0.244487
-1.20623
-0.142089
-1.19864
-0.0249925
-1.20228
0.0335453
-1.19331
0.101784
-1.21402
0.0235398
-1.1658
-0.253607
-1.1311
-0.410898
-1.14494
-0.287957
-1.07804
-0.124674
-1.03181
0.0727025
-1.05097
-0.0142176
-1.03855
-0.28718
-0.948791
-0.288503
-0.911216
-0.124661
-0.975109
0.0927044
-1.02109
0.180052
-1.02355
0.0982344
-0.983336
-0.0767619
-0.931113
-0.0842568
-0.959983
0.0237913
-0.991322
-0.14051
-0.942276
-0.160943
-0.874092
0.059956
-0.894421
0.174037
-0.998268
0.253235
-1.07927
0.208813
-1.0957
0.0687353
-1.06429
0.0364049
-1.03243
0.0111933
-0.998057
-0.228505
-0.951314
-0.417436
-0.866135
-0.212504
-0.847156
0.0444619
-0.913192
0.102208
-0.983034
0.0618357
-1.02126
0.0523786
-0.95218
0.0403027
-0.859393
0.129368
-0.874714
0.184768
-0.972126
0.0484534
-1.01944
-0.198995
-0.971894
-0.218732
-0.993868
-0.118513
-1.05538
-0.143088
-1.0915
-0.00512829
-1.10847
0.0902579
-1.11871
-0.00978332
-1.14978
-0.199385
-1.14193
-0.382787
-1.0681
-0.195632
-1.06085
0.125688
-1.12329
0.125302
-1.1445
0.122126
-1.16395
0.254633
-1.20497
0.21929
-1.24597
0.017763
-1.26774
-0.0271133
-1.24779
0.0758004
-1.20893
0.124181
-1.11992
0.135595
-1.04094
0.359955
-1.05066
0.659736
-1.08733
0.794167
-1.08261
0.902945
-1.04107
0.928018
-0.976299
0.739671
-0.890755
0.437785
-0.0259633
-0.171711
-1.02399
-0.326977
-0.898601
-0.459166
-0.7837
-0.570816
-0.71551
-0.661162
-0.685041
-0.741051
-0.639148
-0.827431
-0.559298
-0.915554
-0.476043
-0.993962
-0.408197
-1.05793
-0.333444
-1.11581
-0.29813
-1.17435
-0.276618
-1.22175
-0.179059
-1.2575
-0.00712434
-1.28713
0.191059
-1.36561
0.362453
-1.46888
0.335136
-1.49411
0.24373
-1.51604
0.403684
-1.58935
0.468853
-1.61421
0.301659
-1.61145
0.170448
-1.65819
0.110844
-1.71757
0.174561
-1.74435
0.265532
-1.75506
0.238256
-1.72209
-0.0136665
-1.70135
-0.312081
-1.67118
-0.46401
-1.61706
-0.316218
-1.60774
-0.16372
-1.66035
-0.191881
-1.68009
-0.122348
-1.6401
-0.0649803
-1.63957
0.033018
-1.60425
0.0664657
-1.59095
0.0102344
-1.5783
-0.266258
-1.5455
-0.443697
-1.51484
-0.318617
-1.47891
-0.160603
-1.46375
0.0575476
-1.46041
-0.0175618
-1.45516
-0.292429
-1.3703
-0.373366
-1.33067
-0.164289
-1.36909
0.131123
-1.38885
0.199815
-1.3903
0.0996828
-1.37504
-0.0920227
-1.32562
-0.133673
-1.33092
0.0290916
-1.39327
-0.0781586
-1.41778
-0.136437
-1.35415
-0.00367641
-1.32211
0.141998
-1.38552
0.316651
-1.44003
0.263322
-1.47565
0.104349
-1.45423
0.0149892
-1.39815
-0.044887
-1.38644
-0.240219
-1.40684
-0.397028
-1.34025
-0.279101
-1.25993
-0.0358494
-1.28617
0.128441
-1.34304
0.118711
-1.37151
0.0808459
-1.35102
0.0198092
-1.25888
0.0372319
-1.23478
0.160663
-1.32175
0.135422
-1.43519
-0.0855532
-1.43229
-0.221626
-1.40368
-0.147125
-1.44562
-0.101149
-1.46442
0.0136745
-1.41647
0.0423029
-1.40646
-0.0197913
-1.49922
-0.106621
-1.56565
-0.316359
-1.55008
-0.211208
-1.4678
0.0434139
-1.47412
0.131623
-1.57384
0.221839
-1.56236
0.243153
-1.53635
0.193278
-1.59296
0.0743759
-1.61035
-0.0097232
-1.57316
0.0386145
-1.55959
0.110609
-1.51076
0.0867633
-1.42383
0.273031
-1.33396
0.569861
-1.26882
0.729029
-1.23129
0.86541
-1.14874
0.845468
-1.04221
0.633145
-0.923793
0.319368
-0.0627133
-0.213955
-0.805036
-0.399961
-0.712595
-0.558198
-0.625462
-0.690422
-0.583286
-0.802652
-0.572811
-0.913184
-0.528615
-1.02588
-0.446604
-1.13104
-0.370884
-1.22315
-0.316078
-1.30018
-0.256422
-1.37138
-0.226923
-1.4447
-0.203298
-1.50893
-0.114829
-1.55314
0.0370876
-1.55906
0.196974
-1.61576
0.419158
-1.73623
0.455603
-1.8391
0.346608
-1.8545
0.419082
-1.87878
0.493134
-1.94038
0.36326
-2.0034
0.233465
-2.03491
0.142352
-1.98433
0.12398
-1.99405
0.275252
-2.03847
0.282681
-2.06969
0.0175548
-2.0832
-0.298572
-2.12683
-0.42038
-2.10133
-0.341716
-2.01336
-0.251689
-2.05939
-0.145848
-2.13703
-0.0447136
-2.12608
-0.0759278
-2.01902
-0.0740455
-1.93441
-0.0181369
-1.95753
0.0333483
-2.01527
-0.208514
-1.99553
-0.463438
-1.97019
-0.343956
-1.98342
-0.147374
-1.93366
0.00778542
-1.909
-0.0422145
-1.88986
-0.311575
-1.86898
-0.394246
-1.85407
-0.179197
-1.74879
0.0258476
-1.69741
0.148434
-1.73342
0.135688
-1.77742
-0.0480224
-1.75778
-0.153313
-1.73944
0.0107539
-1.81498
-0.00261803
-1.83666
-0.114755
-1.82451
-0.0158284
-1.82414
0.141631
-1.74879
0.241294
-1.72643
0.240962
-1.79005
0.167974
-1.79833
0.0232677
-1.75731
-0.0859073
-1.7318
-0.265732
-1.79644
-0.33238
-1.85298
-0.22257
-1.79493
-0.0938992
-1.67992
0.0134368
-1.65506
0.093848
-1.71934
0.145125
-1.77971
0.0801817
-1.75338
0.0109043
-1.71459
0.121869
-1.77502
0.195847
-1.87684
0.0162667
-1.89568
-0.202779
-1.85014
-0.192664
-1.85376
-0.0975375
-1.786
-0.0540806
-1.74855
0.0048567
-1.80808
0.0397385
-1.87608
-0.0386262
-1.97791
-0.214532
-1.96366
-0.225456
-1.91185
-0.00839482
-1.94585
0.165624
-1.97832
0.254311
-1.98292
0.247744
-1.95016
0.160525
-1.93544
0.0596503
-1.9044
-0.0407641
-1.8425
-0.0232786
-1.83028
0.0983851
-1.83981
0.0962907
-1.74059
0.173812
-1.60761
0.436881
-1.4808
0.602218
-1.34205
0.726659
-1.22757
0.730987
-1.08823
0.493803
-0.949617
0.18076
-0.0967468
-0.246842
-0.553194
-0.456943
-0.502494
-0.63644
-0.445965
-0.788678
-0.431048
-0.924719
-0.43677
-1.05719
-0.396147
-1.1863
-0.317487
-1.30697
-0.25022
-1.41229
-0.210753
-1.50341
-0.165305
-1.58896
-0.141373
-1.67606
-0.116194
-1.75396
-0.0369346
-1.80686
0.0899876
-1.83574
0.225856
-1.82827
0.411688
-1.90195
0.529291
-2.06436
0.509012
-2.17204
0.52676
-2.23835
0.559446
-2.33206
0.456972
-2.37071
0.272114
-2.41085
0.182497
-2.42334
0.136465
-2.33273
0.184645
-2.33315
0.283105
-2.41548
0.0998868
-2.50035
-0.213707
-2.5929
-0.327828
-2.5735
-0.361115
-2.50334
-0.321845
-2.5243
-0.124887
-2.56179
-0.00722297
-2.57503
-0.0626959
-2.48854
-0.160531
-2.40182
-0.104854
-2.34485
-0.0236213
-2.35206
-0.201312
-2.44817
-0.367319
-2.48026
-0.311873
-2.45852
-0.169108
-2.33386
-0.11688
-2.26863
-0.107442
-2.33193
-0.248274
-2.35729
-0.36889
-2.27242
-0.264063
-2.11949
-0.127082
-2.08905
0.117996
-2.14907
0.195704
-2.22609
0.0290002
-2.24019
-0.139217
-2.15168
-0.0777516
-2.17523
0.0209291
-2.2842
-0.00578407
-2.33146
0.0314315
-2.27989
0.090065
-2.15739
0.118791
-2.13885
0.222417
-2.20938
0.238508
-2.24556
0.0594447
-2.21231
-0.119155
-2.23002
-0.248024
-2.31233
-0.250072
-2.33008
-0.204817
-2.23267
-0.191312
-2.09295
-0.126283
-2.07227
0.0731692
-2.11821
0.191071
-2.19033
0.152296
-2.27452
0.0950964
-2.27459
0.12194
-2.21292
0.134179
-2.25727
0.0606111
-2.36574
-0.0943068
-2.37562
-0.18279
-2.27857
-0.194582
-2.15118
-0.181476
-2.14239
-0.0039273
-2.1954
0.0927503
-2.24228
0.00825098
-2.35034
-0.106469
-2.3612
-0.214601
-2.31019
-0.059408
-2.30471
0.160149
-2.27692
0.226521
-2.26064
0.231463
-2.22991
0.129795
-2.19882
0.028563
-2.18925
-0.0503369
-2.18094
-0.0315906
-2.11576
0.0332126
-2.0635
0.0440238
-2.0349
0.145215
-1.86989
0.271867
-1.68679
0.419126
-1.4971
0.53697
-1.28852
0.522406
-1.1232
0.328481
-0.973061
0.0306201
-0.123398
-0.263856
-0.284338
-0.488764
-0.277586
-0.683279
-0.251449
-0.855717
-0.25861
-1.01264
-0.279849
-1.15797
-0.250814
-1.29748
-0.177977
-1.43069
-0.117011
-1.54856
-0.0928815
-1.65476
-0.05911
-1.75404
-0.0420902
-1.85406
-0.0161749
-1.95102
0.0600234
-2.01555
0.154526
-2.04625
0.256551
-2.02373
0.389166
-2.06936
0.574924
-2.2316
0.671254
-2.38822
0.683377
-2.50597
0.677196
-2.6134
0.564402
-2.71736
0.376073
-2.79617
0.261309
-2.85013
0.190426
-2.85516
0.189675
-2.75541
0.183356
-2.73048
0.0749553
-2.84865
-0.0955341
-2.94847
-0.228011
-3.01218
-0.297403
-3.034
-0.300022
-2.94372
-0.215168
-2.88136
-0.0695884
-2.91944
-0.0246066
-2.94275
-0.137226
-2.92338
-0.124227
-2.80462
-0.142374
-2.76594
-0.239992
-2.85844
-0.274826
-2.90733
-0.262978
-2.90685
-0.16959
-2.87956
-0.144172
-2.76881
-0.218193
-2.72926
-0.287823
-2.79018
-0.307968
-2.7986
-0.255645
-2.77571
-0.149966
-2.64456
-0.0131567
-2.57554
0.126682
-2.67434
0.127805
-2.77302
-0.0405445
-2.72057
-0.130196
-2.67727
-0.0223745
-2.76556
0.0825028
-2.83049
0.0963659
-2.85496
0.114539
-2.84298
0.10681
-2.71935
0.0987844
-2.64527
0.164432
-2.71068
0.124851
-2.76597
-0.0638616
-2.81006
-0.203936
-2.83339
-0.226749
-2.81695
-0.221248
-2.78661
-0.221656
-2.7471
-0.165795
-2.61173
-0.0622001
-2.54537
0.124717
-2.63713
0.244053
-2.73528
0.193242
-2.78535
0.172014
-2.80583
0.154656
-2.8309
0.0856813
-2.85874
-0.0664659
-2.83761
-0.203917
-2.80098
-0.231212
-2.78601
-0.196444
-2.66211
-0.127831
-2.57667
0.00730491
-2.62028
0.0518702
-2.70602
-0.0207369
-2.71917
-0.20145
-2.67133
-0.107248
-2.65621
0.145028
-2.62909
0.199399
-2.51877
0.121148
-2.42216
0.0331867
-2.42695
0.0333551
-2.42512
-0.0521682
-2.43652
-0.0201931
-2.42879
0.0254844
-2.3658
-0.0189702
-2.26415
0.0435608
-2.11316
0.120881
-1.91501
0.220976
-1.67465
0.296613
-1.40505
0.252807
-1.15619
0.0796177
-0.993025
-0.132544
-0.138108
-0.258949
-0.0203887
-0.480936
-0.0555995
-0.681843
-0.0505418
-0.874679
-0.0657735
-1.04302
-0.111503
-1.19116
-0.102675
-1.34166
-0.0274787
-1.48348
0.0248091
-1.61307
0.0367054
-1.73542
0.0632376
-1.84226
0.0647508
-1.94926
0.0908274
-2.06829
0.179051
-2.1549
0.241143
-2.19612
0.297764
-2.19621
0.389259
-2.24623
0.624942
-2.40937
0.834394
-2.58264
0.856647
-2.70124
0.7958
-2.79957
0.662732
-2.89637
0.472875
-2.97542
0.340357
-3.03726
0.252265
-3.06964
0.222055
-3.07011
0.183821
-3.07718
0.0820255
-3.11867
-0.0540437
-3.17654
-0.170143
-3.2308
-0.243135
-3.26986
-0.260963
-3.27082
-0.214209
-3.16501
-0.175403
-3.10227
-0.0873446
-3.16886
-0.0706327
-3.19459
-0.0984956
-3.19133
-0.145636
-3.19859
-0.232727
-3.2181
-0.255317
-3.23679
-0.244294
-3.23323
-0.17315
-3.2221
-0.155303
-3.21064
-0.229649
-3.20692
-0.291539
-3.21511
-0.299777
-3.21136
-0.259403
-3.18166
-0.179667
-3.13814
-0.0566694
-3.10762
0.0961547
-3.12025
0.140437
-3.1749
0.0141097
-3.20839
-0.0967065
-3.20795
-0.0228187
-3.21656
0.0911128
-3.23787
0.117683
-3.24979
0.126454
-3.24362
0.100636
-3.20865
0.0638226
-3.16063
0.116405
-3.13561
0.0998289
-3.15022
-0.0492511
-3.18409
-0.170064
-3.20131
-0.209522
-3.20263
-0.21993
-3.18952
-0.23477
-3.13621
-0.219101
-3.08083
-0.117582
-3.0586
0.102486
-3.06404
0.249493
-3.10145
0.23065
-3.12749
0.198062
-3.14303
0.170196
-3.14974
0.092389
-3.15203
-0.0641728
-3.15072
-0.205229
-3.14159
-0.240341
-3.13312
-0.204913
-3.09765
-0.163308
-3.04231
-0.0480355
-3.01148
0.0210486
-3.03198
-0.000239765
-3.07143
-0.161999
-2.97226
-0.206419
-2.84605
0.0188176
-2.82908
0.182431
-2.79696
0.089027
-2.7359
-0.0278698
-2.6085
-0.094045
-2.52305
-0.137625
-2.55208
0.0088384
-2.5541
0.0275056
-2.49057
-0.0825006
-2.37529
-0.0717158
-2.21649
-0.0379262
-2.00674
0.0112257
-1.7444
0.0342796
-1.44602
-0.0455723
-1.16084
-0.205564
-0.994022
-0.299363
-0.142188
-0.231547
0.216158
-0.436275
0.149128
-0.62919
0.142373
-0.81396
0.118996
-0.992007
0.0665443
-1.15164
0.0569621
-1.30618
0.127055
-1.45622
0.174855
-1.59552
0.176005
-1.72379
0.191502
-1.80457
0.145536
-1.88745
0.173704
-2.03168
0.323278
-2.20683
0.416299
-2.36733
0.458257
-2.48604
0.507969
-2.57848
0.717389
-2.66164
0.917549
-2.7429
0.937912
-2.8087
0.861599
-2.86951
0.723539
-2.93679
0.540153
-2.9972
0.400773
-3.04958
0.304638
-3.0855
0.257977
-3.1083
0.206619
-3.13325
0.106979
-3.17039
-0.0168987
-3.21634
-0.124195
-3.26303
-0.196443
-3.30402
-0.219981
-3.32816
-0.19007
-3.33334
-0.170215
-3.31856
-0.102131
-3.3178
-0.0713958
-3.32224
-0.0940523
-3.32963
-0.138242
-3.34946
-0.2129
-3.36737
-0.237411
-3.38289
-0.228769
-3.38268
-0.173367
-3.3786
-0.15938
-3.38597
-0.222275
-3.39814
-0.279367
-3.40885
-0.289069
-3.41337
-0.254889
-3.40847
-0.184568
-3.39293
-0.0722036
-3.37214
0.0753618
-3.36908
0.137381
-3.39684
0.0418678
-3.4333
-0.060246
-3.44674
-0.00938348
-3.44656
0.0909413
-3.45058
0.1217
-3.45
0.125873
-3.44606
0.0966944
-3.43154
0.049301
-3.34386
0.0287318
-3.28352
0.039481
-3.32097
-0.0118004
-3.36217
-0.128862
-3.38567
-0.186016
-3.39721
-0.20839
-3.40402
-0.227961
-3.40066
-0.222469
-3.36604
-0.152199
-3.28438
0.0208281
-3.2523
0.217408
-3.28106
0.259414
-3.29012
0.207123
-3.24136
0.121431
-3.16516
0.0161881
-3.14664
-0.0826922
-3.18151
-0.170353
-3.21053
-0.211325
-3.22591
-0.189537
-3.24625
-0.142966
-3.22924
-0.0650477
-3.17623
-0.031959
-3.15398
-0.0224838
-3.18031
-0.135669
-3.17479
-0.211941
-3.10797
-0.0480021
-2.9506
0.0250632
-2.85119
-0.0103858
-2.84993
-0.0291287
-2.81709
-0.126891
-2.76213
-0.192585
-2.62656
-0.126724
-2.52669
-0.0723692
-2.49054
-0.118653
-2.38413
-0.178128
-2.22603
-0.196019
-2.01574
-0.199068
-1.75018
-0.231276
-1.44452
-0.351232
-1.15224
-0.497845
-0.983839
-0.467767
-0.150824
-0.210303
0.431461
-0.374925
0.31375
-0.53771
0.305158
-0.694166
0.275453
-0.860386
0.232764
-1.04754
0.244114
-1.20568
0.285201
-1.35035
0.319519
-1.48305
0.308702
-1.55876
0.267218
-1.65606
0.242839
-1.83062
0.348261
-1.99977
0.492426
-2.18396
0.600484
-2.35912
0.633426
-2.50149
0.650335
-2.60555
0.821444
-2.66898
0.980983
-2.7156
0.984533
-2.75037
0.896374
-2.78345
0.756612
-2.82534
0.582048
-2.86765
0.443076
-2.90883
0.345825
-2.94229
0.291431
-2.97022
0.23455
-3.00161
0.138369
-3.0409
0.0223944
-3.08507
-0.08003
-3.13028
-0.151229
-3.17271
-0.177549
-3.20526
-0.157526
-3.23381
-0.141668
-3.24518
-0.0907552
-3.25153
-0.0650508
-3.26051
-0.0850729
-3.27427
-0.124482
-3.29941
-0.187757
-3.32346
-0.213361
-3.34447
-0.207754
-3.35204
-0.165798
-3.35473
-0.156691
-3.36693
-0.210081
-3.38456
-0.261729
-3.40028
-0.273355
-3.41016
-0.245007
-3.41345
-0.18128
-3.40997
-0.0756845
-3.40308
0.0684763
-3.40394
0.13824
-3.42274
0.060665
-3.45332
-0.0296668
-3.4682
0.00550091
-3.46701
0.0897528
-3.46468
0.119369
-3.45834
0.11953
-3.45147
0.0898217
-3.44348
0.0413107
-3.4235
0.00875637
-3.39587
0.0118495
-3.38654
-0.0211342
-3.39985
-0.115545
-3.41268
-0.173188
-3.42272
-0.198354
-3.43352
-0.217156
-3.44388
-0.212113
-3.44656
-0.149518
-3.42957
0.0038405
-3.39807
0.185909
-3.37548
0.236819
-3.35064
0.182284
-3.28538
0.0561721
-3.20479
-0.0644054
-3.16071
-0.126773
-3.1732
-0.157861
-3.216
-0.168524
-3.24601
-0.159525
-3.26401
-0.124967
-3.26044
-0.0686145
-3.23867
-0.0537287
-3.13438
-0.126778
-3.07048
-0.199572
-3.11434
-0.168074
-3.10751
-0.0548349
-3.05483
-0.0276158
-2.99283
-0.072385
-2.92743
-0.0945247
-2.87205
-0.182278
-2.80416
-0.260467
-2.63428
-0.296607
-2.49712
-0.209535
-2.43982
-0.17595
-2.32243
-0.295521
-2.16234
-0.356103
-1.95786
-0.403554
-1.7043
-0.484829
-1.41527
-0.640265
-1.14518
-0.767932
-0.968274
-0.644675
-0.183811
-0.17765
0.614111
-0.343466
0.479566
-0.45572
0.417412
-0.59099
0.410722
-0.773288
0.415061
-0.928048
0.398874
-1.07315
0.430305
-1.20905
0.455416
-1.32375
0.4234
-1.42929
0.372756
-1.55003
0.363579
-1.63705
0.435281
-1.77175
0.627127
-1.99285
0.821586
-2.17022
0.810791
-2.31279
0.792907
-2.41752
0.926169
-2.47603
1.0395
-2.50961
1.01811
-2.5299
0.916661
-2.54813
0.774842
-2.57471
0.608628
-2.6054
0.473766
-2.63902
0.379442
-2.67031
0.32272
-2.70001
0.264251
-2.73405
0.172407
-2.7746
0.0629401
-2.81861
-0.0360204
-2.86387
-0.105963
-2.90763
-0.133788
-2.94458
-0.12058
-2.97959
-0.106655
-3.00249
-0.067861
-3.01914
-0.048399
-3.03698
-0.0672333
-3.05816
-0.103305
-3.08802
-0.157896
-3.11804
-0.18334
-3.14506
-0.180735
-3.16037
-0.150485
-3.16967
-0.147397
-3.18489
-0.194853
-3.20471
-0.241915
-3.22298
-0.255088
-3.23563
-0.232351
-3.24199
-0.174923
-3.24342
-0.0742508
-3.24653
0.0715849
-3.2549
0.146611
-3.27177
0.0775384
-3.29724
-0.00420046
-3.31068
0.0189406
-3.30894
0.0880111
-3.30341
0.113842
-3.29447
0.11059
-3.28588
0.0812257
-3.27975
0.0351862
-3.27399
0.0029918
-3.26195
-0.000185418
-3.25281
-0.0302738
-3.2594
-0.108953
-3.26971
-0.162883
-3.28028
-0.18778
-3.29312
-0.204315
-3.30797
-0.197269
-3.32051
-0.136977
-3.31859
0.00191702
-3.29286
0.160181
-3.26029
0.204255
-3.22582
0.147809
-3.17633
0.00668124
-3.121
-0.119729
-3.08366
-0.164121
-3.07657
-0.164946
-3.09679
-0.148306
-3.12107
-0.135239
-3.13671
-0.109334
-3.13639
-0.0689349
-3.12397
-0.0661489
-3.1054
-0.145349
-3.08637
-0.218594
-3.06379
-0.190654
-3.01952
-0.0991084
-2.96786
-0.079271
-2.91333
-0.126915
-2.84563
-0.162224
-2.78152
-0.246392
-2.70527
-0.336721
-2.53637
-0.465506
-2.39044
-0.355466
-2.30676
-0.259626
-2.17924
-0.423038
-2.02943
-0.505917
-1.84459
-0.588398
-1.61793
-0.711486
-1.36505
-0.893143
-1.12613
-1.00686
-0.934671
-0.836131
-0.246353
-0.142836
0.761947
-0.288155
0.624885
-0.385895
0.515151
-0.483293
0.50812
-0.629592
0.56136
-0.773705
0.542987
-0.90013
0.55673
-1.02015
0.575437
-1.12967
0.532913
-1.21071
0.453803
-1.29399
0.446861
-1.41608
0.55737
-1.533
0.744044
-1.62083
0.909418
-1.76955
0.959503
-1.95837
0.981735
-2.08033
1.04813
-2.14161
1.10078
-2.16765
1.04415
-2.17892
0.927934
-2.18842
0.784339
-2.20609
0.626304
-2.23034
0.498013
-2.26004
0.409137
-2.29066
0.353346
-2.32165
0.295237
-2.35679
0.207543
-2.39718
0.103331
-2.44037
0.00717221
-2.48507
-0.0612674
-2.52933
-0.0895272
-2.56885
-0.0810562
-2.60649
-0.0690212
-2.63506
-0.0392835
-2.65834
-0.0251242
-2.6826
-0.042974
-2.70945
-0.0764498
-2.74261
-0.124741
-2.77674
-0.149206
-2.80827
-0.149211
-2.82939
-0.129365
-2.84364
-0.133148
-2.86073
-0.17776
-2.88115
-0.2215
-2.90026
-0.235978
-2.91401
-0.218598
-2.92121
-0.167723
-2.92427
-0.0711878
-2.93493
0.0822427
-2.95094
0.16262
-2.96745
0.0940471
-2.98849
0.0168438
-2.9995
0.0299487
-2.99654
0.0850542
-2.98852
0.105822
-2.97779
0.099855
-2.96828
0.0717134
-2.96297
0.0298752
-2.9608
0.00082657
-2.95488
-0.00610466
-2.94928
-0.0358762
-2.95564
-0.102589
-2.96797
-0.150555
-2.98219
-0.173561
-2.99887
-0.187633
-3.01746
-0.178677
-3.03339
-0.12105
-3.03399
0.00251561
-3.00881
0.134998
-2.9719
0.167353
-2.93344
0.109344
-2.89878
-0.0279721
-2.86858
-0.149931
-2.84587
-0.186835
-2.84019
-0.170627
-2.85022
-0.138268
-2.86403
-0.121434
-2.87507
-0.0982947
-2.87515
-0.0688525
-2.86516
-0.0761404
-2.85814
-0.152371
-2.8517
-0.225032
-2.82963
-0.212718
-2.78464
-0.144101
-2.73323
-0.130683
-2.68242
-0.177719
-2.62203
-0.222617
-2.56103
-0.307393
-2.48976
-0.407986
-2.39944
-0.555833
-2.22039
-0.534509
-2.04687
-0.433148
-1.95324
-0.516672
-1.83409
-0.625066
-1.67909
-0.743399
-1.48904
-0.901534
-1.28096
-1.10122
-1.07804
-1.20977
-0.883462
-1.03071
-0.331465
-0.111006
0.877953
-0.226932
0.74081
-0.327275
0.615495
-0.424151
0.604996
-0.503991
0.641199
-0.594826
0.633822
-0.674439
0.636343
-0.764742
0.665739
-0.881897
0.650068
-0.927238
0.499142
-0.984418
0.504041
-1.10847
0.68142
-1.17794
0.81351
-1.22992
0.961405
-1.38743
1.11701
-1.56584
1.16014
-1.67341
1.1557
-1.72016
1.14752
-1.73145
1.05544
-1.73223
0.928717
-1.73472
0.78683
-1.74666
0.638244
-1.76731
0.518657
-1.79502
0.436847
-1.82524
0.383571
-1.85623
0.326227
-1.8903
0.24161
-1.92814
0.141171
-1.96852
0.0475473
-2.01123
-0.0185614
-2.05484
-0.0459104
-2.0954
-0.0405026
-2.13389
-0.0305293
-2.16502
-0.0081545
-2.19154
0.00139193
-2.21903
-0.0154756
-2.24873
-0.0467497
-2.28309
-0.0903873
-2.31876
-0.113538
-2.35233
-0.11564
-2.37656
-0.105129
-2.39313
-0.116582
-2.41015
-0.160738
-2.42953
-0.202122
-2.44809
-0.217421
-2.46187
-0.204815
-2.46874
-0.160855
-2.47161
-0.06832
-2.48932
0.0999555
-2.51328
0.186576
-2.52909
0.109865
-2.54562
0.0333715
-2.55355
0.0378716
-2.54867
0.0801811
-2.53798
0.0951263
-2.52531
0.0871843
-2.51519
0.0615929
-2.51085
0.0255373
-2.51062
0.000601983
-2.50776
-0.00897188
-2.50439
-0.039242
-2.51131
-0.0956676
-2.52646
-0.135401
-2.54547
-0.154552
-2.56742
-0.165682
-2.59067
-0.15543
-2.60919
-0.102536
-2.60814
0.00147016
-2.5804
0.107255
-2.53976
0.126714
-2.49749
0.0670764
-2.46882
-0.0566389
-2.45257
-0.166188
-2.44209
-0.197309
-2.44197
-0.170749
-2.4533
-0.126938
-2.46877
-0.105968
-2.48113
-0.0859261
-2.48385
-0.066134
-2.47586
-0.0841338
-2.46877
-0.159457
-2.4632
-0.230601
-2.44414
-0.231779
-2.40678
-0.181462
-2.36457
-0.1729
-2.32391
-0.218372
-2.27665
-0.269874
-2.22636
-0.357688
-2.16618
-0.468167
-2.09796
-0.624048
-1.93637
-0.696103
-1.76608
-0.603432
-1.68311
-0.599644
-1.58537
-0.722805
-1.45927
-0.869499
-1.30872
-1.05209
-1.15082
-1.25912
-0.992663
-1.36793
-0.807998
-1.21538
-0.433672
-0.0740173
0.95697
-0.161385
0.828178
-0.24471
0.698819
-0.304816
0.665101
-0.369242
0.705625
-0.447771
0.712351
-0.494819
0.68339
-0.540767
0.711687
-0.612805
0.722106
-0.659402
0.545738
-0.698334
0.542972
-0.783097
0.766181
-0.867852
0.898265
-0.910984
1.00454
-1.00364
1.20966
-1.13478
1.29128
-1.21066
1.23158
-1.23389
1.17075
-1.22721
1.04876
-1.21836
0.919867
-1.21578
0.78425
-1.22376
0.64622
-1.24175
0.536641
-1.26741
0.462506
-1.29551
0.41167
-1.32332
0.354036
-1.35253
0.270819
-1.38435
0.172997
-1.41939
0.0825792
-1.45853
0.0205802
-1.50031
-0.00413319
-1.54028
-0.000527191
-1.57778
0.0069695
-1.60852
0.0225849
-1.63496
0.027826
-1.66254
0.0121032
-1.69214
-0.0171502
-1.72526
-0.0572632
-1.75943
-0.0793692
-1.79209
-0.0829762
-1.81628
-0.0809476
-1.83178
-0.101079
-1.8462
-0.146318
-1.8629
-0.185418
-1.88009
-0.20024
-1.89364
-0.19126
-1.89976
-0.154735
-1.90114
-0.0669445
-1.92674
0.125554
-1.95921
0.219046
-1.97272
0.123377
-1.98463
0.0452804
-1.98945
0.0426991
-1.98218
0.072905
-1.96834
0.0812858
-1.95335
0.0722024
-1.943
0.0512428
-1.94073
0.0232589
-1.94319
0.00306523
-1.94224
-0.00991772
-1.93976
-0.041723
-1.94704
-0.088394
-1.96474
-0.117695
-1.98877
-0.130518
-2.0169
-0.137559
-2.04571
-0.126615
-2.06727
-0.0809821
-2.06638
0.000587316
-2.03494
0.0758137
-1.98639
0.0781667
-1.93817
0.0188496
-1.90912
-0.0856849
-1.89982
-0.175492
-1.90125
-0.195872
-1.91045
-0.161552
-1.92884
-0.108546
-1.95109
-0.083722
-1.96714
-0.0698719
-1.97284
-0.0604374
-1.96672
-0.0902535
-1.95842
-0.16775
-1.9497
-0.239325
-1.93307
-0.248408
-1.90653
-0.208003
-1.87884
-0.200586
-1.85424
-0.242972
-1.82377
-0.300342
-1.789
-0.392458
-1.74506
-0.512113
-1.69485
-0.67425
-1.56778
-0.823178
-1.43182
-0.739387
-1.36418
-0.667283
-1.28432
-0.80267
-1.18642
-0.967398
-1.07663
-1.16188
-0.971755
-1.364
-0.864555
-1.47513
-0.697787
-1.38214
-0.549761
-0.0336472
0.995617
-0.0926144
0.887145
-0.152843
0.759048
-0.198073
0.710331
-0.230883
0.738434
-0.275147
0.756615
-0.315889
0.724131
-0.341137
0.736934
-0.3805
0.761468
-0.421375
0.586613
-0.431628
0.553224
-0.447362
0.781915
-0.492745
0.943647
-0.533839
1.04563
-0.560267
1.23609
-0.626721
1.35774
-0.70079
1.30565
-0.703379
1.17334
-0.682152
1.02753
-0.667396
0.90511
-0.661022
0.777874
-0.664737
0.649934
-0.678623
0.550525
-0.699757
0.483639
-0.721758
0.43367
-0.741431
0.373708
-0.760898
0.290286
-0.783174
0.195272
-0.810886
0.11029
-0.845381
0.0550737
-0.884062
0.034547
-0.921269
0.0366789
-0.955007
0.0407064
-0.98173
0.0493071
-1.0044
0.0504923
-1.02875
0.0364591
-1.05522
0.00931896
-1.08452
-0.0279684
-1.11458
-0.0493074
-1.14286
-0.0546964
-1.16246
-0.0613468
-1.17296
-0.0905861
-1.18263
-0.136643
-1.19624
-0.171806
-1.21242
-0.184059
-1.22624
-0.177449
-1.23134
-0.149627
-1.22971
-0.0685814
-1.26441
0.160254
-1.30525
0.259883
-1.31462
0.132754
-1.32364
0.0542956
-1.32604
0.0451033
-1.31601
0.0628682
-1.29896
0.0642433
-1.28173
0.0549725
-1.27199
0.0415029
-1.27348
0.0247431
-1.27962
0.00920724
-1.27971
-0.00982587
-1.27714
-0.0442904
-1.28439
-0.0811491
-1.30403
-0.0980508
-1.33257
-0.101984
-1.36678
-0.103341
-1.40139
-0.0920118
-1.42551
-0.0568549
-1.42176
-0.00317031
-1.38394
0.0380002
-1.32797
0.0221945
-1.27566
-0.0334594
-1.24828
-0.113063
-1.24832
-0.175457
-1.26586
-0.178333
-1.28899
-0.138413
-1.31097
-0.0865688
-1.33194
-0.0627503
-1.34699
-0.0548222
-1.3526
-0.0548254
-1.34913
-0.0937277
-1.34004
-0.176843
-1.3322
-0.247156
-1.32476
-0.255854
-1.31113
-0.221634
-1.29659
-0.215127
-1.28481
-0.254753
-1.27005
-0.315098
-1.25379
-0.408715
-1.23345
-0.532459
-1.20929
-0.698407
-1.15425
-0.878214
-1.07125
-0.822387
-0.999288
-0.739248
-0.933068
-0.86889
-0.863067
-1.0374
-0.794269
-1.23068
-0.742571
-1.41569
-0.68651
-1.53119
-0.535344
-1.53331
-0.679933
-0.00872036
1.00934
-0.032658
0.911082
-0.0634089
0.789798
-0.090629
0.73755
-0.102307
0.750111
-0.112446
0.766753
-0.129395
0.741079
-0.143231
0.750769
-0.144004
0.762239
-0.154326
0.596934
-0.169516
0.568413
-0.177381
0.789779
-0.170489
0.936753
-0.179088
1.05423
-0.181032
1.23803
-0.180296
1.357
-0.190942
1.3163
-0.162152
1.14455
-0.131196
0.996572
-0.11201
0.885923
-0.0992346
0.765097
-0.0955997
0.646298
-0.101778
0.556702
-0.113434
0.495294
-0.123779
0.444013
-0.13039
0.380317
-0.137021
0.296915
-0.148787
0.207037
-0.169446
0.130947
-0.19933
0.0849564
-0.233632
0.0688472
-0.265549
0.0685949
-0.292878
0.0680349
-0.313046
0.0694733
-0.329754
0.0671996
-0.348662
0.0553656
-0.36972
0.0303759
-0.393368
-0.00432052
-0.417029
-0.0256478
-0.436674
-0.0350517
-0.447034
-0.0509874
-0.451436
-0.0861851
-0.458688
-0.129392
-0.470643
-0.159851
-0.485499
-0.169205
-0.498968
-0.163981
-0.501242
-0.147354
-0.493597
-0.0762261
-0.535688
0.202345
-0.584223
0.308418
-0.589793
0.138324
-0.597197
0.0616991
-0.596444
0.0443507
-0.58379
0.0502142
-0.565807
0.0462607
-0.54856
0.0377247
-0.541231
0.0341742
-0.546705
0.0302175
-0.554723
0.0172252
-0.553729
-0.0108196
-0.551249
-0.0467707
-0.559781
-0.0726163
-0.580899
-0.0769334
-0.611332
-0.0715508
-0.647988
-0.0666842
-0.684496
-0.0555041
-0.707016
-0.0343346
-0.69707
-0.0131164
-0.652955
-0.0061137
-0.595488
-0.0352723
-0.548111
-0.0808366
-0.531513
-0.12966
-0.546548
-0.160422
-0.579917
-0.144964
-0.613676
-0.104653
-0.636189
-0.0640548
-0.652024
-0.0469152
-0.662113
-0.0447326
-0.662715
-0.054223
-0.654946
-0.101497
-0.646963
-0.184826
-0.648338
-0.24578
-0.65744
-0.246751
-0.662162
-0.216912
-0.661618
-0.21567
-0.661741
-0.25463
-0.660371
-0.316467
-0.657478
-0.411607
-0.651809
-0.538128
-0.649868
-0.700348
-0.658288
-0.869794
-0.635545
-0.84513
-0.583653
-0.791139
-0.540576
-0.911967
-0.501882
-1.07609
-0.473286
-1.25927
-0.466821
-1.42216
-0.447506
-1.5505
-0.293996
-1.68682
-0.829464
0.0136508
1.00069
0.0194953
0.905237
0.0170186
0.792274
0.0158259
0.738742
0.0325207
0.733416
0.055005
0.744268
0.0628276
0.733256
0.0680025
0.745593
0.0954199
0.734821
0.108994
0.583359
0.0974727
0.579933
0.104975
0.782275
0.148625
0.893102
0.169412
1.03344
0.185506
1.22193
0.236237
1.30627
0.294283
1.25825
0.350343
1.08849
0.387294
0.959619
0.416346
0.856869
0.44072
0.740722
0.454993
0.632024
0.459446
0.552247
0.459634
0.495105
0.462308
0.441337
0.468763
0.37386
0.473678
0.291998
0.470683
0.210031
0.456391
0.145238
0.432592
0.108753
0.405625
0.0958126
0.381835
0.0923843
0.362539
0.0873293
0.349086
0.0829251
0.338007
0.0782773
0.324947
0.0684241
0.30976
0.0455613
0.292041
0.0133981
0.275581
-0.00918851
0.264927
-0.0243994
0.261221
-0.0472821
0.258244
-0.0832086
0.249819
-0.120967
0.236887
-0.146919
0.222558
-0.154876
0.208386
-0.149809
0.204263
-0.143231
0.21229
-0.0842535
0.172647
0.241988
0.128701
0.352364
0.128402
0.138622
0.125221
0.0648799
0.129915
0.0396567
0.144958
0.0351717
0.161863
0.0293552
0.175403
0.0241848
0.179374
0.0302031
0.172904
0.0366881
0.166476
0.0236528
0.167523
-0.0118663
0.166504
-0.0457512
0.155271
-0.061383
0.134805
-0.0564673
0.107072
-0.0438174
0.0738102
-0.0334222
0.0415437
-0.0232372
0.0250857
-0.0178763
0.0405059
-0.0285362
0.0857834
-0.0513908
0.134791
-0.0842795
0.167361
-0.113406
0.170591
-0.132889
0.146274
-0.136105
0.109985
-0.108674
0.0738747
-0.0685429
0.0485113
-0.0386909
0.0327965
-0.0311999
0.0241979
-0.0361334
0.0257891
-0.0558137
0.0340427
-0.10975
0.0360031
-0.186786
0.0195709
-0.229347
-0.00973974
-0.21744
-0.0347473
-0.191904
-0.0529633
-0.197453
-0.0707641
-0.236828
-0.0865027
-0.300728
-0.0995739
-0.398535
-0.109962
-0.527739
-0.127039
-0.68327
-0.161525
-0.835308
-0.168494
-0.838161
-0.144224
-0.81541
-0.128399
-0.927791
-0.120953
-1.08354
-0.127923
-1.2523
-0.151867
-1.39821
-0.135518
-1.56685
0.0548638
-1.8772
-1.00188
0.0408263
0.96486
0.0734423
0.87262
0.093635
0.772081
0.112876
0.7195
0.159668
0.686623
0.216949
0.686986
0.251132
0.699072
0.283449
0.713275
0.334156
0.684113
0.360486
0.557027
0.357896
0.582522
0.377699
0.76247
0.441262
0.829538
0.489336
0.985365
0.528864
1.18241
0.615524
1.21961
0.722323
1.15145
0.804397
1.00641
0.857675
0.906339
0.905345
0.809197
0.946044
0.700022
0.974973
0.603093
0.994659
0.532559
1.01098
0.478778
1.02841
0.423912
1.04611
0.356156
1.0591
0.279005
1.06261
0.206521
1.05519
0.152658
1.04018
0.123756
1.02342
0.112572
1.00924
0.106567
0.998042
0.0985247
0.990028
0.0909374
0.983453
0.0848512
0.97633
0.0755464
0.967668
0.0542223
0.956795
0.0242696
0.947423
0.000182751
0.942824
-0.0198009
0.941363
-0.0458223
0.937282
-0.0791274
0.927337
-0.111023
0.91341
-0.132993
0.89878
-0.140246
0.88408
-0.13511
0.871773
-0.130924
0.854929
-0.0674099
0.839402
0.257515
0.837121
0.354646
0.837431
0.138311
0.837244
0.0650668
0.843273
0.0336281
0.855683
0.0227609
0.867127
0.0179119
0.874323
0.0169888
0.876194
0.0283316
0.873653
0.0392293
0.871706
0.0255998
0.870382
-0.0105415
0.864038
-0.0394075
0.850092
-0.0474364
0.831655
-0.0380304
0.811149
-0.0233107
0.789391
-0.0116643
0.771977
-0.00582294
0.768854
-0.0147526
0.785874
-0.0455558
0.817549
-0.0830661
0.842745
-0.109474
0.85127
-0.121931
0.841465
-0.123083
0.815009
-0.109648
0.783821
-0.0774849
0.755467
-0.0401888
0.735236
-0.0184587
0.722683
-0.0186464
0.717238
-0.0306886
0.719406
-0.0579806
0.721065
-0.111409
0.707999
-0.173719
0.67575
-0.197098
0.635719
-0.177408
0.600752
-0.156936
0.570855
-0.167557
0.541687
-0.207659
0.514152
-0.273192
0.487175
-0.371558
0.45787
-0.498434
0.41808
-0.64348
0.359758
-0.776985
0.320495
-0.798897
0.307956
-0.802871
0.290262
-0.910096
0.264677
-1.05795
0.229095
-1.21672
0.198391
-1.36751
0.245352
-1.61381
0.469051
-2.1009
-1.1739
0.0669336
0.902926
0.122948
0.816605
0.173639
0.72139
0.215393
0.677745
0.279694
0.622322
0.360017
0.606662
0.417558
0.641531
0.470646
0.660185
0.524732
0.630026
0.561084
0.520674
0.582102
0.561503
0.6209
0.723671
0.689715
0.760721
0.74067
0.934408
0.831537
1.09154
0.968507
1.08264
1.08699
1.03297
1.18646
0.906936
1.26015
0.832648
1.33233
0.737019
1.39188
0.640468
1.43741
0.557557
1.47334
0.496628
1.50488
0.447239
1.53471
0.394078
1.56138
0.329484
1.58114
0.259243
1.59123
0.196437
1.59187
0.152014
1.58672
0.128906
1.58019
0.119098
1.57482
0.111933
1.5706
0.10275
1.56751
0.0940211
1.56524
0.0871227
1.56307
0.0777148
1.55949
0.0578062
1.55367
0.0300808
1.54834
0.00551662
1.54517
-0.0166355
1.54194
-0.0425879
1.53468
-0.0718685
1.52196
-0.0983011
1.5053
-0.116341
1.48711
-0.122052
1.46785
-0.115852
1.44485
-0.107924
1.41534
-0.0378976
1.43028
0.242568
1.46686
0.318072
1.47285
0.132315
1.47586
0.0620635
1.4814
0.0280832
1.48938
0.014787
1.4961
0.0111849
1.49983
0.0132583
1.50145
0.0267151
1.50257
0.0381096
1.50246
0.0257103
1.49817
-0.00624804
1.48887
-0.0301114
1.47557
-0.0341315
1.46164
-0.024109
1.44904
-0.0107104
1.43808
-0.00069546
1.43211
0.00014146
1.43516
-0.0178001
1.44618
-0.0565744
1.45987
-0.0967583
1.46702
-0.116625
1.46281
-0.117722
1.44724
-0.107512
1.42327
-0.0856785
1.39868
-0.052891
1.37808
-0.0195854
1.36283
-0.00321276
1.35182
-0.0076323
1.34518
-0.0240527
1.34107
-0.0538634
1.33036
-0.100701
1.30281
-0.146166
1.26063
-0.15492
1.21557
-0.132345
1.17475
-0.116117
1.13651
-0.12932
1.09843
-0.169573
1.06059
-0.235359
1.02059
-0.331555
0.974494
-0.452335
0.916163
-0.585149
0.841014
-0.701835
0.778091
-0.735974
0.73511
-0.75989
0.68866
-0.863646
0.636453
-1.00575
0.582271
-1.16254
0.551226
-1.33646
0.609124
-1.67171
0.707676
-2.19945
-1.20167
0.0899598
0.817966
0.167728
0.738837
0.241333
0.647783
0.31908
0.599998
0.396749
0.544652
0.469567
0.533844
0.542286
0.568811
0.606652
0.595818
0.647605
0.589072
0.713515
0.454763
0.793115
0.481901
0.847779
0.669006
0.89535
0.713149
0.977276
0.85248
1.09523
0.973582
1.26124
0.916625
1.40917
0.885034
1.50626
0.809844
1.6055
0.733413
1.69655
0.64596
1.77283
0.564192
1.83457
0.495814
1.88639
0.444807
1.93233
0.401293
1.97367
0.352737
2.00878
0.29438
2.03526
0.232762
2.05222
0.179472
2.06116
0.143069
2.06555
0.12452
2.06851
0.116139
2.07136
0.109074
2.07396
0.100153
2.07641
0.0915699
2.07902
0.0845095
2.08156
0.0751757
2.08239
0.0569766
2.08049
0.0319739
2.07749
0.00851555
2.07414
-0.0132828
2.06866
-0.0371101
2.05877
-0.0619769
2.04403
-0.0835622
2.0257
-0.0980105
2.00571
-0.102062
1.98498
-0.0951181
1.96051
-0.0834522
1.93836
-0.0157486
1.97467
0.206252
2.02695
0.265798
2.03695
0.122309
2.04141
0.0576098
2.04534
0.0241486
2.04909
0.0110355
2.05241
0.00787026
2.05438
0.0112886
2.05608
0.0250083
2.05898
0.0352117
2.0598
0.0248905
2.05501
-0.00146068
2.04573
-0.0208238
2.03509
-0.0234949
2.02613
-0.0151487
2.01997
-0.00455028
2.01641
0.00286402
2.01628
0.000273095
2.01938
-0.0209031
2.02224
-0.0594324
2.02172
-0.0962363
2.01641
-0.111312
2.00488
-0.106195
1.98743
-0.0900632
1.96715
-0.0653971
1.94865
-0.0343926
1.93432
-0.00525198
1.92319
0.00791418
1.91333
0.00223236
1.90425
-0.0149802
1.89318
-0.0427926
1.87291
-0.080423
1.83793
-0.111186
1.79343
-0.110418
1.74876
-0.0876767
1.70712
-0.0744821
1.66603
-0.0882245
1.62347
-0.127018
1.57837
-0.190256
1.52737
-0.280555
1.46647
-0.391434
1.39147
-0.510149
1.30135
-0.611716
1.21836
-0.652979
1.14879
-0.690319
1.07596
-0.790821
0.99842
-0.928203
0.921773
-1.08589
0.865458
-1.28015
0.847643
-1.6539
0.730105
-2.08192
-1.07035
0.10853
0.714435
0.216741
0.630625
0.323148
0.541375
0.408149
0.514997
0.475627
0.477173
0.526179
0.483291
0.599002
0.495986
0.663284
0.531535
0.744024
0.508331
0.843004
0.355782
0.920068
0.404836
0.974241
0.614831
1.05935
0.628041
1.17837
0.733455
1.32238
0.82957
1.51058
0.728429
1.65171
0.7439
1.77261
0.688945
1.88659
0.619427
1.98926
0.543286
2.07734
0.476117
2.15163
0.421515
2.216
0.380441
2.2732
0.344091
2.32357
0.302368
2.36562
0.252325
2.39808
0.200301
2.42133
0.156218
2.43756
0.126838
2.44989
0.112191
2.46056
0.105468
2.47023
0.0994045
2.47868
0.0916939
2.48612
0.0841354
2.49297
0.0776581
2.49909
0.0690536
2.50296
0.053106
2.50348
0.0314516
2.50152
0.0104787
2.49746
-0.00922719
2.49023
-0.0298823
2.47873
-0.0504793
2.4631
-0.0679278
2.44452
-0.0794362
2.42492
-0.0824557
2.40577
-0.0759663
2.3847
-0.0623913
2.37267
-0.00371378
2.42144
0.157487
2.47982
0.207409
2.49227
0.109864
2.49746
0.0524168
2.50028
0.0213261
2.50105
0.0102653
2.50162
0.00730916
2.50278
0.0101203
2.50492
0.0228699
2.50848
0.0316509
2.50994
0.0234306
2.50612
0.00236205
2.49868
-0.0133791
2.49112
-0.0159396
2.48582
-0.00984777
2.48324
-0.00196606
2.48278
0.00331768
2.4838
-0.000745478
2.4843
-0.0213969
2.48086
-0.0559975
2.47235
-0.0877238
2.46041
-0.0993757
2.44565
-0.0914305
2.42873
-0.0731404
2.41204
-0.0487137
2.39817
-0.020522
2.38801
0.00490836
2.37958
0.0163494
2.37047
0.0113374
2.35961
-0.00412164
2.34442
-0.0275939
2.32012
-0.0561301
2.28453
-0.0755941
2.24315
-0.0690388
2.20256
-0.0470848
2.16361
-0.0355303
2.12338
-0.0479983
2.07964
-0.0832687
2.03031
-0.140927
1.97174
-0.221986
1.90037
-0.32007
1.81362
-0.423389
1.71269
-0.510788
1.61421
-0.554505
1.52254
-0.598645
1.42529
-0.693566
1.32016
-0.82308
1.20957
-0.975297
1.09947
-1.17005
0.96468
-1.51911
0.679633
-1.79687
-0.86643
0.1358
0.583635
0.258505
0.507919
0.369049
0.43083
0.457282
0.426763
0.514194
0.42026
0.594212
0.403271
0.652181
0.438017
0.705362
0.478353
0.824931
0.388761
0.906873
0.273839
0.962561
0.349147
1.06715
0.510239
1.18347
0.511719
1.32968
0.587249
1.50797
0.651273
1.67289
0.563507
1.82682
0.589974
1.96104
0.55472
2.08322
0.497247
2.19176
0.43474
2.28616
0.38172
2.3678
0.339869
2.43975
0.308492
2.50378
0.280062
2.55966
0.246485
2.60613
0.205853
2.64267
0.163765
2.6704
0.128482
2.69182
0.10542
2.70971
0.0942962
2.72576
0.0894144
2.74026
0.0849035
2.75297
0.0789857
2.76405
0.0730568
2.7739
0.0678078
2.78234
0.0606062
2.78802
0.0474252
2.78989
0.0295855
2.78838
0.0119845
2.7838
-0.00464403
2.77562
-0.0217009
2.76348
-0.0383466
2.74787
-0.0523159
2.73
-0.0615609
2.71177
-0.0642276
2.695
-0.0592014
2.67767
-0.0450597
2.67316
0.000794243
2.72872
0.101925
2.78898
0.147152
2.80258
0.0962681
2.80856
0.0464292
2.8111
0.0187894
2.81009
0.0112743
2.80872
0.00867965
2.80942
0.00941741
2.81185
0.0204464
2.8157
0.0278011
2.81775
0.0213806
2.81532
0.0047865
2.81
-0.00805479
2.80484
-0.0107761
2.80157
-0.00658347
2.80034
-0.000737575
2.80048
0.00318606
2.80077
-0.00104169
2.79878
-0.0194068
2.79174
-0.048957
2.77955
-0.075529
2.76481
-0.0846421
2.74924
-0.0758612
2.7339
-0.057796
2.72046
-0.0352679
2.71022
-0.0102828
2.70321
0.0119129
2.69718
0.0223834
2.68962
0.0189003
2.67915
0.00634919
2.66374
-0.0121856
2.64055
-0.0329381
2.60919
-0.0442396
2.5745
-0.0343436
2.54083
-0.0134181
2.50768
-0.00237793
2.4718
-0.0121157
2.43051
-0.0419845
2.38114
-0.0915519
2.32004
-0.160887
2.24415
-0.244181
2.15185
-0.331088
2.04525
-0.404187
1.9363
-0.445562
1.82722
-0.489563
1.70769
-0.574037
1.57336
-0.688742
1.42208
-0.824018
1.24959
-0.99756
1.0092
-1.27872
0.627105
-1.41477
-0.643367
0.151528
0.437106
0.276296
0.38315
0.378082
0.329043
0.457602
0.347243
0.52527
0.352591
0.626419
0.302121
0.710052
0.354383
0.797519
0.390885
0.906292
0.279986
0.955076
0.225053
1.00917
0.295048
1.12684
0.392575
1.25222
0.386336
1.40389
0.435573
1.58599
0.469171
1.74626
0.403244
1.90597
0.430262
2.04706
0.413624
2.17202
0.372283
2.28116
0.325601
2.37622
0.286664
2.45945
0.256637
2.53339
0.234549
2.59923
0.214219
2.65645
0.189261
2.70398
0.15832
2.74175
0.125993
2.77128
0.0989512
2.79515
0.0815568
2.81585
0.0735885
2.83472
0.0705486
2.85182
0.0677973
2.86689
0.0639128
2.88004
0.0599073
2.89158
0.0562667
2.90129
0.0508964
2.90795
0.0407622
2.91061
0.0269309
2.90946
0.0131269
2.90478
3.63013e-05
2.89638
-0.0133007
2.88429
-0.0262568
2.86914
-0.0371622
2.85212
-0.044541
2.83509
-0.0472012
2.82
-0.0441104
2.80519
-0.0302509
2.80461
0.0013759
2.86283
0.0437064
2.92252
0.0874559
2.93595
0.0828376
2.94294
0.0394444
2.94602
0.0157119
2.94411
0.0131804
2.94134
0.0114469
2.94183
0.00892615
2.94447
0.0178088
2.94854
0.0237329
2.95112
0.0188009
2.95
0.00590753
2.94642
-0.00447493
2.94282
-0.00717202
2.94054
-0.00430999
2.93966
0.000144231
2.93962
0.00323218
2.93908
-0.000504245
2.93557
-0.0158976
2.92683
-0.040217
2.91323
-0.0619289
2.89765
-0.0690613
2.88247
-0.060679
2.86908
-0.0444098
2.85863
-0.024812
2.85168
-0.0033367
2.84781
0.015787
2.84475
0.0254369
2.84007
0.0235862
2.83228
0.0141375
2.81988
0.000211378
2.8013
-0.014357
2.77714
-0.0200728
2.75147
-0.0086772
2.72714
0.0109161
2.70278
0.0219779
2.67488
0.0157876
2.64033
-0.00743972
2.59604
-0.0472573
2.53843
-0.103279
2.46474
-0.170493
2.37379
-0.240131
2.26769
-0.298093
2.15472
-0.33259
2.03512
-0.369959
1.89945
-0.43837
1.74153
-0.530824
1.55632
-0.638802
1.33447
-0.775711
1.02613
-0.970377
0.603098
-0.991744
-0.422122
0.155434
0.286672
0.267937
0.270646
0.334944
0.262035
0.412602
0.269583
0.527891
0.237301
0.613984
0.216027
0.724696
0.24367
0.835534
0.280046
0.909361
0.206159
0.964193
0.170219
1.01509
0.244154
1.12929
0.278374
1.25014
0.265485
1.39635
0.289358
1.57005
0.295468
1.72065
0.252642
1.87446
0.276455
2.01195
0.276134
2.13163
0.252594
2.23445
0.222787
2.32347
0.19764
2.40168
0.178422
2.47158
0.164649
2.53402
0.151775
2.58828
0.135004
2.63331
0.113284
2.66924
0.0900616
2.69774
0.0704549
2.72134
0.0579496
2.74234
0.0525885
2.7618
0.0510919
2.77964
0.0499495
2.79555
0.0480047
2.80956
0.0458946
2.82191
0.0439166
2.83234
0.0404655
2.83974
0.0333594
2.84321
0.0234613
2.8428
0.013541
2.83869
0.00413953
2.83086
-0.0054714
2.81947
-0.0148663
2.80514
-0.0228293
2.78893
-0.0283352
2.77252
-0.0307926
2.7579
-0.0294878
2.744
-0.0163538
2.74368
0.00169332
2.80051
-0.0131219
2.85689
0.0310802
2.86841
0.0713156
2.87625
0.0316091
2.88061
0.0113497
2.87903
0.0147558
2.87569
0.0147848
2.87629
0.0083342
2.8792
0.0148998
2.88356
0.0193678
2.88669
0.0156726
2.88664
0.00596138
2.88431
-0.00215264
2.8817
-0.00456291
2.87998
-0.00258688
2.87926
0.000870155
2.87912
0.00336863
2.87819
0.000423236
2.87402
-0.0117221
2.86463
-0.0308321
2.85062
-0.0479127
2.83493
-0.0533782
2.82047
-0.0462168
2.80895
-0.0328857
2.80122
-0.0170888
2.79746
0.000424468
2.79694
0.0163142
2.79744
0.0249312
2.7966
0.0244321
2.79295
0.0177873
2.78537
0.00778716
2.77314
-0.00212087
2.75746
-0.00439906
2.74194
0.00684552
2.72846
0.0244008
2.71515
0.0352854
2.69828
0.0326625
2.6744
0.0164351
2.64012
-0.0129787
2.5919
-0.0550554
2.52709
-0.105683
2.44468
-0.157716
2.34655
-0.199969
2.23839
-0.22443
2.11912
-0.250685
1.97998
-0.299231
1.814
-0.364845
1.6152
-0.439996
1.37263
-0.533149
1.0414
-0.639141
0.618805
-0.569152
-0.209788
0.141511
0.15016
0.236304
0.175852
0.311626
0.186712
0.410291
0.170917
0.510164
0.137428
0.592962
0.133228
0.661804
0.174827
0.758696
0.183153
0.859305
0.105548
0.903651
0.125871
0.953598
0.194206
1.05534
0.176629
1.16509
0.155737
1.29852
0.155923
1.4546
0.139382
1.58489
0.122358
1.71692
0.144423
1.83632
0.156729
1.94001
0.148906
2.02848
0.134316
2.1051
0.121016
2.17293
0.110592
2.2342
0.103374
2.28939
0.0965812
2.33754
0.0868589
2.37749
0.0733276
2.40932
0.0582361
2.43461
0.0451646
2.4558
0.0367551
2.47501
0.0333724
2.49318
0.0329197
2.51019
0.032939
2.52568
0.0325156
2.53963
0.0319415
2.5522
0.0313501
2.56308
0.0295874
2.57123
0.0252077
2.5758
0.0188839
2.57676
0.0125885
2.57422
0.00667513
2.56817
0.000579045
2.55869
-0.00538931
2.54624
-0.0103783
2.53161
-0.0137037
2.51601
-0.0151996
2.50112
-0.01459
2.48649
-0.0017275
2.48176
0.00642414
2.53072
-0.0620788
2.57991
-0.0181151
2.58774
0.0634848
2.59486
0.0244918
2.59966
0.0065522
2.60139
0.0130231
2.60082
0.0153499
2.60206
0.00710078
2.60543
0.0115312
2.61019
0.0146084
2.61383
0.0120249
2.61462
0.00517768
2.6132
-0.00073888
2.6113
-0.0026625
2.61003
-0.00131058
2.60961
0.00128289
2.60974
0.00324236
2.60894
0.00122406
2.60472
-0.00750338
2.59524
-0.0213536
2.58115
-0.0338233
2.56552
-0.0377465
2.55171
-0.0324057
2.54166
-0.0228336
2.53607
-0.0114946
2.53498
0.00151563
2.53753
0.0137618
2.54158
0.0208821
2.54473
0.0212827
2.54552
0.0169983
2.54306
0.010248
2.53721
0.00372688
2.52973
0.00308099
2.52402
0.0125588
2.52149
0.0269275
2.52006
0.0367188
2.51584
0.0368775
2.50515
0.0271342
2.48435
0.00781509
2.44997
-0.0206724
2.39946
-0.0551771
2.33203
-0.0902775
2.24956
-0.117505
2.15643
-0.131295
2.05117
-0.145431
1.92617
-0.174224
1.77497
-0.213647
1.59203
-0.25706
1.36689
-0.308002
1.06133
-0.333585
0.681391
-0.189211
-0.0163294
0.107541
0.0476191
0.198758
0.0846333
0.283412
0.102058
0.367688
0.0866405
0.438693
0.0664214
0.477636
0.0942845
0.532123
0.120338
0.63968
0.0755953
0.728469
0.0167575
0.778521
0.0758174
0.829959
0.142766
0.912164
0.0944222
1.00005
0.067852
1.10498
0.0509923
1.22555
0.0188039
1.31825
0.02966
1.41123
0.0514434
1.49887
0.069089
1.57737
0.0703997
1.64563
0.0660574
1.70557
0.0610712
1.75947
0.0566927
1.80913
0.0537087
1.85471
0.0510025
1.89499
0.0465706
1.92861
0.0397072
1.95532
0.0315253
1.97639
0.024098
1.99401
0.0191303
2.01019
0.0171863
2.0259
0.0172137
2.04109
0.0177481
2.05544
0.0181654
2.06889
0.0184902
2.08149
0.0187431
2.09289
0.0181874
2.10208
0.0160144
2.10827
0.0126928
2.11136
0.0095001
2.11155
0.00648327
2.10887
0.00325765
2.10325
0.000229734
2.09497
-0.00209038
2.08457
-0.00331044
2.07268
-0.00331238
2.05989
-0.00179599
2.04554
0.0126202
2.03064
0.0213284
2.05538
-0.0868202
2.09075
-0.053482
2.09832
0.0559115
2.10097
0.0218425
2.09239
0.0151271
2.1023
0.00311721
2.12041
-0.0027578
2.12289
0.00461768
2.12688
0.00754172
2.13214
0.00934285
2.13633
0.00783751
2.13785
0.00366148
2.13717
-5.7434e-05
2.13583
-0.00132334
2.13501
-0.000493272
2.13512
0.00117642
2.13584
0.00251703
2.13562
0.00144995
2.13185
-0.00373507
2.12267
-0.0121737
2.1087
-0.0198481
2.09313
-0.0221764
2.07972
-0.0190035
2.07049
-0.0135959
2.06603
-0.00703616
2.0666
0.000944505
2.07143
0.00893625
2.07842
0.0138892
2.08506
0.0146395
2.08974
0.0123222
2.09163
0.00836323
2.09096
0.00438926
2.08997
0.00407438
2.0922
0.0103301
2.09908
0.0200504
2.10853
0.0272636
2.11663
0.0287775
2.11954
0.0242241
2.11348
0.0138819
2.09494
-0.00213002
2.06155
-0.021794
2.01294
-0.0416626
1.95147
-0.056031
1.88143
-0.0612602
1.80196
-0.0659559
1.70693
-0.0792023
1.59166
-0.0983715
1.45278
-0.118184
1.28363
-0.138852
1.06136
-0.11131
0.789326
0.0828201
0.129646
0.0539676
-0.00134908
0.117608
0.020992
0.189238
0.0304267
0.252297
0.0235801
0.30368
0.0150371
0.364814
0.0331499
0.438806
0.0463449
0.494074
0.0203255
0.509289
0.00154129
0.56161
0.0234948
0.640018
0.064357
0.700574
0.0338652
0.752323
0.0161013
0.802232
0.00108149
0.850812
-0.0297774
0.885121
-0.00465055
0.929941
0.00662132
0.980543
0.0184851
1.03042
0.0205172
1.07688
0.019598
1.1197
0.0182478
1.15909
0.0172986
1.19612
0.0166857
1.231
0.0161132
1.26255
0.0150228
1.28925
0.0130035
1.31049
0.0102857
1.32696
0.00762553
1.34039
0.0056942
1.35268
0.00489948
1.36494
0.00495325
1.37737
0.00531778
1.38979
0.00573746
1.40215
0.00613122
1.41439
0.00650428
1.42605
0.00652177
1.43617
0.00589832
1.44402
0.00483448
1.44964
0.0038794
1.45316
0.00296172
1.45452
0.00189984
1.45391
0.000842908
1.45181
6.53631e-06
1.44892
-0.000418172
1.44588
-0.000278144
1.44279
0.00130052
1.43961
0.0157994
1.42001
0.0409198
1.37562
-0.0424281
1.38221
-0.060072
1.42253
0.0155915
1.43385
0.0105209
1.44121
0.00777335
1.44411
0.00021418
1.44425
-0.00289723
1.44689
0.00198034
1.45149
0.00294203
1.45717
0.00365544
1.46184
0.00316792
1.46397
0.00153512
1.46389
2.52444e-05
1.46305
-0.000487791
1.46273
-0.000172232
1.46341
0.000503097
1.46477
0.001157
1.46527
0.000950807
1.46233
-0.000799169
1.45405
-0.0038982
1.441
-0.00679477
1.42642
-0.00759661
1.41397
-0.00655123
1.40532
-0.00493999
1.40113
-0.00284817
1.40208
-6.47076e-06
1.40782
0.0031964
1.41644
0.00527245
1.42533
0.00574219
1.43265
0.00500312
1.43749
0.00353168
1.44008
0.00179887
1.44281
0.00134427
1.44951
0.00362543
1.46198
0.00758507
1.47847
0.0107734
1.49524
0.0120038
1.5085
0.0109675
1.51449
0.00789678
1.50977
0.00258373
1.49214
-0.00416137
1.46163
-0.0111534
1.42145
-0.0158447
1.3767
-0.0165164
1.32753
-0.0167812
1.26907
-0.0207378
1.19824
-0.0275496
1.11501
-0.0349459
1.01918
-0.0430274
0.924279
-0.0164068
0.861959
0.14514
0.156006
0.00365031
0.0246417
0.0550679
0.0786475
0.093684
0.126833
0.173178
0.193502
0.195043
0.218537
0.282893
0.316758
0.332858
0.333939
0.304161
0.299509
0.306129
0.324613
0.34513
0.364727
0.382973
0.400271
0.416955
0.433068
0.448089
0.461092
0.471377
0.479001
0.484694
0.489593
0.494545
0.499862
0.505599
0.51173
0.518233
0.524755
0.530652
0.535486
0.539365
0.542327
0.544226
0.545069
0.545075
0.544657
0.544378
0.545679
0.561478
0.602398
0.55997
0.499897
0.515489
0.52601
0.533783
0.533997
0.5311
0.53308
0.536023
0.539678
0.542846
0.544381
0.544407
0.543919
0.543747
0.54425
0.545407
0.546358
0.545559
0.541661
0.534867
0.52727
0.520719
0.51578
0.512932
0.512926
0.516122
0.521395
0.527137
0.532141
0.535673
0.537472
0.538817
0.542442
0.550028
0.560801
0.572806
0.583773
0.59167
0.594254
0.590093
0.57894
0.563096
0.546579
0.529798
0.509061
0.481511
0.446565
0.403538
0.387131
0.532272
)
;

boundaryField
{
    inlet
    {
        type            calculated;
        value           nonuniform List<scalar> 
40
(
-0.005
-0.005
-0.005
-0.005
-0.005
-0.005
-0.005
-0.005
-0.005
-0.005
-0.005
-0.005
-0.005
-0.005
-0.005
-0.005
-0.005
-0.005
-0.005
-0.005
-0.005
-0.005
-0.005
-0.005
-0.005
-0.005
-0.005
-0.005
-0.005
-0.005
-0.005
-0.005
-0.005
-0.005
-0.005
-0.005
-0.005
-0.005
-0.005
-0.005
)
;
    }
    outlet
    {
        type            calculated;
        value           nonuniform List<scalar> 
40
(
0.435331
0.870602
1.01495
0.979987
0.995418
1.00142
0.863519
0.623746
0.367755
0.00791823
-0.334236
-0.598805
-0.743411
-0.816965
-0.857629
-0.887043
-0.915584
-0.946409
-0.978316
-0.989942
-0.975203
-0.935287
-0.872128
-0.798351
-0.70579
-0.581698
-0.405172
-0.144465
0.227281
0.641066
0.735451
0.598782
0.475714
0.404041
0.381853
0.406472
0.487932
0.643351
0.835599
0.688278
)
;
    }
    lowerWall
    {
        type            calculated;
        value           uniform 0;
    }
    upperWall
    {
        type            calculated;
        value           uniform 0;
    }
    frontAndBack
    {
        type            empty;
    }
}


// ************************************************************************* //
