/*--------------------------------*- C++ -*----------------------------------*\
| =========                 |                                                 |
| \\      /  F ield         | foam-extend: Open Source CFD                    |
|  \\    /   O peration     | Version:     5.0                                |
|   \\  /    A nd           | Web:         http://www.foam-extend.org         |
|    \\/     M anipulation  |                                                 |
\*---------------------------------------------------------------------------*/
FoamFile
{
    version     2.0;
    format      ascii;
    class       volVectorField;
    location    "0.05";
    object      U;
}
// * * * * * * * * * * * * * * * * * * * * * * * * * * * * * * * * * * * * * //

dimensions      [0 1 -1 0 0 0 0];

internalField   nonuniform List<vector> 
4000
(
(1.23555 0.395482 0)
(3.86573 -0.481391 0)
(9.98474 -0.597563 0)
(15.5973 -0.470836 0)
(20.6598 -0.453532 0)
(24.3564 -0.607185 0)
(33.6658 -1.12194 0)
(40.2637 -0.763316 0)
(44.3386 -0.390946 0)
(50.2601 -1.05089 0)
(53.9663 -0.369038 0)
(48.7688 0.915415 0)
(48.1309 0.729448 0)
(40.0154 0.908524 0)
(39.9264 0.801154 0)
(34.7444 0.230126 0)
(33.7438 0.0852609 0)
(36.0401 -0.71614 0)
(41.199 -0.885254 0)
(52.1584 -1.98808 0)
(58.5972 -1.14422 0)
(62.6564 0.906952 0)
(58.5919 0.0510574 0)
(58.1648 0.0683946 0)
(59.2467 -0.338806 0)
(66.239 -0.911142 0)
(73.0235 -0.73814 0)
(73.6172 -0.433814 0)
(66.5406 1.16695 0)
(62.0134 1.63251 0)
(57.909 0.344162 0)
(54.0672 -0.462927 0)
(57.3265 -0.131305 0)
(58.5729 0.0297782 0)
(59.7257 -0.35167 0)
(62.0995 -0.690149 0)
(71.7582 -1.11228 0)
(72.1143 -0.220136 0)
(66.2099 1.0665 0)
(63.7537 1.13983 0)
(63.6736 -0.115989 0)
(64.7151 -1.20178 0)
(69.4695 -0.436989 0)
(68.6227 0.200004 0)
(64.9918 0.436117 0)
(62.6807 0.735551 0)
(62.6971 0.295714 0)
(64.7991 -0.158492 0)
(66.6808 -1.1467 0)
(69.9843 -0.550077 0)
(68.5769 1.08804 0)
(62.0227 1.27371 0)
(54.9945 0.359538 0)
(55.2477 -0.320518 0)
(54.2673 -0.0557414 0)
(55.1342 0.401058 0)
(57.7637 -0.285254 0)
(60.3589 -0.383735 0)
(60.228 -0.128094 0)
(65.633 -0.790502 0)
(70.9938 -1.23605 0)
(73.8085 -0.173501 0)
(67.8983 1.16046 0)
(62.9347 1.33014 0)
(58.8402 0.657064 0)
(53.5067 0.15164 0)
(52.7513 0.0258878 0)
(56.5394 -0.290215 0)
(60.2677 -0.487703 0)
(62.3031 -0.541427 0)
(67.1718 -1.03486 0)
(71.4482 -0.850121 0)
(69.1843 0.870511 0)
(63.9087 1.58153 0)
(59.2357 0.735888 0)
(56.0258 -0.251945 0)
(57.2218 -0.404849 0)
(63.4407 -0.559266 0)
(65.6023 -0.440432 0)
(70.0609 -0.221024 0)
(67.7715 0.201956 0)
(64.6682 0.744111 0)
(64.427 -0.0138564 0)
(66.1406 -0.663605 0)
(72.3957 -0.64517 0)
(80.0516 -1.14123 0)
(87.7029 -1.57051 0)
(94.9176 -0.50027 0)
(95.5749 0.222304 0)
(92.8646 0.556734 0)
(87.6246 0.698636 0)
(82.3554 0.895432 0)
(79.6465 0.383333 0)
(78.002 -0.18542 0)
(80.9372 -0.113381 0)
(82.5633 -0.712113 0)
(88.5968 -0.841168 0)
(88.1407 0.345308 0)
(87.0414 0.182183 0)
(84.0396 -0.66369 0)
(9.53977 -1.23598 0)
(23.1807 -3.25879 0)
(40.8467 -3.2365 0)
(57.0654 -2.72025 0)
(70.9709 -2.25409 0)
(77.9224 -3.17761 0)
(103.163 -4.50392 0)
(115.762 -2.66018 0)
(120.499 -1.68062 0)
(136.322 -2.91039 0)
(138.785 -0.253918 0)
(134.128 2.56267 0)
(130.173 2.73681 0)
(104.598 1.55932 0)
(126.17 1.42398 0)
(109.584 1.16058 0)
(100.039 -0.606243 0)
(117.276 -2.28332 0)
(121.691 -2.64523 0)
(140.007 -4.20173 0)
(130.953 -2.86875 0)
(153.57 0.865776 0)
(152.972 -0.319158 0)
(153.001 0.0173079 0)
(154.204 -0.934159 0)
(155.306 -3.55717 0)
(170.578 -2.0295 0)
(168.255 1.78443 0)
(143.509 3.30556 0)
(157.384 1.72735 0)
(148.327 0.988336 0)
(139.463 -0.202764 0)
(146.983 -0.669401 0)
(151.825 -0.631992 0)
(151.178 -0.884622 0)
(151.818 -2.04812 0)
(167.18 -2.43866 0)
(156.595 0.644581 0)
(159.208 2.51911 0)
(159.101 0.653002 0)
(162.564 -0.976646 0)
(162.189 -1.98364 0)
(165.689 -0.500435 0)
(164.796 1.89972 0)
(147.074 2.39008 0)
(136.212 0.499613 0)
(155.401 -0.856542 0)
(157.436 -0.713449 0)
(162.679 -2.0052 0)
(149.886 -0.271287 0)
(160.451 2.69431 0)
(151.414 2.84613 0)
(136.932 1.19185 0)
(139.783 0.465723 0)
(125.9 0.531729 0)
(127.97 -0.755405 0)
(144.465 -2.12842 0)
(150.625 -1.0247 0)
(153.743 -0.714498 0)
(163.528 -2.51427 0)
(163.235 -2.09921 0)
(161.95 1.6134 0)
(143.283 3.14354 0)
(154.125 1.43257 0)
(147.596 1.60466 0)
(139.826 1.56141 0)
(130.96 -0.0334952 0)
(142.098 -2.52911 0)
(153.827 -2.02236 0)
(158.49 -1.14486 0)
(163.391 -1.73473 0)
(159.379 -0.0640721 0)
(147.454 2.1226 0)
(157.643 1.91352 0)
(152.491 1.48522 0)
(148.892 0.233579 0)
(141.727 -1.42043 0)
(157.952 -2.40375 0)
(162.624 -1.62879 0)
(172.937 -0.557262 0)
(165.492 1.00862 0)
(163.052 1.76874 0)
(165.401 -0.452375 0)
(160.504 -2.64805 0)
(181.607 -2.96666 0)
(195.396 -3.73869 0)
(206.124 -4.49825 0)
(219.274 -1.44101 0)
(224.634 0.664954 0)
(218.3 1.7957 0)
(209.046 2.41163 0)
(194.962 2.57323 0)
(188.779 1.18746 0)
(183.17 -0.745684 0)
(188.485 -0.701443 0)
(193.913 -1.98768 0)
(200.508 -2.1163 0)
(196.81 1.51144 0)
(194.327 2.1842 0)
(170.254 -0.42382 0)
(18.7808 -6.37832 0)
(43.7047 -8.92525 0)
(70.2223 -8.54372 0)
(94.1847 -7.36413 0)
(115.32 -6.27275 0)
(133.275 -7.6126 0)
(153.478 -9.2177 0)
(166.662 -5.85256 0)
(182.35 -3.97019 0)
(187.978 -4.11593 0)
(183.422 0.884933 0)
(169.415 3.67076 0)
(190.16 3.81274 0)
(173.652 1.08037 0)
(197.749 1.19602 0)
(186.215 2.70866 0)
(183.07 -0.419743 0)
(181.003 -2.44022 0)
(166.604 -4.86492 0)
(201.167 -6.75319 0)
(180.447 -4.57798 0)
(199.103 -0.502812 0)
(203.73 -0.759906 0)
(199.633 0.454648 0)
(193.826 -1.95884 0)
(217.018 -5.908 0)
(207.788 -2.4167 0)
(213.154 3.77072 0)
(191.132 4.83467 0)
(211.45 2.02018 0)
(198.71 2.80565 0)
(193.146 0.18672 0)
(184.846 -1.96194 0)
(203.542 -1.7256 0)
(199.674 -0.935491 0)
(203.978 -2.85771 0)
(199.814 -4.01782 0)
(210.575 1.24643 0)
(191.819 3.51181 0)
(207.145 -0.137915 0)
(211.52 -1.81897 0)
(212.699 -2.14292 0)
(197.345 0.466765 0)
(202.352 4.65049 0)
(178.481 4.8692 0)
(184.665 -1.48852 0)
(201.902 -3.2158 0)
(210.787 -1.51339 0)
(213.86 -2.13031 0)
(197.563 -0.499111 0)
(212.403 3.84068 0)
(202.045 6.36723 0)
(181.635 3.06264 0)
(185.605 2.18611 0)
(165.642 1.09376 0)
(179.399 -3.55528 0)
(194.165 -5.07515 0)
(200.596 -2.47684 0)
(203.339 -1.81154 0)
(213.495 -3.72486 0)
(210.341 -0.900912 0)
(187.677 4.01698 0)
(188.697 3.27203 0)
(198.229 1.18463 0)
(199.11 2.66258 0)
(193.164 2.87106 0)
(185.547 -1.02912 0)
(207.38 -5.36294 0)
(208.578 -3.25646 0)
(210.446 -1.139 0)
(207.461 -0.934481 0)
(193.49 0.56082 0)
(197.559 1.40769 0)
(211.373 1.92677 0)
(209.072 2.69774 0)
(206.342 0.603994 0)
(198.524 -3.36089 0)
(224.781 -5.18299 0)
(221.423 -2.82699 0)
(233.869 -0.997548 0)
(227.787 2.54964 0)
(210.62 3.12263 0)
(225.947 -1.61653 0)
(226.82 -6.01606 0)
(248.744 -6.90797 0)
(259.422 -6.54626 0)
(268.365 -7.36376 0)
(265.087 -3.10361 0)
(281.526 0.710906 0)
(270.199 3.92642 0)
(265.286 5.51186 0)
(244.366 4.92188 0)
(255.84 2.37999 0)
(241.417 -0.657412 0)
(247.85 -1.6288 0)
(252.349 -3.33764 0)
(251.224 -2.7495 0)
(243.267 3.52443 0)
(237.619 7.13531 0)
(199.155 2.03689 0)
(24.8941 -14.917 0)
(56.7391 -16.7547 0)
(87.4489 -15.537 0)
(115.28 -13.5553 0)
(140.264 -11.5924 0)
(159.908 -11.9496 0)
(176.39 -12.4019 0)
(171.603 -9.70374 0)
(204.929 -6.73186 0)
(208.786 -4.01369 0)
(198.645 0.617406 0)
(221.1 2.30001 0)
(219.531 2.2572 0)
(245.6 -1.90098 0)
(247.665 0.991667 0)
(242.704 4.4825 0)
(233.423 2.03894 0)
(219.865 -0.593406 0)
(213.821 -7.15474 0)
(244.235 -9.1881 0)
(223.439 -6.06897 0)
(254.567 -0.649259 0)
(230.731 1.29412 0)
(211.965 0.748522 0)
(243.208 -5.33208 0)
(240.539 -6.79488 0)
(240.192 -0.511755 0)
(219.9 5.14656 0)
(227.19 4.23465 0)
(239.332 2.25626 0)
(228.34 5.03022 0)
(210.95 0.953272 0)
(226.471 -3.76552 0)
(231.314 -2.24476 0)
(225.18 -0.143112 0)
(216.129 -2.63679 0)
(233.158 -5.10296 0)
(216.061 1.81743 0)
(219.745 3.92066 0)
(226.772 -1.96751 0)
(232.481 -2.94274 0)
(236.826 -1.6854 0)
(233.119 3.16312 0)
(210.733 7.06058 0)
(208.596 4.98803 0)
(217.541 -4.2543 0)
(223.072 -5.73411 0)
(235.696 -2.862 0)
(241.233 -2.22104 0)
(230.462 -0.859852 0)
(243.403 4.69472 0)
(234.06 9.5915 0)
(223.07 5.91284 0)
(206.351 3.70258 0)
(205.781 0.264228 0)
(218.849 -6.1902 0)
(226.447 -7.81219 0)
(228.42 -3.029 0)
(218.985 -2.37472 0)
(236.659 -4.92549 0)
(230.627 1.53221 0)
(212.122 6.38643 0)
(215.253 2.64003 0)
(220.273 -0.422119 0)
(228.424 1.95459 0)
(225.092 2.88816 0)
(238.212 -2.61647 0)
(236.527 -5.64233 0)
(223.141 -3.67567 0)
(232.623 -0.257121 0)
(223.605 0.174063 0)
(225.26 -0.358702 0)
(234.663 -0.317101 0)
(243.67 1.17993 0)
(242.751 3.40366 0)
(235.549 0.498619 0)
(249.42 -5.27342 0)
(246.598 -6.31707 0)
(249.109 -5.52881 0)
(273.647 -2.74028 0)
(268.692 4.45038 0)
(267.853 3.55607 0)
(259.422 -4.05332 0)
(284.561 -10.219 0)
(292.678 -8.61619 0)
(293.891 -7.12994 0)
(285.773 -9.27196 0)
(305.072 -4.17799 0)
(293.003 1.45484 0)
(297.091 6.00514 0)
(282.019 8.09245 0)
(280.415 5.34209 0)
(284.193 2.31223 0)
(280.292 -0.410336 0)
(278.275 -1.53291 0)
(275.268 -2.54581 0)
(261.415 -1.97072 0)
(261.014 6.50329 0)
(248.234 15.148 0)
(193.248 6.5424 0)
(27.2657 -25.1894 0)
(63.8885 -25.6629 0)
(98.2928 -23.3868 0)
(128.59 -20.408 0)
(153.789 -17.1938 0)
(171.586 -15.8714 0)
(186.47 -14.2727 0)
(180.183 -13.4191 0)
(212.906 -9.70506 0)
(205.318 -5.31698 0)
(231.222 -2.25651 0)
(234.858 -0.397154 0)
(266.157 -2.77022 0)
(272.415 -3.58952 0)
(271.438 2.10978 0)
(272.555 6.24115 0)
(251.274 2.99589 0)
(279.444 -0.726555 0)
(272.519 -7.52761 0)
(267.293 -9.2134 0)
(242.643 -7.88595 0)
(274.05 0.339938 0)
(257.44 5.33819 0)
(230.945 0.0677292 0)
(255.492 -6.70713 0)
(231.922 -6.13264 0)
(249.461 0.723855 0)
(226.966 5.92777 0)
(241.577 2.10833 0)
(248.93 2.33915 0)
(245.722 6.79012 0)
(239.951 1.30801 0)
(230.776 -4.25175 0)
(239.677 -1.51541 0)
(224.681 0.589445 0)
(244.13 -3.9045 0)
(244.597 -4.77993 0)
(225.26 2.48369 0)
(235.774 3.94232 0)
(235.759 -2.38251 0)
(235.389 -3.56395 0)
(232.668 -3.2737 0)
(245.106 4.74505 0)
(237.77 10.25 0)
(224.194 4.34496 0)
(239.577 -5.70052 0)
(233.028 -6.7304 0)
(241.446 -4.27967 0)
(240.211 -3.86739 0)
(247.747 -2.24203 0)
(253.128 5.25017 0)
(248.581 11.7722 0)
(244.109 8.15743 0)
(229.889 4.7783 0)
(244.597 -2.08364 0)
(249.698 -7.71453 0)
(251.457 -7.97256 0)
(250.943 -2.3986 0)
(252.37 -2.27448 0)
(250.408 -3.96883 0)
(229.132 3.00821 0)
(238.677 7.21191 0)
(229.562 3.68628 0)
(232.354 -1.87318 0)
(242.185 0.167875 0)
(246.931 1.8626 0)
(252.354 -2.52683 0)
(239.723 -4.78541 0)
(248.329 -2.87949 0)
(234.523 0.027712 0)
(245.438 0.326468 0)
(241.153 -2.9314 0)
(257.182 -2.49807 0)
(261.177 1.39117 0)
(261.372 3.98083 0)
(260.156 -0.396044 0)
(261.502 -7.05799 0)
(279.036 -7.05509 0)
(270.555 -8.1115 0)
(293.884 -4.32555 0)
(274.584 4.91283 0)
(294.489 4.53183 0)
(294.777 -6.5833 0)
(305.83 -13.8908 0)
(312.165 -8.80184 0)
(315.786 -6.60317 0)
(312.77 -10.0219 0)
(298.127 -3.80656 0)
(309.236 2.15733 0)
(286.112 6.38498 0)
(302.02 8.61531 0)
(287.619 6.29186 0)
(295.291 2.40919 0)
(290.722 0.166427 0)
(282.162 0.36341 0)
(270.772 0.415595 0)
(252.247 -0.378869 0)
(243.167 8.239 0)
(235.597 23.5749 0)
(197.666 11.6464 0)
(26.4337 -36.0831 0)
(63.8439 -34.9374 0)
(96.4794 -31.4109 0)
(125.727 -27.2471 0)
(150.338 -22.6945 0)
(170.962 -19.7682 0)
(185.362 -16.3611 0)
(194.256 -15.9612 0)
(197.788 -12.3575 0)
(222.597 -8.63633 0)
(222.721 -7.01929 0)
(263.901 -5.81709 0)
(273.556 -5.15774 0)
(271.539 -3.00439 0)
(253.881 1.3462 0)
(289.546 5.14847 0)
(280.867 1.83061 0)
(297.43 -1.70225 0)
(285.85 -4.77314 0)
(275.835 -5.09852 0)
(242.249 -6.78444 0)
(247.645 -1.8557 0)
(274.753 7.90395 0)
(257.417 1.25368 0)
(255.138 -5.3346 0)
(243.012 -4.01064 0)
(225.079 0.993576 0)
(231.094 4.86281 0)
(242.961 0.581319 0)
(247.855 1.2807 0)
(248.482 7.19493 0)
(248.052 3.18768 0)
(237.57 -2.75846 0)
(224.111 -1.66438 0)
(240.468 -1.21698 0)
(244.953 -4.64016 0)
(245.933 -3.78612 0)
(231.916 2.33374 0)
(250.388 4.03172 0)
(239.903 -0.0951827 0)
(223.744 -3.96307 0)
(240.208 -5.47063 0)
(234.99 4.06838 0)
(248.989 12.4342 0)
(236.728 5.0776 0)
(240.115 -6.17769 0)
(239.306 -6.43173 0)
(238.41 -5.01414 0)
(250.933 -5.71074 0)
(238.341 -3.40331 0)
(248.997 6.12907 0)
(251.18 12.3169 0)
(255.797 8.98373 0)
(261.01 2.9708 0)
(265.482 -3.67361 0)
(264.504 -6.78602 0)
(258.279 -6.45421 0)
(240.293 -2.8313 0)
(261.91 -1.69727 0)
(251.669 -1.51048 0)
(229.675 2.68755 0)
(246.852 6.65691 0)
(239.634 5.32112 0)
(238.736 -1.76627 0)
(233.643 -2.20824 0)
(250.934 0.317575 0)
(256.596 -1.7006 0)
(255.348 -3.75699 0)
(241.582 -2.74944 0)
(251.54 0.671448 0)
(241.126 -0.529028 0)
(253.224 -4.84503 0)
(247.356 -3.87319 0)
(261.67 0.54287 0)
(264.756 3.70436 0)
(268.271 -0.802687 0)
(259.779 -9.31483 0)
(284.628 -10.0088 0)
(293.239 -9.22252 0)
(297.843 -3.84957 0)
(275.618 4.10566 0)
(302.093 3.10391 0)
(295.431 -6.93729 0)
(295.354 -14.6558 0)
(285.385 -10.6997 0)
(311.844 -6.74517 0)
(305.91 -8.6338 0)
(290.495 -2.44195 0)
(300.336 4.75119 0)
(276.118 7.03298 0)
(294.108 7.95132 0)
(281.74 7.72323 0)
(284.335 2.67902 0)
(275.57 1.10509 0)
(268.5 3.84329 0)
(248.43 5.34463 0)
(223.269 3.02546 0)
(204.795 10.2872 0)
(206.661 27.903 0)
(200.621 14.2822 0)
(23.2473 -46.443 0)
(57.979 -43.2987 0)
(81.4236 -38.4403 0)
(105.578 -33.5056 0)
(125.469 -28.4524 0)
(154.498 -23.9615 0)
(159.531 -19.2887 0)
(175.339 -18.3325 0)
(179.439 -15.747 0)
(215.821 -13.0381 0)
(210.558 -13.3001 0)
(256.017 -11.1831 0)
(258.817 -5.371 0)
(257.5 -1.4218 0)
(241.108 -1.24246 0)
(279.304 0.859478 0)
(281.929 0.563705 0)
(287.936 -1.36537 0)
(277.258 -1.94935 0)
(272.791 -1.08136 0)
(251.065 -3.09768 0)
(225.81 -3.34976 0)
(250.893 5.86039 0)
(250.515 4.01295 0)
(242.04 -2.55491 0)
(234.899 -1.15826 0)
(209.956 1.64809 0)
(230.436 1.38819 0)
(236.477 -0.180218 0)
(233.547 3.18876 0)
(221.951 6.65936 0)
(236.335 4.19047 0)
(225.642 -0.598795 0)
(228.874 -2.36295 0)
(220.027 -3.18412 0)
(240.59 -5.33356 0)
(236.018 -3.39509 0)
(223.579 1.41109 0)
(244.671 3.9811 0)
(241.189 2.17944 0)
(231.284 -3.83674 0)
(239.25 -6.21322 0)
(221.002 3.00101 0)
(239.354 12.2551 0)
(236.127 5.84801 0)
(242.518 -6.63878 0)
(235.888 -5.98198 0)
(247.617 -5.4769 0)
(242.96 -5.67341 0)
(230.143 -3.19693 0)
(239.61 5.40988 0)
(239.113 11.4047 0)
(253.911 7.13242 0)
(262.949 1.73617 0)
(265.585 -3.98734 0)
(262.855 -4.52636 0)
(254.428 -4.00454 0)
(232.397 -3.94778 0)
(261.007 -1.83089 0)
(249.294 1.70156 0)
(226.93 2.34563 0)
(241.84 6.12348 0)
(236.688 7.38854 0)
(233.935 -0.615459 0)
(224.475 -4.22406 0)
(237.236 -2.94225 0)
(249.733 -1.8831 0)
(253.451 -3.01727 0)
(250.776 -1.7568 0)
(235.303 1.11162 0)
(250.12 -1.42925 0)
(231.268 -5.29586 0)
(241.8 -4.12713 0)
(237.81 -0.890118 0)
(252.283 2.14353 0)
(260.222 -0.823424 0)
(258.034 -10.048 0)
(248.871 -12.8763 0)
(271.26 -11.7342 0)
(282.798 -3.65376 0)
(267.389 3.44235 0)
(287.632 2.47051 0)
(277.581 -5.62828 0)
(273.695 -14.4653 0)
(257.164 -12.3066 0)
(287.258 -8.07722 0)
(267.343 -6.875 0)
(266.946 -2.59829 0)
(269.978 6.16164 0)
(269.761 6.95448 0)
(268.552 7.44196 0)
(264.675 9.43232 0)
(260.41 4.21337 0)
(250.402 3.77883 0)
(222.655 8.60344 0)
(213.138 10.7992 0)
(187.082 8.94066 0)
(149.203 13.1597 0)
(157.293 27.1568 0)
(174.518 13.0596 0)
(18.6444 -55.445 0)
(48.8269 -50.3502 0)
(71.9075 -44.3625 0)
(92.3812 -38.8906 0)
(111.582 -33.6077 0)
(126.51 -28.3354 0)
(147.571 -23.058 0)
(162.562 -20.7934 0)
(159.774 -19.8635 0)
(196.515 -17.3791 0)
(190.211 -18.7408 0)
(226.89 -15.7992 0)
(229.481 -5.67901 0)
(234.424 -0.444286 0)
(230.959 -2.26541 0)
(227.101 -3.62629 0)
(254.584 -1.87628 0)
(258.049 -0.434721 0)
(250.017 -0.353059 0)
(243.227 1.88278 0)
(225.718 1.66814 0)
(211.968 -0.48461 0)
(191.104 2.56513 0)
(223.891 3.3194 0)
(219.359 -0.765176 0)
(215 1.40198 0)
(192.045 1.50849 0)
(213.157 -0.47408 0)
(209.225 1.44615 0)
(207.123 4.88596 0)
(192.785 6.19921 0)
(205.408 3.19223 0)
(207.3 -0.233227 0)
(213.356 -2.6821 0)
(218.978 -4.66433 0)
(222.48 -5.42117 0)
(214.244 -2.19756 0)
(199.676 0.0473861 0)
(221.927 2.79448 0)
(228.067 2.87642 0)
(224.338 -3.21272 0)
(224.03 -5.44077 0)
(201.474 2.47996 0)
(222.459 10.1756 0)
(229.159 4.97866 0)
(230.728 -6.05938 0)
(215.409 -6.60073 0)
(237.022 -5.89038 0)
(217.976 -4.84031 0)
(223.843 -2.96606 0)
(212.674 6.24486 0)
(217.732 7.99356 0)
(240.764 3.22452 0)
(247.185 0.336694 0)
(246.186 -3.78213 0)
(242.048 -2.70883 0)
(239.621 -1.71557 0)
(218.637 -5.18718 0)
(243.214 -2.64973 0)
(236.877 5.06197 0)
(223.994 3.19825 0)
(208.105 5.25911 0)
(225.712 8.48278 0)
(222.389 1.30944 0)
(206.204 -5.59055 0)
(217.693 -5.95935 0)
(233.622 -4.13985 0)
(238.829 -3.36365 0)
(236.935 -0.187278 0)
(224.293 1.58785 0)
(236.237 -0.242529 0)
(223.499 -4.05946 0)
(208.888 -4.33318 0)
(224.213 -1.86414 0)
(222.051 -0.69335 0)
(243.426 -1.52041 0)
(237.249 -8.39204 0)
(224.698 -14.4298 0)
(246.734 -14.1942 0)
(235.014 -5.11862 0)
(248.651 2.25769 0)
(255.804 3.24367 0)
(248.24 -3.69656 0)
(242.418 -13.092 0)
(222.848 -13.3223 0)
(253.282 -8.667 0)
(228.409 -5.57803 0)
(228.037 -2.44509 0)
(228.593 6.577 0)
(236.285 7.15408 0)
(227.856 8.65873 0)
(220.234 11.4686 0)
(214.468 6.29214 0)
(204.052 7.49747 0)
(176.52 13.7149 0)
(168.805 16.4648 0)
(141.857 16.6139 0)
(96.9674 16.7134 0)
(102.255 24.5679 0)
(127.722 10.2419 0)
(13.336 -62.7574 0)
(38.8042 -56.4188 0)
(57.6406 -49.4118 0)
(72.8565 -43.2155 0)
(89.2729 -37.5205 0)
(104.512 -32.4426 0)
(117.869 -27.3882 0)
(137.275 -23.1198 0)
(140.98 -23.2543 0)
(167.594 -21.5018 0)
(174.005 -22.2349 0)
(184.956 -17.5387 0)
(178.45 -7.33628 0)
(197.182 -1.54213 0)
(197.649 -1.47041 0)
(196.959 -5.307 0)
(192.036 -4.72485 0)
(207.586 -0.206273 0)
(198.291 2.01501 0)
(186.113 4.78064 0)
(165.408 5.72124 0)
(161.879 3.2775 0)
(141.812 0.66799 0)
(173.769 -0.378625 0)
(177.484 -0.307155 0)
(173.971 3.51626 0)
(169.204 1.29412 0)
(166.537 -0.379728 0)
(164.134 3.49654 0)
(152.792 4.45869 0)
(169.027 4.56372 0)
(177.765 2.31104 0)
(169.029 -1.60012 0)
(182.841 -4.38292 0)
(188.59 -5.00324 0)
(188.515 -4.36348 0)
(183.168 -0.681339 0)
(165.543 -0.0552324 0)
(175.593 0.204229 0)
(196.178 1.85083 0)
(192.969 -2.7121 0)
(197.936 -3.97148 0)
(173.905 1.63888 0)
(202.388 6.79619 0)
(212.956 4.02406 0)
(212.171 -5.19154 0)
(205.648 -7.2557 0)
(216.74 -5.41848 0)
(206.209 -3.56229 0)
(193.566 -0.203099 0)
(176.001 6.37499 0)
(194.089 4.36927 0)
(210.014 -0.165254 0)
(216.545 0.225227 0)
(205.639 -2.2915 0)
(190.594 -1.66428 0)
(202.557 -0.828902 0)
(199.455 -6.04866 0)
(204.577 -3.33414 0)
(208.802 6.76957 0)
(196.443 5.82811 0)
(184.785 5.32881 0)
(204.156 7.01347 0)
(207.638 2.86806 0)
(201.451 -5.07198 0)
(187.122 -8.58625 0)
(210.15 -6.38965 0)
(212.537 -3.64886 0)
(206.117 1.94537 0)
(185.128 3.19719 0)
(193.386 -0.786002 0)
(187.236 -2.39187 0)
(192.36 -3.89745 0)
(196.155 -2.20875 0)
(186.474 -3.59261 0)
(214.308 -3.85339 0)
(211.525 -7.22142 0)
(208.251 -14.9722 0)
(211.298 -14.762 0)
(208.683 -5.41949 0)
(201.545 0.00839493 0)
(221.509 4.13676 0)
(215.405 -1.81996 0)
(205.525 -10.8583 0)
(179.858 -12.7805 0)
(195.497 -8.23928 0)
(181.938 -4.18301 0)
(171.578 -2.20739 0)
(185.18 5.72469 0)
(190.896 7.51554 0)
(172.745 9.84198 0)
(179.403 12.8883 0)
(172.343 9.43433 0)
(143.806 12.1555 0)
(127.824 17.8687 0)
(116.515 21.6404 0)
(89.4944 24.6243 0)
(42.5872 22.0395 0)
(39.5393 21.8376 0)
(77.5966 6.57258 0)
(7.7923 -68.098 0)
(27.9648 -60.9206 0)
(40.4984 -53.2802 0)
(47.6425 -47.1554 0)
(62.8601 -41.0458 0)
(74.9491 -36.073 0)
(88.5819 -31.4793 0)
(98.0568 -26.692 0)
(114.7 -26.6663 0)
(128.484 -24.8496 0)
(129.849 -23.63 0)
(128.149 -18.0837 0)
(140.779 -8.30506 0)
(136.766 -3.92996 0)
(151.286 -1.41279 0)
(148.664 -4.47749 0)
(141.095 -5.43096 0)
(142.846 0.835868 0)
(128.179 5.281 0)
(109.395 7.25125 0)
(110.148 8.36901 0)
(90.2942 5.64515 0)
(100.835 -1.08367 0)
(107.959 -2.72381 0)
(111.539 0.524428 0)
(90.8143 3.50202 0)
(106.052 0.881697 0)
(101.999 -0.30007 0)
(115.681 4.30059 0)
(109.729 3.30578 0)
(122.408 0.947557 0)
(139.255 1.79369 0)
(137.27 -1.61042 0)
(130.654 -6.62967 0)
(141.793 -5.30989 0)
(140.537 -3.10886 0)
(132.822 0.938841 0)
(117.829 0.140375 0)
(137.112 -2.89602 0)
(152.328 -0.40827 0)
(155.172 -3.05232 0)
(158.684 -2.34469 0)
(137.353 0.555931 0)
(160.968 2.99581 0)
(176.983 3.10245 0)
(172.932 -3.95786 0)
(157.655 -7.36756 0)
(173.404 -5.50119 0)
(161.681 -1.2593 0)
(148.313 2.7766 0)
(138.141 6.23381 0)
(162.033 0.424171 0)
(165.395 -2.31987 0)
(175.554 1.43307 0)
(153.55 0.154315 0)
(155.264 -1.1677 0)
(151.595 -1.66288 0)
(153.115 -5.56439 0)
(140.908 -3.33209 0)
(158.889 6.00832 0)
(149.334 7.30792 0)
(144.43 3.96514 0)
(168.944 4.44285 0)
(176.694 2.98578 0)
(172.16 -3.07312 0)
(150.677 -8.89285 0)
(170.904 -8.46241 0)
(173.674 -3.13175 0)
(165.92 4.65682 0)
(151.922 5.95659 0)
(135.178 -0.187561 0)
(136.214 -3.86644 0)
(150.115 -4.46692 0)
(154.936 -1.60985 0)
(143.834 -5.50075 0)
(161.568 -7.15186 0)
(171.339 -6.6285 0)
(162.797 -13.9353 0)
(155.297 -14.1273 0)
(153.565 -5.91708 0)
(159.866 -1.82451 0)
(175.444 3.86441 0)
(173.33 0.0859702 0)
(162.222 -7.58912 0)
(143.333 -10.3072 0)
(134.446 -6.5127 0)
(123.552 -2.56785 0)
(109.247 -2.21277 0)
(127.619 3.71346 0)
(134.271 7.9882 0)
(123.307 10.9274 0)
(127.207 14.6867 0)
(116.472 14.3353 0)
(88.3174 16.7155 0)
(70.5208 21.857 0)
(60.683 27.4446 0)
(32.4429 32.968 0)
(-10.2878 27.2391 0)
(-15.4768 20.5086 0)
(6.39442 3.25714 0)
(2.40537 -71.5797 0)
(16.4553 -63.9243 0)
(22.1256 -55.1549 0)
(23.608 -48.9054 0)
(33.0917 -43.5424 0)
(42.7604 -38.6086 0)
(52.0607 -34.1482 0)
(61.6452 -29.6843 0)
(73.7781 -29.1743 0)
(79.2564 -26.2347 0)
(76.791 -23.8838 0)
(73.131 -19.2708 0)
(88.7233 -9.9574 0)
(88.3405 -4.67044 0)
(86.477 -2.10368 0)
(89.8518 -3.2084 0)
(77.691 -3.56871 0)
(62.6656 3.68066 0)
(57.5954 8.49317 0)
(38.783 8.81961 0)
(40.734 9.96401 0)
(37.0128 6.87941 0)
(34.0423 -1.80006 0)
(33.2281 -2.60973 0)
(33.8914 2.28167 0)
(14.6168 3.53099 0)
(23.7831 -0.395838 0)
(22.1453 -2.31368 0)
(50.4474 2.29045 0)
(62.1393 1.36297 0)
(65.2123 -2.23844 0)
(81.4907 0.40258 0)
(82.9976 -1.14427 0)
(81.9998 -7.16389 0)
(80.749 -5.35414 0)
(77.2636 -1.25446 0)
(65.1086 2.03869 0)
(63.9744 -0.977959 0)
(81.3546 -6.43861 0)
(100.472 -3.02127 0)
(107.706 -3.28928 0)
(101.224 -1.00586 0)
(80.7056 0.0870804 0)
(102.087 -0.58248 0)
(120.23 1.49484 0)
(121.368 -2.96517 0)
(115.019 -6.42887 0)
(105.601 -4.46266 0)
(98.5266 0.6196 0)
(88.9189 3.86991 0)
(99.0374 5.06993 0)
(111.346 -2.1012 0)
(112.927 -3.93575 0)
(122.475 3.03512 0)
(106.287 2.8784 0)
(96.3584 -0.494533 0)
(102.19 -1.6569 0)
(91.2621 -4.31469 0)
(87.5723 -3.12989 0)
(93.3449 5.43094 0)
(85.4634 7.8974 0)
(83.6108 1.32902 0)
(115.424 0.867253 0)
(124.867 2.17613 0)
(125.49 -1.39817 0)
(113.818 -8.09249 0)
(113.396 -9.60572 0)
(118.625 -2.86331 0)
(108.266 7.31955 0)
(97.1867 10.6031 0)
(84.6665 1.38404 0)
(73.1896 -6.15417 0)
(91.5525 -6.3919 0)
(94.7167 -2.29962 0)
(104.724 -6.7052 0)
(104.3 -9.52169 0)
(117.252 -6.77634 0)
(103.006 -10.9331 0)
(81.6018 -12.3338 0)
(78.4873 -7.69153 0)
(92.9172 -4.81078 0)
(109.166 3.04097 0)
(116.248 1.19356 0)
(103.706 -5.09119 0)
(85.9887 -5.76164 0)
(71.57 -2.43293 0)
(52.4289 -0.0065777 0)
(39.6916 -2.53612 0)
(56.1965 1.47925 0)
(62.9035 7.91085 0)
(54.1079 11.2827 0)
(60.45 15.9431 0)
(54.1765 18.5542 0)
(26.7326 21.533 0)
(11.8958 25.5889 0)
(2.51933 32.6685 0)
(-26.1285 39.6289 0)
(-54.1903 32.3176 0)
(-72.6359 21.6357 0)
(-60.9731 1.84103 0)
(-2.87312 -72.8654 0)
(4.61515 -64.8671 0)
(3.84898 -55.86 0)
(-0.159049 -50.0619 0)
(2.31252 -45.4152 0)
(7.68153 -40.8071 0)
(11.068 -36.5932 0)
(18.8346 -32.2398 0)
(24.5988 -30.3971 0)
(23.5756 -26.1215 0)
(18.3853 -23.1022 0)
(17.0075 -19.8275 0)
(24.1588 -11.4597 0)
(27.9854 -4.94723 0)
(24.7976 -1.44882 0)
(19.1104 -1.35696 0)
(1.23071 -0.634188 0)
(-10.1342 7.04697 0)
(-18.2489 11.7035 0)
(-35.5796 10.2408 0)
(-40.5475 10.1053 0)
(-34.3048 7.76993 0)
(-38.7763 -0.716024 0)
(-45.3018 -1.63731 0)
(-46.161 4.58318 0)
(-63.3151 4.80012 0)
(-64.9251 -0.658115 0)
(-69.0812 -5.95393 0)
(-33.2789 -3.10856 0)
(-13.3485 -1.2294 0)
(-15.0811 -4.6028 0)
(3.11403 -2.53817 0)
(17.4148 -1.47342 0)
(9.20643 -6.56001 0)
(2.44285 -3.60687 0)
(-2.28895 1.05417 0)
(-20.2617 2.36287 0)
(-11.8331 -3.2864 0)
(10.3204 -10.6696 0)
(32.0373 -6.57393 0)
(39.4971 -2.83848 0)
(24.1691 2.02852 0)
(3.09393 -0.221929 0)
(26.198 -4.78682 0)
(47.5727 -1.35774 0)
(54.3208 -3.18665 0)
(50.3058 -4.1547 0)
(33.0964 -1.2855 0)
(22.9113 2.07028 0)
(14.4751 2.80795 0)
(33.5795 3.45028 0)
(41.7925 -3.44455 0)
(37.487 -6.11015 0)
(53.3225 3.58567 0)
(43.84 5.37859 0)
(35.8525 0.588294 0)
(34.1623 -0.337867 0)
(15.9173 -1.94718 0)
(10.3384 -2.4466 0)
(9.48684 5.26144 0)
(7.61352 7.5622 0)
(9.02734 -2.31398 0)
(45.934 -4.66938 0)
(62.4134 0.449489 0)
(58.8548 -0.301929 0)
(47.7172 -6.12721 0)
(43.039 -9.13063 0)
(40.912 -2.80548 0)
(29.9259 9.13808 0)
(28.5101 13.9873 0)
(19.3149 4.45978 0)
(0.17822 -7.23756 0)
(18.3351 -8.7421 0)
(29.1091 -3.98829 0)
(37.4644 -8.35356 0)
(39.455 -11.0385 0)
(43.7205 -5.34141 0)
(28.3961 -5.67183 0)
(-0.324416 -8.6501 0)
(-5.5387 -9.74758 0)
(8.23149 -9.00305 0)
(33.4907 0.630552 0)
(43.397 1.95319 0)
(24.9162 -2.65042 0)
(8.25375 -1.19108 0)
(-5.06662 2.7767 0)
(-25.8795 3.25531 0)
(-37.2017 -3.0035 0)
(-22.6038 -0.813751 0)
(-16.7318 7.18989 0)
(-21.6801 10.9975 0)
(-13.5038 16.4586 0)
(-13.3176 22.0342 0)
(-35.6715 25.6473 0)
(-44.5785 29.4969 0)
(-61.8245 37.9142 0)
(-77.569 44.9599 0)
(-102.058 37.537 0)
(-128.275 24.7714 0)
(-112.071 1.6296 0)
(-8.31221 -72.1739 0)
(-8.31256 -63.9921 0)
(-17.0753 -54.9316 0)
(-20.5453 -49.2075 0)
(-23.9704 -45.1038 0)
(-24.5689 -40.7872 0)
(-30.8015 -37.0648 0)
(-30.0628 -33.2382 0)
(-29.9733 -30.2919 0)
(-34.5506 -25.443 0)
(-41.2627 -22.7584 0)
(-44.9415 -20.3801 0)
(-41.2937 -12.4837 0)
(-38.9604 -4.62387 0)
(-45.6695 0.965004 0)
(-56.693 2.12082 0)
(-81.311 2.51266 0)
(-89.1825 9.61833 0)
(-89.718 14.3814 0)
(-109.287 12.5257 0)
(-120.457 10.2569 0)
(-110.966 7.81644 0)
(-114.301 0.487009 0)
(-123.008 -0.078086 0)
(-127.59 6.76821 0)
(-140.441 6.38597 0)
(-146.685 0.140315 0)
(-150.619 -9.09861 0)
(-121.317 -9.52086 0)
(-98.1644 -4.37763 0)
(-100.363 -6.4895 0)
(-85.1291 -6.97364 0)
(-62.7727 -2.53632 0)
(-74.8303 -4.35682 0)
(-83.8593 -1.25224 0)
(-85.9824 3.57799 0)
(-102.659 1.55879 0)
(-89.702 -6.27746 0)
(-73.0836 -14.9289 0)
(-53.2531 -10.6443 0)
(-44.3915 -1.7899 0)
(-56.811 5.10206 0)
(-69.6947 -1.02864 0)
(-52.7173 -8.8328 0)
(-31.3848 -4.60424 0)
(-24.7779 -3.8493 0)
(-28.8809 -1.63778 0)
(-44.6653 2.57048 0)
(-51.8005 3.48198 0)
(-61.5143 0.874231 0)
(-40.0724 1.37636 0)
(-33.5594 -2.96348 0)
(-55.2558 -8.08335 0)
(-26.3446 1.24211 0)
(-23.814 7.07913 0)
(-34.8626 2.90121 0)
(-43.2315 2.37298 0)
(-61.2436 1.26934 0)
(-69.8379 -0.789349 0)
(-72.0566 4.88909 0)
(-67.1688 5.95059 0)
(-64.3245 -5.81106 0)
(-35.1596 -10.9416 0)
(-12.9453 -1.80464 0)
(-15.3381 1.38859 0)
(-28.794 -3.20111 0)
(-38.8798 -6.64657 0)
(-51.5565 -1.39463 0)
(-54.9158 8.94816 0)
(-43.9789 15.0022 0)
(-45.9948 7.29539 0)
(-65.6053 -6.86213 0)
(-57.6214 -11.3581 0)
(-44.6025 -6.0514 0)
(-41.5098 -8.98847 0)
(-45.2857 -11.7696 0)
(-41.1989 -4.0846 0)
(-53.0677 -0.634137 0)
(-76.9353 -5.04534 0)
(-80.8993 -11.065 0)
(-75.6223 -13.3779 0)
(-48.5428 -2.54271 0)
(-41.2319 3.36154 0)
(-63.9895 0.325339 0)
(-71.8531 2.26408 0)
(-81.9719 7.33497 0)
(-98.6669 5.91452 0)
(-108.517 -2.9466 0)
(-97.7543 -1.93385 0)
(-98.6149 6.16513 0)
(-94.7362 9.85829 0)
(-88.9683 15.8795 0)
(-82.4549 23.5645 0)
(-96.6051 28.6951 0)
(-108.918 33.1058 0)
(-120.682 42.1242 0)
(-137.167 48.0428 0)
(-136.708 40.6428 0)
(-162.513 27.6656 0)
(-138.538 1.52197 0)
(-14.0144 -69.1706 0)
(-21.8234 -61.1261 0)
(-38.2463 -52.847 0)
(-50.8485 -47.4957 0)
(-61.26 -43.7118 0)
(-66.8763 -39.6428 0)
(-74.3884 -35.9677 0)
(-80.0245 -32.3167 0)
(-86.096 -28.6897 0)
(-94.86 -23.5623 0)
(-103.004 -20.9939 0)
(-109.378 -19.5148 0)
(-109.279 -13.0399 0)
(-108.995 -4.40858 0)
(-118.862 3.70683 0)
(-130.573 6.97804 0)
(-159.946 5.99304 0)
(-164.679 10.8654 0)
(-156.405 16.7936 0)
(-180.999 15.4623 0)
(-188.751 11.1568 0)
(-188.33 7.43395 0)
(-184.452 1.78171 0)
(-197.21 2.49985 0)
(-201.746 8.98799 0)
(-216.922 8.02378 0)
(-219.034 0.726329 0)
(-223.115 -11.5197 0)
(-199.22 -14.7569 0)
(-179.675 -7.98094 0)
(-176.912 -7.83855 0)
(-169.049 -11.2 0)
(-144.936 -4.45709 0)
(-158.814 -1.8231 0)
(-169.962 1.03151 0)
(-166.198 5.23694 0)
(-179.317 0.687405 0)
(-165.525 -9.29217 0)
(-154.555 -17.8979 0)
(-142.495 -13.7251 0)
(-132.189 -2.31947 0)
(-136.073 6.11342 0)
(-142.886 -1.40842 0)
(-133.804 -12.4748 0)
(-106.32 -8.25191 0)
(-104.877 -4.21104 0)
(-111.097 0.769077 0)
(-120.576 5.41933 0)
(-128.413 4.43209 0)
(-133.982 -1.17859 0)
(-116.76 -0.770451 0)
(-105.919 -0.999437 0)
(-135.559 -8.91029 0)
(-108.441 -3.26997 0)
(-90.8135 7.11739 0)
(-105.257 6.48603 0)
(-120.135 5.80637 0)
(-133.873 4.65172 0)
(-144.028 1.40669 0)
(-150.966 3.90024 0)
(-137.01 3.53081 0)
(-135.197 -8.59857 0)
(-111.226 -16.6469 0)
(-91.3066 -4.87058 0)
(-93.0918 2.91885 0)
(-106.268 0.418092 0)
(-118.013 -2.53363 0)
(-134.998 -0.115009 0)
(-133.533 6.71905 0)
(-114.14 13.1402 0)
(-99.7153 8.39442 0)
(-125.939 -4.14625 0)
(-133.336 -12.6908 0)
(-112.725 -7.90564 0)
(-120.253 -7.97588 0)
(-133.355 -10.8956 0)
(-131.032 -2.74148 0)
(-138.632 2.85798 0)
(-150.136 -2.02817 0)
(-162.611 -11.8306 0)
(-152.397 -17.5527 0)
(-126.921 -5.33924 0)
(-127.505 5.55309 0)
(-150.306 2.32215 0)
(-150.703 4.28888 0)
(-159.54 10.6855 0)
(-170.5 8.29077 0)
(-178.637 -2.0871 0)
(-181.804 -2.44757 0)
(-169.8 5.37736 0)
(-177.005 8.65575 0)
(-161.968 13.1507 0)
(-138.823 23.012 0)
(-154.54 31.9775 0)
(-165.288 36.8967 0)
(-174.445 44.8114 0)
(-178.038 48.5919 0)
(-178.319 41.124 0)
(-187.278 27.4116 0)
(-150.578 0.911309 0)
(-20.0185 -63.8431 0)
(-35.3924 -56.1488 0)
(-59.2911 -48.7528 0)
(-78.8665 -43.9314 0)
(-94.4398 -40.8424 0)
(-105.29 -37.544 0)
(-116.219 -33.9102 0)
(-127.918 -30.0843 0)
(-140.572 -26.2002 0)
(-152.584 -21.3827 0)
(-162.296 -19.0888 0)
(-171.568 -17.9582 0)
(-177.868 -12.1422 0)
(-181.067 -2.91406 0)
(-190.536 6.90906 0)
(-198.196 12.0619 0)
(-227.993 9.57174 0)
(-233.256 10.7025 0)
(-219.162 18.1244 0)
(-249.465 18.6385 0)
(-247.882 12.7523 0)
(-261.896 7.8811 0)
(-252.356 2.63706 0)
(-272.712 4.77812 0)
(-266.118 11.1919 0)
(-286.528 9.86593 0)
(-294.583 0.93867 0)
(-283.977 -13.6393 0)
(-273.08 -19.928 0)
(-242.359 -11.3955 0)
(-248.83 -7.92865 0)
(-249.036 -12.5731 0)
(-249.529 -6.53217 0)
(-232.163 -0.909917 0)
(-249.485 1.93808 0)
(-228.929 5.68571 0)
(-246.301 0.645942 0)
(-247.155 -12.002 0)
(-219.007 -19.7072 0)
(-229.385 -14.8772 0)
(-226.489 -4.54626 0)
(-202.92 5.0015 0)
(-213.472 -1.11407 0)
(-212.2 -14.1595 0)
(-201.541 -12.4016 0)
(-173.631 -4.79652 0)
(-190.601 3.60044 0)
(-199.933 8.03475 0)
(-205.699 4.55972 0)
(-207.776 -3.21328 0)
(-191.928 -2.84449 0)
(-174.642 0.58932 0)
(-206.706 -7.94058 0)
(-192.746 -7.39364 0)
(-183.401 4.81435 0)
(-165.015 8.65535 0)
(-192.725 10.7694 0)
(-207.901 8.5642 0)
(-222.905 2.84106 0)
(-214.418 2.37417 0)
(-211.814 1.19441 0)
(-206.098 -10.6751 0)
(-191.577 -20.3014 0)
(-185.936 -8.66033 0)
(-160.559 3.14146 0)
(-179.523 4.097 0)
(-185.65 1.6441 0)
(-203.979 1.56357 0)
(-207.05 3.43437 0)
(-176.788 8.87659 0)
(-162.197 9.258 0)
(-187.998 0.24658 0)
(-206.573 -11.721 0)
(-200.45 -10.3122 0)
(-184.803 -6.29879 0)
(-211.815 -8.22398 0)
(-213.063 -1.19845 0)
(-221.098 4.34993 0)
(-219.77 -0.495089 0)
(-228.994 -10.8437 0)
(-237.179 -19.7245 0)
(-222.622 -8.04514 0)
(-197.337 6.88268 0)
(-220.526 5.42077 0)
(-233.976 5.74382 0)
(-225.909 12.1462 0)
(-236.999 10.3597 0)
(-247.03 0.131416 0)
(-253.834 -1.92857 0)
(-251.228 4.18471 0)
(-248.254 7.09657 0)
(-236.689 8.78938 0)
(-207.753 20.2081 0)
(-207.595 33.3807 0)
(-215.267 39.4497 0)
(-218.726 45.7742 0)
(-211.937 47.7636 0)
(-203.044 38.9397 0)
(-204.071 24.4437 0)
(-156.002 -0.48255 0)
(-26.2119 -56.1544 0)
(-48.3911 -49.2296 0)
(-79.0372 -42.8686 0)
(-104.72 -38.8845 0)
(-123.771 -36.7937 0)
(-139.326 -34.2419 0)
(-156.721 -30.4264 0)
(-174.954 -26.302 0)
(-191.464 -22.5938 0)
(-205.937 -18.4533 0)
(-217.632 -16.5082 0)
(-229.416 -15.4927 0)
(-240.629 -10.3932 0)
(-247.935 -1.42069 0)
(-256.316 8.84244 0)
(-256.151 16.4783 0)
(-287.367 14.209 0)
(-303.306 10.8978 0)
(-292.679 19.1274 0)
(-310.991 21.8027 0)
(-329.568 14.1629 0)
(-318.335 8.28076 0)
(-323.688 4.08477 0)
(-340.118 7.23593 0)
(-344.443 13.201 0)
(-350.841 11.9427 0)
(-355.13 -0.127088 0)
(-336.526 -15.4199 0)
(-343.8 -22.9831 0)
(-322.563 -14.6334 0)
(-324.695 -7.69235 0)
(-316.85 -10.8256 0)
(-347.237 -6.71718 0)
(-324.729 -2.4865 0)
(-333.012 1.6519 0)
(-320.469 4.49185 0)
(-319.169 1.16933 0)
(-324.426 -13.5104 0)
(-306.077 -22.0201 0)
(-309.235 -15.3693 0)
(-294.342 -7.14678 0)
(-296.507 3.22517 0)
(-291.959 -0.629311 0)
(-296.26 -14.7692 0)
(-284.629 -16.907 0)
(-259.491 -7.13139 0)
(-273.411 5.60335 0)
(-273.88 10.1684 0)
(-279.054 5.2637 0)
(-280.894 -4.58906 0)
(-275.002 -5.88809 0)
(-250.632 1.70376 0)
(-277.728 -5.28898 0)
(-282.436 -8.07767 0)
(-284.911 1.06934 0)
(-255.421 8.05031 0)
(-273.817 14.3206 0)
(-280.94 12.6268 0)
(-293.76 4.43228 0)
(-296.354 0.889069 0)
(-286.659 -1.12492 0)
(-275.872 -11.6821 0)
(-276.314 -20.3991 0)
(-284.812 -13.0887 0)
(-252.266 0.0244571 0)
(-252.386 5.94722 0)
(-261.129 5.2227 0)
(-273.021 3.44551 0)
(-277.876 0.87371 0)
(-265.834 3.40775 0)
(-233.435 8.60615 0)
(-260.515 4.98245 0)
(-272.474 -6.90432 0)
(-301.736 -11.6077 0)
(-268.466 -6.68952 0)
(-291.129 -5.92252 0)
(-290.416 0.609986 0)
(-293.119 3.90724 0)
(-270.586 -0.552501 0)
(-293.203 -7.65666 0)
(-311.972 -17.8257 0)
(-318.196 -10.9763 0)
(-295.289 4.40097 0)
(-284.543 6.91108 0)
(-309.965 8.69019 0)
(-322.654 12.4522 0)
(-299.524 10.4055 0)
(-315.835 2.66153 0)
(-324.23 -0.804637 0)
(-318.637 2.88376 0)
(-310.435 6.15219 0)
(-313.887 5.44733 0)
(-287.878 15.5614 0)
(-281.388 30.9779 0)
(-253.872 38.8632 0)
(-252.727 44.9077 0)
(-237.64 44.9746 0)
(-219.742 34.7076 0)
(-215.392 19.2178 0)
(-159.329 -2.29001 0)
(-32.171 -46.1925 0)
(-59.9886 -40.5938 0)
(-96.4694 -35.5309 0)
(-126.88 -32.7366 0)
(-149.284 -31.7014 0)
(-170.315 -29.4732 0)
(-194.775 -25.4228 0)
(-216.317 -21.4002 0)
(-236.174 -18.2798 0)
(-253.082 -14.8969 0)
(-267.349 -13.3306 0)
(-281.603 -12.1632 0)
(-296.638 -7.54407 0)
(-306.928 0.596654 0)
(-315.525 9.70658 0)
(-306.391 19.8023 0)
(-336.873 20.1445 0)
(-359.221 14.5269 0)
(-376.75 20.11 0)
(-362.686 23.4733 0)
(-392.082 16.6289 0)
(-386.418 9.75198 0)
(-412.564 6.0697 0)
(-402.276 7.59046 0)
(-389.067 13.5759 0)
(-406.106 13.6533 0)
(-412.803 0.0315865 0)
(-417.87 -16.2396 0)
(-414.448 -22.8905 0)
(-435.326 -17.2849 0)
(-406.033 -10.6031 0)
(-396.595 -7.4881 0)
(-427.593 -4.04495 0)
(-427.131 -4.15576 0)
(-425.782 -1.25401 0)
(-378.819 1.68079 0)
(-393.548 1.91984 0)
(-395.182 -11.4813 0)
(-409.944 -23.1458 0)
(-386.592 -16.8274 0)
(-398.672 -8.19966 0)
(-395.522 1.37225 0)
(-379.744 -0.765496 0)
(-386.556 -15.0852 0)
(-368.316 -19.7315 0)
(-376.553 -9.72518 0)
(-366.677 4.35839 0)
(-331.132 9.77451 0)
(-345.35 6.28761 0)
(-351.632 -3.92505 0)
(-364.637 -7.77184 0)
(-335.652 1.09178 0)
(-354.976 -1.46815 0)
(-373.413 -6.39505 0)
(-362.082 -1.11637 0)
(-366.486 6.16638 0)
(-364.632 14.3152 0)
(-334.184 13.3532 0)
(-354.487 7.54478 0)
(-362.24 0.543684 0)
(-359.052 -3.60206 0)
(-346.002 -12.8764 0)
(-343.772 -18.4882 0)
(-373.953 -12.8623 0)
(-368.919 -3.73903 0)
(-350.021 4.02808 0)
(-319.958 6.3547 0)
(-339.411 6.35219 0)
(-350.167 2.25339 0)
(-364.802 0.481479 0)
(-333.455 6.63516 0)
(-352.566 8.3861 0)
(-360.06 -1.148 0)
(-390.924 -10.9425 0)
(-365.605 -8.86078 0)
(-372.575 -5.24559 0)
(-372.246 -0.467268 0)
(-339.704 1.72662 0)
(-356.605 1.03479 0)
(-368.704 -3.65124 0)
(-385.363 -13.2379 0)
(-410.684 -11.3762 0)
(-368.706 0.734082 0)
(-388.502 7.61463 0)
(-395.215 12.1234 0)
(-398.624 12.6913 0)
(-391.981 8.95115 0)
(-388.636 3.43305 0)
(-388.226 -1.1723 0)
(-372.724 0.333704 0)
(-364.138 5.28965 0)
(-367.17 4.69083 0)
(-367.288 11.0424 0)
(-329.434 25.3661 0)
(-314.236 33.8294 0)
(-277.716 40.3609 0)
(-256.556 40.0847 0)
(-231.816 28.7077 0)
(-223.424 12.6602 0)
(-162.797 -4.09603 0)
(-37.0041 -34.4332 0)
(-68.9536 -30.6669 0)
(-110.145 -27.0298 0)
(-144.442 -25.6001 0)
(-170.808 -25.4866 0)
(-197.623 -23.3576 0)
(-225.274 -19.3024 0)
(-249.957 -15.691 0)
(-272.8 -13.3198 0)
(-292.283 -10.686 0)
(-309.383 -9.34406 0)
(-326.333 -8.09022 0)
(-344.546 -4.00904 0)
(-357.215 2.99532 0)
(-366.184 10.4811 0)
(-367.599 20.8508 0)
(-360.45 25.1086 0)
(-400.405 21.7851 0)
(-426.939 23.0865 0)
(-440.312 25.8109 0)
(-456.807 20.049 0)
(-478.708 12.2401 0)
(-467.28 7.92296 0)
(-497.224 6.03318 0)
(-471.214 11.105 0)
(-459.661 14.2606 0)
(-475.824 3.61497 0)
(-492.45 -12.3362 0)
(-507.147 -18.8731 0)
(-529.992 -18.1115 0)
(-499.545 -14.7635 0)
(-499.525 -7.07557 0)
(-511.019 -0.753781 0)
(-512.8 -3.00177 0)
(-519.805 -6.30656 0)
(-472.765 -3.51243 0)
(-488.012 -0.145458 0)
(-453.648 -9.50852 0)
(-485.285 -20.2647 0)
(-493.993 -16.9748 0)
(-495.576 -8.13935 0)
(-488.955 -2.704 0)
(-446.239 -3.88429 0)
(-461.835 -13.1148 0)
(-470.48 -19.1213 0)
(-471.481 -10.9629 0)
(-438.429 -2.53253 0)
(-407.551 6.53854 0)
(-425.985 8.82202 0)
(-436.282 -0.0177985 0)
(-458.458 -7.58043 0)
(-436.986 -2.22401 0)
(-418.549 0.606166 0)
(-451.909 -2.37001 0)
(-463.921 -0.068174 0)
(-467.929 5.78329 0)
(-445.161 8.90099 0)
(-416.899 11.8183 0)
(-436.799 10.5217 0)
(-447.412 2.49511 0)
(-453.264 -5.53949 0)
(-432.671 -13.1177 0)
(-456.664 -14.3414 0)
(-468.226 -10.78 0)
(-465.414 -7.20812 0)
(-428.194 -2.63528 0)
(-407.347 4.19699 0)
(-419.255 8.9027 0)
(-429.067 6.21326 0)
(-449.746 2.2693 0)
(-457.967 5.55189 0)
(-452.931 8.18281 0)
(-433.265 2.2612 0)
(-469.094 -6.90022 0)
(-476.702 -9.77446 0)
(-472.466 -7.11254 0)
(-440.988 -5.7507 0)
(-417.695 -0.155583 0)
(-436.431 3.67331 0)
(-443.55 -0.0736636 0)
(-456.17 -7.81981 0)
(-488.638 -11.0996 0)
(-450.731 -1.82872 0)
(-466.293 8.14857 0)
(-460.518 12.3496 0)
(-452.708 12.1415 0)
(-448.832 7.62077 0)
(-443.756 2.67925 0)
(-438.208 -2.23003 0)
(-436.72 -1.59085 0)
(-436.245 3.03922 0)
(-408.273 3.79167 0)
(-415.63 8.17957 0)
(-399.99 17.6443 0)
(-347.856 25.6629 0)
(-326.53 32.0876 0)
(-270.041 31.8507 0)
(-241.623 21.0694 0)
(-229.377 5.40305 0)
(-167.109 -5.61092 0)
(-39.679 -21.3851 0)
(-73.7825 -19.9032 0)
(-117.858 -17.7206 0)
(-155.338 -17.4875 0)
(-186.516 -18.1932 0)
(-217.156 -16.3989 0)
(-246.237 -12.5414 0)
(-273.415 -9.33983 0)
(-298.707 -7.73413 0)
(-321.089 -5.72364 0)
(-340.991 -4.64864 0)
(-360.61 -3.3956 0)
(-381.529 0.40484 0)
(-399.17 5.80755 0)
(-407.43 11.7383 0)
(-411.079 19.9049 0)
(-395.4 27.7074 0)
(-431.463 29.6718 0)
(-463.268 30.1435 0)
(-491.047 30.8551 0)
(-512.589 25.6325 0)
(-534.538 16.4287 0)
(-550.982 11.0054 0)
(-567.423 7.97306 0)
(-571.576 9.06722 0)
(-570.003 11.0292 0)
(-533.193 4.41405 0)
(-559.742 -7.14576 0)
(-580.326 -13.5343 0)
(-598.872 -16.4014 0)
(-605.465 -15.936 0)
(-607.484 -9.04647 0)
(-570.764 -1.89044 0)
(-580.01 -1.49461 0)
(-589.479 -7.17581 0)
(-586.051 -6.49544 0)
(-584.341 -4.67191 0)
(-539.354 -11.1197 0)
(-565.048 -15.9539 0)
(-579.147 -14.2481 0)
(-581.924 -8.44292 0)
(-580.994 -6.68863 0)
(-573.169 -8.52254 0)
(-534.085 -13.5348 0)
(-556.892 -16.7103 0)
(-559.181 -13.0821 0)
(-560.15 -7.48869 0)
(-549.893 2.01122 0)
(-506.122 8.02393 0)
(-525.168 4.54522 0)
(-547.909 -4.33473 0)
(-561.938 -5.59118 0)
(-522.226 -0.134902 0)
(-547.598 2.2137 0)
(-561.382 3.48585 0)
(-570.142 5.14546 0)
(-572.106 5.32537 0)
(-565.386 7.35983 0)
(-521.001 10.3069 0)
(-536.365 5.1783 0)
(-550.124 -4.25771 0)
(-557.188 -11.3087 0)
(-564.928 -12.0183 0)
(-568.619 -10.5671 0)
(-558.982 -10.3246 0)
(-555.652 -7.85924 0)
(-543.226 -0.157555 0)
(-499.248 8.02799 0)
(-518.61 10.6324 0)
(-538.882 7.64226 0)
(-554.03 7.38326 0)
(-560.982 7.22134 0)
(-562.074 3.68507 0)
(-569.411 -3.8566 0)
(-574.091 -9.50214 0)
(-560.005 -10.6467 0)
(-561.066 -9.82569 0)
(-553.46 -3.80043 0)
(-508.833 2.27837 0)
(-522.249 2.01817 0)
(-528.919 -2.67828 0)
(-556.957 -10.1853 0)
(-527.068 -4.38295 0)
(-535.267 7.67679 0)
(-530.702 11.1301 0)
(-524.14 8.7984 0)
(-480.32 4.04916 0)
(-489.171 1.73071 0)
(-483.65 -2.12251 0)
(-486.049 -1.00572 0)
(-489.138 1.45297 0)
(-480.095 0.400479 0)
(-465.498 4.77033 0)
(-441.543 9.93454 0)
(-403.678 16.0471 0)
(-362.003 21.0687 0)
(-305.551 19.8114 0)
(-252.232 10.5434 0)
(-233.17 -2.40522 0)
(-172.015 -6.61157 0)
(-39.2672 -7.05873 0)
(-72.3271 -7.93465 0)
(-116.305 -7.50496 0)
(-156.195 -8.26373 0)
(-193.022 -9.99115 0)
(-222.889 -9.08269 0)
(-253.97 -5.35667 0)
(-283.307 -2.48512 0)
(-309.75 -1.59973 0)
(-336.14 -0.000185074 0)
(-358 0.495877 0)
(-378.841 1.85681 0)
(-401.463 5.8411 0)
(-426.111 9.52273 0)
(-436.201 13.3177 0)
(-442.093 18.8479 0)
(-434.117 29.4956 0)
(-463.125 37.6201 0)
(-502.423 38.9271 0)
(-530.229 37.0886 0)
(-551.127 31.038 0)
(-569.955 21.4666 0)
(-587.681 15.2571 0)
(-602.307 11.1799 0)
(-611.722 10.1398 0)
(-615.941 9.05885 0)
(-612.753 3.70118 0)
(-618.735 -3.77871 0)
(-629.332 -9.61371 0)
(-641.092 -13.3464 0)
(-650.715 -14.1668 0)
(-656.518 -10.793 0)
(-653.254 -6.56616 0)
(-611.05 -3.02727 0)
(-629.997 -5.01756 0)
(-637.568 -5.6925 0)
(-640.8 -7.31888 0)
(-636.923 -12.1969 0)
(-641.359 -13.3615 0)
(-646.283 -12.4657 0)
(-647.135 -8.53338 0)
(-646.183 -7.61603 0)
(-644.416 -11.344 0)
(-639.692 -14.8568 0)
(-642.602 -15.2464 0)
(-643.338 -12.8266 0)
(-641.155 -8.41926 0)
(-631.246 -2.00097 0)
(-622.786 5.21717 0)
(-621.136 6.71676 0)
(-629.378 -0.224723 0)
(-641.093 -5.6908 0)
(-639.24 -1.45346 0)
(-643.024 4.18031 0)
(-645.684 5.67193 0)
(-648.997 6.21941 0)
(-651.009 5.17608 0)
(-646.605 3.93129 0)
(-636.27 6.72173 0)
(-627.188 5.8728 0)
(-628.229 -2.3305 0)
(-633.091 -9.30003 0)
(-639.196 -10.8962 0)
(-641.289 -10.9518 0)
(-640.197 -11.5668 0)
(-635.925 -9.9641 0)
(-618.474 -4.75888 0)
(-612.242 5.45506 0)
(-610.708 12.5512 0)
(-616.925 11.0307 0)
(-622.887 9.53957 0)
(-629.081 8.24055 0)
(-628.813 4.8139 0)
(-629.903 -2.75106 0)
(-630.73 -9.91851 0)
(-628.968 -12.0358 0)
(-628.321 -10.5175 0)
(-624.927 -7.57763 0)
(-612.361 -1.34674 0)
(-604.8 1.66181 0)
(-602.465 0.221848 0)
(-612.099 -8.78432 0)
(-614.412 -8.17398 0)
(-569.779 4.17821 0)
(-570.708 9.71041 0)
(-563.72 5.70048 0)
(-551.943 0.170745 0)
(-544.341 -1.82695 0)
(-499.731 -4.52143 0)
(-509.877 0.184766 0)
(-511.536 1.76948 0)
(-506.998 -2.34986 0)
(-489.348 -0.651627 0)
(-461.913 2.11378 0)
(-424.752 5.87565 0)
(-377.619 8.41686 0)
(-317.692 5.39594 0)
(-255.989 -2.73022 0)
(-232.679 -10.4557 0)
(-173.189 -7.01293 0)
(-36.155 5.23922 0)
(-63.9052 2.55004 0)
(-107.251 2.66036 0)
(-144.259 1.66325 0)
(-180.329 -0.953802 0)
(-215.21 -1.05087 0)
(-246.23 2.51564 0)
(-276.68 5.00975 0)
(-305.199 5.2893 0)
(-334.22 6.18181 0)
(-354.839 5.34181 0)
(-366.978 6.66172 0)
(-388.887 12.4116 0)
(-423.759 16.0396 0)
(-459.254 18.2647 0)
(-487.099 21.6671 0)
(-505.959 32.9388 0)
(-524.546 43.6941 0)
(-541.129 45.2983 0)
(-555.855 41.9119 0)
(-568.295 35.0178 0)
(-580.497 25.6477 0)
(-593.573 18.8067 0)
(-605.074 14.0963 0)
(-614.095 12.048 0)
(-619.929 9.68054 0)
(-623.889 4.62517 0)
(-630.017 -1.74263 0)
(-638.595 -7.27297 0)
(-647.818 -10.9427 0)
(-656.985 -12.0165 0)
(-664.034 -10.2472 0)
(-668.244 -8.85496 0)
(-663.94 -5.17439 0)
(-663.422 -3.81368 0)
(-663.871 -4.65516 0)
(-665.249 -7.12441 0)
(-667.571 -11.2529 0)
(-671.552 -12.2959 0)
(-675.453 -11.8394 0)
(-676.82 -8.71646 0)
(-676.277 -7.98961 0)
(-676.385 -11.4595 0)
(-678.058 -14.3913 0)
(-680.842 -14.7426 0)
(-682.506 -12.9097 0)
(-682.769 -9.22075 0)
(-680.345 -3.49635 0)
(-676.199 4.04891 0)
(-673.386 6.94226 0)
(-675.892 1.54877 0)
(-683.178 -3.88886 0)
(-687.919 -0.894227 0)
(-690.148 4.53539 0)
(-689.889 6.09006 0)
(-690.099 6.40489 0)
(-689.883 4.97062 0)
(-688.388 2.74753 0)
(-684.492 3.4781 0)
(-652.19 3.50306 0)
(-661.484 -1.4209 0)
(-668.493 -7.34847 0)
(-675.343 -9.76909 0)
(-678.726 -10.7041 0)
(-680.481 -11.6653 0)
(-681.311 -11.1865 0)
(-678.841 -7.10667 0)
(-666.866 2.77148 0)
(-646.033 11.6861 0)
(-656.294 12.5235 0)
(-655.587 10.3731 0)
(-661.806 7.53142 0)
(-635.376 3.10589 0)
(-629.114 -3.23631 0)
(-629.077 -9.18651 0)
(-643.334 -11.3986 0)
(-641.756 -10.0674 0)
(-648.209 -7.93849 0)
(-649.052 -3.08706 0)
(-642.939 -0.36989 0)
(-630.077 -0.440139 0)
(-632.426 -6.79365 0)
(-637.558 -10.2383 0)
(-629.013 -1.22412 0)
(-616.541 4.85879 0)
(-565.136 2.06974 0)
(-572.443 -1.33906 0)
(-569.683 -5.39436 0)
(-556.882 -8.34 0)
(-550.414 -2.78193 0)
(-500.004 -0.400593 0)
(-506.267 -4.59144 0)
(-491.092 -6.21454 0)
(-463.654 -5.77148 0)
(-426.876 -4.56937 0)
(-379.086 -4.74988 0)
(-318.357 -9.71371 0)
(-254.402 -17.6471 0)
(-230.935 -19.5382 0)
(-170.71 -7.31141 0)
(-31.5068 16.6016 0)
(-59.4958 11.8607 0)
(-87.531 11.6474 0)
(-127.43 10.2422 0)
(-148.972 7.64775 0)
(-193.849 7.58503 0)
(-226.4 10.4162 0)
(-256.153 12.4841 0)
(-282.962 12.2111 0)
(-312.492 11.6076 0)
(-309.506 9.80638 0)
(-352.977 12.4921 0)
(-380.864 20.0513 0)
(-418.698 25.4184 0)
(-454.998 27.1212 0)
(-487.571 28.604 0)
(-512.638 38.2431 0)
(-528.884 47.5617 0)
(-539.087 48.3211 0)
(-547.094 44.2585 0)
(-553.659 37.2977 0)
(-560.515 28.3427 0)
(-569.152 21.3219 0)
(-577.658 16.4168 0)
(-585.358 13.8165 0)
(-591.404 11.0394 0)
(-597.089 6.11588 0)
(-604.113 0.14839 0)
(-612.622 -5.07906 0)
(-621.336 -8.67811 0)
(-630.42 -9.93634 0)
(-638.223 -8.76313 0)
(-644.51 -7.99352 0)
(-648.292 -5.02947 0)
(-649.677 -3.51166 0)
(-650.996 -4.52778 0)
(-653.354 -6.64715 0)
(-657.178 -10.0719 0)
(-662.17 -11.2922 0)
(-667.111 -10.9699 0)
(-670.062 -8.5693 0)
(-670.804 -7.99697 0)
(-671.957 -10.8801 0)
(-674.952 -13.5592 0)
(-678.586 -14.1003 0)
(-681.304 -12.5664 0)
(-682.641 -9.24269 0)
(-682.486 -3.81435 0)
(-681.339 3.46228 0)
(-680.547 6.79134 0)
(-682.057 2.58062 0)
(-687.202 -2.17101 0)
(-692.536 -0.0881846 0)
(-694.331 4.51256 0)
(-693.401 6.05586 0)
(-692.374 6.1689 0)
(-690.885 4.6881 0)
(-689.534 2.26582 0)
(-688.019 0.874844 0)
(-680.827 0.988567 0)
(-677.791 -0.962683 0)
(-678.002 -5.89252 0)
(-681.185 -8.84547 0)
(-683.654 -10.1413 0)
(-685.691 -11.1541 0)
(-687.826 -10.9705 0)
(-689.606 -7.69815 0)
(-688.531 0.399039 0)
(-682.764 9.78468 0)
(-677.504 12.4592 0)
(-672.065 9.97948 0)
(-669.612 4.65722 0)
(-645.075 -1.12056 0)
(-635.332 -5.25212 0)
(-628.368 -8.13342 0)
(-640.72 -9.39819 0)
(-646.661 -8.71918 0)
(-651.398 -6.77352 0)
(-653.187 -3.40224 0)
(-650.946 -2.20816 0)
(-647.455 -3.81996 0)
(-606.704 -8.33841 0)
(-618.794 -9.46199 0)
(-625.14 -2.67263 0)
(-619.455 -0.0861508 0)
(-603.426 -2.3645 0)
(-591.806 -3.22661 0)
(-580.514 -7.58019 0)
(-567.804 -11.235 0)
(-557.283 -10.3624 0)
(-496.127 -6.71283 0)
(-497.546 -7.07788 0)
(-479.645 -11.6768 0)
(-450.732 -13.8002 0)
(-414.352 -15.3101 0)
(-368.47 -18.348 0)
(-310.598 -25.3759 0)
(-250.549 -32.1717 0)
(-230.114 -27.9462 0)
(-164.857 -8.12359 0)
(-26.1523 26.4671 0)
(-50.8754 20.1039 0)
(-84.2937 18.3041 0)
(-97.7492 17.4756 0)
(-137.005 16.5134 0)
(-171.328 16.2756 0)
(-201.207 18.1576 0)
(-228.269 19.5838 0)
(-254.193 18.4991 0)
(-277.724 16.265 0)
(-291.685 14.891 0)
(-329.293 19.5383 0)
(-327.265 28.1618 0)
(-380.956 35.5862 0)
(-415.974 36.2945 0)
(-450.439 36.1621 0)
(-475.365 43.5521 0)
(-490.978 50.545 0)
(-499.341 50.1882 0)
(-504.493 45.4986 0)
(-508.042 38.4596 0)
(-511.859 29.9385 0)
(-517.685 23.0522 0)
(-524.227 18.216 0)
(-530.963 15.3862 0)
(-537.031 12.4649 0)
(-543.313 7.75692 0)
(-550.81 2.14038 0)
(-559.362 -2.89787 0)
(-568.035 -6.4055 0)
(-577.199 -7.78011 0)
(-585.513 -6.99086 0)
(-592.719 -6.27575 0)
(-598.669 -4.05408 0)
(-602.187 -2.92698 0)
(-605.434 -3.88877 0)
(-609.484 -5.77728 0)
(-614.486 -8.67277 0)
(-620.458 -9.95616 0)
(-626.573 -9.76691 0)
(-631.021 -7.98384 0)
(-633.193 -7.67217 0)
(-635.304 -10.1689 0)
(-638.813 -12.6001 0)
(-642.84 -13.226 0)
(-646.117 -11.9676 0)
(-647.963 -8.94795 0)
(-648.578 -3.81371 0)
(-649.055 3.39475 0)
(-650.196 7.01217 0)
(-652.227 3.43474 0)
(-656.492 -0.790312 0)
(-661.332 0.642589 0)
(-662.686 4.45751 0)
(-661.481 5.84713 0)
(-659.866 5.77732 0)
(-657.806 4.30226 0)
(-656.352 1.91982 0)
(-655.579 0.186777 0)
(-653.789 0.159085 0)
(-651.306 -1.31023 0)
(-650.575 -5.56368 0)
(-652.659 -8.36449 0)
(-655.001 -9.6558 0)
(-657.305 -10.5615 0)
(-660.005 -10.2877 0)
(-663.037 -7.26731 0)
(-664.864 -0.0345 0)
(-662.37 8.5513 0)
(-655.489 11.0778 0)
(-648.006 8.3653 0)
(-643.521 1.62635 0)
(-627.469 -4.73343 0)
(-619.725 -7.43771 0)
(-613.103 -8.10715 0)
(-617.325 -7.87365 0)
(-622.257 -7.25882 0)
(-625.964 -5.79088 0)
(-627.854 -3.44223 0)
(-626.759 -3.06058 0)
(-625.142 -6.84206 0)
(-617.317 -10.7163 0)
(-615.129 -9.13018 0)
(-608.992 -3.69269 0)
(-599.735 -2.68742 0)
(-588.164 -5.03603 0)
(-575.966 -6.36206 0)
(-563.059 -10.6756 0)
(-549.142 -14.8763 0)
(-536.037 -19.0527 0)
(-479.229 -14.3386 0)
(-471.603 -10.7381 0)
(-451.308 -17.7807 0)
(-422.556 -21.7908 0)
(-389.332 -25.0649 0)
(-348.213 -30.2127 0)
(-296.44 -38.7269 0)
(-244.852 -44.6793 0)
(-225.996 -36.915 0)
(-154.742 -10.4573 0)
(-20.4803 34.8381 0)
(-41.7297 27.924 0)
(-71.7259 23.39 0)
(-82.4464 23.1458 0)
(-109.362 24.6923 0)
(-141.155 23.9205 0)
(-170.031 24.8818 0)
(-190.214 25.9596 0)
(-216.304 24.1409 0)
(-238.171 20.9655 0)
(-243.837 20.7098 0)
(-274.195 25.1308 0)
(-294.739 34.3764 0)
(-319.076 43.7221 0)
(-327.523 44.8453 0)
(-377.961 44.4423 0)
(-407.251 49.4114 0)
(-424.3 53.5668 0)
(-431.843 51.7084 0)
(-435.21 46.2605 0)
(-436.917 39.0931 0)
(-438.99 30.9667 0)
(-443.202 24.3597 0)
(-448.689 19.7484 0)
(-454.979 16.9065 0)
(-461.18 13.9772 0)
(-467.771 9.5001 0)
(-475.396 4.18074 0)
(-483.79 -0.685367 0)
(-492.323 -4.15433 0)
(-501.431 -5.57268 0)
(-510.029 -5.05491 0)
(-517.765 -4.41788 0)
(-524.557 -2.71692 0)
(-529.309 -1.88736 0)
(-533.915 -2.80865 0)
(-539.241 -4.54524 0)
(-545.149 -7.08808 0)
(-551.737 -8.32858 0)
(-558.733 -8.27725 0)
(-564.278 -7.03907 0)
(-567.555 -7.05116 0)
(-570.369 -9.32991 0)
(-574.08 -11.5771 0)
(-578.193 -12.2697 0)
(-581.667 -11.2801 0)
(-583.695 -8.58116 0)
(-584.503 -3.67209 0)
(-585.931 3.75291 0)
(-588.706 7.62535 0)
(-591.559 4.27259 0)
(-595.32 0.369135 0)
(-599.426 1.25829 0)
(-600.239 4.35143 0)
(-598.745 5.51275 0)
(-596.681 5.28598 0)
(-594.285 3.84387 0)
(-592.783 1.63116 0)
(-592.378 0.0633393 0)
(-591.965 -0.208787 0)
(-590.317 -1.68415 0)
(-589.848 -5.28558 0)
(-592.024 -7.83613 0)
(-594.968 -9.06527 0)
(-598.04 -9.8394 0)
(-601.522 -9.44822 0)
(-605.303 -6.50669 0)
(-607.953 0.0537769 0)
(-605.67 7.3594 0)
(-598.313 9.3276 0)
(-589.883 6.49345 0)
(-584.357 -0.526382 0)
(-575.58 -6.86509 0)
(-570.982 -8.94581 0)
(-566.685 -8.48844 0)
(-569.195 -7.17563 0)
(-571.621 -6.39341 0)
(-573.868 -5.15712 0)
(-575.423 -3.439 0)
(-574.804 -3.57865 0)
(-573.036 -7.55634 0)
(-570.521 -11.1633 0)
(-568.503 -10.0401 0)
(-562.16 -6.08432 0)
(-552.235 -5.3109 0)
(-541.62 -7.67399 0)
(-530.566 -9.67324 0)
(-518.719 -13.9004 0)
(-505.59 -18.6549 0)
(-491.999 -25.6576 0)
(-470.307 -22.4638 0)
(-412.993 -17.2259 0)
(-403.9 -23.4126 0)
(-380.65 -28.4643 0)
(-353.021 -33.5096 0)
(-318.331 -40.605 0)
(-274.868 -50.2085 0)
(-233.062 -55.7053 0)
(-216.366 -46.6622 0)
(-142.806 -14.1982 0)
(-16.7475 41.4273 0)
(-32.0265 34.5052 0)
(-56.9521 28.5709 0)
(-74.0042 28.0779 0)
(-94.5659 30.4079 0)
(-105.094 29.789 0)
(-134.948 30.1471 0)
(-135.054 31.4675 0)
(-168.785 29.7555 0)
(-186.958 23.9982 0)
(-181.518 24.0881 0)
(-212.281 31.2917 0)
(-234.289 39.3952 0)
(-238.205 47.2523 0)
(-251.166 51.9104 0)
(-300.973 53.7409 0)
(-327.728 55.4169 0)
(-341.365 56.4563 0)
(-345.85 52.6997 0)
(-346.716 46.5428 0)
(-346.725 39.3435 0)
(-347.626 31.6547 0)
(-350.868 25.4396 0)
(-355.815 21.1582 0)
(-361.896 18.4257 0)
(-368.116 15.5461 0)
(-374.635 11.2629 0)
(-381.897 6.17665 0)
(-389.664 1.43081 0)
(-397.715 -1.94349 0)
(-406.539 -3.35696 0)
(-415.175 -3.03235 0)
(-423.14 -2.49025 0)
(-430.257 -1.1909 0)
(-435.579 -0.603957 0)
(-440.866 -1.47813 0)
(-446.854 -3.09363 0)
(-453.177 -5.37242 0)
(-459.975 -6.55244 0)
(-467.285 -6.61604 0)
(-473.439 -5.8633 0)
(-477.277 -6.23824 0)
(-480.332 -8.44011 0)
(-483.879 -10.5575 0)
(-487.781 -11.3092 0)
(-491.198 -10.5763 0)
(-493.216 -8.21324 0)
(-493.906 -3.50734 0)
(-496.03 4.45136 0)
(-500.419 8.62378 0)
(-504.137 5.10639 0)
(-507.363 1.31486 0)
(-510.572 1.743 0)
(-510.8 4.16527 0)
(-508.889 5.04513 0)
(-506.321 4.70272 0)
(-503.623 3.34545 0)
(-502.146 1.37853 0)
(-502.14 0.00927862 0)
(-502.328 -0.401798 0)
(-501.114 -1.88874 0)
(-500.882 -4.95601 0)
(-503.348 -7.16091 0)
(-507.071 -8.24499 0)
(-511.192 -8.88532 0)
(-515.742 -8.40689 0)
(-520.362 -5.63713 0)
(-523.401 0.0857981 0)
(-520.05 6.08043 0)
(-512.373 7.41117 0)
(-503.027 4.47871 0)
(-496.529 -2.10446 0)
(-491.396 -7.9816 0)
(-489.028 -9.73467 0)
(-487.146 -8.67309 0)
(-489.418 -6.69425 0)
(-492.499 -5.7383 0)
(-494.952 -4.63034 0)
(-496.872 -3.39268 0)
(-496.89 -4.01501 0)
(-494.907 -7.7963 0)
(-492.88 -11.3691 0)
(-491.024 -11.1047 0)
(-485.625 -8.21161 0)
(-477.364 -7.7009 0)
(-468.861 -10.0157 0)
(-460.194 -12.4292 0)
(-450.779 -16.7435 0)
(-439.85 -22.0074 0)
(-427.408 -29.7253 0)
(-415.255 -30.8249 0)
(-355.062 -26.0145 0)
(-348.381 -28.1865 0)
(-328.451 -33.8438 0)
(-305.757 -40.5262 0)
(-277.696 -49.145 0)
(-243.47 -59.4156 0)
(-212.714 -64.7881 0)
(-200.294 -56.2712 0)
(-127.401 -18.9147 0)
(-11.9937 46.2526 0)
(-21.2757 39.5833 0)
(-41.4363 33.0751 0)
(-56.9655 31.8334 0)
(-63.9338 33.9653 0)
(-81.4161 33.8487 0)
(-99.9853 33.2157 0)
(-98.3859 34.5937 0)
(-115.796 34.6178 0)
(-131.78 26.4908 0)
(-129.76 26.4724 0)
(-149.855 36.4781 0)
(-166.279 43.0784 0)
(-182.714 49.1903 0)
(-179.569 58.2427 0)
(-217.994 61.8161 0)
(-238.326 60.1151 0)
(-246.183 58.2679 0)
(-246.253 52.7878 0)
(-244.593 46.293 0)
(-243.289 39.3135 0)
(-243.429 32.1563 0)
(-245.963 26.4081 0)
(-250.495 22.5154 0)
(-256.206 19.9266 0)
(-261.93 17.0734 0)
(-267.632 12.902 0)
(-273.761 7.96079 0)
(-280.282 3.34776 0)
(-287.452 0.116352 0)
(-295.755 -1.21831 0)
(-304.174 -1.01236 0)
(-312.032 -0.576988 0)
(-318.994 0.378281 0)
(-324.236 0.74462 0)
(-329.534 -0.0766525 0)
(-335.57 -1.58064 0)
(-341.77 -3.65461 0)
(-348.308 -4.77535 0)
(-355.221 -4.91941 0)
(-361.461 -4.59754 0)
(-365.151 -5.3735 0)
(-367.842 -7.59988 0)
(-370.785 -9.61571 0)
(-374.251 -10.388 0)
(-377.508 -9.87031 0)
(-379.491 -7.86992 0)
(-379.855 -3.38615 0)
(-382.665 5.47906 0)
(-388.842 10.0061 0)
(-393.288 5.88148 0)
(-395.718 2.02996 0)
(-398.08 2.06038 0)
(-397.73 3.8581 0)
(-395.271 4.43325 0)
(-392.075 4.00455 0)
(-389.065 2.81512 0)
(-387.758 1.18583 0)
(-388.46 0.0531571 0)
(-389.194 -0.478674 0)
(-388.056 -2.00731 0)
(-387.95 -4.59154 0)
(-390.628 -6.34092 0)
(-395.119 -7.16753 0)
(-400.413 -7.63888 0)
(-406.26 -7.10343 0)
(-411.869 -4.61989 0)
(-415.271 0.0751002 0)
(-411.618 4.64931 0)
(-402.491 5.21958 0)
(-391.6 2.21859 0)
(-383.997 -3.55398 0)
(-380.012 -8.61512 0)
(-379.472 -9.958 0)
(-380.426 -8.47164 0)
(-383.499 -6.00899 0)
(-388.513 -4.79823 0)
(-391.914 -3.90429 0)
(-394.407 -3.16371 0)
(-394.959 -4.32348 0)
(-392.997 -8.13597 0)
(-390.637 -11.697 0)
(-388.031 -12.0227 0)
(-384.318 -9.84255 0)
(-378.394 -9.47973 0)
(-373.405 -11.6682 0)
(-367.967 -14.3784 0)
(-361.769 -18.8712 0)
(-354.008 -24.6183 0)
(-344.422 -32.6049 0)
(-337.042 -38.1513 0)
(-286.63 -33.9508 0)
(-282.852 -31.9892 0)
(-266.023 -38.2149 0)
(-247.889 -46.0494 0)
(-226.467 -55.5686 0)
(-201.964 -65.8966 0)
(-182.993 -71.3727 0)
(-176.279 -65.012 0)
(-105.939 -24.3375 0)
(-6.60402 49.1145 0)
(-9.813 43.2002 0)
(-25.4266 36.7839 0)
(-36.4255 34.8228 0)
(-42.0443 36.5538 0)
(-47.7821 37.3803 0)
(-64.2192 35.7461 0)
(-62.9662 36.6894 0)
(-71.7306 37.7375 0)
(-81.9975 28.627 0)
(-84.4764 27.3264 0)
(-88.8958 38.8548 0)
(-92.8422 46.4461 0)
(-106.06 51.7486 0)
(-106.228 61.9554 0)
(-113.279 66.6697 0)
(-139.228 63.5704 0)
(-142.022 58.6614 0)
(-137.993 51.8242 0)
(-134.797 45.4333 0)
(-132.681 38.8727 0)
(-132.101 32.232 0)
(-133.721 27.0265 0)
(-137.486 23.5146 0)
(-142.176 21.0315 0)
(-146.475 18.1531 0)
(-150.324 14.0548 0)
(-154.409 9.26474 0)
(-159.165 4.87835 0)
(-165.183 1.92022 0)
(-172.788 0.776835 0)
(-180.657 0.92823 0)
(-187.899 1.23711 0)
(-194.059 1.86047 0)
(-198.449 2.01607 0)
(-203.06 1.264 0)
(-208.514 -0.138266 0)
(-214.034 -2.05527 0)
(-219.795 -3.13307 0)
(-225.802 -3.35105 0)
(-231.213 -3.4465 0)
(-233.881 -4.67302 0)
(-235.542 -6.97645 0)
(-237.665 -8.85625 0)
(-240.731 -9.55139 0)
(-243.934 -9.17338 0)
(-245.929 -7.56098 0)
(-245.698 -3.354 0)
(-249.356 6.89052 0)
(-257.38 11.775 0)
(-262.11 6.49938 0)
(-263.833 2.53007 0)
(-265.767 2.22525 0)
(-264.742 3.43052 0)
(-261.728 3.66279 0)
(-257.862 3.17926 0)
(-254.606 2.28006 0)
(-253.723 1.13406 0)
(-255.576 0.265631 0)
(-256.786 -0.467039 0)
(-255.468 -2.10715 0)
(-255.417 -4.2362 0)
(-258.141 -5.42343 0)
(-263.323 -5.85783 0)
(-269.679 -6.06943 0)
(-276.895 -5.49753 0)
(-283.506 -3.42429 0)
(-287.06 0.0413123 0)
(-282.099 3.00518 0)
(-271.517 2.64524 0)
(-259.238 -0.341262 0)
(-251.199 -5.04477 0)
(-248.436 -8.91687 0)
(-250.53 -9.53227 0)
(-255.244 -7.67303 0)
(-260.108 -4.97703 0)
(-264.657 -3.66191 0)
(-268.12 -3.06658 0)
(-270.225 -2.80369 0)
(-271.033 -4.49086 0)
(-269.82 -8.48254 0)
(-266.442 -12.0787 0)
(-265.303 -12.6403 0)
(-263.799 -10.8403 0)
(-260.648 -10.5009 0)
(-258.145 -12.5065 0)
(-255.557 -15.4058 0)
(-252.657 -20.0182 0)
(-249.084 -26.0714 0)
(-244.668 -34.2786 0)
(-241.999 -42.629 0)
(-217.167 -39.3473 0)
(-208.411 -35.3664 0)
(-193.666 -41.8894 0)
(-179.924 -50.3274 0)
(-165.155 -60.1689 0)
(-150.461 -69.9462 0)
(-143.406 -75.4328 0)
(-141.7 -72.3699 0)
(-74.1978 -30.0548 0)
(-3.99627 50.4529 0)
(-1.90407 45.3889 0)
(-9.34899 39.1496 0)
(-16.8141 36.4425 0)
(-18.9879 37.4135 0)
(-19.3452 38.3371 0)
(-27.1466 36.8276 0)
(-25.6593 37.4032 0)
(-30.3084 38.3813 0)
(-28.4359 29.8497 0)
(-30.8153 28.4807 0)
(-37.9068 40.0287 0)
(-36.2187 47.6101 0)
(-33.9407 52.6956 0)
(-36.5321 62.387 0)
(-31.1572 69.3668 0)
(-42.2647 67.4152 0)
(-35.3169 59.32 0)
(-28.1537 51.3258 0)
(-24.2408 45.3547 0)
(-21.064 39.1564 0)
(-18.9942 32.9866 0)
(-19.1875 28.283 0)
(-21.278 25.1044 0)
(-23.8521 22.5985 0)
(-25.6161 19.4749 0)
(-26.7775 15.1968 0)
(-28.4198 10.4421 0)
(-31.4142 6.29976 0)
(-36.3754 3.69699 0)
(-43.1811 2.76567 0)
(-50.0888 2.82031 0)
(-56.1514 2.90174 0)
(-60.9749 3.14493 0)
(-64.0483 3.09334 0)
(-67.5625 2.41844 0)
(-71.9549 1.10023 0)
(-76.3921 -0.720792 0)
(-81.0168 -1.78982 0)
(-85.5666 -2.13847 0)
(-88.9798 -2.69386 0)
(-89.9458 -4.36236 0)
(-90.8553 -6.67856 0)
(-92.8016 -8.36725 0)
(-95.3835 -8.92512 0)
(-98.4708 -8.64407 0)
(-100.223 -7.54995 0)
(-98.7418 -3.79478 0)
(-103.487 9.08986 0)
(-112.061 14.5664 0)
(-117.572 7.06675 0)
(-118.74 2.96352 0)
(-120.418 2.30343 0)
(-118.315 2.90199 0)
(-115.232 2.79829 0)
(-111.1 2.30074 0)
(-108.072 1.83538 0)
(-107.835 1.3283 0)
(-110.724 0.669682 0)
(-111.815 -0.474629 0)
(-110.087 -2.28893 0)
(-110.416 -3.93178 0)
(-113.317 -4.46435 0)
(-118.881 -4.40159 0)
(-125.584 -4.29484 0)
(-133.41 -3.69743 0)
(-140.22 -2.2122 0)
(-143.065 -0.274254 0)
(-136.341 0.919141 0)
(-124.832 -0.354868 0)
(-112.943 -3.04357 0)
(-106.379 -6.36176 0)
(-106.506 -8.70173 0)
(-111.796 -8.32564 0)
(-119.575 -6.2076 0)
(-125.641 -3.79618 0)
(-129.167 -2.72872 0)
(-131.631 -2.45794 0)
(-132.806 -2.68827 0)
(-132.525 -4.90401 0)
(-130.663 -9.18701 0)
(-128.365 -12.6171 0)
(-129.822 -12.9214 0)
(-132.342 -11.2916 0)
(-132.476 -11.077 0)
(-132.256 -13.0444 0)
(-132.263 -16.1174 0)
(-132.088 -20.8886 0)
(-131.185 -27.2216 0)
(-129.972 -35.5334 0)
(-132.407 -44.5521 0)
(-129.012 -42.4613 0)
(-122.643 -38.7109 0)
(-112.5 -44.9687 0)
(-104.213 -53.2831 0)
(-96.4454 -62.7546 0)
(-90.944 -71.5158 0)
(-93.488 -77.7709 0)
(-92.4529 -79.8853 0)
(-25.7492 -36.4412 0)
(-2.07168 50.5539 0)
(5.61446 45.7012 0)
(4.03137 39.7968 0)
(1.92507 37.1971 0)
(4.58695 37.4791 0)
(10.7468 38.2134 0)
(10.4126 37.1799 0)
(13.5477 37.6559 0)
(14.4014 37.8086 0)
(22.949 29.6279 0)
(23.6226 28.4746 0)
(14.5176 39.0892 0)
(23.6913 45.8042 0)
(34.0048 52.3787 0)
(34.7784 61.9354 0)
(43.7508 66.716 0)
(49.8914 64.1177 0)
(66.7446 55.5092 0)
(74.7557 48.7372 0)
(80.2286 43.6124 0)
(85.8209 37.6475 0)
(90.098 31.8685 0)
(91.9476 27.5769 0)
(92.0899 24.6004 0)
(92.0257 21.968 0)
(92.9269 18.6738 0)
(94.3076 14.5396 0)
(94.7499 10.246 0)
(93.1905 6.73974 0)
(89.3427 4.74038 0)
(83.8695 4.09461 0)
(78.5626 4.05097 0)
(74.1682 3.92189 0)
(70.8654 3.84897 0)
(68.952 3.67876 0)
(66.5409 3.15546 0)
(63.4053 1.94571 0)
(60.0787 0.250154 0)
(56.6524 -0.822144 0)
(53.776 -1.39614 0)
(52.3094 -2.38397 0)
(52.0761 -4.22646 0)
(51.0123 -6.28605 0)
(48.7255 -7.69051 0)
(46.0541 -8.10853 0)
(43.2858 -7.87707 0)
(41.2185 -7.4636 0)
(42.9549 -4.63807 0)
(35.3658 11.402 0)
(31.8701 17.234 0)
(25.323 6.80972 0)
(25.3065 3.12496 0)
(24.4464 2.13751 0)
(27.2903 2.16555 0)
(30.6745 1.87025 0)
(34.0746 1.49229 0)
(36.3376 1.56941 0)
(36.0561 1.70712 0)
(33.2642 1.08956 0)
(32.6231 -0.568158 0)
(33.9469 -2.3942 0)
(32.6496 -3.42819 0)
(29.6208 -3.34905 0)
(24.4599 -2.84941 0)
(18.4671 -2.44149 0)
(11.3139 -1.85985 0)
(5.49924 -1.13796 0)
(3.98415 -0.89444 0)
(11.5151 -1.39666 0)
(22.8211 -3.11459 0)
(31.5365 -5.0277 0)
(35.3683 -6.73738 0)
(32.6546 -7.5231 0)
(26.1135 -6.31722 0)
(18.5019 -4.19343 0)
(11.3483 -2.40337 0)
(7.74413 -1.83255 0)
(5.39511 -1.90596 0)
(4.66461 -2.60726 0)
(5.37356 -5.20124 0)
(6.98617 -9.39727 0)
(7.17917 -12.0504 0)
(1.86112 -11.6315 0)
(-4.90821 -10.1316 0)
(-8.91983 -10.2348 0)
(-12.3039 -12.2081 0)
(-15.8382 -15.3104 0)
(-18.9788 -20.0962 0)
(-21.169 -26.4625 0)
(-23.2941 -34.4734 0)
(-29.769 -42.7878 0)
(-33.248 -42.0235 0)
(-31.7976 -39.9609 0)
(-27.2054 -46.0872 0)
(-24.6642 -54.2923 0)
(-23.6624 -63.2435 0)
(-25.9614 -70.9535 0)
(-33.3878 -77.583 0)
(-23.4159 -88.7483 0)
(45.1467 -46.4555 0)
(1.28181 49.4173 0)
(13.7284 44.7593 0)
(17.2989 39.4731 0)
(19.4815 36.8448 0)
(25.5564 35.6483 0)
(40.2895 35.8595 0)
(46.3203 36.0175 0)
(52.8817 36.6621 0)
(60.743 35.5188 0)
(72.1931 28.7992 0)
(75.3224 29.6858 0)
(67.1422 39.2172 0)
(80.0688 43.5735 0)
(94.9938 51.0264 0)
(101.206 60.4491 0)
(113.975 63.8676 0)
(132.044 61.0998 0)
(156.08 52.79 0)
(166.807 47.0062 0)
(176.286 41.944 0)
(185.447 36.278 0)
(192.649 31.1507 0)
(197.367 27.4527 0)
(200.699 24.7272 0)
(203.891 22.0103 0)
(207.472 18.5737 0)
(210.746 14.5103 0)
(212.569 10.5816 0)
(212.215 7.59701 0)
(209.835 5.9774 0)
(206.372 5.38372 0)
(203.133 5.12956 0)
(200.57 4.7744 0)
(198.663 4.43558 0)
(197.478 4.14331 0)
(196.118 3.66294 0)
(194.397 2.55361 0)
(192.377 1.00493 0)
(190.268 -0.163444 0)
(188.831 -1.0776 0)
(188.373 -2.37075 0)
(188.092 -4.15202 0)
(186.67 -5.90329 0)
(184.122 -7.09503 0)
(181.225 -7.46747 0)
(178.428 -7.19811 0)
(176.212 -6.88307 0)
(175.666 -3.50544 0)
(159.55 12.9786 0)
(174.039 17.9146 0)
(166.799 6.97021 0)
(167.271 3.29995 0)
(167.365 1.86141 0)
(169.713 1.42166 0)
(172.53 1.11626 0)
(174.343 0.963528 0)
(175.573 1.44988 0)
(175.388 1.91831 0)
(174.211 1.24438 0)
(173.953 -0.619568 0)
(173.849 -2.22156 0)
(171.76 -2.76721 0)
(168.389 -2.35063 0)
(164.373 -1.62399 0)
(160.173 -1.01944 0)
(155.8 -0.569745 0)
(153.139 -0.681205 0)
(154.001 -1.85622 0)
(159.788 -3.57895 0)
(167.234 -5.16562 0)
(170.18 -6.19406 0)
(170.296 -6.61108 0)
(166.172 -6.2283 0)
(160.007 -4.64035 0)
(153.985 -2.68131 0)
(148.461 -1.40536 0)
(145.426 -1.24002 0)
(143.657 -1.69662 0)
(143.481 -2.96968 0)
(144.052 -5.8074 0)
(143.472 -9.39889 0)
(139.575 -11.0274 0)
(131.608 -10.1684 0)
(123.323 -9.01778 0)
(117.058 -9.46994 0)
(111.286 -11.5047 0)
(105.508 -14.8253 0)
(99.9922 -19.8576 0)
(94.6332 -26.4446 0)
(88.1007 -34.133 0)
(77.4601 -41.2675 0)
(67.5754 -41.896 0)
(62.4083 -41.4521 0)
(59.8803 -46.8731 0)
(55.797 -54.407 0)
(50.0893 -62.4834 0)
(42.5564 -69.6553 0)
(37.2293 -80.2831 0)
(63.5899 -101.281 0)
(123.992 -56.844 0)
(4.84383 46.9329 0)
(21.2545 42.4841 0)
(29.3211 37.5557 0)
(39.5235 35.0744 0)
(46.4435 33.0167 0)
(67.0559 32.3086 0)
(77.302 33.6206 0)
(88.5143 34.4831 0)
(99.4663 32.8561 0)
(109.797 27.0606 0)
(118.046 28.7259 0)
(114.426 37.1815 0)
(130.193 39.651 0)
(144.579 48.3102 0)
(151.019 57.1075 0)
(184.982 57.4591 0)
(203.005 54.3398 0)
(231.112 47.7144 0)
(244.347 43.5231 0)
(259.658 38.7322 0)
(272.977 33.5497 0)
(283.509 29.0395 0)
(291.472 25.7419 0)
(298.027 23.1347 0)
(304.079 20.387 0)
(309.795 17.046 0)
(314.564 13.3682 0)
(317.624 10.021 0)
(318.656 7.61177 0)
(318.067 6.35014 0)
(316.726 5.83695 0)
(315.456 5.4972 0)
(314.49 5.05373 0)
(313.768 4.63355 0)
(313.334 4.30666 0)
(312.924 3.84141 0)
(312.295 2.81439 0)
(311.29 1.38232 0)
(310.12 0.161026 0)
(309.303 -0.920372 0)
(308.811 -2.24626 0)
(307.897 -3.80863 0)
(305.859 -5.24272 0)
(302.808 -6.22638 0)
(299.269 -6.54191 0)
(295.549 -6.24997 0)
(292.506 -5.89864 0)
(289.634 -2.30393 0)
(269.049 12.7464 0)
(300.257 16.7531 0)
(293.271 6.72444 0)
(294.75 3.16727 0)
(295.37 1.5138 0)
(296.953 0.879339 0)
(298.744 0.6681 0)
(299.738 0.714913 0)
(300.355 1.36679 0)
(300.585 1.94225 0)
(300.556 1.26101 0)
(300.046 -0.450835 0)
(298.932 -1.73881 0)
(296.608 -1.99156 0)
(293.698 -1.47072 0)
(291.022 -0.739134 0)
(288.671 -0.18255 0)
(286.744 -0.0278111 0)
(286.211 -0.774472 0)
(287.558 -2.63 0)
(290.46 -4.66502 0)
(293.465 -5.79305 0)
(293.563 -6.08246 0)
(291.553 -5.77063 0)
(287.277 -4.80496 0)
(282.171 -3.14556 0)
(277.655 -1.38626 0)
(273.796 -0.483123 0)
(271.213 -0.633393 0)
(269.517 -1.38792 0)
(268.702 -2.8839 0)
(267.517 -5.43253 0)
(263.962 -8.08195 0)
(257.074 -8.78569 0)
(247.841 -7.69242 0)
(238.892 -6.80269 0)
(231.097 -7.42155 0)
(223.534 -9.4259 0)
(215.922 -12.7069 0)
(208.192 -17.5693 0)
(199.838 -23.7588 0)
(189.564 -30.6692 0)
(175.688 -36.8149 0)
(161.544 -38.2992 0)
(151.022 -39.1502 0)
(142.423 -44.4384 0)
(132.681 -51.6691 0)
(121.847 -59.467 0)
(111.575 -67.3849 0)
(108.506 -81.7827 0)
(142.972 -109.036 0)
(139.594 -61.8155 0)
(8.31434 43.2566 0)
(27.5987 39.1609 0)
(40.6425 34.6122 0)
(55.2606 32.1618 0)
(72.1697 28.9676 0)
(88.095 28.6081 0)
(100.211 30.3742 0)
(115.731 31.6124 0)
(126.131 30.5989 0)
(132.203 24.4559 0)
(156.71 25.9487 0)
(160.542 35.1405 0)
(175.27 37.3089 0)
(181.644 45.1536 0)
(207.694 51.9417 0)
(233.583 50.2435 0)
(271.98 47.9219 0)
(291.504 43.0364 0)
(311.383 39.3295 0)
(330.798 34.6364 0)
(347.59 30.1613 0)
(361.322 26.4004 0)
(372.51 23.6189 0)
(382.171 21.2947 0)
(390.879 18.7347 0)
(398.571 15.6428 0)
(404.773 12.3407 0)
(409.103 9.44979 0)
(411.609 7.44958 0)
(412.83 6.42169 0)
(413.471 5.96492 0)
(414.014 5.59694 0)
(414.553 5.13234 0)
(415.052 4.6905 0)
(415.588 4.33555 0)
(416.141 3.85919 0)
(416.475 2.89817 0)
(416.331 1.57206 0)
(415.82 0.353579 0)
(415.235 -0.771081 0)
(414.444 -2.03315 0)
(412.962 -3.38511 0)
(410.453 -4.57673 0)
(407.062 -5.37799 0)
(403.154 -5.60898 0)
(398.969 -5.25621 0)
(395.898 -4.67713 0)
(393.384 -1.03302 0)
(373.856 11.4217 0)
(412.597 14.5633 0)
(405.697 6.35288 0)
(407.821 2.97939 0)
(408.541 1.27438 0)
(409.347 0.603025 0)
(410.216 0.449605 0)
(410.808 0.608969 0)
(411.08 1.30119 0)
(411.62 1.83912 0)
(412.051 1.25197 0)
(411.59 -0.204147 0)
(410.188 -1.25815 0)
(408.087 -1.40011 0)
(406.005 -0.921643 0)
(404.488 -0.317943 0)
(403.566 0.113701 0)
(403.151 0.0321446 0)
(403.438 -1.01541 0)
(404.093 -3.01347 0)
(404.445 -4.95895 0)
(404.202 -5.80972 0)
(402.51 -5.64446 0)
(399.448 -4.93328 0)
(395.488 -3.72536 0)
(391.488 -2.11606 0)
(388.251 -0.56396 0)
(385.657 0.139677 0)
(383.558 -0.147249 0)
(381.774 -1.02999 0)
(380.007 -2.51487 0)
(377.078 -4.63691 0)
(371.595 -6.49554 0)
(363.539 -6.63398 0)
(354.332 -5.48557 0)
(345.572 -4.77509 0)
(337.374 -5.47859 0)
(329.078 -7.48722 0)
(320.371 -10.7599 0)
(310.878 -15.4769 0)
(299.886 -21.3154 0)
(286.329 -27.6146 0)
(269.398 -33.0348 0)
(251.747 -34.9626 0)
(236.566 -36.5714 0)
(222.553 -41.6814 0)
(207.524 -48.6481 0)
(191.698 -56.4924 0)
(176.973 -65.7896 0)
(168.368 -84.032 0)
(182.866 -108.198 0)
(108.844 -56.1153 0)
(11.5606 38.6525 0)
(32.3028 34.529 0)
(55.2166 29.5717 0)
(73.6095 27.823 0)
(89.3798 25.6434 0)
(102.358 25.5291 0)
(108.756 26.6477 0)
(130.155 28.265 0)
(133.471 27.9254 0)
(163.429 20.0196 0)
(178.227 22.2064 0)
(189.391 32.5375 0)
(197.265 33.8251 0)
(225.345 39.8499 0)
(243.712 45.4429 0)
(288.213 40.8217 0)
(317.7 40.79 0)
(342.858 37.6552 0)
(366.381 33.9151 0)
(388.223 29.7896 0)
(407.3 26.0702 0)
(423.453 23.0031 0)
(437.197 20.7013 0)
(449.299 18.6913 0)
(460.068 16.4149 0)
(469.335 13.6924 0)
(476.77 10.8532 0)
(482.269 8.43222 0)
(486.114 6.80334 0)
(488.881 5.9811 0)
(491.134 5.60031 0)
(493.155 5.26373 0)
(494.962 4.84012 0)
(496.537 4.43017 0)
(497.973 4.08516 0)
(499.304 3.62737 0)
(500.324 2.76485 0)
(500.752 1.59038 0)
(500.604 0.466735 0)
(500.039 -0.584475 0)
(498.952 -1.70145 0)
(497.088 -2.83258 0)
(494.325 -3.79872 0)
(490.827 -4.43637 0)
(486.902 -4.59828 0)
(482.811 -4.2267 0)
(480.38 -3.52858 0)
(479.229 -0.24481 0)
(461.231 9.19902 0)
(503.432 11.7631 0)
(496.549 5.78472 0)
(499.039 2.73413 0)
(499.764 1.11383 0)
(500.083 0.500644 0)
(500.252 0.362341 0)
(500.478 0.534843 0)
(500.751 1.20365 0)
(501.416 1.67134 0)
(502.024 1.20586 0)
(501.745 0.0290322 0)
(500.527 -0.83218 0)
(498.922 -0.949037 0)
(497.566 -0.587378 0)
(496.791 -0.131723 0)
(496.565 0.172457 0)
(496.671 -0.0253295 0)
(496.898 -1.11077 0)
(496.645 -2.9626 0)
(495.421 -4.66768 0)
(493.466 -5.31386 0)
(490.805 -4.94871 0)
(487.467 -4.05034 0)
(484.007 -2.80149 0)
(480.913 -1.31882 0)
(478.582 0.031962 0)
(476.772 0.626382 0)
(475.036 0.335626 0)
(473.154 -0.503917 0)
(470.727 -1.79751 0)
(466.868 -3.4328 0)
(460.819 -4.64042 0)
(452.991 -4.42274 0)
(444.658 -3.304 0)
(436.692 -2.70861 0)
(428.854 -3.39029 0)
(420.548 -5.27379 0)
(411.346 -8.33577 0)
(400.689 -12.6582 0)
(387.831 -17.9088 0)
(371.974 -23.4599 0)
(352.863 -28.1662 0)
(332.662 -30.3327 0)
(313.73 -32.4404 0)
(295.022 -37.3615 0)
(274.82 -44.0808 0)
(253.005 -51.9358 0)
(230.288 -61.9263 0)
(208.411 -80.4871 0)
(192.95 -98.2561 0)
(80.1805 -48.043 0)
(15.0288 32.4742 0)
(40.2843 28.2945 0)
(63.7554 24.2971 0)
(83.5106 23.6032 0)
(99.2056 22.6775 0)
(107.47 22.2513 0)
(131.536 23.5232 0)
(128.61 25.5156 0)
(150.724 22.1748 0)
(179.084 15.6369 0)
(189.446 19.1694 0)
(193.703 28.2552 0)
(230.787 28.5777 0)
(241.583 33.132 0)
(287.063 37.0273 0)
(319.539 32.2352 0)
(351.379 33.4148 0)
(379.367 31.1336 0)
(405.099 27.9118 0)
(428.164 24.4484 0)
(448.392 21.4547 0)
(465.915 19.051 0)
(481.195 17.2434 0)
(494.779 15.6176 0)
(506.798 13.7261 0)
(517.04 11.4561 0)
(525.288 9.10957 0)
(531.612 7.13802 0)
(536.417 5.83908 0)
(540.277 5.2002 0)
(543.651 4.90848 0)
(546.709 4.6397 0)
(549.426 4.29468 0)
(551.791 3.95319 0)
(553.884 3.65454 0)
(555.743 3.25179 0)
(557.186 2.51715 0)
(557.944 1.52464 0)
(557.982 0.553184 0)
(557.393 -0.361357 0)
(556.123 -1.30411 0)
(554.073 -2.22958 0)
(551.246 -3.00684 0)
(547.82 -3.51614 0)
(544.084 -3.64585 0)
(540.315 -3.33659 0)
(538.612 -2.59303 0)
(538.594 0.0717486 0)
(521.721 6.53303 0)
(565.476 8.80815 0)
(558.507 5.13182 0)
(561.228 2.46077 0)
(562.04 0.988062 0)
(562.105 0.5205 0)
(561.829 0.386422 0)
(561.778 0.490489 0)
(562.084 1.08845 0)
(562.804 1.48737 0)
(563.501 1.12206 0)
(563.438 0.189823 0)
(562.554 -0.515309 0)
(561.423 -0.64459 0)
(560.539 -0.393074 0)
(560.114 -0.0572565 0)
(560.08 0.161401 0)
(560.204 -0.0645273 0)
(560.128 -1.05815 0)
(559.24 -2.66628 0)
(557.241 -4.11202 0)
(554.525 -4.60957 0)
(551.475 -4.16982 0)
(548.237 -3.2379 0)
(545.32 -2.05271 0)
(542.959 -0.72323 0)
(541.317 0.4583 0)
(540.095 0.996366 0)
(538.776 0.773789 0)
(537.071 0.0670661 0)
(534.593 -0.977271 0)
(530.747 -2.18292 0)
(525.202 -2.91346 0)
(518.493 -2.47971 0)
(511.612 -1.41273 0)
(504.991 -0.86495 0)
(498.187 -1.44098 0)
(490.585 -3.09433 0)
(481.646 -5.80334 0)
(470.727 -9.58748 0)
(457.118 -14.1355 0)
(440.228 -18.8891 0)
(420.078 -22.8998 0)
(398.362 -25.0733 0)
(376.676 -27.3508 0)
(354.031 -31.904 0)
(328.793 -38.1081 0)
(300.223 -45.455 0)
(267.683 -54.9114 0)
(230.884 -71.0037 0)
(190.981 -80.8323 0)
(62.4924 -37.4998 0)
(17.8869 25.5205 0)
(44.1725 22.2315 0)
(67.063 18.9545 0)
(83.8297 19.4916 0)
(98.6707 19.3505 0)
(112.444 17.735 0)
(140.034 19.8761 0)
(142.63 21.6676 0)
(173.317 16.5893 0)
(189.563 12.4676 0)
(198.891 16.2873 0)
(201.764 22.7268 0)
(247.219 22.6048 0)
(252.8 25.6961 0)
(304.586 27.9674 0)
(333.776 24.0935 0)
(366.479 25.4361 0)
(396.02 24.145 0)
(422.771 21.675 0)
(446.03 18.9542 0)
(466.303 16.6744 0)
(484.046 14.9166 0)
(499.71 13.5809 0)
(513.698 12.3558 0)
(526.041 10.8857 0)
(536.512 9.09541 0)
(544.971 7.24123 0)
(551.584 5.69324 0)
(556.813 4.69076 0)
(561.21 4.21743 0)
(565.162 4.01872 0)
(568.771 3.83494 0)
(571.99 3.58783 0)
(574.801 3.33735 0)
(577.267 3.11177 0)
(579.418 2.7933 0)
(581.089 2.2075 0)
(582.032 1.4138 0)
(582.186 0.625912 0)
(581.611 -0.119096 0)
(580.292 -0.877516 0)
(578.211 -1.61342 0)
(575.434 -2.23008 0)
(572.141 -2.64017 0)
(568.605 -2.76696 0)
(565.11 -2.55561 0)
(563.883 -1.84387 0)
(564.528 0.1024 0)
(548.182 3.6453 0)
(592.375 5.82962 0)
(585.175 4.4543 0)
(588.02 2.14331 0)
(589.03 0.857343 0)
(589.036 0.60383 0)
(588.479 0.499361 0)
(588.23 0.462688 0)
(588.568 0.96101 0)
(589.332 1.29033 0)
(590.094 1.00787 0)
(590.226 0.277291 0)
(589.665 -0.297373 0)
(588.879 -0.434952 0)
(588.268 -0.263246 0)
(587.974 -0.011116 0)
(587.943 0.156262 0)
(587.974 -0.0531557 0)
(587.661 -0.904406 0)
(586.441 -2.25038 0)
(584.121 -3.44762 0)
(581.126 -3.83866 0)
(577.985 -3.39255 0)
(575.013 -2.5209 0)
(572.626 -1.45897 0)
(570.917 -0.295906 0)
(569.918 0.733721 0)
(569.317 1.23329 0)
(568.598 1.09878 0)
(567.429 0.551172 0)
(565.469 -0.248226 0)
(562.344 -1.10557 0)
(557.974 -1.50069 0)
(552.912 -0.951443 0)
(547.926 0.061482 0)
(543.162 0.603463 0)
(538.061 0.191886 0)
(531.947 -1.1526 0)
(524.201 -3.40648 0)
(514.133 -6.55706 0)
(501.07 -10.3303 0)
(484.541 -14.2483 0)
(464.659 -17.5401 0)
(442.684 -19.492 0)
(419.589 -21.607 0)
(394.324 -25.5139 0)
(365.201 -30.792 0)
(331.003 -36.9849 0)
(290.334 -44.8492 0)
(241.986 -56.794 0)
(188.917 -60.0931 0)
(55.672 -26.4398 0)
(19.3092 17.9452 0)
(44.7865 16.2414 0)
(63.3628 14.7842 0)
(70.0201 15.4827 0)
(93.8835 14.7679 0)
(119.102 12.7384 0)
(128.434 14.9479 0)
(159.341 16.7924 0)
(172.112 12.061 0)
(192.176 9.86883 0)
(200.347 13.4697 0)
(201.894 16.6838 0)
(248.539 16.1945 0)
(250.645 18.0217 0)
(303.088 18.9665 0)
(329.38 16.2827 0)
(360.576 17.5224 0)
(389.379 17.1398 0)
(415.32 15.5238 0)
(437.339 13.6152 0)
(456.323 12.0179 0)
(472.938 10.7749 0)
(487.705 9.89444 0)
(500.964 9.07642 0)
(512.679 8.04346 0)
(522.603 6.73775 0)
(530.62 5.36104 0)
(536.941 4.20719 0)
(542.044 3.47037 0)
(546.453 3.14458 0)
(550.504 3.03598 0)
(554.255 2.94229 0)
(557.637 2.79959 0)
(560.62 2.64888 0)
(563.252 2.50929 0)
(565.553 2.28919 0)
(567.373 1.85953 0)
(568.476 1.26808 0)
(568.786 0.675995 0)
(568.335 0.114772 0)
(567.124 -0.456503 0)
(565.169 -1.01219 0)
(562.546 -1.4813 0)
(559.426 -1.80233 0)
(556.042 -1.93195 0)
(552.67 -1.82881 0)
(551.573 -1.17991 0)
(552.363 0.00898816 0)
(535.94 0.7136 0)
(579.469 2.94516 0)
(571.808 3.83164 0)
(574.576 1.76844 0)
(575.846 0.674658 0)
(575.981 0.717117 0)
(575.46 0.676299 0)
(575.075 0.437431 0)
(575.47 0.821697 0)
(576.291 1.07974 0)
(577.13 0.865896 0)
(577.437 0.305472 0)
(577.128 -0.154089 0)
(576.573 -0.284111 0)
(576.125 -0.165659 0)
(575.893 0.0290935 0)
(575.858 0.164215 0)
(575.844 -0.00830984 0)
(575.421 -0.700505 0)
(574.069 -1.78531 0)
(571.644 -2.74891 0)
(568.565 -3.05478 0)
(565.443 -2.65424 0)
(562.753 -1.90533 0)
(560.844 -1.01248 0)
(559.739 -0.0339554 0)
(559.394 0.842259 0)
(559.485 1.30115 0)
(559.513 1.24454 0)
(559.125 0.847542 0)
(558.026 0.262163 0)
(555.993 -0.327814 0)
(553.104 -0.50328 0)
(549.921 0.0789911 0)
(547.07 1.01486 0)
(544.524 1.56589 0)
(541.652 1.34625 0)
(537.719 0.357965 0)
(532.048 -1.37426 0)
(523.915 -3.82518 0)
(512.67 -6.76449 0)
(497.899 -9.79529 0)
(479.733 -12.2974 0)
(459.102 -13.7905 0)
(436.549 -15.4114 0)
(410.985 -18.3622 0)
(380.726 -22.3395 0)
(344.385 -26.9292 0)
(300.338 -32.7023 0)
(247.128 -40.1499 0)
(191.769 -38.6686 0)
(59.1226 -15.7327 0)
(18.1799 10.7085 0)
(40.8288 11.0775 0)
(54.6746 11.161 0)
(69.1236 10.8505 0)
(93.7748 9.19457 0)
(112.409 8.66423 0)
(127.064 10.4843 0)
(134.783 11.5929 0)
(165.786 7.63161 0)
(179.255 7.40878 0)
(189.026 10.8836 0)
(188.192 11.1094 0)
(232.989 10.2664 0)
(232.048 10.8043 0)
(282.158 10.5399 0)
(304.548 9.10874 0)
(331.049 10.2801 0)
(355.902 10.5909 0)
(378.519 9.84612 0)
(397.498 8.76822 0)
(413.786 7.83467 0)
(428.128 7.12272 0)
(441.011 6.61482 0)
(452.697 6.13688 0)
(463.086 5.48626 0)
(471.897 4.61606 0)
(479.002 3.6683 0)
(484.595 2.86024 0)
(489.141 2.34459 0)
(493.136 2.13196 0)
(496.885 2.08844 0)
(500.428 2.06552 0)
(503.688 2.01112 0)
(506.626 1.94806 0)
(509.274 1.8871 0)
(511.64 1.75995 0)
(513.58 1.47718 0)
(514.871 1.07636 0)
(515.43 0.675418 0)
(515.269 0.297338 0)
(514.395 -0.0904649 0)
(512.818 -0.4698 0)
(510.583 -0.789571 0)
(507.827 -1.00893 0)
(504.712 -1.1131 0)
(501.455 -1.08697 0)
(500.208 -0.508963 0)
(500.55 -0.0118607 0)
(483.064 -2.04154 0)
(524.22 0.333444 0)
(516.102 3.37018 0)
(518.349 1.36532 0)
(519.595 0.482516 0)
(519.719 0.757845 0)
(520.588 0.761065 0)
(520.143 0.392456 0)
(520.662 0.665227 0)
(521.572 0.852272 0)
(522.491 0.697238 0)
(522.945 0.287049 0)
(522.822 -0.0649955 0)
(522.434 -0.173515 0)
(522.102 -0.091626 0)
(521.938 0.0585235 0)
(521.955 0.168337 0)
(521.984 0.0418759 0)
(521.569 -0.481662 0)
(520.207 -1.30538 0)
(517.77 -2.04241 0)
(514.661 -2.27253 0)
(511.568 -1.95512 0)
(509.12 -1.376 0)
(507.572 -0.692185 0)
(506.952 0.0758437 0)
(507.179 0.783086 0)
(507.934 1.18249 0)
(508.723 1.1825 0)
(509.167 0.914281 0)
(509.002 0.505314 0)
(508.096 0.110159 0)
(506.659 0.0556037 0)
(505.28 0.588325 0)
(504.523 1.39792 0)
(504.276 1.9233 0)
(503.872 1.86885 0)
(502.532 1.22522 0)
(499.526 0.0114618 0)
(494.121 -1.74676 0)
(485.682 -3.86466 0)
(473.845 -6.02857 0)
(458.774 -7.75444 0)
(441.233 -8.70827 0)
(421.573 -9.71369 0)
(398.784 -11.6244 0)
(371.355 -14.1976 0)
(338.065 -17.0556 0)
(297.315 -20.5108 0)
(247.921 -23.6112 0)
(200.674 -18.2609 0)
(74.5571 -5.62773 0)
(13.9453 4.54931 0)
(31.6967 6.27503 0)
(48.6776 7.09595 0)
(63.9174 6.26357 0)
(81.8862 4.88292 0)
(96.0754 5.69258 0)
(97.1027 7.15935 0)
(112.311 6.15837 0)
(141.065 3.01431 0)
(151.946 5.21828 0)
(165.985 8.33223 0)
(161.821 6.47963 0)
(202.143 5.21062 0)
(196.721 4.6223 0)
(239.922 3.34581 0)
(255.444 3.38792 0)
(273.464 4.50237 0)
(291.209 5.35507 0)
(308.215 5.26598 0)
(322.751 4.83399 0)
(335.403 4.41118 0)
(346.703 4.06516 0)
(357.049 3.83123 0)
(366.625 3.6108 0)
(375.278 3.27324 0)
(382.683 2.77679 0)
(388.66 2.20502 0)
(393.335 1.69734 0)
(397.111 1.36748 0)
(400.446 1.23836 0)
(403.644 1.23344 0)
(406.756 1.25502 0)
(409.722 1.26182 0)
(412.499 1.26258 0)
(415.104 1.25983 0)
(417.526 1.20827 0)
(419.62 1.05088 0)
(421.176 0.816969 0)
(422.111 0.58646 0)
(422.424 0.370942 0)
(422.167 0.146313 0)
(421.322 -0.0693737 0)
(419.896 -0.241166 0)
(417.995 -0.342936 0)
(415.727 -0.371764 0)
(413.191 -0.327661 0)
(412.193 0.267093 0)
(411.884 0.391624 0)
(391.442 -4.03327 0)
(425.395 -1.85365 0)
(419.003 2.98194 0)
(420.233 1.17831 0)
(420.211 0.533231 0)
(416.003 0.407178 0)
(424.573 0.338952 0)
(424.188 0.299495 0)
(424.891 0.483034 0)
(425.913 0.604338 0)
(426.928 0.503649 0)
(427.511 0.229577 0)
(427.55 -0.0129202 0)
(427.292 -0.0939877 0)
(427.054 -0.0404785 0)
(426.983 0.0664777 0)
(427.111 0.149341 0)
(427.262 0.0731914 0)
(426.952 -0.274172 0)
(425.671 -0.831585 0)
(423.284 -1.33725 0)
(420.166 -1.49587 0)
(417.092 -1.28589 0)
(414.8 -0.908039 0)
(413.432 -0.459178 0)
(413.086 0.0717197 0)
(413.699 0.584886 0)
(414.976 0.894809 0)
(416.422 0.928732 0)
(417.601 0.768897 0)
(418.247 0.505937 0)
(418.277 0.249955 0)
(417.994 0.233984 0)
(418.049 0.637987 0)
(419.025 1.25255 0)
(420.814 1.69485 0)
(422.736 1.74994 0)
(423.991 1.40789 0)
(423.82 0.677038 0)
(421.466 -0.421092 0)
(416.305 -1.7621 0)
(408.051 -3.1165 0)
(396.954 -4.13331 0)
(383.799 -4.57538 0)
(368.977 -4.99485 0)
(351.678 -5.96829 0)
(330.697 -7.30773 0)
(305.3 -8.68743 0)
(274.383 -10.1506 0)
(237.855 -9.79254 0)
(212.526 -1.29635 0)
(104.82 3.07877 0)
(7.14194 0.821994 0)
(17.182 2.39256 0)
(30.7411 3.10058 0)
(44.1392 2.46304 0)
(55.6413 1.88168 0)
(68.4178 3.10953 0)
(79.3091 3.9627 0)
(92.7798 1.9914 0)
(102.826 0.253499 0)
(102.446 2.64859 0)
(128.264 5.1254 0)
(123.881 2.76756 0)
(155.382 1.60614 0)
(144.238 0.649168 0)
(171.33 -0.917937 0)
(174.256 0.286921 0)
(181.401 1.04309 0)
(190.786 1.85265 0)
(201.304 2.01662 0)
(210.886 1.92885 0)
(219.771 1.81134 0)
(227.988 1.69821 0)
(235.613 1.63096 0)
(242.854 1.57039 0)
(249.566 1.4538 0)
(255.412 1.25076 0)
(260.175 0.991322 0)
(263.874 0.744288 0)
(266.791 0.575837 0)
(269.315 0.509863 0)
(271.769 0.5173 0)
(274.25 0.548639 0)
(276.746 0.576491 0)
(279.224 0.60306 0)
(281.689 0.625417 0)
(284.1 0.62021 0)
(286.309 0.557213 0)
(288.119 0.456028 0)
(289.464 0.360269 0)
(290.378 0.270476 0)
(290.852 0.172712 0)
(290.886 0.0815228 0)
(290.58 0.0146481 0)
(290.036 -0.0120297 0)
(289.417 0.0107156 0)
(288.871 0.114003 0)
(290.021 0.882439 0)
(291.391 1.40624 0)
(267.69 -3.75651 0)
(276.708 -3.06628 0)
(284.117 1.86673 0)
(285.642 0.879183 0)
(287.73 0.558442 0)
(287.987 0.0290686 0)
(289.328 -0.142399 0)
(288.938 0.166092 0)
(289.769 0.263426 0)
(290.876 0.328993 0)
(291.97 0.282235 0)
(292.666 0.137859 0)
(292.837 0.0061547 0)
(292.691 -0.0415368 0)
(292.545 -0.0145671 0)
(292.585 0.0448542 0)
(292.829 0.0957819 0)
(293.111 0.0703968 0)
(292.952 -0.0968414 0)
(291.849 -0.380647 0)
(289.653 -0.645417 0)
(286.715 -0.732332 0)
(283.856 -0.6238 0)
(281.738 -0.459634 0)
(280.438 -0.248123 0)
(280.135 0.0233238 0)
(280.858 0.3071 0)
(282.382 0.487235 0)
(284.231 0.523831 0)
(285.899 0.452061 0)
(287.102 0.31805 0)
(287.754 0.172862 0)
(288.163 0.149872 0)
(289.026 0.364072 0)
(290.992 0.714129 0)
(294.032 0.993517 0)
(297.517 1.07711 0)
(300.667 0.963331 0)
(302.725 0.650002 0)
(302.947 0.148947 0)
(300.726 -0.483403 0)
(295.834 -1.12026 0)
(288.645 -1.56121 0)
(280.105 -1.65214 0)
(270.78 -1.70573 0)
(260.078 -2.05642 0)
(247.052 -2.61781 0)
(231.439 -3.20457 0)
(213.115 -3.82995 0)
(194.006 -2.01214 0)
(203.819 7.12404 0)
(141.593 7.78297 0)
(0.852111 -0.348825 0)
(2.70109 0.335548 0)
(7.88252 0.708644 0)
(13.4429 0.563131 0)
(17.1738 0.307707 0)
(22.4219 0.752385 0)
(29.6934 1.27543 0)
(36.7789 0.598999 0)
(38.8983 -0.103737 0)
(40.6776 0.335969 0)
(51.5873 1.90062 0)
(58.4653 1.12752 0)
(67.3379 0.290481 0)
(64.5471 -0.235084 0)
(64.5921 -1.13546 0)
(61.4223 -0.776854 0)
(59.9724 -0.116325 0)
(62.6679 0.358795 0)
(67.0503 0.423505 0)
(71.0289 0.457164 0)
(74.7668 0.409053 0)
(78.3184 0.41104 0)
(81.7533 0.386037 0)
(85.0528 0.379296 0)
(88.1915 0.363204 0)
(91.0035 0.322941 0)
(93.3238 0.257342 0)
(95.0909 0.196832 0)
(96.3957 0.134929 0)
(97.4348 0.110867 0)
(98.4156 0.111231 0)
(99.4441 0.116711 0)
(100.551 0.13783 0)
(101.738 0.148593 0)
(103.006 0.165921 0)
(104.319 0.168459 0)
(105.573 0.160959 0)
(106.65 0.134253 0)
(107.519 0.116488 0)
(108.209 0.0959529 0)
(108.686 0.0728201 0)
(108.936 0.0489869 0)
(108.995 0.027787 0)
(108.929 0.0205583 0)
(108.831 0.0332781 0)
(108.945 0.0945249 0)
(111.195 0.518069 0)
(117.948 1.38267 0)
(115.02 -1.34399 0)
(103.766 -2.04977 0)
(103.113 0.423051 0)
(104.086 0.296541 0)
(106.094 0.255939 0)
(106.721 0.00264371 0)
(106.598 -0.124612 0)
(106.326 0.0515703 0)
(106.884 0.0727803 0)
(107.572 0.0934484 0)
(108.276 0.0890748 0)
(108.765 0.0479098 0)
(108.906 0.00635271 0)
(108.831 -0.00955801 0)
(108.752 -0.00512117 0)
(108.784 0.00837539 0)
(108.968 0.0326844 0)
(109.224 0.0304514 0)
(109.276 -0.00016683 0)
(108.82 -0.0764964 0)
(107.729 -0.158358 0)
(106.185 -0.17701 0)
(104.721 -0.173433 0)
(103.576 -0.136252 0)
(102.788 -0.0923318 0)
(102.503 -0.0306024 0)
(102.827 0.0646655 0)
(103.724 0.121209 0)
(104.875 0.152935 0)
(105.972 0.139108 0)
(106.821 0.105118 0)
(107.316 0.057848 0)
(107.569 0.0295641 0)
(108.022 0.0728272 0)
(109.162 0.182544 0)
(111.066 0.257757 0)
(113.417 0.326455 0)
(115.78 0.298061 0)
(117.724 0.257192 0)
(118.814 0.118591 0)
(118.662 -0.032081 0)
(117.091 -0.223276 0)
(114.331 -0.339872 0)
(111.057 -0.355829 0)
(107.752 -0.328508 0)
(104.02 -0.3917 0)
(99.137 -0.533306 0)
(92.7405 -0.663395 0)
(84.7337 -0.745567 0)
(76.9627 0.258959 0)
(101.561 4.61659 0)
(113.669 4.99273 0)
)
;

boundaryField
{
    inlet
    {
        type            fixedValue;
        value           uniform (1 0 0);
    }
    outlet
    {
        type            zeroGradient;
    }
    lowerWall
    {
        type            fixedValue;
        value           uniform (0 0 0);
    }
    upperWall
    {
        type            fixedValue;
        value           uniform (0 0 0);
    }
    frontAndBack
    {
        type            empty;
    }
}


// ************************************************************************* //
