/*--------------------------------*- C++ -*----------------------------------*\
| =========                 |                                                 |
| \\      /  F ield         | foam-extend: Open Source CFD                    |
|  \\    /   O peration     | Version:     5.0                                |
|   \\  /    A nd           | Web:         http://www.foam-extend.org         |
|    \\/     M anipulation  |                                                 |
\*---------------------------------------------------------------------------*/
FoamFile
{
    version     2.0;
    format      ascii;
    class       volVectorField;
    location    "0.09";
    object      bodyForce;
}
// * * * * * * * * * * * * * * * * * * * * * * * * * * * * * * * * * * * * * //

dimensions      [0 1 -2 0 0 0 0];

internalField   nonuniform List<vector> 
4000
(
(-9656.03 0 0)
(-18194.8 0 0)
(-11766.6 0 0)
(-10803.7 0 0)
(-2095.22 0 0)
(15415.3 -0 0)
(14375.9 -0 0)
(-9347.96 0 0)
(-44897.8 0 0)
(-100712 0 0)
(-165281 0 0)
(-241173 0 0)
(-270823 0 0)
(-227159 0 0)
(-122086 0 0)
(-43057.4 0 0)
(-26798.1 0 0)
(-79321.3 0 0)
(-96854.2 0 0)
(-127013 0 0)
(-155710 0 0)
(-232643 0 0)
(-293798 0 0)
(-364191 0 0)
(-341349 0 0)
(-364019 0 0)
(-543045 0 0)
(-657301 0 0)
(-555599 0 0)
(-442510 0 0)
(-463092 0 0)
(-509895 0 0)
(-509135 0 0)
(-484413 0 0)
(-484624 0 0)
(-495360 0 0)
(-508208 0 0)
(-447196 0 0)
(-390291 0 0)
(-341623 0 0)
(-307404 0 0)
(-269630 0 0)
(-210681 0 0)
(-198840 0 0)
(-193634 0 0)
(-165708 0 0)
(-159746 0 0)
(-122271 0 0)
(-104207 0 0)
(-83864.8 0 0)
(-83544.1 0 0)
(-62825.5 0 0)
(-60413 0 0)
(-46795.3 0 0)
(-41074.1 0 0)
(-44701.4 0 0)
(-51323.5 0 0)
(-41768.9 0 0)
(-42406.7 0 0)
(-34259.1 0 0)
(-32867.6 0 0)
(-31371.7 0 0)
(-26101.2 0 0)
(-25453.8 0 0)
(-21975.3 0 0)
(-18290.3 0 0)
(-17000.9 0 0)
(-15361 0 0)
(-13095.2 0 0)
(-12769.7 0 0)
(-10907.4 0 0)
(-7731.59 0 0)
(-5384.14 0 0)
(-5085.51 0 0)
(-5748.37 0 0)
(-5739.81 0 0)
(-4997.61 0 0)
(-3949.61 0 0)
(-4610.1 0 0)
(-1008.91 0 0)
(178.02 -0 0)
(4790.67 -0 0)
(7300.53 -0 0)
(10894.3 -0 0)
(10334.1 -0 0)
(17693.3 -0 0)
(15974.1 -0 0)
(14483.5 -0 0)
(17565.9 -0 0)
(11000.3 -0 0)
(5267.55 -0 0)
(6962.18 -0 0)
(1277.35 -0 0)
(1696.49 -0 0)
(1117.62 -0 0)
(421.174 -0 0)
(-658.998 0 0)
(-2647.98 0 0)
(-5911.04 0 0)
(-9084.88 0 0)
(-5603.83 0 0)
(3414.37 -0 0)
(34136.8 -0 0)
(53165.2 -0 0)
(70199.5 -0 0)
(76837.1 -0 0)
(93447.7 -0 0)
(76266 -0 0)
(52736.2 -0 0)
(22846.2 -0 0)
(-16792.7 0 0)
(-17266.7 0 0)
(560.732 -0 0)
(121126 -0 0)
(208764 -0 0)
(219064 -0 0)
(165456 -0 0)
(145282 -0 0)
(83148.9 -0 0)
(2673.66 -0 0)
(-15891.2 0 0)
(-21114.8 0 0)
(-63986.8 0 0)
(-125268 0 0)
(-193573 0 0)
(-309758 0 0)
(-522889 0 0)
(-498297 0 0)
(-375591 0 0)
(-166919 0 0)
(-118750 0 0)
(-261623 0 0)
(-392295 0 0)
(-421202 0 0)
(-455383 0 0)
(-513779 0 0)
(-518352 0 0)
(-461865 0 0)
(-396858 0 0)
(-348986 0 0)
(-337189 0 0)
(-288547 0 0)
(-253888 0 0)
(-208215 0 0)
(-160236 0 0)
(-163659 0 0)
(-144693 0 0)
(-137697 0 0)
(-96232.1 0 0)
(-89845.7 0 0)
(-82093.5 0 0)
(-86077 0 0)
(-71084.4 0 0)
(-77482.8 0 0)
(-71266.7 0 0)
(-80401.9 0 0)
(-65925.7 0 0)
(-74341 0 0)
(-64101.5 0 0)
(-72484.4 0 0)
(-65817 0 0)
(-51474.1 0 0)
(-58966.6 0 0)
(-44523.3 0 0)
(-47911.6 0 0)
(-33461.9 0 0)
(-30982.4 0 0)
(-31745.8 0 0)
(-23838.7 0 0)
(-23844.1 0 0)
(-20711.2 0 0)
(-15847.2 0 0)
(-11282.2 0 0)
(-11561.8 0 0)
(-10504.9 0 0)
(-14081.3 0 0)
(-11269.7 0 0)
(-8300.53 0 0)
(-13583.9 0 0)
(-4953.48 0 0)
(-3430.47 0 0)
(11418.9 -0 0)
(6281.5 -0 0)
(12674.2 -0 0)
(24070.8 -0 0)
(23129.8 -0 0)
(32705 -0 0)
(26865.4 -0 0)
(30937.9 -0 0)
(20527.9 -0 0)
(10117.7 -0 0)
(12194 -0 0)
(-82.4315 0 0)
(3081.16 -0 0)
(2325 -0 0)
(759.528 -0 0)
(-1919.67 0 0)
(-6517.76 0 0)
(-10872.9 0 0)
(-17468.5 0 0)
(6431.18 -0 0)
(27070.9 -0 0)
(57745.8 -0 0)
(89713.1 -0 0)
(104908 -0 0)
(130192 -0 0)
(133048 -0 0)
(160169 -0 0)
(153598 -0 0)
(127972 -0 0)
(133737 -0 0)
(126268 -0 0)
(193547 -0 0)
(248495 -0 0)
(288621 -0 0)
(248508 -0 0)
(222854 -0 0)
(198901 -0 0)
(188633 -0 0)
(122191 -0 0)
(51934.5 -0 0)
(3602.32 -0 0)
(-62928.4 0 0)
(-99823.5 0 0)
(-206559 0 0)
(-306234 0 0)
(-204930 0 0)
(-74546.2 0 0)
(62604.9 -0 0)
(11273.1 -0 0)
(-137063 0 0)
(-79525.2 0 0)
(-159644 0 0)
(-279868 0 0)
(-277926 0 0)
(-298562 0 0)
(-347796 0 0)
(-302382 0 0)
(-273829 0 0)
(-221331 0 0)
(-230852 0 0)
(-288322 0 0)
(-236619 0 0)
(-199215 0 0)
(-154649 0 0)
(-147505 0 0)
(-129892 0 0)
(-134498 0 0)
(-101329 0 0)
(-66917.7 0 0)
(-77947.4 0 0)
(-68714.5 0 0)
(-76120.5 0 0)
(-65689.5 0 0)
(-76242.7 0 0)
(-77262.5 0 0)
(-61315.5 0 0)
(-71027.7 0 0)
(-60810.5 0 0)
(-69176.7 0 0)
(-60205.3 0 0)
(-69420 0 0)
(-64664.9 0 0)
(-48870.6 0 0)
(-56369.4 0 0)
(-39796.7 0 0)
(-42770.1 0 0)
(-29949.9 0 0)
(-27838.8 0 0)
(-31021.2 0 0)
(-19394.4 0 0)
(-20065 0 0)
(-14298.3 0 0)
(-15749.3 0 0)
(-15972.9 0 0)
(-15184 0 0)
(-20374.6 0 0)
(-14945.8 0 0)
(-10529.9 0 0)
(-14739.1 0 0)
(-1148.65 0 0)
(9116.3 -0 0)
(7165.03 -0 0)
(19347.8 -0 0)
(15662 -0 0)
(27218.5 -0 0)
(24087.8 -0 0)
(28912.4 -0 0)
(24708.6 -0 0)
(23127.5 -0 0)
(11216.4 -0 0)
(9853.18 -0 0)
(-2170.76 0 0)
(-699.1 0 0)
(2373.27 -0 0)
(1175.1 -0 0)
(-1894.69 0 0)
(-6691.02 0 0)
(-13913.9 0 0)
(-17163.6 0 0)
(17996.1 -0 0)
(41100.1 -0 0)
(73678.4 -0 0)
(88844.6 -0 0)
(106151 -0 0)
(99616.1 -0 0)
(107656 -0 0)
(118935 -0 0)
(164787 -0 0)
(166521 -0 0)
(174189 -0 0)
(184712 -0 0)
(211515 -0 0)
(268624 -0 0)
(303654 -0 0)
(282854 -0 0)
(214731 -0 0)
(185480 -0 0)
(172178 -0 0)
(128270 -0 0)
(-29911.4 0 0)
(-176982 0 0)
(-308908 0 0)
(-266389 0 0)
(-124001 0 0)
(-193978 0 0)
(63398.6 -0 0)
(168186 -0 0)
(219578 -0 0)
(72317.8 -0 0)
(-45820.4 0 0)
(-35715.7 0 0)
(-111554 0 0)
(-204433 0 0)
(-219921 0 0)
(-250267 0 0)
(-145454 0 0)
(-140115 0 0)
(-103908 0 0)
(-121563 0 0)
(-167303 0 0)
(-254862 0 0)
(-237669 0 0)
(-167568 0 0)
(-154225 0 0)
(-126585 0 0)
(-126907 0 0)
(-103855 0 0)
(-81101.6 0 0)
(-72089.4 0 0)
(-58605.4 0 0)
(-67217 0 0)
(-57807.8 0 0)
(-63476.2 0 0)
(-52928.2 0 0)
(-60368.2 0 0)
(-54783 0 0)
(-63665.5 0 0)
(-54544.5 0 0)
(-61391.3 0 0)
(-53699.1 0 0)
(-61771.3 0 0)
(-54934.1 0 0)
(-61002.6 0 0)
(-59003.1 0 0)
(-41907.4 0 0)
(-43353 0 0)
(-32439.4 0 0)
(-36326.6 0 0)
(-27489.2 0 0)
(-15992.7 0 0)
(-19526.1 0 0)
(-18623.9 0 0)
(-16550.8 0 0)
(-17819.6 0 0)
(-19764.2 0 0)
(-18711.2 0 0)
(-23442.9 0 0)
(-14632.4 0 0)
(-17916.5 0 0)
(-4150.04 0 0)
(-747.928 0 0)
(10653.4 -0 0)
(20819.8 -0 0)
(15475.9 -0 0)
(19586.6 -0 0)
(25596.7 -0 0)
(23108.3 -0 0)
(22121.7 -0 0)
(18022.4 -0 0)
(11492.7 -0 0)
(4071.52 -0 0)
(-48.5657 0 0)
(-695.925 0 0)
(1403.26 -0 0)
(294.546 -0 0)
(-1813.09 0 0)
(-9973.18 0 0)
(-13096.2 0 0)
(-20394.4 0 0)
(22637.3 -0 0)
(44690.3 -0 0)
(63650.2 -0 0)
(77093.9 -0 0)
(73595.2 -0 0)
(69204.1 -0 0)
(67522.6 -0 0)
(87563.5 -0 0)
(134445 -0 0)
(173025 -0 0)
(179415 -0 0)
(166212 -0 0)
(210382 -0 0)
(270533 -0 0)
(277688 -0 0)
(162812 -0 0)
(-71507.9 0 0)
(-62139.6 0 0)
(1243.46 -0 0)
(125399 -0 0)
(46464.6 -0 0)
(-110768 0 0)
(-197274 0 0)
(-257634 0 0)
(-99122.9 0 0)
(-185911 0 0)
(-99139.4 0 0)
(194991 -0 0)
(146269 -0 0)
(-113922 0 0)
(-39139.8 0 0)
(15891.8 -0 0)
(-44352.5 0 0)
(-176424 0 0)
(-265689 0 0)
(-190445 0 0)
(-47609.4 0 0)
(-114047 0 0)
(-145583 0 0)
(-219576 0 0)
(-155205 0 0)
(-243430 0 0)
(-232199 0 0)
(-182666 0 0)
(-167775 0 0)
(-144763 0 0)
(-137393 0 0)
(-108001 0 0)
(-100268 0 0)
(-61596.4 0 0)
(-65014.7 0 0)
(-53586.4 0 0)
(-59338.2 0 0)
(-49559.9 0 0)
(-55103.9 0 0)
(-46094.1 0 0)
(-56565.6 0 0)
(-50491.8 0 0)
(-56465.6 0 0)
(-48475.6 0 0)
(-54620.6 0 0)
(-47641.6 0 0)
(-55316.4 0 0)
(-48749.6 0 0)
(-54284.2 0 0)
(-49667 0 0)
(-37316.3 0 0)
(-39713.5 0 0)
(-32103.6 0 0)
(-16154.5 0 0)
(-17000.9 0 0)
(-26287 0 0)
(-16729.1 0 0)
(-18553.7 0 0)
(-18773.9 0 0)
(-19059.1 0 0)
(-22634.8 0 0)
(-20057.3 0 0)
(-22680.6 0 0)
(-13814.8 0 0)
(-11136.3 0 0)
(825.866 -0 0)
(4075.41 -0 0)
(19143.3 -0 0)
(25881 -0 0)
(23994.2 -0 0)
(22175.8 -0 0)
(20068 -0 0)
(22052.1 -0 0)
(14672.9 -0 0)
(14542.5 -0 0)
(-2819.58 0 0)
(153.281 -0 0)
(98.9123 -0 0)
(867.7 -0 0)
(-652.599 0 0)
(-4592.94 0 0)
(-8435.54 0 0)
(-13893.6 0 0)
(-18057.6 0 0)
(20936.4 -0 0)
(38065.3 -0 0)
(50348.9 -0 0)
(54696.5 -0 0)
(50644.7 -0 0)
(45312.7 -0 0)
(45183.1 -0 0)
(63215.5 -0 0)
(68314.4 -0 0)
(127913 -0 0)
(165693 -0 0)
(150030 -0 0)
(193174 -0 0)
(252388 -0 0)
(195384 -0 0)
(37365.6 -0 0)
(-128968 0 0)
(-306082 0 0)
(-220735 0 0)
(10435 -0 0)
(149597 -0 0)
(73329.6 -0 0)
(31651 -0 0)
(30591.3 -0 0)
(123959 -0 0)
(-103877 0 0)
(-125025 0 0)
(82332.9 -0 0)
(11816.3 -0 0)
(-144513 0 0)
(-41004 0 0)
(-129626 0 0)
(-233259 0 0)
(-278906 0 0)
(-407971 0 0)
(-301103 0 0)
(-215330 0 0)
(-281035 0 0)
(-410379 0 0)
(-318685 0 0)
(-175308 0 0)
(-179470 0 0)
(-223213 0 0)
(-196428 0 0)
(-182026 0 0)
(-183953 0 0)
(-143123 0 0)
(-126900 0 0)
(-118583 0 0)
(-73710.2 0 0)
(-70122.8 0 0)
(-50000.8 0 0)
(-58878.6 0 0)
(-49379.5 0 0)
(-53258.7 0 0)
(-44810.9 0 0)
(-47139.8 0 0)
(-54590.9 0 0)
(-45045 0 0)
(-52228.9 0 0)
(-43708.7 0 0)
(-49304.9 0 0)
(-42229.4 0 0)
(-48678.4 0 0)
(-41153.2 0 0)
(-48661.8 0 0)
(-41231.3 0 0)
(-35651.1 0 0)
(-26242.5 0 0)
(-15888.4 0 0)
(-19496.6 0 0)
(-25685.8 0 0)
(-19858.8 0 0)
(-16078 0 0)
(-19127.9 0 0)
(-20131.1 0 0)
(-20360.5 0 0)
(-23478.7 0 0)
(-18273.3 0 0)
(-18661.8 0 0)
(-7634.42 0 0)
(-4285.59 0 0)
(10795.4 -0 0)
(15695.9 -0 0)
(22107.6 -0 0)
(19014.1 -0 0)
(17680.9 -0 0)
(21509.6 -0 0)
(13553 -0 0)
(20056.9 -0 0)
(9205.04 -0 0)
(-4129.27 0 0)
(-3561.68 0 0)
(586.42 -0 0)
(479.886 -0 0)
(-2252.52 0 0)
(-4383.9 0 0)
(-8604.86 0 0)
(-13796.5 0 0)
(-14939.1 0 0)
(17255.6 -0 0)
(27840.9 -0 0)
(32387.4 -0 0)
(33912 -0 0)
(38945.5 -0 0)
(36475.8 -0 0)
(53838.6 -0 0)
(66093.2 -0 0)
(51636.1 -0 0)
(95653.4 -0 0)
(136533 -0 0)
(125654 -0 0)
(170520 -0 0)
(208137 -0 0)
(121320 -0 0)
(-124898 0 0)
(-345877 0 0)
(-466327 0 0)
(-283633 0 0)
(-156831 0 0)
(94031.6 -0 0)
(187710 -0 0)
(159678 -0 0)
(186934 -0 0)
(198721 -0 0)
(58854.9 -0 0)
(-71269.9 0 0)
(49523.4 -0 0)
(-95691.2 0 0)
(-91367.3 0 0)
(-306632 0 0)
(-421950 0 0)
(-399676 0 0)
(-256468 0 0)
(-396627 0 0)
(-410264 0 0)
(-387755 0 0)
(-402278 0 0)
(-364857 0 0)
(-427128 0 0)
(-122807 0 0)
(-151250 0 0)
(-232075 0 0)
(-211213 0 0)
(-225851 0 0)
(-204048 0 0)
(-170819 0 0)
(-164904 0 0)
(-136165 0 0)
(-113188 0 0)
(-82135.6 0 0)
(-50467.9 0 0)
(-52194 0 0)
(-59181.9 0 0)
(-53571.1 0 0)
(-57321.9 0 0)
(-50366.9 0 0)
(-54073.9 0 0)
(-45762.1 0 0)
(-44969.8 0 0)
(-46660.3 0 0)
(-40424.5 0 0)
(-42842.2 0 0)
(-35764.7 0 0)
(-38816.2 0 0)
(-44182.6 0 0)
(-29938.2 0 0)
(-23654.1 0 0)
(-21779.3 0 0)
(-21047.9 0 0)
(-25995.2 0 0)
(-19198.5 0 0)
(-15598.6 0 0)
(-16932 0 0)
(-17047 0 0)
(-19513 0 0)
(-21549.1 0 0)
(-20091.9 0 0)
(-21529.6 0 0)
(-13531.7 0 0)
(-11961.5 0 0)
(-859.196 0 0)
(13147.5 -0 0)
(13807.7 -0 0)
(16139.5 -0 0)
(11970.2 -0 0)
(18824.7 -0 0)
(10834.3 -0 0)
(9226.98 -0 0)
(17560.1 -0 0)
(2578.22 -0 0)
(2612.8 -0 0)
(-481.675 0 0)
(-3547.69 0 0)
(154.896 -0 0)
(-4191.8 0 0)
(-5490.15 0 0)
(-8484.54 0 0)
(-13218.9 0 0)
(-8506.97 0 0)
(11788 -0 0)
(20316 -0 0)
(18914.2 -0 0)
(24626.8 -0 0)
(24975 -0 0)
(38598.6 -0 0)
(39702.7 -0 0)
(39384.3 -0 0)
(47480.7 -0 0)
(69571.2 -0 0)
(118551 -0 0)
(112854 -0 0)
(143783 -0 0)
(140443 -0 0)
(31663.1 -0 0)
(-128331 0 0)
(-285438 0 0)
(-246167 0 0)
(-154773 0 0)
(-154928 0 0)
(14792.8 -0 0)
(120429 -0 0)
(131040 -0 0)
(164969 -0 0)
(236416 -0 0)
(206937 -0 0)
(2918.45 -0 0)
(19754.5 -0 0)
(-56903.2 0 0)
(-74389.6 0 0)
(-418812 0 0)
(-329617 0 0)
(-453311 0 0)
(-313897 0 0)
(-327040 0 0)
(-333670 0 0)
(-383969 0 0)
(-393605 0 0)
(-162632 0 0)
(-461292 0 0)
(-122638 0 0)
(-136827 0 0)
(-167870 0 0)
(-224330 0 0)
(-237629 0 0)
(-235728 0 0)
(-190126 0 0)
(-179440 0 0)
(-182722 0 0)
(-146430 0 0)
(-96212.8 0 0)
(-77800.4 0 0)
(-78135.9 0 0)
(-60443.1 0 0)
(-64668.7 0 0)
(-55889.2 0 0)
(-59650.4 0 0)
(-53847 0 0)
(-58245 0 0)
(-52275.5 0 0)
(-42008.7 0 0)
(-46777.7 0 0)
(-35816.3 0 0)
(-36458.4 0 0)
(-45627.4 0 0)
(-35449.3 0 0)
(-38471.1 0 0)
(-31406.2 0 0)
(-33458.9 0 0)
(-30761.1 0 0)
(-20403.1 0 0)
(-24151.1 0 0)
(-19114.2 0 0)
(-12945.1 0 0)
(-17367.2 0 0)
(-17716 0 0)
(-20234.9 0 0)
(-21221.5 0 0)
(-17346.4 0 0)
(-16774.5 0 0)
(-7233.26 0 0)
(-2188.04 0 0)
(10205.4 -0 0)
(6539.26 -0 0)
(6536.61 -0 0)
(14084.6 -0 0)
(13027.5 -0 0)
(16879.5 -0 0)
(3330.78 -0 0)
(5078.62 -0 0)
(11218.6 -0 0)
(-3064.31 0 0)
(-4085.72 0 0)
(-2729.64 0 0)
(-2046.06 0 0)
(-5694.38 0 0)
(-5882.72 0 0)
(-7479.8 0 0)
(-11686.4 0 0)
(-3949.89 0 0)
(7401.35 -0 0)
(8130.97 -0 0)
(8007.53 -0 0)
(2109.92 -0 0)
(16605.9 -0 0)
(18223.7 -0 0)
(33191.2 -0 0)
(25747.6 -0 0)
(38852.8 -0 0)
(52030.9 -0 0)
(99870.5 -0 0)
(110981 -0 0)
(103535 -0 0)
(98650.1 -0 0)
(-1432.9 0 0)
(-141231 0 0)
(-293677 0 0)
(-162194 0 0)
(1764.28 -0 0)
(-127852 0 0)
(-7969.86 0 0)
(11698.4 -0 0)
(48560.2 -0 0)
(107659 -0 0)
(170007 -0 0)
(158723 -0 0)
(13574 -0 0)
(40148.5 -0 0)
(-54268.9 0 0)
(-102531 0 0)
(-379775 0 0)
(-310948 0 0)
(-246387 0 0)
(-425517 0 0)
(-286162 0 0)
(-298452 0 0)
(-314034 0 0)
(-134525 0 0)
(-28305.3 0 0)
(-396369 0 0)
(-184377 0 0)
(-142823 0 0)
(-166456 0 0)
(-203330 0 0)
(-200846 0 0)
(-198389 0 0)
(-189567 0 0)
(-193899 0 0)
(-221088 0 0)
(-189561 0 0)
(-134238 0 0)
(-116439 0 0)
(-87042.4 0 0)
(-76280.5 0 0)
(-60872.5 0 0)
(-64666.9 0 0)
(-56410.2 0 0)
(-60665.8 0 0)
(-51483.3 0 0)
(-52942.8 0 0)
(-44291.9 0 0)
(-47266.8 0 0)
(-39620.3 0 0)
(-42509.5 0 0)
(-35741.2 0 0)
(-37949.1 0 0)
(-32847.9 0 0)
(-40605.5 0 0)
(-29377 0 0)
(-30227.3 0 0)
(-20545.9 0 0)
(-20856.5 0 0)
(-14869.3 0 0)
(-15855.4 0 0)
(-14062.3 0 0)
(-16724.9 0 0)
(-19043.3 0 0)
(-19257.9 0 0)
(-18600.2 0 0)
(-12071 0 0)
(-9527.61 0 0)
(894.206 -0 0)
(2528.77 -0 0)
(-1091.8 0 0)
(7636.16 -0 0)
(11177.8 -0 0)
(20685.1 -0 0)
(12034 -0 0)
(15730.2 -0 0)
(1515.2 -0 0)
(9051.7 -0 0)
(3777.71 -0 0)
(2442.12 -0 0)
(-9194.48 0 0)
(-6094.9 0 0)
(-5148.49 0 0)
(-3693.04 0 0)
(-7050.01 0 0)
(-5416.18 0 0)
(-1133.98 0 0)
(4274.64 -0 0)
(1944.28 -0 0)
(-15726.9 0 0)
(-20043.8 0 0)
(1986.64 -0 0)
(11035.9 -0 0)
(10503.1 -0 0)
(18943.1 -0 0)
(20852.1 -0 0)
(41108.2 -0 0)
(74783.5 -0 0)
(95002.2 -0 0)
(97147.5 -0 0)
(111316 -0 0)
(-21698.5 0 0)
(-225278 0 0)
(-252013 0 0)
(-44138.6 0 0)
(76053.4 -0 0)
(-185638 0 0)
(-129519 0 0)
(-4555.9 0 0)
(14616.5 -0 0)
(-67238.8 0 0)
(-64962.4 0 0)
(27225.1 -0 0)
(27700.9 -0 0)
(-59031 0 0)
(-126489 0 0)
(-163831 0 0)
(-225518 0 0)
(-144683 0 0)
(-67111.3 0 0)
(-243493 0 0)
(-70298.8 0 0)
(-210112 0 0)
(-314499 0 0)
(-85719.9 0 0)
(43398.3 -0 0)
(-332783 0 0)
(-237649 0 0)
(-321569 0 0)
(-213219 0 0)
(-254951 0 0)
(-199842 0 0)
(-172860 0 0)
(-174760 0 0)
(-167501 0 0)
(-229357 0 0)
(-224723 0 0)
(-178097 0 0)
(-140927 0 0)
(-115342 0 0)
(-87622.5 0 0)
(-69160.9 0 0)
(-59312.6 0 0)
(-63864 0 0)
(-57558.7 0 0)
(-59166.9 0 0)
(-49544.6 0 0)
(-48699.5 0 0)
(-43459.9 0 0)
(-43558.2 0 0)
(-38468.1 0 0)
(-37210.5 0 0)
(-30149.9 0 0)
(-32384.6 0 0)
(-40787.5 0 0)
(-33663.7 0 0)
(-26369.2 0 0)
(-25480.5 0 0)
(-14301.7 0 0)
(-17314.4 0 0)
(-12134.3 0 0)
(-13950.7 0 0)
(-13538.4 0 0)
(-17621.3 0 0)
(-18246.7 0 0)
(-16728.8 0 0)
(-13292.3 0 0)
(-5092.18 0 0)
(-1451.39 0 0)
(-5251.92 0 0)
(-2589.09 0 0)
(4820.58 -0 0)
(20099.5 -0 0)
(19234.3 -0 0)
(25479 -0 0)
(21003.8 -0 0)
(9014.28 -0 0)
(-935.494 0 0)
(-1750.35 0 0)
(79.9456 -0 0)
(-7798.08 0 0)
(-5017.52 0 0)
(-1924.68 0 0)
(-4557.66 0 0)
(-1667.8 0 0)
(-7314.3 0 0)
(-1350.94 0 0)
(4483.36 -0 0)
(-14666.5 0 0)
(-24599.3 0 0)
(-35323.3 0 0)
(-17634.2 0 0)
(-16494.7 0 0)
(-2834.86 0 0)
(-6142.7 0 0)
(15438.4 -0 0)
(23884.4 -0 0)
(54422.3 -0 0)
(68821.6 -0 0)
(77898.2 -0 0)
(112533 -0 0)
(-60090.1 0 0)
(-290812 0 0)
(-219097 0 0)
(27420.9 -0 0)
(-57220.1 0 0)
(-93865.2 0 0)
(-158893 0 0)
(49792.3 -0 0)
(22973.3 -0 0)
(-18162.6 0 0)
(-158858 0 0)
(-150454 0 0)
(-177713 0 0)
(-225961 0 0)
(-257285 0 0)
(-236554 0 0)
(-170193 0 0)
(33152.8 -0 0)
(6252.88 -0 0)
(-28353.5 0 0)
(-78669.6 0 0)
(-136056 0 0)
(-191147 0 0)
(-58360.2 0 0)
(13110.2 -0 0)
(-212537 0 0)
(-295377 0 0)
(-388778 0 0)
(-256814 0 0)
(-351848 0 0)
(-298455 0 0)
(-213078 0 0)
(-152055 0 0)
(-129327 0 0)
(-197863 0 0)
(-236192 0 0)
(-201432 0 0)
(-158674 0 0)
(-125435 0 0)
(-88388.7 0 0)
(-65822.8 0 0)
(-64304.9 0 0)
(-59003 0 0)
(-64997.3 0 0)
(-57588.9 0 0)
(-56987 0 0)
(-44084.9 0 0)
(-48560.2 0 0)
(-40393.1 0 0)
(-42861.2 0 0)
(-31777.1 0 0)
(-30730.6 0 0)
(-36003.3 0 0)
(-33355.7 0 0)
(-26846.8 0 0)
(-32278.9 0 0)
(-25957.5 0 0)
(-14281.1 0 0)
(-13073.3 0 0)
(-13569.7 0 0)
(-10072.3 0 0)
(-11985.1 0 0)
(-14742.5 0 0)
(-16747.5 0 0)
(-16347.1 0 0)
(-11440.1 0 0)
(-5671.18 0 0)
(-6780.14 0 0)
(-8317.99 0 0)
(-6294.46 0 0)
(11808.3 -0 0)
(18143.8 -0 0)
(23750.7 -0 0)
(11512.9 -0 0)
(15896.3 -0 0)
(1436.86 -0 0)
(7087.71 -0 0)
(3592.96 -0 0)
(-3408.34 0 0)
(-3019.8 0 0)
(152.244 -0 0)
(-3179.05 0 0)
(261.177 -0 0)
(-4960.62 0 0)
(-2977.33 0 0)
(-2350.41 0 0)
(-5420.61 0 0)
(-19624.5 0 0)
(-45792.2 0 0)
(-38960.2 0 0)
(-40661.7 0 0)
(-25067 0 0)
(-21073.7 0 0)
(-12143.6 0 0)
(-1227.11 0 0)
(13120.4 -0 0)
(26466.6 -0 0)
(49918.4 -0 0)
(72785.5 -0 0)
(94465.4 -0 0)
(-97722.9 0 0)
(-290794 0 0)
(-47142.3 0 0)
(71564.1 -0 0)
(-128820 0 0)
(-30812.8 0 0)
(-29959.4 0 0)
(-7524.86 0 0)
(3587.2 -0 0)
(80590.2 -0 0)
(-73073.1 0 0)
(-76496.4 0 0)
(-238918 0 0)
(-413525 0 0)
(-337279 0 0)
(-109329 0 0)
(-56494.7 0 0)
(35988.5 -0 0)
(61203.8 -0 0)
(49678.1 -0 0)
(81682.1 -0 0)
(-2151.89 0 0)
(-25224.3 0 0)
(-172340 0 0)
(-90584.8 0 0)
(-113879 0 0)
(-340359 0 0)
(-356970 0 0)
(-230610 0 0)
(-259911 0 0)
(-298098 0 0)
(-191024 0 0)
(-119244 0 0)
(-122543 0 0)
(-183684 0 0)
(-231077 0 0)
(-213285 0 0)
(-174923 0 0)
(-138136 0 0)
(-101738 0 0)
(-82519.1 0 0)
(-61733.6 0 0)
(-63489 0 0)
(-61952.1 0 0)
(-66458.4 0 0)
(-59835.2 0 0)
(-44249.4 0 0)
(-46446.2 0 0)
(-41949.1 0 0)
(-42471.9 0 0)
(-33107 0 0)
(-34837.8 0 0)
(-31502.5 0 0)
(-24179.3 0 0)
(-30367.5 0 0)
(-30024.3 0 0)
(-21552.4 0 0)
(-20428.2 0 0)
(-15745.8 0 0)
(-9513.41 0 0)
(-10301.8 0 0)
(-7032.84 0 0)
(-13583 0 0)
(-13541.4 0 0)
(-16105.1 0 0)
(-10876.9 0 0)
(-8932.88 0 0)
(-10408 0 0)
(-13030.1 0 0)
(-1464.61 0 0)
(10744.9 -0 0)
(24076.6 -0 0)
(19053.1 -0 0)
(-32.9348 0 0)
(1980.11 -0 0)
(8795.35 -0 0)
(2385.53 -0 0)
(2335.17 -0 0)
(324.555 -0 0)
(4071.73 -0 0)
(-809.955 0 0)
(1407.49 -0 0)
(-3624.61 0 0)
(-816.369 0 0)
(-9047.66 0 0)
(-956.85 0 0)
(-12036.6 0 0)
(-25268.2 0 0)
(-49789.9 0 0)
(-53505.5 0 0)
(-53380.9 0 0)
(-43776.5 0 0)
(-23317.4 0 0)
(-26895.9 0 0)
(-10651.2 0 0)
(4725.98 -0 0)
(24037.1 -0 0)
(13070.6 -0 0)
(84146.8 -0 0)
(64850.2 -0 0)
(-137621 0 0)
(-282776 0 0)
(146811 -0 0)
(30641.7 -0 0)
(-71551.1 0 0)
(61796.9 -0 0)
(44587.7 -0 0)
(-95766.6 0 0)
(33698.2 -0 0)
(117934 -0 0)
(31901.5 -0 0)
(42055.2 -0 0)
(-55584.5 0 0)
(-159180 0 0)
(-275371 0 0)
(-89639.1 0 0)
(35720.4 -0 0)
(25128.6 -0 0)
(47193.1 -0 0)
(66844 -0 0)
(107725 -0 0)
(91702.2 -0 0)
(100026 -0 0)
(-26993.1 0 0)
(-32384.3 0 0)
(-117494 0 0)
(-195257 0 0)
(-149073 0 0)
(-159968 0 0)
(-189301 0 0)
(-268713 0 0)
(-207631 0 0)
(-129318 0 0)
(-136549 0 0)
(-178228 0 0)
(-203841 0 0)
(-202090 0 0)
(-176370 0 0)
(-150579 0 0)
(-118137 0 0)
(-91154 0 0)
(-70293.2 0 0)
(-59216 0 0)
(-65618.5 0 0)
(-65640 0 0)
(-54714.1 0 0)
(-52044.9 0 0)
(-41514.5 0 0)
(-45802.8 0 0)
(-40102.8 0 0)
(-39622.3 0 0)
(-30055.8 0 0)
(-23980.4 0 0)
(-27072.5 0 0)
(-23983.9 0 0)
(-23134.7 0 0)
(-24639.8 0 0)
(-16799 0 0)
(-11524.8 0 0)
(-11266.2 0 0)
(-5971.22 0 0)
(-4434.6 0 0)
(-9302.73 0 0)
(-12964.4 0 0)
(-13857.7 0 0)
(-14760 0 0)
(-11134.7 0 0)
(-15690.6 0 0)
(-11414.6 0 0)
(-2292.82 0 0)
(17752.2 -0 0)
(13615.5 -0 0)
(4777.61 -0 0)
(-787.134 0 0)
(10645.8 -0 0)
(3605.03 -0 0)
(9892.48 -0 0)
(-511.091 0 0)
(5347.66 -0 0)
(2467.92 -0 0)
(4282.06 -0 0)
(-227.683 0 0)
(2263.46 -0 0)
(-8073.15 0 0)
(-7460.39 0 0)
(1053.16 -0 0)
(-17952.4 0 0)
(-29849.8 0 0)
(-36976.7 0 0)
(-37871.1 0 0)
(-42986.2 0 0)
(-39872.4 0 0)
(-27624.4 0 0)
(-24102.5 0 0)
(-10507 0 0)
(-12228.2 0 0)
(24651.5 -0 0)
(-14815.6 0 0)
(91288.9 -0 0)
(28031.8 -0 0)
(-219846 0 0)
(-192174 0 0)
(225626 -0 0)
(149887 -0 0)
(134419 -0 0)
(198481 -0 0)
(48327.7 -0 0)
(-138273 0 0)
(6252.98 -0 0)
(19719.5 -0 0)
(-25161.1 0 0)
(-14264.5 0 0)
(52224.4 -0 0)
(91531.9 -0 0)
(104179 -0 0)
(36305.4 -0 0)
(99551.5 -0 0)
(10069.7 -0 0)
(28566.8 -0 0)
(81064.3 -0 0)
(88565.9 -0 0)
(100782 -0 0)
(120610 -0 0)
(59689.7 -0 0)
(97652.4 -0 0)
(32894.8 -0 0)
(34162.9 -0 0)
(-32365.2 0 0)
(-44638.3 0 0)
(-111298 0 0)
(-150865 0 0)
(-183203 0 0)
(-137270 0 0)
(-154881 0 0)
(-185195 0 0)
(-178462 0 0)
(-191541 0 0)
(-168452 0 0)
(-147790 0 0)
(-130491 0 0)
(-101685 0 0)
(-70525.6 0 0)
(-62232.5 0 0)
(-60792.1 0 0)
(-58226 0 0)
(-57973.7 0 0)
(-49237.2 0 0)
(-41143 0 0)
(-43402.9 0 0)
(-41256.1 0 0)
(-36418.1 0 0)
(-34360.6 0 0)
(-27896.5 0 0)
(-23565.4 0 0)
(-26671.7 0 0)
(-23166.2 0 0)
(-22390.7 0 0)
(-21119.8 0 0)
(-12185.3 0 0)
(-6914 0 0)
(-7621.73 0 0)
(5094.8 -0 0)
(-8760.54 0 0)
(-7820.28 0 0)
(-15413 0 0)
(-13489 0 0)
(-18196.4 0 0)
(-14161.1 0 0)
(-13722.7 0 0)
(5493.4 -0 0)
(12778 -0 0)
(9630.72 -0 0)
(13257.4 -0 0)
(9483.25 -0 0)
(2441.41 -0 0)
(9285.91 -0 0)
(9886.93 -0 0)
(3783.42 -0 0)
(3753.13 -0 0)
(7426.31 -0 0)
(3359.49 -0 0)
(7142.05 -0 0)
(113.407 -0 0)
(-6741.84 0 0)
(-1837.84 0 0)
(1487.29 -0 0)
(-19211.9 0 0)
(-32544.3 0 0)
(-35455.4 0 0)
(-44207 0 0)
(-33462.4 0 0)
(-26617.4 0 0)
(-31419.6 0 0)
(-40509.9 0 0)
(-9541.07 0 0)
(-30829.1 0 0)
(16582.1 -0 0)
(-24666.8 0 0)
(69108.1 -0 0)
(-16286.8 0 0)
(-252045 0 0)
(-55332.7 0 0)
(255016 -0 0)
(241696 -0 0)
(234878 -0 0)
(232242 -0 0)
(-5381.01 0 0)
(-241889 0 0)
(3993.19 -0 0)
(-25981.4 0 0)
(-190640 0 0)
(59606 -0 0)
(212686 -0 0)
(139090 -0 0)
(208046 -0 0)
(109521 -0 0)
(112820 -0 0)
(40344.3 -0 0)
(-28930.9 0 0)
(39390 -0 0)
(30758.7 -0 0)
(118531 -0 0)
(118505 -0 0)
(105142 -0 0)
(7042.97 -0 0)
(18004.2 -0 0)
(82629.3 -0 0)
(78872.9 -0 0)
(2671.19 -0 0)
(-48775.6 0 0)
(-112156 0 0)
(-115581 0 0)
(-205266 0 0)
(-176073 0 0)
(-173624 0 0)
(-136934 0 0)
(-166046 0 0)
(-148161 0 0)
(-132927 0 0)
(-120823 0 0)
(-101343 0 0)
(-82850.1 0 0)
(-62794.3 0 0)
(-52518.8 0 0)
(-58168.1 0 0)
(-55628.3 0 0)
(-53110.9 0 0)
(-46271.2 0 0)
(-41365.6 0 0)
(-33005.2 0 0)
(-36552.3 0 0)
(-30625.9 0 0)
(-24537.3 0 0)
(-25349.6 0 0)
(-22709.4 0 0)
(-26297.4 0 0)
(-26269.9 0 0)
(-19060 0 0)
(-16516.2 0 0)
(-8336.6 0 0)
(-5261.66 0 0)
(9197.11 -0 0)
(-1657.98 0 0)
(-6325.06 0 0)
(-10265.9 0 0)
(-16928.2 0 0)
(-13936.3 0 0)
(-17699.9 0 0)
(-5679.53 0 0)
(7593.78 -0 0)
(20558.2 -0 0)
(17228.4 -0 0)
(12466.2 -0 0)
(678.353 -0 0)
(8853.93 -0 0)
(1812.34 -0 0)
(6239.47 -0 0)
(2410.49 -0 0)
(7358.63 -0 0)
(5691.38 -0 0)
(8468.05 -0 0)
(1650.88 -0 0)
(3029.49 -0 0)
(-4.08006 0 0)
(-1163.24 0 0)
(-2978.17 0 0)
(-20969.6 0 0)
(-26502.7 0 0)
(-33927.2 0 0)
(-33925.7 0 0)
(-37146.3 0 0)
(-37009.6 0 0)
(-25974.2 0 0)
(-26672.6 0 0)
(-8323.92 0 0)
(-35999.5 0 0)
(-6269.8 0 0)
(-32638.7 0 0)
(64386 -0 0)
(-84324.1 0 0)
(-252144 0 0)
(75066.6 -0 0)
(303318 -0 0)
(244725 -0 0)
(230451 -0 0)
(134316 -0 0)
(-120481 0 0)
(-13951.3 0 0)
(215576 -0 0)
(111126 -0 0)
(66407.5 -0 0)
(58641 -0 0)
(111097 -0 0)
(208589 -0 0)
(229546 -0 0)
(155060 -0 0)
(89563.2 -0 0)
(50697.6 -0 0)
(-47884.3 0 0)
(3957.83 -0 0)
(-29608.8 0 0)
(115901 -0 0)
(102327 -0 0)
(94316 -0 0)
(90976 -0 0)
(56155.3 -0 0)
(80263.6 -0 0)
(88737.8 -0 0)
(43319.1 -0 0)
(-35125.1 0 0)
(-76301.1 0 0)
(-84334 0 0)
(-223033 0 0)
(-145952 0 0)
(-116202 0 0)
(-92989.1 0 0)
(-127228 0 0)
(-126097 0 0)
(-115821 0 0)
(-103540 0 0)
(-104497 0 0)
(-87141.1 0 0)
(-59695.4 0 0)
(-57047.7 0 0)
(-55585.7 0 0)
(-55869.5 0 0)
(-49972.8 0 0)
(-44359.5 0 0)
(-34870.1 0 0)
(-35764.7 0 0)
(-32339.7 0 0)
(-33361.8 0 0)
(-26301.8 0 0)
(-21678.3 0 0)
(-23614.3 0 0)
(-21392.2 0 0)
(-24404.2 0 0)
(-22918.3 0 0)
(-13215.2 0 0)
(-12117.4 0 0)
(10.7111 -0 0)
(7343.18 -0 0)
(9629.09 -0 0)
(-8698.79 0 0)
(-10414 0 0)
(-9668.12 0 0)
(-21136.7 0 0)
(-11266.7 0 0)
(-2386.8 0 0)
(17722.7 -0 0)
(15678.4 -0 0)
(17010.2 -0 0)
(3198.18 -0 0)
(11285.1 -0 0)
(3808.42 -0 0)
(6089.28 -0 0)
(2450.97 -0 0)
(6601.16 -0 0)
(5815.37 -0 0)
(10933.6 -0 0)
(6180.63 -0 0)
(8290.96 -0 0)
(-4028.86 0 0)
(-8908.91 0 0)
(-7786.72 0 0)
(-7570.4 0 0)
(-21446.3 0 0)
(-18760.2 0 0)
(-36138.6 0 0)
(-36768.7 0 0)
(-26649.9 0 0)
(-21314 0 0)
(-34146.6 0 0)
(-28622.7 0 0)
(-8591.55 0 0)
(-38402.9 0 0)
(-19715.4 0 0)
(-9132.67 0 0)
(55328 -0 0)
(-130501 0 0)
(-259512 0 0)
(223260 -0 0)
(298694 -0 0)
(212187 -0 0)
(279965 -0 0)
(135301 -0 0)
(-10690.2 0 0)
(-15544.7 0 0)
(197308 -0 0)
(240352 -0 0)
(222229 -0 0)
(223056 -0 0)
(204751 -0 0)
(235632 -0 0)
(248177 -0 0)
(174742 -0 0)
(69701.2 -0 0)
(-23655 0 0)
(20621.2 -0 0)
(-93436.3 0 0)
(-46392.1 0 0)
(152556 -0 0)
(93445.4 -0 0)
(84499 -0 0)
(88439.5 -0 0)
(53328 -0 0)
(47813.4 -0 0)
(94620.3 -0 0)
(74824.3 -0 0)
(-22361.2 0 0)
(-24286.8 0 0)
(-77056.9 0 0)
(-212205 0 0)
(-117057 0 0)
(-67227.9 0 0)
(-51106 0 0)
(-64244.2 0 0)
(-79659.4 0 0)
(-79432.6 0 0)
(-85036.9 0 0)
(-91997.2 0 0)
(-82418.9 0 0)
(-60454.7 0 0)
(-55673.5 0 0)
(-55442.7 0 0)
(-52678.8 0 0)
(-50341.1 0 0)
(-41201.1 0 0)
(-34087.9 0 0)
(-31008 0 0)
(-30461.6 0 0)
(-30428.5 0 0)
(-23099 0 0)
(-22780.7 0 0)
(-19385.4 0 0)
(-21912.2 0 0)
(-19595.2 0 0)
(-21863 0 0)
(-14169 0 0)
(-8812.23 0 0)
(-5818.32 0 0)
(17704.7 -0 0)
(6205.18 -0 0)
(508.636 -0 0)
(-15972.5 0 0)
(-9970.4 0 0)
(-9975.16 0 0)
(-12395.8 0 0)
(10717.9 -0 0)
(15032.5 -0 0)
(19443.4 -0 0)
(6899.83 -0 0)
(6139.68 -0 0)
(1639.55 -0 0)
(11141.6 -0 0)
(1337.06 -0 0)
(6448.71 -0 0)
(5693.09 -0 0)
(9436.96 -0 0)
(8662.75 -0 0)
(10819.4 -0 0)
(-2690.54 0 0)
(-7698.35 0 0)
(-6582.71 0 0)
(-14324 0 0)
(-14013.7 0 0)
(-20210.4 0 0)
(-16949.2 0 0)
(-28170.8 0 0)
(-22930.6 0 0)
(-31150.2 0 0)
(-31411.2 0 0)
(-34581.6 0 0)
(-19699.5 0 0)
(-6048.15 0 0)
(-35207.1 0 0)
(-15202.3 0 0)
(12007.1 -0 0)
(47915 -0 0)
(-164774 0 0)
(-191272 0 0)
(271850 -0 0)
(260194 -0 0)
(178052 -0 0)
(274422 -0 0)
(-7632.27 0 0)
(177365 -0 0)
(262274 -0 0)
(333612 -0 0)
(328677 -0 0)
(324568 -0 0)
(313839 -0 0)
(240714 -0 0)
(245393 -0 0)
(252604 -0 0)
(177044 -0 0)
(54265.5 -0 0)
(-58861.5 0 0)
(67706.4 -0 0)
(-60836.7 0 0)
(39560.1 -0 0)
(92400.1 -0 0)
(33871.9 -0 0)
(91969.4 -0 0)
(92821.1 -0 0)
(12516 -0 0)
(45214.9 -0 0)
(106399 -0 0)
(83670.6 -0 0)
(-4475.6 0 0)
(54885.5 -0 0)
(-23877.3 0 0)
(-150375 0 0)
(-86729.8 0 0)
(-13712.7 0 0)
(-13722.7 0 0)
(-29864.6 0 0)
(-31834.6 0 0)
(-49700.4 0 0)
(-63666.4 0 0)
(-67207.6 0 0)
(-73581.2 0 0)
(-61219 0 0)
(-54222.9 0 0)
(-53538.6 0 0)
(-50070.8 0 0)
(-47114.3 0 0)
(-41615.8 0 0)
(-31146.2 0 0)
(-28639.1 0 0)
(-31310.3 0 0)
(-26765.6 0 0)
(-24448.9 0 0)
(-19549.3 0 0)
(-19539.5 0 0)
(-17395 0 0)
(-21259.9 0 0)
(-18253 0 0)
(-19288.6 0 0)
(-11987.3 0 0)
(-12158.4 0 0)
(6673.25 -0 0)
(18426.6 -0 0)
(-2033.48 0 0)
(-8986.97 0 0)
(-17479.3 0 0)
(-8108.63 0 0)
(-8782.19 0 0)
(11525 -0 0)
(20493.3 -0 0)
(10833.9 -0 0)
(6130.76 -0 0)
(-4018.94 0 0)
(2810.84 -0 0)
(9794.2 -0 0)
(3615.76 -0 0)
(3399.99 -0 0)
(9993.5 -0 0)
(8269.13 -0 0)
(14869.2 -0 0)
(5909.28 -0 0)
(-779.499 0 0)
(-664.861 0 0)
(-8583.19 0 0)
(-12978.2 0 0)
(-17765.7 0 0)
(-18868.1 0 0)
(-15683.7 0 0)
(-18497.9 0 0)
(-23350.1 0 0)
(-24125.4 0 0)
(-19329.2 0 0)
(-19459.4 0 0)
(-20952.8 0 0)
(-11492.5 0 0)
(-29557.9 0 0)
(-12205.5 0 0)
(26865.6 -0 0)
(25780.7 -0 0)
(-154115 0 0)
(-85421.4 0 0)
(245715 -0 0)
(230335 -0 0)
(164257 -0 0)
(272587 -0 0)
(134061 -0 0)
(289044 -0 0)
(380168 -0 0)
(386792 -0 0)
(365651 -0 0)
(343966 -0 0)
(318847 -0 0)
(268952 -0 0)
(215990 -0 0)
(178085 -0 0)
(151837 -0 0)
(75481 -0 0)
(-10379.6 0 0)
(91012.6 -0 0)
(-62838.2 0 0)
(109786 -0 0)
(81079.6 -0 0)
(66287.5 -0 0)
(91176 -0 0)
(34302.1 -0 0)
(15549.9 -0 0)
(78677 -0 0)
(126328 -0 0)
(58706.9 -0 0)
(52015.3 -0 0)
(118186 -0 0)
(43518.1 -0 0)
(-31743.8 0 0)
(-66729.2 0 0)
(-5467.48 0 0)
(11207.9 -0 0)
(-1884.04 0 0)
(-20735.6 0 0)
(-26182.2 0 0)
(-39256.8 0 0)
(-55201.4 0 0)
(-62871.3 0 0)
(-59312.4 0 0)
(-54590.7 0 0)
(-48861.4 0 0)
(-48710 0 0)
(-43638.1 0 0)
(-40177.8 0 0)
(-29252.9 0 0)
(-29432.7 0 0)
(-27923.9 0 0)
(-26930.2 0 0)
(-21558.1 0 0)
(-19971 0 0)
(-15616.1 0 0)
(-17441.2 0 0)
(-17305.1 0 0)
(-20568.9 0 0)
(-15736.3 0 0)
(-17751.3 0 0)
(-3194.75 0 0)
(4589.88 -0 0)
(8824.13 -0 0)
(7736.31 -0 0)
(-10027.5 0 0)
(-8083.11 0 0)
(-11538.6 0 0)
(5741.26 -0 0)
(10308 -0 0)
(15684.7 -0 0)
(8963.44 -0 0)
(-3988.84 0 0)
(-4179.92 0 0)
(10843.1 -0 0)
(5698.77 -0 0)
(8928.94 -0 0)
(5194.68 -0 0)
(9665.37 -0 0)
(12343.4 -0 0)
(13036 -0 0)
(14864.1 -0 0)
(399.015 -0 0)
(-1690.13 0 0)
(-8495.63 0 0)
(-12343.8 0 0)
(-18558.2 0 0)
(-17025.8 0 0)
(-14209.6 0 0)
(-16109.2 0 0)
(-14730.1 0 0)
(-10929.3 0 0)
(-25959.4 0 0)
(-17978.6 0 0)
(-14297 0 0)
(-10300.1 0 0)
(-32708.8 0 0)
(-7087.82 0 0)
(24437.6 -0 0)
(-23775.6 0 0)
(-131919 0 0)
(35266.7 -0 0)
(317061 -0 0)
(227069 -0 0)
(156640 -0 0)
(219320 -0 0)
(143387 -0 0)
(312786 -0 0)
(430252 -0 0)
(395552 -0 0)
(367006 -0 0)
(360248 -0 0)
(322854 -0 0)
(286453 -0 0)
(231297 -0 0)
(194614 -0 0)
(159617 -0 0)
(87814.3 -0 0)
(40247 -0 0)
(130506 -0 0)
(45001.7 -0 0)
(176525 -0 0)
(102918 -0 0)
(103299 -0 0)
(93526.6 -0 0)
(55249.5 -0 0)
(24304.7 -0 0)
(88003.1 -0 0)
(133094 -0 0)
(91390 -0 0)
(121572 -0 0)
(161958 -0 0)
(105899 -0 0)
(34021.6 -0 0)
(-20988.5 0 0)
(-21500.8 0 0)
(-5592.52 0 0)
(-12089.9 0 0)
(-22727.3 0 0)
(-21674.9 0 0)
(-34828.6 0 0)
(-41570.7 0 0)
(-55942.3 0 0)
(-53527.3 0 0)
(-49202.1 0 0)
(-46008.9 0 0)
(-45444.3 0 0)
(-42416.9 0 0)
(-37597.5 0 0)
(-28962.4 0 0)
(-24443.1 0 0)
(-25223.1 0 0)
(-23715.7 0 0)
(-21545.8 0 0)
(-17112 0 0)
(-15750.7 0 0)
(-12317.6 0 0)
(-18649.2 0 0)
(-16446.3 0 0)
(-18422.4 0 0)
(-11527.4 0 0)
(-1130.42 0 0)
(24161.8 -0 0)
(20785.9 -0 0)
(3924.21 -0 0)
(319.729 -0 0)
(-7527.95 0 0)
(5716.64 -0 0)
(8383.99 -0 0)
(19263.3 -0 0)
(15759.1 -0 0)
(435.569 -0 0)
(2130.32 -0 0)
(5042.37 -0 0)
(5894.15 -0 0)
(9621.97 -0 0)
(6153.75 -0 0)
(8518.46 -0 0)
(6762.8 -0 0)
(10583.3 -0 0)
(17892.4 -0 0)
(8787.13 -0 0)
(3842.97 -0 0)
(-3734.71 0 0)
(-8767.61 0 0)
(-11299.1 0 0)
(-16302.3 0 0)
(-14865.1 0 0)
(-9245.77 0 0)
(-7244.62 0 0)
(-7760.94 0 0)
(-15822.5 0 0)
(-22050.1 0 0)
(-26241.4 0 0)
(-14522.8 0 0)
(-14332.5 0 0)
(-30987.2 0 0)
(-5327.94 0 0)
(24354 -0 0)
(-67580.4 0 0)
(-144094 0 0)
(139735 -0 0)
(385492 -0 0)
(243941 -0 0)
(110135 -0 0)
(115178 -0 0)
(226235 -0 0)
(350312 -0 0)
(428090 -0 0)
(385565 -0 0)
(347315 -0 0)
(333830 -0 0)
(319323 -0 0)
(281498 -0 0)
(231365 -0 0)
(193281 -0 0)
(160459 -0 0)
(108079 -0 0)
(52360.1 -0 0)
(169577 -0 0)
(91264.5 -0 0)
(196912 -0 0)
(141226 -0 0)
(151541 -0 0)
(117337 -0 0)
(54750.8 -0 0)
(43758.2 -0 0)
(109421 -0 0)
(178380 -0 0)
(149399 -0 0)
(169971 -0 0)
(188832 -0 0)
(139284 -0 0)
(58182 -0 0)
(35924.4 -0 0)
(-46490.7 0 0)
(-14413.9 0 0)
(-43440.1 0 0)
(-31152.6 0 0)
(-34195.8 0 0)
(-30944 0 0)
(-39529.9 0 0)
(-46694.2 0 0)
(-55187.9 0 0)
(-49935.3 0 0)
(-45547.1 0 0)
(-39215.1 0 0)
(-39458.1 0 0)
(-33594.5 0 0)
(-26406.2 0 0)
(-19675.3 0 0)
(-20284.3 0 0)
(-22003.2 0 0)
(-19396.3 0 0)
(-17002.5 0 0)
(-12320.2 0 0)
(-10728.2 0 0)
(-14944.5 0 0)
(-18361.3 0 0)
(-14789.2 0 0)
(-17541.2 0 0)
(5250.98 -0 0)
(12407.6 -0 0)
(9265.74 -0 0)
(13595.1 -0 0)
(-12.2232 0 0)
(2043.4 -0 0)
(3111.63 -0 0)
(19707.8 -0 0)
(14681.2 -0 0)
(11718.6 -0 0)
(-5430.46 0 0)
(3108.12 -0 0)
(362.316 -0 0)
(10104.8 -0 0)
(6446.31 -0 0)
(8435.32 -0 0)
(6485.79 -0 0)
(3562.92 -0 0)
(13323.7 -0 0)
(12314.5 -0 0)
(11401.6 -0 0)
(-2095.49 0 0)
(-5263.56 0 0)
(-7758 0 0)
(-7683.51 0 0)
(-16123.6 0 0)
(-13731 0 0)
(-6956.98 0 0)
(-2784.75 0 0)
(-12030.5 0 0)
(-14798.2 0 0)
(-36586.6 0 0)
(-25386.7 0 0)
(-20183.4 0 0)
(-11452 0 0)
(-34465.3 0 0)
(-6565.18 0 0)
(10465 -0 0)
(-82440 0 0)
(-133304 0 0)
(175894 -0 0)
(363552 -0 0)
(183431 -0 0)
(126924 -0 0)
(222455 -0 0)
(303093 -0 0)
(362613 -0 0)
(386429 -0 0)
(342602 -0 0)
(337753 -0 0)
(313538 -0 0)
(310771 -0 0)
(292262 -0 0)
(235660 -0 0)
(192088 -0 0)
(172078 -0 0)
(109602 -0 0)
(60718.9 -0 0)
(193151 -0 0)
(132960 -0 0)
(200391 -0 0)
(182283 -0 0)
(169815 -0 0)
(114764 -0 0)
(47342.8 -0 0)
(41229.1 -0 0)
(115943 -0 0)
(196024 -0 0)
(165456 -0 0)
(188361 -0 0)
(206519 -0 0)
(150264 -0 0)
(97000.4 -0 0)
(63727.2 -0 0)
(-32666.7 0 0)
(-24099.5 0 0)
(-60733.9 0 0)
(-43594.7 0 0)
(-45952.6 0 0)
(-39933.6 0 0)
(-34600.6 0 0)
(-46176.9 0 0)
(-51032.4 0 0)
(-42085.5 0 0)
(-41925.1 0 0)
(-35657.8 0 0)
(-34887.6 0 0)
(-29862.5 0 0)
(-23570.6 0 0)
(-14786.7 0 0)
(-14741.4 0 0)
(-18579.3 0 0)
(-18001.7 0 0)
(-13970.5 0 0)
(-12728.8 0 0)
(-11996 0 0)
(-15719 0 0)
(-13663.9 0 0)
(-19258 0 0)
(-12487.2 0 0)
(6166.66 -0 0)
(23323.5 -0 0)
(18705.7 -0 0)
(8306.31 -0 0)
(9690.19 -0 0)
(662.809 -0 0)
(17219.6 -0 0)
(13476.1 -0 0)
(15337.7 -0 0)
(-682.783 0 0)
(-5670.65 0 0)
(-3743.09 0 0)
(5394.42 -0 0)
(5681.63 -0 0)
(8805.89 -0 0)
(5222.65 -0 0)
(3100.27 -0 0)
(5366.35 -0 0)
(9779.88 -0 0)
(16779.7 -0 0)
(2792.52 -0 0)
(-1337.68 0 0)
(-5720.25 0 0)
(-10181.9 0 0)
(-8397.16 0 0)
(-8682.7 0 0)
(-12156 0 0)
(-1905.11 0 0)
(-1409.71 0 0)
(-8357.37 0 0)
(-13481.9 0 0)
(-36869 0 0)
(-29317.8 0 0)
(-20602.9 0 0)
(-15985.6 0 0)
(-32557.8 0 0)
(-5472.49 0 0)
(-1643.07 0 0)
(-108861 0 0)
(-90429.7 0 0)
(146790 -0 0)
(324273 -0 0)
(198317 -0 0)
(241237 -0 0)
(302580 -0 0)
(319953 -0 0)
(355563 -0 0)
(363803 -0 0)
(337095 -0 0)
(321683 -0 0)
(299436 -0 0)
(284591 -0 0)
(283276 -0 0)
(236875 -0 0)
(179241 -0 0)
(171801 -0 0)
(126917 -0 0)
(94363.8 -0 0)
(233517 -0 0)
(186554 -0 0)
(212870 -0 0)
(198177 -0 0)
(150729 -0 0)
(116660 -0 0)
(59156.4 -0 0)
(71005.9 -0 0)
(145447 -0 0)
(208018 -0 0)
(177862 -0 0)
(217511 -0 0)
(215843 -0 0)
(171546 -0 0)
(127889 -0 0)
(100672 -0 0)
(25364.1 -0 0)
(-12921.4 0 0)
(-53901.3 0 0)
(-49180.8 0 0)
(-59384.4 0 0)
(-40941.5 0 0)
(-35993.1 0 0)
(-39885.4 0 0)
(-42114 0 0)
(-40623.2 0 0)
(-32799.7 0 0)
(-32509 0 0)
(-26383.2 0 0)
(-26161.4 0 0)
(-18381 0 0)
(-10810.9 0 0)
(-11919 0 0)
(-13553.7 0 0)
(-13358.6 0 0)
(-12244 0 0)
(-8884.02 0 0)
(-10190.3 0 0)
(-10328.4 0 0)
(-15097.1 0 0)
(-14033.3 0 0)
(-13872.3 0 0)
(13978.4 -0 0)
(10788.9 -0 0)
(5471.52 -0 0)
(16602.3 -0 0)
(8570.33 -0 0)
(6030.01 -0 0)
(6550.23 -0 0)
(15975 -0 0)
(3783.92 -0 0)
(-6401 0 0)
(-12124 0 0)
(-3164.96 0 0)
(-739.989 0 0)
(6620.75 -0 0)
(5629.29 -0 0)
(297.481 -0 0)
(4467.1 -0 0)
(2174.33 -0 0)
(10951.1 -0 0)
(11084.7 -0 0)
(2609.28 -0 0)
(-2078.37 0 0)
(-9482.44 0 0)
(-6848.97 0 0)
(-3593.04 0 0)
(-9351.3 0 0)
(-9800.38 0 0)
(582.075 -0 0)
(-897.869 0 0)
(-10470.6 0 0)
(-14448.9 0 0)
(-37511.5 0 0)
(-30323.1 0 0)
(-24174.6 0 0)
(-14424.3 0 0)
(-36458.9 0 0)
(-9164.18 0 0)
(-39819.3 0 0)
(-120248 0 0)
(-75745.6 0 0)
(159799 -0 0)
(301581 -0 0)
(221921 -0 0)
(244963 -0 0)
(305905 -0 0)
(321277 -0 0)
(327505 -0 0)
(345979 -0 0)
(323631 -0 0)
(301127 -0 0)
(291443 -0 0)
(276516 -0 0)
(254028 -0 0)
(216884 -0 0)
(165985 -0 0)
(170969 -0 0)
(96993.2 -0 0)
(151999 -0 0)
(264905 -0 0)
(218895 -0 0)
(206863 -0 0)
(172361 -0 0)
(140230 -0 0)
(120014 -0 0)
(75979.5 -0 0)
(95127.9 -0 0)
(172047 -0 0)
(194771 -0 0)
(179706 -0 0)
(227754 -0 0)
(230188 -0 0)
(177417 -0 0)
(165887 -0 0)
(132847 -0 0)
(100889 -0 0)
(22463.6 -0 0)
(-13258.2 0 0)
(-32044.3 0 0)
(-54078.3 0 0)
(-46693.2 0 0)
(-29858.7 0 0)
(-35270.2 0 0)
(-42174.5 0 0)
(-30858.9 0 0)
(-30046.7 0 0)
(-22480.9 0 0)
(-21810.7 0 0)
(-18568.7 0 0)
(-14740.7 0 0)
(-6609.15 0 0)
(-7457.26 0 0)
(-7944.92 0 0)
(-10607.8 0 0)
(-8236.64 0 0)
(-8142.54 0 0)
(-4464.46 0 0)
(-9563.05 0 0)
(-9514.55 0 0)
(-18712.8 0 0)
(-6876.31 0 0)
(13073.9 -0 0)
(17380 -0 0)
(14872.7 -0 0)
(10820.7 -0 0)
(15554 -0 0)
(1770.37 -0 0)
(16805.9 -0 0)
(3954.13 -0 0)
(-1715.28 0 0)
(-15523.6 0 0)
(-13960.9 0 0)
(-5166.05 0 0)
(-2214.97 0 0)
(2390.5 -0 0)
(1569.92 -0 0)
(-547.588 0 0)
(1895.66 -0 0)
(3220.78 -0 0)
(5118.96 -0 0)
(14796.1 -0 0)
(-3154.86 0 0)
(-3556.71 0 0)
(-8830.42 0 0)
(-9051.81 0 0)
(-3987.86 0 0)
(-4339.38 0 0)
(-7904.46 0 0)
(3811.69 -0 0)
(-321.605 0 0)
(-9953.59 0 0)
(-13288 0 0)
(-27740.6 0 0)
(-29392.8 0 0)
(-28333.3 0 0)
(-18410 0 0)
(-37460.8 0 0)
(-15605.6 0 0)
(-70881.8 0 0)
(-189222 0 0)
(-76279.9 0 0)
(181262 -0 0)
(262312 -0 0)
(199406 -0 0)
(234526 -0 0)
(270461 -0 0)
(299255 -0 0)
(306363 -0 0)
(306764 -0 0)
(305929 -0 0)
(291933 -0 0)
(252642 -0 0)
(243530 -0 0)
(233418 -0 0)
(177176 -0 0)
(157229 -0 0)
(195207 -0 0)
(139104 -0 0)
(193027 -0 0)
(263240 -0 0)
(232808 -0 0)
(220795 -0 0)
(194672 -0 0)
(139751 -0 0)
(107987 -0 0)
(103849 -0 0)
(109971 -0 0)
(169400 -0 0)
(191258 -0 0)
(179631 -0 0)
(232634 -0 0)
(227477 -0 0)
(183762 -0 0)
(176920 -0 0)
(155054 -0 0)
(110780 -0 0)
(88500.8 -0 0)
(46106.5 -0 0)
(10760.9 -0 0)
(-11582.9 0 0)
(-32462 0 0)
(-21470 0 0)
(-35016.1 0 0)
(-31695.3 0 0)
(-26100.2 0 0)
(-18971.8 0 0)
(-17279.5 0 0)
(-10124.4 0 0)
(-14332.5 0 0)
(-7279.71 0 0)
(-2407.55 0 0)
(-1842.88 0 0)
(-2966.82 0 0)
(-6815.01 0 0)
(-5732.11 0 0)
(-4049.47 0 0)
(-3091.86 0 0)
(-3151.77 0 0)
(-10170.5 0 0)
(-10809.1 0 0)
(-4929.81 0 0)
(18833.5 -0 0)
(9420.03 -0 0)
(12118.3 -0 0)
(12243.1 -0 0)
(12577.7 -0 0)
(3555.02 -0 0)
(14940.4 -0 0)
(4177.81 -0 0)
(-13421.3 0 0)
(-18413.4 0 0)
(-20005.6 0 0)
(-11408.4 0 0)
(-4308.21 0 0)
(-2499.91 0 0)
(-2573.96 0 0)
(-715.27 0 0)
(2215.31 -0 0)
(-767.89 0 0)
(4997.13 -0 0)
(8777.71 -0 0)
(-8495.49 0 0)
(-5281.64 0 0)
(-6255.95 0 0)
(-5747.97 0 0)
(764.739 -0 0)
(-6295.6 0 0)
(-2298.82 0 0)
(5670.5 -0 0)
(266.264 -0 0)
(-12169.2 0 0)
(-16224.4 0 0)
(-30394 0 0)
(-26680.4 0 0)
(-28837.2 0 0)
(-22868.4 0 0)
(-38292.3 0 0)
(-32647.9 0 0)
(-96027.4 0 0)
(-164851 0 0)
(-43115.2 0 0)
(165385 -0 0)
(198116 -0 0)
(164196 -0 0)
(175592 -0 0)
(240945 -0 0)
(260791 -0 0)
(271237 -0 0)
(275371 -0 0)
(273644 -0 0)
(267907 -0 0)
(208176 -0 0)
(186464 -0 0)
(198977 -0 0)
(144387 -0 0)
(132395 -0 0)
(220884 -0 0)
(152068 -0 0)
(211326 -0 0)
(289355 -0 0)
(253967 -0 0)
(223896 -0 0)
(190723 -0 0)
(116031 -0 0)
(91696.5 -0 0)
(165443 -0 0)
(129883 -0 0)
(152837 -0 0)
(153228 -0 0)
(184579 -0 0)
(221246 -0 0)
(215028 -0 0)
(200769 -0 0)
(190344 -0 0)
(161217 -0 0)
(135369 -0 0)
(122350 -0 0)
(87832.8 -0 0)
(61273.1 -0 0)
(38663.1 -0 0)
(1430.84 -0 0)
(-12093.3 0 0)
(-21962.5 0 0)
(-27126.3 0 0)
(-10805.6 0 0)
(-14138.2 0 0)
(-3164.58 0 0)
(-2718.38 0 0)
(-5175.34 0 0)
(-2381.26 0 0)
(2207.87 -0 0)
(5103.01 -0 0)
(1784.05 -0 0)
(-2134.18 0 0)
(-4096.65 0 0)
(2473.02 -0 0)
(2915.25 -0 0)
(-1889.25 0 0)
(-3288.11 0 0)
(-12169.7 0 0)
(4209.11 -0 0)
(22979.3 -0 0)
(10160.6 -0 0)
(1549.4 -0 0)
(17081.5 -0 0)
(4617.53 -0 0)
(6690.05 -0 0)
(-4161.98 0 0)
(-227.461 0 0)
(-14696.9 0 0)
(-20616.7 0 0)
(-25939.5 0 0)
(-15642.8 0 0)
(-10214 0 0)
(-6974.63 0 0)
(-6535.49 0 0)
(-3937.79 0 0)
(-903.999 0 0)
(-1237.88 0 0)
(6022.32 -0 0)
(1272.78 -0 0)
(-12016.7 0 0)
(-8392.41 0 0)
(-3045.26 0 0)
(-1152.83 0 0)
(670.392 -0 0)
(-3757.21 0 0)
(-3520.98 0 0)
(6529.35 -0 0)
(-1093.57 0 0)
(-10791.8 0 0)
(-19583.2 0 0)
(-29666.4 0 0)
(-27350.5 0 0)
(-29962.2 0 0)
(-24239.1 0 0)
(-41152.3 0 0)
(-67028.8 0 0)
(-75519.4 0 0)
(-119463 0 0)
(-9312.53 0 0)
(141524 -0 0)
(138446 -0 0)
(89707.3 -0 0)
(113539 -0 0)
(191734 -0 0)
(206084 -0 0)
(234355 -0 0)
(254288 -0 0)
(229990 -0 0)
(182288 -0 0)
(89575.7 -0 0)
(116707 -0 0)
(146041 -0 0)
(94500.3 -0 0)
(92696.9 -0 0)
(216731 -0 0)
(170959 -0 0)
(205648 -0 0)
(310134 -0 0)
(283942 -0 0)
(223939 -0 0)
(194440 -0 0)
(115790 -0 0)
(122450 -0 0)
(197500 -0 0)
(149962 -0 0)
(151704 -0 0)
(144085 -0 0)
(171336 -0 0)
(213324 -0 0)
(219351 -0 0)
(210123 -0 0)
(191515 -0 0)
(171997 -0 0)
(137773 -0 0)
(145073 -0 0)
(119000 -0 0)
(93101.9 -0 0)
(69161.9 -0 0)
(25573.5 -0 0)
(1387.2 -0 0)
(-16520.2 0 0)
(-10185.8 0 0)
(-1081.09 0 0)
(-1270.49 0 0)
(6813.69 -0 0)
(2254.3 -0 0)
(7167.34 -0 0)
(1645.91 -0 0)
(11305.1 -0 0)
(9838.85 -0 0)
(8316.64 -0 0)
(2961.11 -0 0)
(-4.42756 0 0)
(4880.76 -0 0)
(4257.86 -0 0)
(5185.88 -0 0)
(-3213.43 0 0)
(-3550.48 0 0)
(5081.46 -0 0)
(17952.7 -0 0)
(10937 -0 0)
(12054.3 -0 0)
(13624.2 -0 0)
(4440.19 -0 0)
(4313.68 -0 0)
(-792.334 0 0)
(-13667.9 0 0)
(-19619.3 0 0)
(-29187.6 0 0)
(-30336.5 0 0)
(-19526.2 0 0)
(-13018.3 0 0)
(-14018.5 0 0)
(-9675.86 0 0)
(-8217.21 0 0)
(-5018.75 0 0)
(-1273.82 0 0)
(1343.69 -0 0)
(-5054.78 0 0)
(-15362.6 0 0)
(-9053.12 0 0)
(-4315.02 0 0)
(4428.8 -0 0)
(3008.18 -0 0)
(-6749.68 0 0)
(-8030.52 0 0)
(7050.27 -0 0)
(446.432 -0 0)
(-13041.8 0 0)
(-14846.2 0 0)
(-27317.3 0 0)
(-35653.9 0 0)
(-30058.5 0 0)
(-21887.2 0 0)
(-44901.5 0 0)
(-113265 0 0)
(-43278.2 0 0)
(-101715 0 0)
(15382.2 -0 0)
(109702 -0 0)
(80873 -0 0)
(26150.4 -0 0)
(36137.8 -0 0)
(130328 -0 0)
(144863 -0 0)
(178517 -0 0)
(227529 -0 0)
(187534 -0 0)
(83405.4 -0 0)
(-13625 0 0)
(76456.7 -0 0)
(89065.6 -0 0)
(31891.3 -0 0)
(31950.3 -0 0)
(213300 -0 0)
(52395.5 -0 0)
(191881 -0 0)
(316093 -0 0)
(292014 -0 0)
(228575 -0 0)
(199174 -0 0)
(177429 -0 0)
(167614 -0 0)
(183272 -0 0)
(178542 -0 0)
(187203 -0 0)
(167228 -0 0)
(174870 -0 0)
(210232 -0 0)
(212305 -0 0)
(209793 -0 0)
(196111 -0 0)
(170939 -0 0)
(160792 -0 0)
(158667 -0 0)
(140223 -0 0)
(110859 -0 0)
(85286.9 -0 0)
(44641 -0 0)
(20492.2 -0 0)
(8220.29 -0 0)
(670.157 -0 0)
(7310.44 -0 0)
(17174.3 -0 0)
(15612.8 -0 0)
(16953.1 -0 0)
(15945.5 -0 0)
(10874 -0 0)
(18909.4 -0 0)
(17604.5 -0 0)
(14537.5 -0 0)
(8789.33 -0 0)
(2909.8 -0 0)
(6164.32 -0 0)
(10853.9 -0 0)
(6981.88 -0 0)
(5650.85 -0 0)
(-2963.09 0 0)
(11630.8 -0 0)
(21146.9 -0 0)
(6395.2 -0 0)
(15899.5 -0 0)
(9617.63 -0 0)
(4591.96 -0 0)
(9617.25 -0 0)
(-14040.2 0 0)
(-14588.1 0 0)
(-29414.2 0 0)
(-32395.9 0 0)
(-34308.1 0 0)
(-20127.1 0 0)
(-22663.9 0 0)
(-17247.5 0 0)
(-16932.5 0 0)
(-11880.4 0 0)
(-8928.02 0 0)
(-6476.29 0 0)
(2363.13 -0 0)
(-9369.27 0 0)
(-16814.7 0 0)
(-11725.4 0 0)
(-1344.89 0 0)
(4769.31 -0 0)
(5768.26 -0 0)
(-5111.71 0 0)
(-6749.41 0 0)
(5405.57 -0 0)
(-1764.67 0 0)
(-10292.9 0 0)
(-17783.4 0 0)
(-21324.7 0 0)
(-36655.2 0 0)
(-34133.6 0 0)
(-25060.5 0 0)
(-50472.9 0 0)
(-104687 0 0)
(-4263.23 0 0)
(-44047.6 0 0)
(14677.5 -0 0)
(83330.5 -0 0)
(21673.6 -0 0)
(-14474.2 0 0)
(-35365.9 0 0)
(62105.5 -0 0)
(78712.6 -0 0)
(118605 -0 0)
(164190 -0 0)
(90598.2 -0 0)
(-35606.6 0 0)
(-60162.2 0 0)
(35670.2 -0 0)
(75017.6 -0 0)
(61863.2 -0 0)
(49791.7 -0 0)
(228916 -0 0)
(2431.22 -0 0)
(199688 -0 0)
(277752 -0 0)
(276968 -0 0)
(236852 -0 0)
(201676 -0 0)
(185176 -0 0)
(216516 -0 0)
(218270 -0 0)
(208282 -0 0)
(195582 -0 0)
(183171 -0 0)
(181680 -0 0)
(204767 -0 0)
(217366 -0 0)
(192155 -0 0)
(193244 -0 0)
(174983 -0 0)
(178281 -0 0)
(168514 -0 0)
(156896 -0 0)
(121619 -0 0)
(94931.3 -0 0)
(66673.6 -0 0)
(35663 -0 0)
(29744 -0 0)
(22934.5 -0 0)
(30983.6 -0 0)
(31426.9 -0 0)
(34097.4 -0 0)
(26081.1 -0 0)
(22340.3 -0 0)
(24320.9 -0 0)
(25912.4 -0 0)
(27480.5 -0 0)
(20039.6 -0 0)
(16212.4 -0 0)
(9081.84 -0 0)
(12318.6 -0 0)
(13035.8 -0 0)
(14796.8 -0 0)
(7238.5 -0 0)
(5981.66 -0 0)
(9631.36 -0 0)
(16867.1 -0 0)
(-1919.84 0 0)
(16469.7 -0 0)
(14530.8 -0 0)
(9467.7 -0 0)
(8677.8 -0 0)
(-5482.34 0 0)
(-25834.1 0 0)
(-27949.5 0 0)
(-38089.9 0 0)
(-34972.9 0 0)
(-23566.3 0 0)
(-25999.3 0 0)
(-28281.4 0 0)
(-18205.6 0 0)
(-19616.7 0 0)
(-14028.1 0 0)
(-11099.6 0 0)
(-3084.41 0 0)
(-15087.4 0 0)
(-19701.5 0 0)
(-10847.6 0 0)
(-1305.26 0 0)
(7995.07 -0 0)
(5170.71 -0 0)
(-1014.58 0 0)
(-9005.55 0 0)
(3582.54 -0 0)
(221.525 -0 0)
(-13408.8 0 0)
(-14917.7 0 0)
(-27292.2 0 0)
(-29481.5 0 0)
(-35070.6 0 0)
(-30971.1 0 0)
(-54781.9 0 0)
(-72385.7 0 0)
(42598 -0 0)
(-22928.7 0 0)
(14763.2 -0 0)
(58633.2 -0 0)
(-9726.45 0 0)
(-71130.2 0 0)
(-73807.3 0 0)
(-2477.29 0 0)
(22522.3 -0 0)
(39096.5 -0 0)
(70976.7 -0 0)
(40748.3 -0 0)
(30569.5 -0 0)
(25749.4 -0 0)
(88717.3 -0 0)
(94711.1 -0 0)
(96291.7 -0 0)
(75776.5 -0 0)
(190674 -0 0)
(217823 -0 0)
(281144 -0 0)
(219832 -0 0)
(243982 -0 0)
(246844 -0 0)
(213915 -0 0)
(191921 -0 0)
(224652 -0 0)
(226510 -0 0)
(219736 -0 0)
(212728 -0 0)
(209295 -0 0)
(194226 -0 0)
(208178 -0 0)
(200466 -0 0)
(187898 -0 0)
(189276 -0 0)
(195012 -0 0)
(192644 -0 0)
(186594 -0 0)
(167282 -0 0)
(146457 -0 0)
(116406 -0 0)
(82346 -0 0)
(64273 -0 0)
(50658.6 -0 0)
(53551.9 -0 0)
(47832.6 -0 0)
(55048.7 -0 0)
(46325.5 -0 0)
(44188.8 -0 0)
(40173.7 -0 0)
(33547.4 -0 0)
(38280 -0 0)
(34947.2 -0 0)
(28689.7 -0 0)
(23251.2 -0 0)
(17277.9 -0 0)
(15588 -0 0)
(21386.6 -0 0)
(17824.6 -0 0)
(18171.6 -0 0)
(7712.98 -0 0)
(11953 -0 0)
(13218.3 -0 0)
(-4347.29 0 0)
(9995.24 -0 0)
(9865.14 -0 0)
(8609.63 -0 0)
(6492.3 -0 0)
(1010.81 -0 0)
(-24582.6 0 0)
(-27280.2 0 0)
(-31306.9 0 0)
(-29950.9 0 0)
(-32098.4 0 0)
(-22380.8 0 0)
(-33175.7 0 0)
(-26339 0 0)
(-21093 0 0)
(-24605.3 0 0)
(-16037.1 0 0)
(-6711.84 0 0)
(-19842.3 0 0)
(-24495.7 0 0)
(-8117.25 0 0)
(1873.31 -0 0)
(9188.63 -0 0)
(6069.42 -0 0)
(934.692 -0 0)
(-6666.51 0 0)
(5397.59 -0 0)
(-2174.84 0 0)
(-9425.74 0 0)
(-19096 0 0)
(-23882.8 0 0)
(-36153.2 0 0)
(-32909.5 0 0)
(-33915.7 0 0)
(-46586.8 0 0)
(-62331.2 0 0)
(54335.4 -0 0)
(-22329.9 0 0)
(-8663.58 0 0)
(44639.9 -0 0)
(-52995 0 0)
(-94539.6 0 0)
(-122712 0 0)
(-30380.9 0 0)
(-29186.8 0 0)
(-26607.3 0 0)
(-134753 0 0)
(-137820 0 0)
(16077.5 -0 0)
(72919.1 -0 0)
(128836 -0 0)
(143533 -0 0)
(139781 -0 0)
(97347.1 -0 0)
(152150 -0 0)
(190964 -0 0)
(-38060.2 0 0)
(170298 -0 0)
(176108 -0 0)
(212028 -0 0)
(194715 -0 0)
(195321 -0 0)
(218451 -0 0)
(215240 -0 0)
(223745 -0 0)
(226204 -0 0)
(228143 -0 0)
(198735 -0 0)
(209786 -0 0)
(196852 -0 0)
(174370 -0 0)
(202353 -0 0)
(214425 -0 0)
(199923 -0 0)
(192005 -0 0)
(193289 -0 0)
(168961 -0 0)
(135330 -0 0)
(113246 -0 0)
(87055.5 -0 0)
(92337.1 -0 0)
(77117 -0 0)
(73781.9 -0 0)
(76533.3 -0 0)
(63997.7 -0 0)
(54678.6 -0 0)
(51730.7 -0 0)
(48851 -0 0)
(48169 -0 0)
(46540.4 -0 0)
(35525.5 -0 0)
(32716.2 -0 0)
(24804.8 -0 0)
(24228 -0 0)
(24866.1 -0 0)
(27759.5 -0 0)
(21322.6 -0 0)
(16573.1 -0 0)
(9795.56 -0 0)
(9446.67 -0 0)
(1305.03 -0 0)
(-7453.55 0 0)
(9589.92 -0 0)
(5002.25 -0 0)
(10620.9 -0 0)
(467.358 -0 0)
(-11393.4 0 0)
(-6187.51 0 0)
(-14420.3 0 0)
(-26713.9 0 0)
(-23337.2 0 0)
(-31922.8 0 0)
(-37138.4 0 0)
(-40864 0 0)
(-31714.6 0 0)
(-30794.6 0 0)
(-25670.6 0 0)
(-13657.4 0 0)
(-22942.5 0 0)
(-23319 0 0)
(-7704.91 0 0)
(6438.43 -0 0)
(11666.1 -0 0)
(6846.35 -0 0)
(6700.86 -0 0)
(-2729.26 0 0)
(5519.94 -0 0)
(213.034 -0 0)
(-10733.3 0 0)
(-13993.6 0 0)
(-28406.9 0 0)
(-29682.8 0 0)
(-36252.6 0 0)
(-33842.5 0 0)
(-55187.1 0 0)
(-46550 0 0)
(80750.6 -0 0)
(-41947.8 0 0)
(1838.4 -0 0)
(24612.5 -0 0)
(-73968.8 0 0)
(-131269 0 0)
(-137812 0 0)
(-59048.6 0 0)
(-43994.8 0 0)
(-63569 0 0)
(-118462 0 0)
(-146802 0 0)
(-91035 0 0)
(41700 -0 0)
(79278.8 -0 0)
(125380 -0 0)
(148531 -0 0)
(100906 -0 0)
(65205.6 -0 0)
(131794 -0 0)
(36032.9 -0 0)
(74260.8 -0 0)
(111562 -0 0)
(163519 -0 0)
(161597 -0 0)
(172137 -0 0)
(196278 -0 0)
(199702 -0 0)
(212829 -0 0)
(229873 -0 0)
(224957 -0 0)
(202397 -0 0)
(210529 -0 0)
(175327 -0 0)
(144252 -0 0)
(204694 -0 0)
(227596 -0 0)
(208279 -0 0)
(204704 -0 0)
(209034 -0 0)
(187228 -0 0)
(168977 -0 0)
(137615 -0 0)
(130682 -0 0)
(126304 -0 0)
(109909 -0 0)
(107817 -0 0)
(97423.2 -0 0)
(94484.1 -0 0)
(74755.5 -0 0)
(58393.4 -0 0)
(60118.7 -0 0)
(60397.5 -0 0)
(55689.5 -0 0)
(46095.3 -0 0)
(41913 -0 0)
(32240.6 -0 0)
(28971.8 -0 0)
(31240.2 -0 0)
(40289.2 -0 0)
(35801.4 -0 0)
(19816.7 -0 0)
(11715.9 -0 0)
(10969 -0 0)
(-7737.72 0 0)
(-14924.8 0 0)
(5483.9 -0 0)
(-1102.08 0 0)
(10662.8 -0 0)
(8361.59 -0 0)
(11898.1 -0 0)
(-1203.69 0 0)
(-3748.85 0 0)
(-16247.8 0 0)
(-32440.3 0 0)
(-28683 0 0)
(-36589.9 0 0)
(-42517 0 0)
(-46397.4 0 0)
(-31389.5 0 0)
(-29056.5 0 0)
(-22872.8 0 0)
(-32126.8 0 0)
(-19523.9 0 0)
(-2732.12 0 0)
(8072.98 -0 0)
(13300.2 -0 0)
(7222.92 -0 0)
(13049.3 -0 0)
(-4059.99 0 0)
(5584.82 -0 0)
(5442.17 -0 0)
(-4431.93 0 0)
(-15232.5 0 0)
(-21575.8 0 0)
(-34081.2 0 0)
(-33895.2 0 0)
(-35581.9 0 0)
(-84890.6 0 0)
(-31364.2 0 0)
(97192.7 -0 0)
(-74455.8 0 0)
(-23436.4 0 0)
(9856.35 -0 0)
(-106348 0 0)
(-136802 0 0)
(-162040 0 0)
(-81859.5 0 0)
(-89985.3 0 0)
(-102215 0 0)
(-156689 0 0)
(-224294 0 0)
(-226109 0 0)
(-90656.4 0 0)
(-89084.3 0 0)
(14472.6 -0 0)
(85002.5 -0 0)
(89775.1 -0 0)
(12995.9 -0 0)
(98653.6 -0 0)
(30155.3 -0 0)
(-123772 0 0)
(30113.9 -0 0)
(127842 -0 0)
(83060.6 -0 0)
(132309 -0 0)
(158567 -0 0)
(176740 -0 0)
(204572 -0 0)
(225127 -0 0)
(207194 -0 0)
(193622 -0 0)
(180510 -0 0)
(129732 -0 0)
(123683 -0 0)
(195462 -0 0)
(217624 -0 0)
(205426 -0 0)
(221289 -0 0)
(221058 -0 0)
(204864 -0 0)
(196435 -0 0)
(171176 -0 0)
(168757 -0 0)
(146572 -0 0)
(145978 -0 0)
(131926 -0 0)
(125596 -0 0)
(112975 -0 0)
(105547 -0 0)
(80132.3 -0 0)
(65757.5 -0 0)
(70874.3 -0 0)
(66735.6 -0 0)
(54209.1 -0 0)
(51361.9 -0 0)
(42239 -0 0)
(36676 -0 0)
(33384.7 -0 0)
(38638.8 -0 0)
(41107.5 -0 0)
(27238.7 -0 0)
(19094.4 -0 0)
(4122.69 -0 0)
(-4294.98 0 0)
(-14219.6 0 0)
(4645.89 -0 0)
(-890.268 0 0)
(14819.3 -0 0)
(5300.18 -0 0)
(13997.2 -0 0)
(6267.59 -0 0)
(-9803.81 0 0)
(-5899.47 0 0)
(-30118.2 0 0)
(-43491 0 0)
(-34427.8 0 0)
(-38882.4 0 0)
(-44507.2 0 0)
(-43136.2 0 0)
(-26485.1 0 0)
(-23943.2 0 0)
(-30363 0 0)
(-18222.4 0 0)
(3780.26 -0 0)
(7822.33 -0 0)
(15186.5 -0 0)
(8980.41 -0 0)
(19419.3 -0 0)
(-6579.52 0 0)
(7912.27 -0 0)
(4151.52 -0 0)
(-3478.78 0 0)
(-5611.44 0 0)
(-21666.8 0 0)
(-25702.3 0 0)
(-39286.7 0 0)
(-36797 0 0)
(-116864 0 0)
(-34833.9 0 0)
(95005.7 -0 0)
(-143219 0 0)
(-125683 0 0)
(-36681 0 0)
(-111004 0 0)
(-152352 0 0)
(-165798 0 0)
(-149148 0 0)
(-185058 0 0)
(-247050 0 0)
(-252562 0 0)
(-297683 0 0)
(-219705 0 0)
(-223158 0 0)
(-234080 0 0)
(-242456 0 0)
(-89206.9 0 0)
(22049.9 -0 0)
(-10759.3 0 0)
(22043.1 -0 0)
(-16442.4 0 0)
(-151285 0 0)
(-200836 0 0)
(-16103.9 0 0)
(53060.2 -0 0)
(102537 -0 0)
(129088 -0 0)
(139664 -0 0)
(185508 -0 0)
(205672 -0 0)
(177424 -0 0)
(146768 -0 0)
(111617 -0 0)
(56182.5 -0 0)
(106900 -0 0)
(176506 -0 0)
(204139 -0 0)
(203907 -0 0)
(215799 -0 0)
(208462 -0 0)
(221068 -0 0)
(216774 -0 0)
(196711 -0 0)
(197850 -0 0)
(168872 -0 0)
(176227 -0 0)
(165699 -0 0)
(144331 -0 0)
(138767 -0 0)
(118156 -0 0)
(113985 -0 0)
(86610.7 -0 0)
(72194.4 -0 0)
(73870.2 -0 0)
(68756 -0 0)
(57215.1 -0 0)
(59234.8 -0 0)
(57031.8 -0 0)
(39332.4 -0 0)
(38523.6 -0 0)
(48718.5 -0 0)
(42560.2 -0 0)
(28250.5 -0 0)
(5580.16 -0 0)
(-3013.6 0 0)
(-15396.3 0 0)
(4751.56 -0 0)
(20561.1 -0 0)
(34261.7 -0 0)
(18265.6 -0 0)
(3364.96 -0 0)
(-2123.43 0 0)
(-1299.45 0 0)
(-19250.3 0 0)
(-36729.5 0 0)
(-44851.1 0 0)
(-48677.9 0 0)
(-28580.2 0 0)
(-32710.6 0 0)
(-36133 0 0)
(-33183.4 0 0)
(-20982.5 0 0)
(-23191 0 0)
(-6753.26 0 0)
(6981.23 -0 0)
(8755.01 -0 0)
(16952.1 -0 0)
(12150.1 -0 0)
(24876.3 -0 0)
(-2939.14 0 0)
(7956.44 -0 0)
(9348.66 -0 0)
(6034.82 -0 0)
(-1934.57 0 0)
(-7690.98 0 0)
(-30805.7 0 0)
(-36559.4 0 0)
(-56009.4 0 0)
(-121067 0 0)
(-31543.1 0 0)
(59754.2 -0 0)
(-188554 0 0)
(-219330 0 0)
(-129210 0 0)
(-132712 0 0)
(-155715 0 0)
(-204080 0 0)
(-257735 0 0)
(-323781 0 0)
(-404018 0 0)
(-389105 0 0)
(-331861 0 0)
(-365153 0 0)
(-336943 0 0)
(-357869 0 0)
(-408261 0 0)
(-237936 0 0)
(-72632.2 0 0)
(-48286.1 0 0)
(3207.23 -0 0)
(23019.2 -0 0)
(-180895 0 0)
(-202274 0 0)
(-113185 0 0)
(-31643.8 0 0)
(66056.4 -0 0)
(72667.1 -0 0)
(103579 -0 0)
(184150 -0 0)
(174165 -0 0)
(129397 -0 0)
(92210.8 -0 0)
(66432.5 -0 0)
(72347.1 -0 0)
(84706.4 -0 0)
(157897 -0 0)
(180763 -0 0)
(200701 -0 0)
(202264 -0 0)
(209429 -0 0)
(215812 -0 0)
(204312 -0 0)
(218210 -0 0)
(217759 -0 0)
(191904 -0 0)
(197911 -0 0)
(185510 -0 0)
(159715 -0 0)
(154803 -0 0)
(136531 -0 0)
(134516 -0 0)
(111552 -0 0)
(88081.1 -0 0)
(67034.4 -0 0)
(75638.7 -0 0)
(78196.3 -0 0)
(64359 -0 0)
(72581.1 -0 0)
(47605 -0 0)
(30168.6 -0 0)
(48498.2 -0 0)
(44008 -0 0)
(49052.8 -0 0)
(-5266.61 0 0)
(-3152.22 0 0)
(-9154.56 0 0)
(-6244.75 0 0)
(13595.8 -0 0)
(14531 -0 0)
(25941.5 -0 0)
(5541.77 -0 0)
(-14256.1 0 0)
(-9278.18 0 0)
(-22954.6 0 0)
(-35476.4 0 0)
(-42296.8 0 0)
(-40029.2 0 0)
(-23824.5 0 0)
(-9747.52 0 0)
(-18276.2 0 0)
(-21293.8 0 0)
(-25852.2 0 0)
(-12160.6 0 0)
(-4599.14 0 0)
(6046.81 -0 0)
(11158.4 -0 0)
(16899.8 -0 0)
(14130.6 -0 0)
(26194.7 -0 0)
(-5538.63 0 0)
(10773.5 -0 0)
(15929.2 -0 0)
(8805.94 -0 0)
(14415 -0 0)
(2724.31 -0 0)
(-22910.7 0 0)
(-31797.3 0 0)
(-58300 0 0)
(-120754 0 0)
(-19743.4 0 0)
(20364.7 -0 0)
(-169810 0 0)
(-77318.1 0 0)
(-224147 0 0)
(-168514 0 0)
(-197397 0 0)
(-278110 0 0)
(-335213 0 0)
(-460915 0 0)
(-631488 0 0)
(-635332 0 0)
(-550671 0 0)
(-560713 0 0)
(-522585 0 0)
(-436931 0 0)
(-382932 0 0)
(-250939 0 0)
(-141129 0 0)
(-77610 0 0)
(28147.9 -0 0)
(151755 -0 0)
(77118 -0 0)
(-10521.6 0 0)
(-22938.4 0 0)
(57717.3 -0 0)
(52187.9 -0 0)
(59144.5 -0 0)
(71598.7 -0 0)
(150186 -0 0)
(158158 -0 0)
(88196.7 -0 0)
(-7088.52 0 0)
(-64297.3 0 0)
(36828.5 -0 0)
(30947.4 -0 0)
(77667.5 -0 0)
(143714 -0 0)
(174326 -0 0)
(176963 -0 0)
(196322 -0 0)
(204069 -0 0)
(196682 -0 0)
(210612 -0 0)
(201762 -0 0)
(205736 -0 0)
(189074 -0 0)
(185636 -0 0)
(156398 -0 0)
(164372 -0 0)
(157810 -0 0)
(138761 -0 0)
(138163 -0 0)
(108890 -0 0)
(82618 -0 0)
(95506.5 -0 0)
(99521.7 -0 0)
(78316 -0 0)
(68013.9 -0 0)
(67620.5 -0 0)
(45702.6 -0 0)
(60519.1 -0 0)
(66490.5 -0 0)
(46995.4 -0 0)
(23245.5 -0 0)
(-247.432 0 0)
(16639.3 -0 0)
(27890.8 -0 0)
(15233.9 -0 0)
(29913.8 -0 0)
(13977.3 -0 0)
(11452 -0 0)
(9952.19 -0 0)
(-11943.9 0 0)
(-4846.46 0 0)
(-19580.1 0 0)
(-28289.7 0 0)
(-13026.5 0 0)
(-21270.5 0 0)
(-6912.92 0 0)
(2826.73 -0 0)
(-5205 0 0)
(-15341.8 0 0)
(-8817.09 0 0)
(3374.58 -0 0)
(13072.7 -0 0)
(11012.3 -0 0)
(18602.9 -0 0)
(17561 -0 0)
(30998.4 -0 0)
(-3980.32 0 0)
(13185.2 -0 0)
(15423.5 -0 0)
(20845 -0 0)
(20500.1 -0 0)
(11294.8 -0 0)
(3669.94 -0 0)
(-17974.3 0 0)
(-12858 0 0)
(-29759.5 0 0)
(-23583.2 0 0)
(58779.4 -0 0)
(2252.32 -0 0)
(-68586.5 0 0)
(-288911 0 0)
(-170567 0 0)
(-268479 0 0)
(-538384 0 0)
(-572536 0 0)
(-634347 0 0)
(-631575 0 0)
(-569551 0 0)
(-606599 0 0)
(-530204 0 0)
(-449085 0 0)
(-373443 0 0)
(-346191 0 0)
(-247487 0 0)
(-161277 0 0)
(-77835.8 0 0)
(105504 -0 0)
(236807 -0 0)
(235048 -0 0)
(193384 -0 0)
(193689 -0 0)
(200352 -0 0)
(186010 -0 0)
(114713 -0 0)
(151028 -0 0)
(198327 -0 0)
(153168 -0 0)
(82589.4 -0 0)
(-5715.1 0 0)
(-55163.6 0 0)
(19982.7 -0 0)
(29389.1 -0 0)
(30280.2 -0 0)
(128193 -0 0)
(138292 -0 0)
(156318 -0 0)
(163834 -0 0)
(170394 -0 0)
(183195 -0 0)
(182648 -0 0)
(194283 -0 0)
(182614 -0 0)
(189569 -0 0)
(171089 -0 0)
(171974 -0 0)
(145377 -0 0)
(155418 -0 0)
(151675 -0 0)
(129421 -0 0)
(127850 -0 0)
(102199 -0 0)
(108556 -0 0)
(110223 -0 0)
(89037.9 -0 0)
(88844.8 -0 0)
(66928.4 -0 0)
(70848.4 -0 0)
(72915.9 -0 0)
(57829.4 -0 0)
(50493.8 -0 0)
(19201.3 -0 0)
(23785.8 -0 0)
(10357.9 -0 0)
(8219.37 -0 0)
(24351.8 -0 0)
(33862.3 -0 0)
(12722.3 -0 0)
(-7091.86 0 0)
(-496.077 0 0)
(5998.03 -0 0)
(-10146.9 0 0)
(-1764.77 0 0)
(-11227.4 0 0)
(-17142.3 0 0)
(-4473.01 0 0)
(-9692.7 0 0)
(-10512 0 0)
(6554.5 -0 0)
(-3548.92 0 0)
(8858.33 -0 0)
(3113.98 -0 0)
(13995.1 -0 0)
(14515.8 -0 0)
(17846.3 -0 0)
(20925.8 -0 0)
(30838.1 -0 0)
(-372.675 0 0)
(7047.67 -0 0)
(17983.5 -0 0)
(17525 -0 0)
(16305 -0 0)
(33153.3 -0 0)
(50794.6 -0 0)
(46425.3 -0 0)
(27441.2 -0 0)
(12322.1 -0 0)
(-19830.6 0 0)
(47009.4 -0 0)
(53035.6 -0 0)
(-26207.5 0 0)
(-205057 0 0)
(-241565 0 0)
(-323020 0 0)
(-406952 0 0)
(-449464 0 0)
(-503767 0 0)
(-588935 0 0)
(-583154 0 0)
(-506955 0 0)
(-413215 0 0)
(-363477 0 0)
(-318848 0 0)
(-297575 0 0)
(-196295 0 0)
(-139980 0 0)
(-77119.9 0 0)
(78273.5 -0 0)
(224273 -0 0)
(302147 -0 0)
(276577 -0 0)
(289150 -0 0)
(233578 -0 0)
(184987 -0 0)
(160002 -0 0)
(145236 -0 0)
(126482 -0 0)
(67998.3 -0 0)
(-17478.2 0 0)
(-100699 0 0)
(-92064.4 0 0)
(22782.2 -0 0)
(75215.3 -0 0)
(19201.4 -0 0)
(93274.5 -0 0)
(127715 -0 0)
(133499 -0 0)
(104497 -0 0)
(123599 -0 0)
(136563 -0 0)
(156249 -0 0)
(156212 -0 0)
(166554 -0 0)
(152496 -0 0)
(158142 -0 0)
(139642 -0 0)
(143526 -0 0)
(118017 -0 0)
(128111 -0 0)
(123649 -0 0)
(101587 -0 0)
(109320 -0 0)
(109358 -0 0)
(86097.1 -0 0)
(88245.8 -0 0)
(67033.8 -0 0)
(69671.5 -0 0)
(52098.4 -0 0)
(44751.4 -0 0)
(49381.4 -0 0)
(21958.4 -0 0)
(21299.5 -0 0)
(8479.81 -0 0)
(-2030.37 0 0)
(19040.2 -0 0)
(29457.4 -0 0)
(13940.7 -0 0)
(18462.6 -0 0)
(-152.152 0 0)
(-9475.28 0 0)
(7352.63 -0 0)
(9438.52 -0 0)
(-4236.26 0 0)
(6509.31 -0 0)
(-3859.56 0 0)
(-8872.04 0 0)
(8265.95 -0 0)
(16515.5 -0 0)
(8006.42 -0 0)
(14897.9 -0 0)
(12482.3 -0 0)
(6884.29 -0 0)
(12874.5 -0 0)
(14531 -0 0)
(19046.9 -0 0)
(22878.5 -0 0)
(36356.1 -0 0)
(-4307.41 0 0)
(2246.91 -0 0)
(5537.77 -0 0)
(-2975.19 0 0)
(8427.75 -0 0)
(36970.9 -0 0)
(41266.7 -0 0)
(31666.8 -0 0)
(28383.8 -0 0)
(-55312 0 0)
(-167308 0 0)
(-150009 0 0)
(-110234 0 0)
(-64549.6 0 0)
(-139169 0 0)
(-292472 0 0)
(-464392 0 0)
(-358535 0 0)
(-303729 0 0)
(-306962 0 0)
(-348813 0 0)
(-380867 0 0)
(-357124 0 0)
(-277580 0 0)
(-233233 0 0)
(-218733 0 0)
(-209752 0 0)
(-223058 0 0)
(-209534 0 0)
(-154528 0 0)
(-164683 0 0)
(-57551.1 0 0)
(44216.7 -0 0)
(172667 -0 0)
(147903 -0 0)
(94637.1 -0 0)
(84666.9 -0 0)
(82383.1 -0 0)
(50203.1 -0 0)
(17493 -0 0)
(-108123 0 0)
(-167525 0 0)
(-89486.2 0 0)
(38261.4 -0 0)
(76981.4 -0 0)
(112822 -0 0)
(109299 -0 0)
(53414.5 -0 0)
(22479.6 -0 0)
(51079.6 -0 0)
(73732.7 -0 0)
(45076 -0 0)
(48004.1 -0 0)
(88718.2 -0 0)
(104334 -0 0)
(100711 -0 0)
(107705 -0 0)
(88481.3 -0 0)
(95256.2 -0 0)
(77049.4 -0 0)
(82236.2 -0 0)
(64198.7 -0 0)
(69840.5 -0 0)
(52458.2 -0 0)
(64261.8 -0 0)
(69361.6 -0 0)
(48947.9 -0 0)
(39503.6 -0 0)
(42873.4 -0 0)
(51506.8 -0 0)
(33799.4 -0 0)
(23510.7 -0 0)
(32119.3 -0 0)
(7429.61 -0 0)
(763.074 -0 0)
(8079.75 -0 0)
(1054.26 -0 0)
(24406.8 -0 0)
(12311.5 -0 0)
(21566.1 -0 0)
(25234 -0 0)
(24414.4 -0 0)
(8797.27 -0 0)
(16209.9 -0 0)
(14750.2 -0 0)
(13504.3 -0 0)
(2855.72 -0 0)
(5565.82 -0 0)
(-654.734 0 0)
(13577.2 -0 0)
(22167 -0 0)
(16694.6 -0 0)
(11220.8 -0 0)
(20835.5 -0 0)
(15062.8 -0 0)
(7702.07 -0 0)
(9680.44 -0 0)
(14924.2 -0 0)
(20883.8 -0 0)
(37848.4 -0 0)
(-1355.99 0 0)
(-3025.04 0 0)
(-7925.35 0 0)
(-9050.36 0 0)
(-3363.28 0 0)
(6637.11 -0 0)
(-4712.6 0 0)
(-13383.8 0 0)
(-28698.9 0 0)
(-109402 0 0)
(-226112 0 0)
(-265930 0 0)
(-247993 0 0)
(-237984 0 0)
(-275007 0 0)
(-293441 0 0)
(-266798 0 0)
(-276784 0 0)
(-266935 0 0)
(-229912 0 0)
(-201553 0 0)
(-195477 0 0)
(-231780 0 0)
(-238858 0 0)
(-238032 0 0)
(-250374 0 0)
(-340628 0 0)
(-407449 0 0)
(-422444 0 0)
(-383486 0 0)
(-380347 0 0)
(-376179 0 0)
(-308499 0 0)
(-280806 0 0)
(-289754 0 0)
(-294994 0 0)
(-212833 0 0)
(-175624 0 0)
(-154781 0 0)
(-157759 0 0)
(-151609 0 0)
(-98639.5 0 0)
(-35725.4 0 0)
(-16767 0 0)
(-22926 0 0)
(-923.051 0 0)
(-17319 0 0)
(-18807.2 0 0)
(-61005.7 0 0)
(-89390.7 0 0)
(-82419.7 0 0)
(-13545.7 0 0)
(-13027 0 0)
(-19588.5 0 0)
(3169.77 -0 0)
(2858.38 -0 0)
(9157.28 -0 0)
(-2650.13 0 0)
(10464.7 -0 0)
(1344.93 -0 0)
(4595.96 -0 0)
(10865.1 -0 0)
(5716.96 -0 0)
(17420.7 -0 0)
(12191.3 -0 0)
(5685.57 -0 0)
(16883.2 -0 0)
(24124.1 -0 0)
(16469 -0 0)
(14014.8 -0 0)
(22350.3 -0 0)
(12188.7 -0 0)
(5234.66 -0 0)
(-3313.08 0 0)
(-8212.53 0 0)
(3077.84 -0 0)
(11312.2 -0 0)
(14583 -0 0)
(21333.7 -0 0)
(8299.84 -0 0)
(14509.4 -0 0)
(7835.04 -0 0)
(11979.3 -0 0)
(-1098.75 0 0)
(784.164 -0 0)
(4278.9 -0 0)
(2983.63 -0 0)
(3938.44 -0 0)
(8410.76 -0 0)
(8892.22 -0 0)
(6169.89 -0 0)
(6749.28 -0 0)
(12254.2 -0 0)
(9525.77 -0 0)
(7558.13 -0 0)
(5557.55 -0 0)
(1782.3 -0 0)
(3821.18 -0 0)
(9982.99 -0 0)
(22007.2 -0 0)
)
;

boundaryField
{
    inlet
    {
        type            calculated;
        value           nonuniform List<vector> 
40
(
(-9656.03 0 0)
(-5603.83 0 0)
(6431.18 -0 0)
(17996.1 -0 0)
(22637.3 -0 0)
(20936.4 -0 0)
(17255.6 -0 0)
(11788 -0 0)
(7401.35 -0 0)
(4274.64 -0 0)
(4483.36 -0 0)
(-5420.61 0 0)
(-12036.6 0 0)
(-17952.4 0 0)
(-19211.9 0 0)
(-20969.6 0 0)
(-21446.3 0 0)
(-20210.4 0 0)
(-18868.1 0 0)
(-17025.8 0 0)
(-14865.1 0 0)
(-13731 0 0)
(-12156 0 0)
(-9800.38 0 0)
(-7904.46 0 0)
(-2298.82 0 0)
(-3520.98 0 0)
(-8030.52 0 0)
(-6749.41 0 0)
(-9005.55 0 0)
(-6666.51 0 0)
(-2729.26 0 0)
(-4059.99 0 0)
(-6579.52 0 0)
(-2939.14 0 0)
(-5538.63 0 0)
(-3980.32 0 0)
(-372.675 0 0)
(-4307.41 0 0)
(-1355.99 0 0)
)
;
    }
    outlet
    {
        type            calculated;
        value           nonuniform List<vector> 
40
(
(-9084.88 0 0)
(-17468.5 0 0)
(-17163.6 0 0)
(-20394.4 0 0)
(-18057.6 0 0)
(-14939.1 0 0)
(-8506.97 0 0)
(-3949.89 0 0)
(-1133.98 0 0)
(-1350.94 0 0)
(-2350.41 0 0)
(-956.85 0 0)
(1053.16 -0 0)
(1487.29 -0 0)
(-2978.17 0 0)
(-7570.4 0 0)
(-14013.7 0 0)
(-17765.7 0 0)
(-18558.2 0 0)
(-16302.3 0 0)
(-16123.6 0 0)
(-8682.7 0 0)
(-9351.3 0 0)
(-4339.38 0 0)
(-6295.6 0 0)
(-3757.21 0 0)
(-6749.68 0 0)
(-5111.71 0 0)
(-1014.58 0 0)
(934.692 -0 0)
(6700.86 -0 0)
(13049.3 -0 0)
(19419.3 -0 0)
(24876.3 -0 0)
(26194.7 -0 0)
(30998.4 -0 0)
(30838.1 -0 0)
(36356.1 -0 0)
(37848.4 -0 0)
(22007.2 -0 0)
)
;
    }
    lowerWall
    {
        type            calculated;
        value           nonuniform List<vector> 
100
(
(-9656.03 0 0)
(-18194.8 0 0)
(-11766.6 0 0)
(-10803.7 0 0)
(-2095.22 0 0)
(15415.3 -0 0)
(14375.9 -0 0)
(-9347.96 0 0)
(-44897.8 0 0)
(-100712 0 0)
(-165281 0 0)
(-241173 0 0)
(-270823 0 0)
(-227159 0 0)
(-122086 0 0)
(-43057.4 0 0)
(-26798.1 0 0)
(-79321.3 0 0)
(-96854.2 0 0)
(-127013 0 0)
(-155710 0 0)
(-232643 0 0)
(-293798 0 0)
(-364191 0 0)
(-341349 0 0)
(-364019 0 0)
(-543045 0 0)
(-657301 0 0)
(-555599 0 0)
(-442510 0 0)
(-463092 0 0)
(-509895 0 0)
(-509135 0 0)
(-484413 0 0)
(-484624 0 0)
(-495360 0 0)
(-508208 0 0)
(-447196 0 0)
(-390291 0 0)
(-341623 0 0)
(-307404 0 0)
(-269630 0 0)
(-210681 0 0)
(-198840 0 0)
(-193634 0 0)
(-165708 0 0)
(-159746 0 0)
(-122271 0 0)
(-104207 0 0)
(-83864.8 0 0)
(-83544.1 0 0)
(-62825.5 0 0)
(-60413 0 0)
(-46795.3 0 0)
(-41074.1 0 0)
(-44701.4 0 0)
(-51323.5 0 0)
(-41768.9 0 0)
(-42406.7 0 0)
(-34259.1 0 0)
(-32867.6 0 0)
(-31371.7 0 0)
(-26101.2 0 0)
(-25453.8 0 0)
(-21975.3 0 0)
(-18290.3 0 0)
(-17000.9 0 0)
(-15361 0 0)
(-13095.2 0 0)
(-12769.7 0 0)
(-10907.4 0 0)
(-7731.59 0 0)
(-5384.14 0 0)
(-5085.51 0 0)
(-5748.37 0 0)
(-5739.81 0 0)
(-4997.61 0 0)
(-3949.61 0 0)
(-4610.1 0 0)
(-1008.91 0 0)
(178.02 -0 0)
(4790.67 -0 0)
(7300.53 -0 0)
(10894.3 -0 0)
(10334.1 -0 0)
(17693.3 -0 0)
(15974.1 -0 0)
(14483.5 -0 0)
(17565.9 -0 0)
(11000.3 -0 0)
(5267.55 -0 0)
(6962.18 -0 0)
(1277.35 -0 0)
(1696.49 -0 0)
(1117.62 -0 0)
(421.174 -0 0)
(-658.998 0 0)
(-2647.98 0 0)
(-5911.04 0 0)
(-9084.88 0 0)
)
;
    }
    upperWall
    {
        type            calculated;
        value           nonuniform List<vector> 
100
(
(-1355.99 0 0)
(-3025.04 0 0)
(-7925.35 0 0)
(-9050.36 0 0)
(-3363.28 0 0)
(6637.11 -0 0)
(-4712.6 0 0)
(-13383.8 0 0)
(-28698.9 0 0)
(-109402 0 0)
(-226112 0 0)
(-265930 0 0)
(-247993 0 0)
(-237984 0 0)
(-275007 0 0)
(-293441 0 0)
(-266798 0 0)
(-276784 0 0)
(-266935 0 0)
(-229912 0 0)
(-201553 0 0)
(-195477 0 0)
(-231780 0 0)
(-238858 0 0)
(-238032 0 0)
(-250374 0 0)
(-340628 0 0)
(-407449 0 0)
(-422444 0 0)
(-383486 0 0)
(-380347 0 0)
(-376179 0 0)
(-308499 0 0)
(-280806 0 0)
(-289754 0 0)
(-294994 0 0)
(-212833 0 0)
(-175624 0 0)
(-154781 0 0)
(-157759 0 0)
(-151609 0 0)
(-98639.5 0 0)
(-35725.4 0 0)
(-16767 0 0)
(-22926 0 0)
(-923.051 0 0)
(-17319 0 0)
(-18807.2 0 0)
(-61005.7 0 0)
(-89390.7 0 0)
(-82419.7 0 0)
(-13545.7 0 0)
(-13027 0 0)
(-19588.5 0 0)
(3169.77 -0 0)
(2858.38 -0 0)
(9157.28 -0 0)
(-2650.13 0 0)
(10464.7 -0 0)
(1344.93 -0 0)
(4595.96 -0 0)
(10865.1 -0 0)
(5716.96 -0 0)
(17420.7 -0 0)
(12191.3 -0 0)
(5685.57 -0 0)
(16883.2 -0 0)
(24124.1 -0 0)
(16469 -0 0)
(14014.8 -0 0)
(22350.3 -0 0)
(12188.7 -0 0)
(5234.66 -0 0)
(-3313.08 0 0)
(-8212.53 0 0)
(3077.84 -0 0)
(11312.2 -0 0)
(14583 -0 0)
(21333.7 -0 0)
(8299.84 -0 0)
(14509.4 -0 0)
(7835.04 -0 0)
(11979.3 -0 0)
(-1098.75 0 0)
(784.164 -0 0)
(4278.9 -0 0)
(2983.63 -0 0)
(3938.44 -0 0)
(8410.76 -0 0)
(8892.22 -0 0)
(6169.89 -0 0)
(6749.28 -0 0)
(12254.2 -0 0)
(9525.77 -0 0)
(7558.13 -0 0)
(5557.55 -0 0)
(1782.3 -0 0)
(3821.18 -0 0)
(9982.99 -0 0)
(22007.2 -0 0)
)
;
    }
    frontAndBack
    {
        type            empty;
    }
}


// ************************************************************************* //
