/*--------------------------------*- C++ -*----------------------------------*\
| =========                 |                                                 |
| \\      /  F ield         | foam-extend: Open Source CFD                    |
|  \\    /   O peration     | Version:     5.0                                |
|   \\  /    A nd           | Web:         http://www.foam-extend.org         |
|    \\/     M anipulation  |                                                 |
\*---------------------------------------------------------------------------*/
FoamFile
{
    version     2.0;
    format      ascii;
    class       volVectorField;
    location    "0.09";
    object      U;
}
// * * * * * * * * * * * * * * * * * * * * * * * * * * * * * * * * * * * * * //

dimensions      [0 1 -1 0 0 0 0];

internalField   nonuniform List<vector> 
4000
(
(-34.4309 12.3518 0)
(-82.8602 5.5011 0)
(-92.7817 2.86808 0)
(-92.5386 -0.356977 0)
(-85.7906 -1.66451 0)
(-81.2084 -0.724912 0)
(-42.1552 -3.33807 0)
(-67.7823 20.389 0)
(-229.258 33.296 0)
(-423.571 29.4466 0)
(-666.344 19.9389 0)
(-792.435 18.0384 0)
(-752.624 -3.48481 0)
(-903.085 24.0619 0)
(-1371.62 74.9588 0)
(-1923.23 138.984 0)
(-2068.21 40.992 0)
(-2086.81 -9.15423 0)
(-1985.95 -28.9286 0)
(-1935.11 -45.7351 0)
(-1920.11 -28.4594 0)
(-1697.94 -32.2757 0)
(-1422.41 -23.4737 0)
(-1035.29 36.6303 0)
(-915.537 39.6499 0)
(-755.354 -62.5091 0)
(-430.637 -46.8333 0)
(-291.366 137.708 0)
(-324.164 109.589 0)
(-506.35 76.3895 0)
(-825.069 68.6431 0)
(-781.84 34.6931 0)
(-831.014 29.9292 0)
(-719.149 -30.229 0)
(-679.659 -11.0145 0)
(-682.614 5.95796 0)
(-571.526 2.28114 0)
(-562.836 43.1185 0)
(-563.552 33.5155 0)
(-609.514 15.982 0)
(-597.075 11.3674 0)
(-556.043 19.6416 0)
(-679.529 20.9657 0)
(-729.857 -7.97924 0)
(-698.386 -9.52366 0)
(-672.803 -5.09233 0)
(-606.953 -3.43418 0)
(-618.472 -0.499506 0)
(-580.072 -4.47225 0)
(-564.412 -12.9664 0)
(-455.66 -10.6495 0)
(-410.74 -7.21044 0)
(-346.603 -6.32112 0)
(-316.587 -6.27714 0)
(-279.072 -5.65628 0)
(-234.306 -7.00735 0)
(-188.732 -4.67376 0)
(-172.648 -3.23814 0)
(-132.578 -3.14536 0)
(-119.714 -3.17936 0)
(-87.1015 -3.2386 0)
(-68.1806 -1.48242 0)
(-62.2287 -1.70059 0)
(-41.4922 -0.564128 0)
(-37.5375 -0.462423 0)
(-28.5432 -0.52006 0)
(-23.8468 -0.383742 0)
(-14.8649 -0.757223 0)
(-12.3712 0.0171597 0)
(-7.87581 -0.149087 0)
(-5.14856 0.321408 0)
(-8.67127 0.0938873 0)
(-7.14138 -0.571896 0)
(-0.733182 -1.06852 0)
(9.6968 -1.04745 0)
(17.0453 -0.802093 0)
(23.7253 -0.467827 0)
(27.7595 -0.0344267 0)
(28.0445 -0.136931 0)
(27.5551 0.309592 0)
(22.6038 0.640357 0)
(26.0551 -0.693294 0)
(36.282 -1.91551 0)
(51.3097 -2.15573 0)
(61.4624 -0.551647 0)
(55.0563 1.08762 0)
(46.5056 0.569917 0)
(45.3938 0.850238 0)
(32.3198 0.812451 0)
(27.8226 0.677009 0)
(24.8949 0.441416 0)
(23.6068 0.866807 0)
(13.5235 1.57372 0)
(5.4413 1.14573 0)
(-0.451798 0.26586 0)
(-0.502299 -0.118703 0)
(2.52097 -0.301761 0)
(3.39719 -0.0517535 0)
(2.15525 0.392563 0)
(3.92649 -0.281776 0)
(-36.3149 29.9407 0)
(-108.234 8.16218 0)
(-118.014 2.18312 0)
(-86.1254 -0.877127 0)
(-74.8406 -3.04164 0)
(-60.5732 -5.25481 0)
(-29.5213 1.94193 0)
(-75.6806 24.013 0)
(-119.821 43.1589 0)
(-94.2758 57.9775 0)
(-344.658 83.8627 0)
(-832.843 50.8709 0)
(-1152.18 35.909 0)
(-1362.08 132.021 0)
(-2017.13 219.112 0)
(-2431.3 120.162 0)
(-2087.21 -65.7106 0)
(-1910.24 -79.9816 0)
(-1651.43 -32.3425 0)
(-1343 2.23114 0)
(-1674.45 33.0151 0)
(-2077.92 -65.2875 0)
(-1636.09 -169.851 0)
(-1215.42 -128.424 0)
(-1027.33 -79.1203 0)
(-536.13 -138.579 0)
(-25.0117 -99.9083 0)
(26.9112 -108.665 0)
(-74.2932 -22.276 0)
(-387.635 99.5922 0)
(-1193.99 117.573 0)
(-1315.8 -21.0147 0)
(-852.358 -10.3814 0)
(-588.909 23.3427 0)
(-412.933 38.3709 0)
(-177.595 17.6888 0)
(-103.724 13.7182 0)
(-81.8936 30.0274 0)
(-162.365 30.1502 0)
(-237.296 12.7073 0)
(-266.216 -0.739733 0)
(-354.023 23.8255 0)
(-438.161 47.5789 0)
(-604.232 18.9153 0)
(-782.372 -2.79316 0)
(-786.233 -9.86035 0)
(-834.097 -10.6105 0)
(-790.134 -1.36857 0)
(-820.745 -6.49961 0)
(-813.577 -22.4935 0)
(-782.464 -28.6471 0)
(-683.536 -21.6719 0)
(-649.611 -18.3753 0)
(-579.869 -15.7828 0)
(-553.08 -15.971 0)
(-479.906 -18.2922 0)
(-453.347 -14.2235 0)
(-379.03 -13.6784 0)
(-353.873 -12.4482 0)
(-285.698 -10.4086 0)
(-268.523 -9.54229 0)
(-239.57 -7.50326 0)
(-184.343 -8.09828 0)
(-170.802 -6.25936 0)
(-118.249 -4.81303 0)
(-115.076 -3.82999 0)
(-75.6631 -4.24919 0)
(-53.0501 -3.26402 0)
(-53.3097 -1.48039 0)
(-30.5227 -2.05612 0)
(-24.4496 0.323512 0)
(-28.7804 0.571955 0)
(-26.4706 -2.0539 0)
(-10.8284 -3.72577 0)
(6.75016 -4.2552 0)
(24.3146 -3.79932 0)
(44.5504 -2.71611 0)
(55.0515 -0.908924 0)
(57.8234 -0.24943 0)
(57.2281 0.811218 0)
(52.7648 0.754997 0)
(63.5845 -3.1936 0)
(84.6742 -6.7929 0)
(117.03 -6.42624 0)
(122.25 -1.0262 0)
(125.335 3.26075 0)
(95.1041 3.56663 0)
(85.8366 3.76778 0)
(52.0715 3.40272 0)
(50.8079 1.8462 0)
(42.6938 1.65149 0)
(34.9286 2.50851 0)
(25.0986 4.37655 0)
(14.0468 3.66209 0)
(1.74519 1.12667 0)
(0.374686 -0.400404 0)
(5.05224 -1.0528 0)
(4.45898 -0.215394 0)
(1.97733 1.15712 0)
(-1.55351 -0.697769 0)
(-0.197569 44.5654 0)
(-22.4011 10.0489 0)
(-2.3824 -4.68045 0)
(68.7982 -10.6556 0)
(122.233 -14.4929 0)
(216.262 -18.0455 0)
(262.926 4.13457 0)
(270.626 39.7641 0)
(204.394 74.8144 0)
(26.7051 117.648 0)
(-356.82 199.273 0)
(-782.367 171.849 0)
(-1265.22 126.759 0)
(-1237.44 190.448 0)
(-1434.99 303.02 0)
(-1363.07 125.987 0)
(-1069.5 -119.448 0)
(-967.835 -112.483 0)
(-880.788 -64.2052 0)
(-973.653 9.5549 0)
(-939.14 72.4413 0)
(-793.057 -101.438 0)
(-491.976 -240.856 0)
(-465.612 -149.737 0)
(-429.823 -140.174 0)
(-380.14 -251.112 0)
(-492.443 -107.034 0)
(-454.173 32.2309 0)
(-423.42 62.3254 0)
(-1215.85 271.434 0)
(-926.252 172.517 0)
(-1027.53 -73.981 0)
(-704.139 -142.073 0)
(-589.292 -136.736 0)
(-373.949 -108.803 0)
(-263.956 -112.488 0)
(-95.0228 -83.5117 0)
(-86.9162 -15.7167 0)
(6.97097 16.2835 0)
(-219.807 22.3251 0)
(-405.349 13.073 0)
(-320.194 30.7671 0)
(-297.355 71.0667 0)
(-421.794 56.2214 0)
(-629.069 23.0409 0)
(-689.751 11.6927 0)
(-808.024 -4.93875 0)
(-761.068 -6.06923 0)
(-752.642 -1.35446 0)
(-835.869 -22.546 0)
(-830.048 -37.5747 0)
(-793.77 -35.5121 0)
(-727.012 -29.5726 0)
(-705.5 -27.7978 0)
(-651.046 -28.4656 0)
(-619.686 -28.2973 0)
(-585.599 -26.1546 0)
(-503.587 -26.166 0)
(-478.681 -24.595 0)
(-403.238 -22.1009 0)
(-380.166 -18.0974 0)
(-318.466 -16.9306 0)
(-300.407 -16.3595 0)
(-272.309 -15.5548 0)
(-204.816 -13.8191 0)
(-192.39 -11.2864 0)
(-135.887 -12.1673 0)
(-121.697 -9.07343 0)
(-84.2035 -6.01674 0)
(-62.5844 -5.22007 0)
(-63.8049 -0.867941 0)
(-43.5744 -0.54811 0)
(-44.6999 -4.58532 0)
(-23.0502 -7.85806 0)
(-11.6338 -9.37243 0)
(19.8474 -9.5715 0)
(34.0595 -7.4141 0)
(62.8498 -3.84622 0)
(69.5122 -0.568848 0)
(61.7853 1.32831 0)
(67.2275 -0.247448 0)
(82.0739 -7.68589 0)
(104.671 -13.5147 0)
(124.492 -11.6984 0)
(137.697 -1.19826 0)
(115.987 7.67422 0)
(94.6896 10.5441 0)
(54.7002 10.2774 0)
(35.0163 7.96144 0)
(5.5719 4.62488 0)
(12.1736 2.71405 0)
(6.87732 3.59295 0)
(13.4233 6.21724 0)
(11.3544 6.65478 0)
(1.36313 2.52432 0)
(0.922792 -0.615366 0)
(3.12365 -1.71746 0)
(3.13424 0.287537 0)
(-5.07966 2.2539 0)
(3.41271 -1.30773 0)
(56.3012 39.5901 0)
(52.0194 3.74649 0)
(105.473 -14.4692 0)
(154.057 -29.5422 0)
(251.844 -36.0374 0)
(317.648 -35.9238 0)
(407.148 -10.6273 0)
(423.089 47.0207 0)
(390.148 98.9917 0)
(282.853 176.252 0)
(-97.7 288.299 0)
(-310.231 255.483 0)
(-468.398 150.78 0)
(-571.75 200.15 0)
(-889.094 296.69 0)
(-901.394 65.038 0)
(-854.257 -140.874 0)
(-935.752 -131.97 0)
(-839.369 -95.7135 0)
(-306.315 -68.3201 0)
(-88.8493 73.5009 0)
(-215.562 -123.069 0)
(18.6599 -277.358 0)
(46.2649 -179.023 0)
(-213.635 -92.2022 0)
(-345.43 -199.005 0)
(-809.175 -17.5034 0)
(-1125.06 105.7 0)
(-1071.47 155.586 0)
(-1794.61 278.196 0)
(-474.909 69.9464 0)
(-881.64 -119.264 0)
(-298.034 -208.873 0)
(-17.415 -145.581 0)
(-109.18 -94.4967 0)
(-144.187 -85.1032 0)
(-237.543 -59.1879 0)
(-317.501 3.49956 0)
(-289.399 49.4553 0)
(-562.123 93.0172 0)
(-672.085 0.322519 0)
(-418.939 7.90632 0)
(-227.443 79.6586 0)
(-347.682 94.0662 0)
(-485.914 62.375 0)
(-647.848 38.6749 0)
(-713.563 2.20231 0)
(-734.055 -3.66716 0)
(-744.19 8.4525 0)
(-802.011 -9.64789 0)
(-863.522 -40.2913 0)
(-819.773 -46.0103 0)
(-792.382 -40.218 0)
(-745.512 -36.7661 0)
(-726.653 -38.1286 0)
(-667.32 -38.0789 0)
(-641.382 -39.4042 0)
(-569.814 -39.3994 0)
(-543.234 -37.0055 0)
(-473.978 -34.0334 0)
(-447.99 -29.3989 0)
(-383.861 -27.1613 0)
(-361.992 -24.4175 0)
(-306.985 -25.9485 0)
(-278.205 -23.3157 0)
(-249.646 -21.326 0)
(-186.663 -21.9114 0)
(-168.061 -17.1759 0)
(-122.208 -13.2255 0)
(-111.91 -8.77509 0)
(-96.5087 -4.21684 0)
(-68.8979 -4.47471 0)
(-54.2312 -7.25211 0)
(-47.4032 -11.99 0)
(-21.4436 -15.0028 0)
(-3.1846 -15.7421 0)
(29.9788 -13.3225 0)
(44.478 -8.3047 0)
(69.1587 -1.85177 0)
(62.4941 0.985425 0)
(68.4722 -2.12879 0)
(84.9619 -11.7829 0)
(104.187 -18.7448 0)
(115.637 -15.674 0)
(115.201 0.271057 0)
(95.9423 15.059 0)
(48.8407 19.3585 0)
(19.5092 18.6943 0)
(-24.259 14.5827 0)
(-40.1424 7.56617 0)
(-44.5951 2.20264 0)
(-35.1005 0.865244 0)
(-10.6195 3.90622 0)
(1.39629 7.39037 0)
(-4.4618 3.34593 0)
(-3.84587 -0.733942 0)
(-2.30028 -1.6849 0)
(-7.73417 0.488843 0)
(-6.85253 3.03948 0)
(-11.9798 -1.68908 0)
(76.5249 24.9989 0)
(108.208 -8.33635 0)
(146.97 -28.5554 0)
(218.041 -45.679 0)
(281.551 -56.3037 0)
(374.405 -58.1918 0)
(430.454 -26.3203 0)
(485.514 43.2608 0)
(470.326 116.418 0)
(396.108 226.38 0)
(68.1491 357.344 0)
(-99.9703 286.008 0)
(-154.05 180.265 0)
(-347.24 240.081 0)
(-737.93 376.46 0)
(-592.246 190.275 0)
(-123.808 -176.95 0)
(-220.077 -129.795 0)
(-258.551 -122.983 0)
(-301.629 -139.938 0)
(179.634 23.8125 0)
(131.873 -110.408 0)
(-155.664 -283.725 0)
(-437.202 -128.25 0)
(-731.34 -18.6386 0)
(-734.074 -149.172 0)
(-771.325 -39.5846 0)
(-667.725 113.329 0)
(-387.847 166.215 0)
(-1544.59 316.88 0)
(-596.144 -41.5974 0)
(127.117 -239.273 0)
(777.497 -282.898 0)
(715.433 -118.416 0)
(523.225 -19.8075 0)
(248.279 -16.1139 0)
(-422.596 27.6269 0)
(-464.351 24.9781 0)
(-491.256 84.1385 0)
(-384.375 137.24 0)
(-333.504 -21.1288 0)
(-175.651 -44.7391 0)
(-129.907 76.2987 0)
(-180.132 117.42 0)
(-362.182 102.436 0)
(-523.639 69.2323 0)
(-582.55 14.8247 0)
(-650.238 -0.137354 0)
(-646.963 17.0307 0)
(-750.313 3.31582 0)
(-797.683 -32.3747 0)
(-824.035 -51.4469 0)
(-778.303 -47.8396 0)
(-771.644 -46.1603 0)
(-720.577 -46.9579 0)
(-700.817 -49.7568 0)
(-640.446 -50.8966 0)
(-607.757 -51.5079 0)
(-550.548 -48.8721 0)
(-520.016 -45.2751 0)
(-463.246 -40.8101 0)
(-434.765 -37.7654 0)
(-379.292 -34.9993 0)
(-350.382 -36.3976 0)
(-295.215 -32.6674 0)
(-251.836 -30.6788 0)
(-230.856 -30.9834 0)
(-184.522 -25.4882 0)
(-166.35 -19.7687 0)
(-144.453 -12.8021 0)
(-114.362 -10.6326 0)
(-81.4162 -9.61102 0)
(-78.0864 -10.615 0)
(-56.9228 -15.7897 0)
(-44.33 -20.6874 0)
(-11.7132 -22.4385 0)
(7.49163 -19.4713 0)
(40.6907 -13.73 0)
(52.8474 -4.83329 0)
(66.3383 0.361713 0)
(65.4445 -3.67338 0)
(80.7829 -16.0708 0)
(97.1472 -22.1729 0)
(102.17 -15.6248 0)
(77.2778 5.5735 0)
(49.819 23.9618 0)
(6.72948 30.2133 0)
(-45.045 28.1648 0)
(-73.799 22.3245 0)
(-100.353 10.6136 0)
(-91.4041 0.494318 0)
(-79.6773 -5.2578 0)
(-37.6236 -2.42926 0)
(-15.0468 5.55385 0)
(-12.999 3.38078 0)
(-13.0818 -0.638641 0)
(-12.8699 -1.4556 0)
(-16.3619 0.774447 0)
(-19.4463 3.97379 0)
(-18.1881 -1.61395 0)
(90.5388 3.76973 0)
(124.981 -22.6817 0)
(190.032 -40.3149 0)
(232.873 -62.0359 0)
(306.106 -75.7156 0)
(362.637 -77.8934 0)
(448.068 -44.1357 0)
(449.189 31.4993 0)
(516.017 122.048 0)
(396.482 269.828 0)
(130.762 408.193 0)
(79.5135 315.565 0)
(8.16261 216.193 0)
(-275.649 300.057 0)
(-464.113 356.471 0)
(106.456 47.1186 0)
(450.257 -261.915 0)
(462.335 -115.746 0)
(285.091 -83.4683 0)
(99.5072 -147.885 0)
(134.703 -5.45471 0)
(179.153 -61.2402 0)
(-190.328 -179.541 0)
(-971.538 40.5999 0)
(-741.727 100.45 0)
(-1249 -191.787 0)
(-1566.01 -38.9032 0)
(-445.17 30.9475 0)
(-580.519 245.24 0)
(-739.461 254.171 0)
(416.725 -244.442 0)
(1065.93 -407.766 0)
(1318.65 -343.724 0)
(1295.48 -137.013 0)
(1133.88 10.4857 0)
(764.783 85.1657 0)
(188.712 118.823 0)
(-21.2378 20.6087 0)
(237.825 15.3494 0)
(451.028 85.3874 0)
(267.018 -27.2052 0)
(-3.70106 -81.9049 0)
(14.6227 83.2782 0)
(3.39688 141.987 0)
(-195.812 138.016 0)
(-288.055 104.157 0)
(-410.372 33.3009 0)
(-466.583 11.24 0)
(-494.631 35.368 0)
(-628.729 23.852 0)
(-683.498 -19.5302 0)
(-760.896 -49.6883 0)
(-740.513 -53.2513 0)
(-740.22 -53.4522 0)
(-689.251 -54.797 0)
(-674.492 -58.4892 0)
(-627.835 -63.081 0)
(-576.016 -62.8255 0)
(-558.078 -58.9864 0)
(-505.098 -56.0269 0)
(-479.992 -51.0727 0)
(-429.536 -47.7715 0)
(-402.902 -45.9822 0)
(-348.79 -47.2469 0)
(-320.956 -44.1155 0)
(-263.037 -40.7619 0)
(-229.666 -39.0837 0)
(-212.304 -33.2506 0)
(-190.965 -24.9613 0)
(-161.87 -20.3742 0)
(-123.925 -18.7176 0)
(-96.867 -14.7316 0)
(-89.8265 -13.3043 0)
(-78.4466 -20.222 0)
(-51.3462 -26.4883 0)
(-33.2235 -29.0826 0)
(2.20035 -26.3083 0)
(19.8574 -19.4298 0)
(50.3248 -8.74912 0)
(55.3697 -1.68234 0)
(64.5767 -5.88105 0)
(72.8881 -18.4819 0)
(80.6739 -23.4816 0)
(76.8154 -12.7243 0)
(40.6243 12.9668 0)
(6.03756 34.9362 0)
(-59.5857 42.8247 0)
(-93.2372 38.3418 0)
(-133.728 28.241 0)
(-143.629 11.6261 0)
(-126.422 -3.91296 0)
(-109.193 -12.6182 0)
(-65.5149 -10.7121 0)
(-33.8069 1.5103 0)
(-26.0257 2.40481 0)
(-24.6348 -0.683002 0)
(-22.9848 -1.02972 0)
(-28.4621 1.79489 0)
(-40.1727 5.0869 0)
(-33.3869 -1.68079 0)
(99.6133 -21.0232 0)
(138.691 -40.186 0)
(208.245 -53.0086 0)
(258.039 -74.8255 0)
(296.164 -91.8567 0)
(379.596 -93.4878 0)
(429.873 -48.5494 0)
(462.3 29.1096 0)
(455.97 133.821 0)
(409.948 306.801 0)
(189.676 443.597 0)
(202.021 331.784 0)
(150.385 257.937 0)
(-248.176 365.827 0)
(-526.309 362.097 0)
(483.876 -119.753 0)
(765.804 -303.008 0)
(773.914 -206.324 0)
(688.866 -68.5334 0)
(510.541 -123.582 0)
(1.14559 30.2485 0)
(198.457 -27.5423 0)
(-174.634 -53.6629 0)
(-780.494 93.5237 0)
(-882.966 73.958 0)
(-763.818 -147.235 0)
(-1276.3 -86.5971 0)
(-220.625 -46.6286 0)
(-860.597 239.96 0)
(-151.527 100.806 0)
(1169.34 -451.243 0)
(1628.18 -543.398 0)
(1723.59 -359.952 0)
(1425.89 -72.0773 0)
(1150.28 96.8313 0)
(942.418 171.328 0)
(908.145 162.008 0)
(779.932 22.4302 0)
(744.216 -35.2582 0)
(907.583 96.942 0)
(701.084 64.4347 0)
(70.1769 -8.8872 0)
(130.2 89.5994 0)
(137.055 157.99 0)
(33.6059 173.539 0)
(-90.951 130.735 0)
(-185.903 51.3591 0)
(-240.638 26.5414 0)
(-339.602 59.6423 0)
(-434.997 51.0262 0)
(-546.769 1.24095 0)
(-648.189 -36.4383 0)
(-680.485 -53.4188 0)
(-660.327 -61.3101 0)
(-645.293 -63.4662 0)
(-602.104 -66.2107 0)
(-591.456 -71.9511 0)
(-542.57 -71.114 0)
(-532.35 -66.574 0)
(-491.638 -65.6992 0)
(-452.654 -60.2827 0)
(-433.135 -56.6559 0)
(-385.567 -56.4748 0)
(-358.399 -56.3209 0)
(-309.325 -56.1589 0)
(-261.364 -50.6249 0)
(-243.224 -43.863 0)
(-224.421 -37.4687 0)
(-200.153 -31.1405 0)
(-160.548 -28.4277 0)
(-132.774 -26.0359 0)
(-119.183 -18.7377 0)
(-101.683 -16.5686 0)
(-82.3369 -24.5968 0)
(-68.8499 -32.2343 0)
(-37.9336 -35.8526 0)
(-18.6038 -32.9525 0)
(16.1869 -25.6924 0)
(32.8903 -13.6602 0)
(53.7498 -3.73464 0)
(56.4394 -7.31976 0)
(65.6827 -19.7417 0)
(61.1035 -22.469 0)
(43.2123 -7.79488 0)
(12.3657 22.7501 0)
(-50.8028 49.7406 0)
(-105.926 56.0641 0)
(-151.084 46.8573 0)
(-172.541 32.4572 0)
(-163.044 10.6916 0)
(-155.752 -7.76426 0)
(-126.397 -21.5291 0)
(-88.5722 -20.1625 0)
(-54.7677 -4.07564 0)
(-40.5356 0.582918 0)
(-38.1561 -1.13053 0)
(-34.1566 -0.795137 0)
(-38.9256 3.05108 0)
(-48.264 5.81343 0)
(-36.7491 -2.09059 0)
(109.993 -48.4177 0)
(147.936 -60.1515 0)
(225.681 -66.4743 0)
(249.62 -85.6125 0)
(294.049 -105.205 0)
(348.882 -111.003 0)
(438.029 -67.5281 0)
(493.495 27.7882 0)
(440.762 144.657 0)
(377.395 326.722 0)
(277.757 460.667 0)
(249.838 352.454 0)
(275.582 287.405 0)
(129.016 389.779 0)
(-212.74 317.401 0)
(687.197 -279.631 0)
(858.319 -337.307 0)
(559.454 -126.282 0)
(701.088 10.8858 0)
(333.667 -29.4373 0)
(-426.468 91.7405 0)
(117.059 -21.1051 0)
(-153.533 27.3911 0)
(-534.414 169.986 0)
(-461.575 56.1359 0)
(-728.196 -143.563 0)
(-1547.37 -171.51 0)
(-93.5611 -67.9012 0)
(-955.437 143.008 0)
(578.924 -232.036 0)
(1610.05 -631.826 0)
(1588.96 -570.561 0)
(1518.64 -327.349 0)
(1349.65 -1.87591 0)
(1030.58 156.167 0)
(941.69 192.288 0)
(792.134 196.24 0)
(820.564 60.1509 0)
(751.458 -40.6964 0)
(1078.52 113.664 0)
(847.599 156.348 0)
(336.954 99.0924 0)
(119.122 82.7558 0)
(232.04 160.113 0)
(141.199 193.745 0)
(106.544 156.499 0)
(6.8912 75.1319 0)
(-84.5725 47.9918 0)
(-144.615 82.5642 0)
(-251.285 78.916 0)
(-394.38 27.4289 0)
(-477.663 -19.2958 0)
(-512.792 -47.1124 0)
(-551.832 -63.1978 0)
(-530.471 -67.8752 0)
(-535.552 -71.2607 0)
(-507.453 -77.4092 0)
(-506.625 -76.9903 0)
(-473.597 -73.4525 0)
(-453.101 -71.9828 0)
(-446.209 -66.5629 0)
(-400.747 -64.4802 0)
(-386 -64.9748 0)
(-338.308 -67.0478 0)
(-294.814 -66.6459 0)
(-275.59 -57.9582 0)
(-237.378 -49.907 0)
(-227.384 -44.1302 0)
(-191.985 -39.6815 0)
(-157.293 -35.8247 0)
(-150.997 -30.93 0)
(-120.169 -23.5566 0)
(-103.416 -20.725 0)
(-95.9198 -28.7075 0)
(-71.0685 -37.7484 0)
(-54.9396 -42.1155 0)
(-22.6942 -39.6183 0)
(-3.72929 -32.1779 0)
(28.8337 -18.5898 0)
(40.9711 -7.44625 0)
(53.523 -8.15925 0)
(55.4634 -18.9093 0)
(42.9529 -18.5491 0)
(18.6386 -2.14063 0)
(-28.2181 36.4562 0)
(-94.6751 66.1197 0)
(-161.791 68.4876 0)
(-189.94 53.7896 0)
(-202.001 33.5741 0)
(-181.215 7.30746 0)
(-166.807 -13.9588 0)
(-136.503 -28.8526 0)
(-105.063 -28.3164 0)
(-73.3927 -10.2402 0)
(-56.7707 -2.07935 0)
(-49.0035 -2.21872 0)
(-44.5003 -0.37522 0)
(-53.4644 3.56406 0)
(-51.3209 5.45832 0)
(-38.5713 -2.40438 0)
(114.453 -78.561 0)
(160.674 -79.5174 0)
(228.534 -75.5316 0)
(245.349 -90.4115 0)
(266.727 -116.291 0)
(321.298 -127.948 0)
(390.477 -86.1923 0)
(470.268 27.5357 0)
(468.373 162.229 0)
(389.745 337.222 0)
(314.048 472.699 0)
(324.627 367.846 0)
(388.701 270.012 0)
(220.73 459.531 0)
(172.232 240.652 0)
(883.582 -376.908 0)
(905.539 -317.227 0)
(644.862 -74.9465 0)
(547.338 72.8562 0)
(249.772 63.3447 0)
(-374.919 131.43 0)
(4.72522 -50.185 0)
(-182.538 87.2329 0)
(-461.308 214.253 0)
(-474.149 171.158 0)
(-653.329 84.2896 0)
(-1692.14 -235.354 0)
(-210.093 -142.132 0)
(-342.452 -64.4035 0)
(1043.49 -515.042 0)
(1588.1 -722.843 0)
(1384.75 -543.67 0)
(953.153 -257.638 0)
(917.615 49.7878 0)
(747.214 198.919 0)
(725.689 219.713 0)
(616.692 244.258 0)
(464.374 67.7266 0)
(441.358 -99.4007 0)
(969.345 110.02 0)
(909.29 222.267 0)
(564.685 185.656 0)
(191.946 117.042 0)
(262.377 156.125 0)
(221.911 204.351 0)
(155.881 170.793 0)
(135.122 86.2176 0)
(85.1288 65.0072 0)
(23.7386 105.074 0)
(-64.315 111.096 0)
(-214.385 54.825 0)
(-273.911 3.09875 0)
(-367.399 -37.057 0)
(-391.228 -57.8984 0)
(-435.772 -67.8247 0)
(-428.685 -72.2452 0)
(-446.2 -79.3149 0)
(-425.998 -80.5536 0)
(-432.602 -77.2957 0)
(-403.725 -75.7831 0)
(-411.045 -71.976 0)
(-372.991 -70.8278 0)
(-368.392 -72.7519 0)
(-321.346 -76.5981 0)
(-300.399 -73.9922 0)
(-262.791 -65.4298 0)
(-244.786 -55.6985 0)
(-207.332 -49.2583 0)
(-195.961 -46.9507 0)
(-158.924 -41.0782 0)
(-154.386 -35.7756 0)
(-122.494 -28.9704 0)
(-112.266 -23.9235 0)
(-94.6202 -32.2188 0)
(-83.135 -42.7618 0)
(-58.0437 -47.955 0)
(-42.7262 -45.8943 0)
(-9.45256 -38.7375 0)
(10.9062 -24.4823 0)
(35.7208 -10.476 0)
(43.9936 -10.3797 0)
(45.4465 -16.0372 0)
(28.6229 -13.4652 0)
(-1.99821 7.23679 0)
(-63.4973 52.157 0)
(-142.584 83.7632 0)
(-190.993 80.0079 0)
(-225.056 57.1442 0)
(-217.222 30.6626 0)
(-192.591 1.99813 0)
(-163.153 -20.2994 0)
(-136.36 -36.4675 0)
(-114.595 -35.2662 0)
(-88.9432 -15.7303 0)
(-72.9728 -6.18272 0)
(-56.8966 -3.82742 0)
(-57.1832 0.0937747 0)
(-60.358 3.25468 0)
(-59.9108 3.68757 0)
(-38.71 -3.49636 0)
(113.5 -109.456 0)
(159.957 -99.2577 0)
(230.392 -85.2663 0)
(243.984 -93.2573 0)
(238.711 -122.659 0)
(268.291 -143.659 0)
(333.237 -107.931 0)
(401.734 15.8302 0)
(501.35 169.153 0)
(436.136 338.756 0)
(393.889 480.129 0)
(378.625 371.701 0)
(428.244 269.774 0)
(138.102 493.369 0)
(466.73 162.799 0)
(1068.5 -456.093 0)
(775.886 -261.74 0)
(250.774 4.73385 0)
(374.17 78.4921 0)
(140.68 156.306 0)
(-272.902 228.621 0)
(-255.393 -74.7412 0)
(200.135 76.6642 0)
(-539.609 214.065 0)
(-406.855 215.553 0)
(60.9724 168.978 0)
(-951.617 -361.617 0)
(-501.594 -286.514 0)
(247.772 -320.212 0)
(1300.44 -665.902 0)
(1356.85 -684.781 0)
(639.345 -420.702 0)
(359.732 -214.769 0)
(299.598 65.4326 0)
(337.825 215.744 0)
(164.567 209.632 0)
(335.198 242.107 0)
(404.454 41.3362 0)
(97.5213 -195.384 0)
(717.238 54.8818 0)
(922.41 246.84 0)
(866.486 263.543 0)
(526.284 164.036 0)
(515.332 157.588 0)
(375.26 227.781 0)
(256.498 186.816 0)
(233.343 91.7973 0)
(152.589 72.8758 0)
(159.609 122.73 0)
(93.4177 135.087 0)
(12.8248 85.3907 0)
(-112.934 23.7338 0)
(-175.576 -17.9983 0)
(-263.152 -45.1653 0)
(-302.83 -57.5878 0)
(-354.84 -68.4992 0)
(-353.681 -77.749 0)
(-374.539 -80.5239 0)
(-359.738 -79.5956 0)
(-370.42 -77.5203 0)
(-353.87 -74.3008 0)
(-355.747 -75 0)
(-328.304 -78.3385 0)
(-314.003 -83.8924 0)
(-277.85 -81.7227 0)
(-263.271 -70.9827 0)
(-230.152 -63.5227 0)
(-196.134 -56.5517 0)
(-177.896 -51.831 0)
(-169.276 -45.6777 0)
(-144.656 -39.5882 0)
(-133.873 -33.7076 0)
(-110.002 -27.9314 0)
(-102.399 -35.7801 0)
(-83.9495 -46.9223 0)
(-73.1122 -52.8366 0)
(-50.883 -51.4776 0)
(-32.3559 -45.451 0)
(2.36748 -30.3674 0)
(19.7736 -15.329 0)
(36.0995 -10.6397 0)
(32.3832 -13.7172 0)
(15.8667 -7.25309 0)
(-24.1132 18.4699 0)
(-101.526 71.1561 0)
(-172.183 100.557 0)
(-224.706 88.2553 0)
(-231.334 56.4733 0)
(-221.586 24.9747 0)
(-187.856 -5.85669 0)
(-164.113 -26.7956 0)
(-135.512 -41.9092 0)
(-114.711 -40.4313 0)
(-100.93 -20.8235 0)
(-80.0004 -10.5784 0)
(-65.4583 -5.51235 0)
(-66.068 0.602937 0)
(-69.705 2.26662 0)
(-63.4756 0.939936 0)
(-40.378 -4.44706 0)
(105.545 -140.017 0)
(160.289 -120.87 0)
(229.939 -92.2718 0)
(243.643 -91.8956 0)
(228.953 -122.167 0)
(226.516 -151.348 0)
(263.43 -129.627 0)
(319.115 -9.1518 0)
(474.545 161.25 0)
(487.643 338.106 0)
(429.302 494.294 0)
(444.208 388.184 0)
(452.126 265.409 0)
(-30.8811 492.746 0)
(686.495 35.3282 0)
(1064.6 -462.554 0)
(482.301 -191.491 0)
(-55.2473 67.9769 0)
(121.778 64.3103 0)
(-87.0133 224.012 0)
(-493.607 259.496 0)
(-357.98 -114.864 0)
(247.938 89.845 0)
(-615.489 347.445 0)
(-292.525 152.268 0)
(435.109 144.003 0)
(176.95 -112.551 0)
(-278.203 -390.578 0)
(610.345 -552.591 0)
(1203.4 -749.631 0)
(983.43 -592.299 0)
(141.459 -298.516 0)
(371.669 -186.487 0)
(410.934 108.592 0)
(508.652 282.662 0)
(-47.446 130.806 0)
(416.303 237.144 0)
(527.307 62.5324 0)
(142.38 -186.264 0)
(264.174 -78.9445 0)
(719.057 188.459 0)
(897.37 279.511 0)
(798.026 198.665 0)
(816.865 175.065 0)
(705.919 260.202 0)
(526.66 222.31 0)
(353.575 111.474 0)
(219.762 84.6406 0)
(155.67 121.681 0)
(199.075 145.952 0)
(143.528 105.11 0)
(52.885 46.6888 0)
(-23.1932 1.20557 0)
(-140.188 -26.3692 0)
(-223.596 -45.7515 0)
(-254.1 -59.8072 0)
(-297.485 -74.9079 0)
(-294.049 -79.57 0)
(-315.78 -78.2046 0)
(-304.672 -77.4271 0)
(-326.153 -75.0091 0)
(-306.591 -77.3118 0)
(-312.645 -83.1813 0)
(-276.892 -89.4281 0)
(-271.983 -86.2953 0)
(-242.327 -77.5063 0)
(-215.844 -71.0625 0)
(-204.392 -61.9537 0)
(-187.191 -55.2549 0)
(-160.286 -49.5911 0)
(-150.893 -43.7646 0)
(-137.593 -38.0827 0)
(-116.296 -31.9242 0)
(-100.125 -38.8834 0)
(-94.1182 -50.197 0)
(-80.4648 -56.3006 0)
(-77.1889 -56.3365 0)
(-45.8363 -52.1941 0)
(-20.4523 -36.7462 0)
(3.35239 -19.7727 0)
(22.645 -12.7169 0)
(19.6919 -10.1044 0)
(-4.22162 0.267151 0)
(-44.3519 32.9412 0)
(-132.005 91.4495 0)
(-204.945 114.218 0)
(-226.601 94.6128 0)
(-243.942 56.0396 0)
(-210.769 19.3257 0)
(-185.981 -13.2482 0)
(-157.432 -34.4532 0)
(-129.5 -47.8523 0)
(-112.884 -44.088 0)
(-101.357 -25.1632 0)
(-80.226 -14.6774 0)
(-72.0162 -6.49151 0)
(-75.482 1.34409 0)
(-76.6664 0.495034 0)
(-68.5249 -2.77348 0)
(-41.2811 -5.9252 0)
(99.5982 -168.904 0)
(154.581 -140.335 0)
(216.572 -103.238 0)
(241.668 -91.8224 0)
(227.355 -116.586 0)
(210.793 -151.88 0)
(208.157 -137.905 0)
(233.124 -33.7301 0)
(422.875 136.204 0)
(479.07 317.208 0)
(506.336 500.304 0)
(455.372 418.603 0)
(370.665 304.158 0)
(-248.598 474.944 0)
(864.062 -148.109 0)
(961.504 -387.059 0)
(-191.301 -46.0702 0)
(-0.599718 111.419 0)
(-152.371 93.5335 0)
(-364.813 268.24 0)
(-590.346 265.032 0)
(-113.381 -195.733 0)
(93.1213 67.2204 0)
(-85.6532 306.486 0)
(286.156 12.1047 0)
(581.066 66.9676 0)
(605.648 -133.192 0)
(735.297 -351.285 0)
(869.17 -561.301 0)
(776.704 -667.705 0)
(402.074 -409.038 0)
(22.9913 -286.364 0)
(296.92 -251.805 0)
(503.149 66.3055 0)
(634.13 321.777 0)
(305.01 214.644 0)
(584.778 233.746 0)
(772.086 95.4686 0)
(524.558 -55.5756 0)
(129.917 -84.6097 0)
(513.453 99.8519 0)
(720.894 229.94 0)
(860.086 193.831 0)
(823.748 178.911 0)
(814.667 290.156 0)
(673.023 273.789 0)
(444.749 156.757 0)
(231.178 122.25 0)
(162.921 123.884 0)
(234.035 145.155 0)
(253.551 114.786 0)
(191.074 71.7991 0)
(74.9159 26.8014 0)
(-18.6033 -2.79535 0)
(-95.134 -25.4226 0)
(-183.694 -49.8227 0)
(-207.178 -67.7649 0)
(-246.161 -76.2584 0)
(-243.315 -76.1709 0)
(-267.492 -74.0801 0)
(-291.171 -74.1793 0)
(-270.462 -78.4916 0)
(-283.246 -86.5778 0)
(-249.172 -93.8639 0)
(-255.948 -90.715 0)
(-224.143 -83.4311 0)
(-216.277 -75.2721 0)
(-206.227 -65.8055 0)
(-175.941 -60.7856 0)
(-165.573 -54.2269 0)
(-150.718 -46.8694 0)
(-126.597 -42.1112 0)
(-110.289 -36.3729 0)
(-105.666 -41.1233 0)
(-97.0592 -51.612 0)
(-99.1979 -57.7023 0)
(-100.057 -59.6271 0)
(-78.2524 -59.7174 0)
(-37.1933 -43.6647 0)
(-14.9556 -25.0761 0)
(6.72112 -14.1061 0)
(-0.537167 -6.36428 0)
(-18.2681 8.82918 0)
(-69.6475 49.5316 0)
(-164.421 109.8 0)
(-216.521 125.712 0)
(-232.761 99.1658 0)
(-244.691 54.2813 0)
(-208.814 12.1864 0)
(-175.809 -20.0842 0)
(-153.016 -41.0107 0)
(-119.736 -53.6106 0)
(-105.998 -47.1632 0)
(-97.3501 -28.3165 0)
(-83.5436 -17.9267 0)
(-79.5443 -6.35887 0)
(-83.9531 2.07511 0)
(-82.1691 -1.90888 0)
(-68.8184 -7.17157 0)
(-41.7698 -7.22592 0)
(97.2409 -195.531 0)
(131.199 -160.583 0)
(193.949 -112.611 0)
(219.622 -95.2759 0)
(234.595 -113.383 0)
(205.125 -143.801 0)
(188.24 -139.752 0)
(184.603 -53.2748 0)
(363.991 105.43 0)
(411.344 295.06 0)
(488.635 506.708 0)
(486.066 461.717 0)
(432.926 353.605 0)
(-280.116 432.297 0)
(974.094 -273.798 0)
(800.839 -232.75 0)
(-531.923 75.2494 0)
(-6.26034 112.632 0)
(-301.375 146.423 0)
(-632.726 317.655 0)
(-825.289 226.86 0)
(241.4 -264.138 0)
(-217.62 89.9452 0)
(-279.498 283.093 0)
(411.411 -23.8397 0)
(864.36 3.2051 0)
(923.572 -168.776 0)
(752.168 -463.23 0)
(596.489 -625.735 0)
(308.695 -709.356 0)
(112.192 -372.451 0)
(27.1657 -320.08 0)
(187.64 -312.435 0)
(517.741 42.9485 0)
(794.211 334.887 0)
(252.996 137.789 0)
(388.725 118.156 0)
(1051.11 131.162 0)
(278.961 -34.3246 0)
(94.5048 -68.2686 0)
(27.5454 -5.3795 0)
(322.002 175.039 0)
(698.641 160.642 0)
(644.59 181.969 0)
(717.918 298.726 0)
(757.165 311.04 0)
(520.287 207.304 0)
(330.43 161.03 0)
(170.359 126.768 0)
(287.615 128.72 0)
(298.471 116.856 0)
(241.858 87.7476 0)
(179.986 53.3071 0)
(70.3154 21.5992 0)
(-23.0299 -5.98912 0)
(-85.4176 -32.4863 0)
(-155.033 -59.6183 0)
(-171.011 -70.9354 0)
(-204.462 -71.7303 0)
(-229.327 -68.9475 0)
(-228.072 -71.4752 0)
(-246.342 -79.1827 0)
(-231.834 -88.7272 0)
(-232.808 -95.6104 0)
(-218.36 -92.9767 0)
(-214.256 -85.98 0)
(-209.13 -77.742 0)
(-187.012 -70.3121 0)
(-174.615 -64.7145 0)
(-164.019 -58.1265 0)
(-136.84 -51.8674 0)
(-125.845 -46.3287 0)
(-112.853 -38.5378 0)
(-102.521 -42.4556 0)
(-107.509 -51.3505 0)
(-117.474 -55.9205 0)
(-142.843 -61.9857 0)
(-108.748 -67.9061 0)
(-68.919 -52.0864 0)
(-32.155 -30.9303 0)
(-16.853 -15.9001 0)
(-16.295 -2.76093 0)
(-40.7427 17.2182 0)
(-95.7984 66.5115 0)
(-186.184 129.453 0)
(-237.288 135.659 0)
(-246.723 101.47 0)
(-233.043 48.3966 0)
(-194.367 3.84672 0)
(-168.179 -27.0623 0)
(-147.647 -48.4759 0)
(-114.224 -58.966 0)
(-98.3237 -49.6863 0)
(-95.4396 -30.5172 0)
(-86.0814 -19.7053 0)
(-87.7365 -5.77496 0)
(-89.1496 2.09684 0)
(-82.0565 -5.4718 0)
(-69.798 -12.1932 0)
(-39.4213 -8.8361 0)
(86.0236 -220.854 0)
(118.498 -177.828 0)
(183.481 -119.927 0)
(210.933 -97.9617 0)
(213.36 -112.916 0)
(206.93 -139.51 0)
(161.237 -136.615 0)
(149.532 -67.6536 0)
(301.164 87.5529 0)
(351.991 258.778 0)
(427.773 495.1 0)
(545.532 474.063 0)
(583.098 414.629 0)
(8.28892 386.602 0)
(1059.72 -345.489 0)
(491.878 -46.722 0)
(-332.982 122.478 0)
(-107.759 135.215 0)
(-497.442 262.443 0)
(-721.784 348.6 0)
(-503.8 76.5356 0)
(629.855 -295.09 0)
(-235.596 102.507 0)
(197.915 126.454 0)
(799.976 -181.869 0)
(931.99 -66.1103 0)
(1092.19 -143.123 0)
(699.875 -408.123 0)
(226.269 -520.181 0)
(145.295 -507.607 0)
(239.134 -389.343 0)
(184.537 -308.691 0)
(-55.5971 -374.098 0)
(193.293 -64.0013 0)
(759.273 336.732 0)
(318.628 224.475 0)
(380.986 99.9085 0)
(578.147 71.8816 0)
(-165.84 9.52413 0)
(62.6751 3.06798 0)
(-108.17 16.5931 0)
(295.387 119.065 0)
(441.445 140.405 0)
(246.367 170.147 0)
(441.842 272.749 0)
(743.549 326.641 0)
(579.35 255.301 0)
(382.054 195.953 0)
(257.498 139.127 0)
(328.858 112.26 0)
(334.142 120.041 0)
(304.735 103.617 0)
(225.285 69.8319 0)
(167.31 45.4094 0)
(87.1174 18.8202 0)
(-24.3884 -15.1925 0)
(-72.5672 -47.4385 0)
(-131.346 -62.1502 0)
(-165.46 -65.0789 0)
(-168.661 -66.3188 0)
(-193.615 -69.0105 0)
(-194.184 -79.1233 0)
(-191.134 -90.4254 0)
(-187.732 -96.8256 0)
(-200.211 -94.2177 0)
(-185.592 -87.7604 0)
(-180.854 -80.5432 0)
(-178.7 -73.7214 0)
(-157.512 -68.0817 0)
(-154.143 -62.2675 0)
(-135.831 -56.6201 0)
(-115.229 -49.3538 0)
(-110.513 -41.1567 0)
(-105.45 -42.1483 0)
(-115.693 -48.0091 0)
(-144.284 -49.3372 0)
(-187.479 -61.6663 0)
(-154.069 -78.5097 0)
(-97.0803 -62.4017 0)
(-61.4337 -38.1436 0)
(-35.7161 -17.9383 0)
(-43.3224 0.227651 0)
(-56.7458 26.7509 0)
(-122.993 84.8034 0)
(-207.815 144.792 0)
(-240.654 142.63 0)
(-239.066 95.7847 0)
(-211.972 40.6557 0)
(-184.736 -3.40546 0)
(-154.722 -33.6815 0)
(-138.63 -54.9054 0)
(-108.855 -64.6375 0)
(-96.2919 -52.1293 0)
(-93.1911 -31.4785 0)
(-90.6017 -20.2762 0)
(-91.945 -5.04127 0)
(-89.0844 1.1562 0)
(-73.7879 -9.49176 0)
(-62.9976 -17.1078 0)
(-34.7293 -10.2573 0)
(75.5342 -241.431 0)
(88.1502 -193.513 0)
(161.123 -131.103 0)
(177.991 -104.377 0)
(190.765 -112.783 0)
(186.25 -131.829 0)
(135.624 -131.48 0)
(107.832 -80.7974 0)
(245.999 63.5587 0)
(311.707 225.617 0)
(289.299 477.559 0)
(624.761 447.041 0)
(653.82 457.082 0)
(309.552 325.724 0)
(1063.04 -333.644 0)
(31.9865 83.0541 0)
(-428.737 156.926 0)
(-73.5512 120.52 0)
(-210.177 270.608 0)
(-225.938 284.999 0)
(467.713 -98.0219 0)
(619.318 -262.973 0)
(211.441 41.0341 0)
(346.451 72.98 0)
(755.825 -152.085 0)
(833.756 -95.5428 0)
(1107.85 -144.366 0)
(1016.85 -263.322 0)
(379.165 -462.127 0)
(311.446 -550.514 0)
(411.238 -399.684 0)
(385.424 -273.687 0)
(-9.5389 -339.168 0)
(-115.762 -176.583 0)
(511.405 300.579 0)
(198.765 225.451 0)
(470.372 123.067 0)
(481.14 165.306 0)
(-207.155 82.638 0)
(239.066 -20.5166 0)
(-124.335 -2.40029 0)
(-142.552 60.7403 0)
(193.17 159.936 0)
(-231.928 161.075 0)
(87.3648 210.08 0)
(628.848 294.21 0)
(569.921 290.072 0)
(496.046 232.787 0)
(342.403 153.232 0)
(405.286 109.032 0)
(388.083 125.655 0)
(355.678 114.522 0)
(286.283 87.2699 0)
(209.152 60.6163 0)
(123.145 37.9776 0)
(56.4921 6.84312 0)
(-29.3247 -31.537 0)
(-88.9809 -51.5764 0)
(-103.477 -60.5742 0)
(-134.596 -62.7206 0)
(-140.23 -66.1018 0)
(-145.246 -76.4882 0)
(-171.291 -89.0345 0)
(-176.568 -95.5898 0)
(-166.636 -95.2529 0)
(-170.119 -87.8688 0)
(-169.113 -81.5537 0)
(-155.501 -76.0737 0)
(-151.649 -70.6704 0)
(-134.253 -65.778 0)
(-117.83 -60.296 0)
(-114.258 -52.1509 0)
(-100.871 -41.7002 0)
(-104.93 -41.0315 0)
(-123.552 -41.179 0)
(-171.81 -38.3697 0)
(-230.438 -59.2423 0)
(-206.954 -89.8308 0)
(-138.961 -75.9558 0)
(-86.2681 -46.0424 0)
(-66.8059 -20.3572 0)
(-61.9846 2.87052 0)
(-80.7721 36.8471 0)
(-152.196 102.147 0)
(-216.108 157.792 0)
(-228.585 144.471 0)
(-217.619 93.3535 0)
(-198.189 34.6094 0)
(-168.25 -9.67345 0)
(-146.519 -39.121 0)
(-126.884 -60.402 0)
(-104.991 -68.9557 0)
(-91.389 -53.7645 0)
(-94.9596 -31.6775 0)
(-91.5718 -20.3025 0)
(-99.3546 -5.43365 0)
(-81.9121 -1.64706 0)
(-61.9022 -14.4372 0)
(-53.2678 -21.6515 0)
(-30.2766 -11.3842 0)
(46.7561 -256.936 0)
(63.6006 -207.318 0)
(139.323 -136.943 0)
(164.801 -105.722 0)
(165.556 -114.175 0)
(157.57 -127.33 0)
(124.946 -124.216 0)
(94.1858 -85.0688 0)
(202.811 46.7264 0)
(266.125 209.734 0)
(180.219 443.815 0)
(674.117 402.463 0)
(638.352 474.245 0)
(533.084 270.372 0)
(1035.72 -206.163 0)
(-551.677 240.147 0)
(-280.511 175.78 0)
(3.4342 109.525 0)
(-186.271 297.063 0)
(148.093 202.08 0)
(873.822 -148.963 0)
(-52.7888 -103.068 0)
(305.043 113.417 0)
(898.393 -87.3201 0)
(1039.52 -213.507 0)
(1155.47 -147.418 0)
(1262.18 -143.204 0)
(1097.41 -209.214 0)
(849.439 -376.917 0)
(719.488 -501.579 0)
(628.365 -402.548 0)
(540.182 -206.88 0)
(151.722 -244.658 0)
(-26.0516 -199.617 0)
(208.785 290.451 0)
(321.803 234.145 0)
(447.571 124.65 0)
(329.382 216.703 0)
(-96.8626 114.817 0)
(239.475 -1.17325 0)
(-114.795 32.6373 0)
(-177.306 57.0155 0)
(-174.111 177.167 0)
(-235.768 111.483 0)
(-106.327 100.85 0)
(464.818 224.057 0)
(545.481 279.636 0)
(431.421 272 0)
(370.799 158.135 0)
(417.869 106.104 0)
(416.462 134.263 0)
(361.775 127.945 0)
(299.247 104.584 0)
(245.091 79.3042 0)
(158.943 58.1506 0)
(119.042 25.3544 0)
(21.6342 -15.2225 0)
(-17.3043 -40.0217 0)
(-67.5138 -53.8532 0)
(-79.7144 -58.0982 0)
(-110.751 -62.7287 0)
(-109.849 -72.8907 0)
(-142.649 -85.7479 0)
(-137.554 -95.7463 0)
(-148.453 -95.3783 0)
(-138.504 -89.2332 0)
(-139.333 -82.7169 0)
(-144.577 -77.5677 0)
(-131.348 -72.9481 0)
(-128.503 -69.4132 0)
(-107.22 -63.3078 0)
(-99.4434 -53.3542 0)
(-101.249 -42.1867 0)
(-100.178 -37.4796 0)
(-131.744 -29.9616 0)
(-208.452 -23.1529 0)
(-267.7 -54.0921 0)
(-260.536 -101.691 0)
(-179.697 -91.7304 0)
(-124.124 -56.4809 0)
(-89.5277 -23.4717 0)
(-88.2512 5.21023 0)
(-105.889 47.689 0)
(-178.286 118.776 0)
(-228.242 165.421 0)
(-221.219 145.024 0)
(-204.42 86.5254 0)
(-175.364 27.5123 0)
(-155.542 -15.0033 0)
(-134.55 -44.6051 0)
(-122.951 -65.3797 0)
(-101.062 -72.3562 0)
(-92.0902 -55.1743 0)
(-92.17 -31.1294 0)
(-96.6147 -20.2277 0)
(-96.1038 -6.9994 0)
(-66.2015 -6.94837 0)
(-45.1673 -19.3137 0)
(-37.981 -24.9993 0)
(-19.6388 -11.9602 0)
(17.8099 -268.634 0)
(51.1228 -220.148 0)
(100.67 -148.511 0)
(135.641 -112.989 0)
(153.408 -111.941 0)
(146.993 -119.561 0)
(103.112 -119.101 0)
(69.9987 -93.1381 0)
(163.476 29.6195 0)
(219.853 192.101 0)
(131.672 400.411 0)
(737.185 342.23 0)
(605.63 479.406 0)
(668.22 228.54 0)
(933.532 -10.5437 0)
(-277.205 320.443 0)
(47.442 135.784 0)
(167.805 86.7282 0)
(217.786 235.545 0)
(721.698 57.0154 0)
(1060.31 -109.532 0)
(640.129 -125.191 0)
(695.798 -55.8071 0)
(1186.13 -140.197 0)
(1230.81 -207.388 0)
(1229.51 -162.678 0)
(1243.23 -144.878 0)
(1187.52 -185.151 0)
(1052.29 -349.434 0)
(981.604 -469.051 0)
(810.265 -373.148 0)
(660.542 -162.494 0)
(130.793 -172.248 0)
(-146.854 -178.237 0)
(-406.627 129.773 0)
(56.7097 148.41 0)
(299.228 119.279 0)
(185.077 242.424 0)
(42.2905 112.29 0)
(243.77 21.2378 0)
(-165.051 89.148 0)
(-320.138 93.7209 0)
(-361.584 178.303 0)
(-39.2403 92.6394 0)
(-383.09 37.5927 0)
(297.634 153.012 0)
(415.868 265.66 0)
(382.988 279.104 0)
(354.817 152.539 0)
(391.503 103.935 0)
(370.001 137.421 0)
(342.711 139.514 0)
(301.001 119.689 0)
(238.295 95.7807 0)
(201.575 71.5253 0)
(161.18 41.5465 0)
(83.5387 2.66751 0)
(10.9136 -27.959 0)
(-12.9788 -45.7807 0)
(-54.7246 -52.13 0)
(-65.6283 -59.042 0)
(-90.9265 -68.1828 0)
(-100.83 -82.2378 0)
(-115.669 -94.1208 0)
(-113.408 -95.8048 0)
(-110.604 -88.4371 0)
(-124.725 -81.2102 0)
(-120.136 -77.8988 0)
(-122.866 -74.8292 0)
(-110.494 -72.3877 0)
(-107.424 -66.2411 0)
(-91.7547 -54.4023 0)
(-99.2517 -41.4162 0)
(-103.897 -33.0118 0)
(-139.943 -14.7387 0)
(-232.412 -4.35074 0)
(-301.416 -45.2146 0)
(-307.677 -112.473 0)
(-215.493 -109.065 0)
(-158.588 -68.3607 0)
(-120.131 -28.4095 0)
(-106.83 6.57556 0)
(-137.805 61.0857 0)
(-199.547 129.448 0)
(-224.481 169.36 0)
(-208.027 141.301 0)
(-183.973 80.5054 0)
(-158.059 22.0399 0)
(-138.239 -19.4183 0)
(-124.424 -48.782 0)
(-115.296 -69.4062 0)
(-99.678 -75.5257 0)
(-87.1241 -56.1211 0)
(-96.2861 -30.5306 0)
(-90.7799 -20.5754 0)
(-89.0301 -11.6028 0)
(-44.3226 -12.9841 0)
(-27.9885 -24.2369 0)
(-16.0582 -27.3863 0)
(-7.89452 -12.5092 0)
(0.128982 -274.201 0)
(23.4283 -232.107 0)
(73.1443 -155.939 0)
(116.628 -118.634 0)
(130.714 -115.294 0)
(122.553 -117.154 0)
(104.891 -112.755 0)
(62.2383 -90.597 0)
(127.49 17.3774 0)
(186.709 174.568 0)
(57.6562 362.651 0)
(787.176 281.729 0)
(464.198 473.706 0)
(686.253 193.85 0)
(710.255 143.502 0)
(-105.659 285.559 0)
(242.95 109.395 0)
(212.692 72.3522 0)
(567.383 168.726 0)
(1031.45 -32.4556 0)
(846.543 -100.043 0)
(1046.95 -82.5921 0)
(952.179 -108.411 0)
(1310.62 -195.882 0)
(1319.34 -204.717 0)
(1299.8 -164.623 0)
(1287.66 -129.605 0)
(1181.59 -167.288 0)
(1136.15 -324.685 0)
(1063.76 -435.854 0)
(929.736 -324.292 0)
(748.563 -74.0013 0)
(349.34 -59.5528 0)
(-46.1063 -59.0615 0)
(-284.938 205.174 0)
(-33.2737 132.009 0)
(209.596 110.269 0)
(63.8613 251.848 0)
(-134.658 107.249 0)
(231.143 36.2065 0)
(-206.113 139.544 0)
(-360.232 123.927 0)
(-365.97 142.022 0)
(-31.8284 98.8826 0)
(-511.759 33.7413 0)
(208.723 52.5474 0)
(249.981 232.72 0)
(328.728 273.039 0)
(310.316 146.249 0)
(321.632 107.318 0)
(309.085 146.54 0)
(271.908 145.545 0)
(254.353 128.275 0)
(232.91 104.849 0)
(200.357 80.4091 0)
(156.155 55.4398 0)
(88.6419 19.145 0)
(50.7833 -16.8159 0)
(3.2566 -36.647 0)
(-31.0016 -45.3735 0)
(-50.4854 -54.8487 0)
(-52.2371 -64.2546 0)
(-81.431 -78.8603 0)
(-79.1178 -93.0641 0)
(-82.2884 -95.755 0)
(-97.8665 -86.8933 0)
(-98.5863 -80.3443 0)
(-107.739 -77.6003 0)
(-102.218 -75.3732 0)
(-104.689 -73.9422 0)
(-94.2269 -68.3534 0)
(-93.8885 -55.0125 0)
(-89.0707 -39.2654 0)
(-104.879 -28.0256 0)
(-139.615 2.06395 0)
(-263.991 18.049 0)
(-316.642 -39.3261 0)
(-334.869 -120.688 0)
(-253.04 -128.764 0)
(-181.652 -81.2 0)
(-145.119 -35.954 0)
(-124.771 9.24765 0)
(-167.58 69.8317 0)
(-208.493 138.613 0)
(-221.109 168.378 0)
(-185.017 137.473 0)
(-164.072 74.2618 0)
(-138.055 16.2785 0)
(-117.903 -22.4364 0)
(-114.088 -50.9795 0)
(-110.246 -71.9185 0)
(-97.1417 -77.9022 0)
(-88.2686 -56.7828 0)
(-89.2385 -29.8565 0)
(-88.2773 -22.8775 0)
(-71.3153 -18.3824 0)
(-20.5381 -20.7905 0)
(-2.20839 -28.8707 0)
(0.745621 -29.4924 0)
(12.9895 -12.686 0)
(-35.522 -273.736 0)
(10.4688 -240.648 0)
(54.6979 -165.699 0)
(93.5234 -128.453 0)
(126.954 -115.418 0)
(113.865 -111.361 0)
(85.225 -106.351 0)
(46.0822 -90.2266 0)
(96.556 7.06547 0)
(139.935 158.778 0)
(32.9412 312.645 0)
(806.325 248.035 0)
(177.151 451.514 0)
(624.695 156.692 0)
(486.84 272.171 0)
(-516.433 329.74 0)
(391.039 24.738 0)
(418.959 9.60889 0)
(777.197 52.6542 0)
(958.999 -35.4626 0)
(881.041 -110.889 0)
(1175.42 -120.556 0)
(1190.03 -135.697 0)
(1201.28 -221.036 0)
(1278.81 -207.528 0)
(1278.46 -153.571 0)
(1218.22 -110.521 0)
(1181.34 -157.123 0)
(1220.84 -321.164 0)
(1143.1 -394.914 0)
(966.975 -270.583 0)
(771.166 -28.5705 0)
(613.97 36.8901 0)
(168.668 33.8956 0)
(-75.243 153.256 0)
(152.131 108.042 0)
(1.06089 108.76 0)
(115.921 269.582 0)
(-67.9482 99.858 0)
(116.541 75.3694 0)
(-297.943 199.92 0)
(-255.265 133.444 0)
(-158.971 112.016 0)
(-41.0634 104.844 0)
(-500.208 5.65288 0)
(-34.6417 -42.2939 0)
(-5.25397 219.729 0)
(286.326 261.847 0)
(271.343 146.76 0)
(220.241 114.117 0)
(231.583 149.619 0)
(211.002 148.845 0)
(203.227 130.384 0)
(192.783 108.156 0)
(172.778 87.2895 0)
(158.484 67.8848 0)
(96.7414 32.6451 0)
(52.8643 -5.68099 0)
(19.3907 -28.2903 0)
(8.89237 -39.5584 0)
(-26.9752 -51.1346 0)
(-22.1719 -60.2742 0)
(-57.0757 -75.6501 0)
(-48.0946 -91.9801 0)
(-65.0603 -93.5311 0)
(-69.8838 -84.8974 0)
(-84.2077 -78.3353 0)
(-84.309 -76.8041 0)
(-92.9504 -75.4501 0)
(-87.6486 -74.4087 0)
(-91.5336 -69.3853 0)
(-83.9741 -55.4592 0)
(-89.7816 -37.5351 0)
(-95.0762 -21.3571 0)
(-147.024 23.8687 0)
(-284.248 45.5151 0)
(-328.673 -28.7096 0)
(-343.844 -129.268 0)
(-271.263 -147.286 0)
(-204.891 -95.3792 0)
(-157.977 -43.1881 0)
(-149.595 14.3765 0)
(-186.912 78.6731 0)
(-217.093 142.171 0)
(-207.405 164.231 0)
(-159.346 129.97 0)
(-135.446 67.4581 0)
(-111.972 11.3874 0)
(-104.583 -24.4304 0)
(-99.7091 -52.0414 0)
(-104.943 -73.8297 0)
(-94.6402 -80.3061 0)
(-81.283 -57.5313 0)
(-91.5631 -30.1681 0)
(-74.5831 -27.4623 0)
(-47.6129 -27.2281 0)
(3.7797 -28.6924 0)
(22.6369 -32.6979 0)
(25.7328 -31.7224 0)
(43.7145 -14.43 0)
(-48.7514 -271.956 0)
(-10.3422 -249.744 0)
(32.5048 -175.759 0)
(77.8122 -137.733 0)
(101.484 -118.412 0)
(86.8682 -109.723 0)
(61.2906 -101.167 0)
(31.1761 -84.5978 0)
(72.8971 2.77367 0)
(96.4164 138.32 0)
(44.2846 252.458 0)
(883.074 234.109 0)
(-45.0253 435.285 0)
(577.787 143.204 0)
(177.716 382.965 0)
(28.0814 298.675 0)
(439.833 -69.4659 0)
(425.361 -12.2123 0)
(610.818 13.0504 0)
(771.473 -61.3651 0)
(931.613 -150.607 0)
(1101.66 -142.187 0)
(1111.16 -130.693 0)
(1032.06 -217.259 0)
(1089.26 -217.825 0)
(1190.1 -154.945 0)
(1165.98 -107.792 0)
(1187.74 -169.763 0)
(1201.19 -311.421 0)
(1142.03 -365.346 0)
(1006.23 -226.14 0)
(828.077 5.99808 0)
(652.589 111.416 0)
(228.144 118.288 0)
(-39.8081 129.087 0)
(308.113 77.4243 0)
(117.323 139.33 0)
(137.176 259.757 0)
(26.6213 103.436 0)
(0.023467 123.93 0)
(-179.992 209.536 0)
(-91.4811 115.972 0)
(89.2567 95.3995 0)
(65.5626 137.271 0)
(-178.542 30.8915 0)
(-314.81 -48.298 0)
(-262.002 138.105 0)
(344.953 224.639 0)
(278.423 159.275 0)
(171.489 126.684 0)
(166.619 153.253 0)
(160.8 150.939 0)
(161.591 132.449 0)
(155.82 111.516 0)
(150.634 90.508 0)
(138.208 74.9332 0)
(112.908 41.971 0)
(83.4318 1.83376 0)
(58.6662 -21.9461 0)
(26.987 -33.7703 0)
(14.0424 -47.5155 0)
(-8.17167 -56.2741 0)
(-20.0843 -72.0624 0)
(-30.6157 -90.4754 0)
(-35.5152 -90.9776 0)
(-54.3018 -81.9969 0)
(-58.9803 -76.5502 0)
(-71.6588 -75.0685 0)
(-73.4559 -74.6665 0)
(-80.7422 -74.5708 0)
(-78.4651 -69.3182 0)
(-83.3413 -55.4496 0)
(-82.4712 -35.8784 0)
(-95.6313 -13.5801 0)
(-162.407 48.6903 0)
(-295.408 61.3798 0)
(-315.941 -27.1592 0)
(-339.414 -134.988 0)
(-280.976 -164.049 0)
(-213.122 -109.328 0)
(-172.475 -46.8197 0)
(-169.219 17.0918 0)
(-201.472 86.3562 0)
(-212.405 142.233 0)
(-189.906 155.313 0)
(-129.394 119.888 0)
(-106.719 60.3834 0)
(-94.722 8.40353 0)
(-85.4521 -24.8245 0)
(-89.8278 -51.7124 0)
(-95.442 -74.772 0)
(-86.7269 -82.1085 0)
(-82.7485 -58.2312 0)
(-80.2835 -31.1857 0)
(-69.6798 -34.9813 0)
(-26.3452 -36.7276 0)
(21.7823 -36.7301 0)
(37.0572 -36.3492 0)
(37.663 -33.6377 0)
(56.1649 -17.0534 0)
(-66.5737 -263.792 0)
(-13.189 -255.524 0)
(18.5221 -182.586 0)
(52.3378 -147.443 0)
(76.2706 -119.638 0)
(68.5242 -102.846 0)
(34.0623 -94.9369 0)
(9.64679 -82.2473 0)
(45.5585 -3.56639 0)
(68.4448 114.057 0)
(66.0821 183.375 0)
(861.5 269.361 0)
(174.954 433.65 0)
(535.08 196.481 0)
(-233.591 452.835 0)
(204.818 261.915 0)
(349.382 -105.476 0)
(305.212 -43.9528 0)
(482.65 -11.2377 0)
(608.868 -103.373 0)
(873.509 -199.854 0)
(858.382 -155.955 0)
(892.057 -131.613 0)
(880.003 -218.351 0)
(918.202 -237.092 0)
(996.497 -175.22 0)
(1080.98 -115.648 0)
(1118.16 -170.554 0)
(1164.1 -303.37 0)
(1134.13 -343.74 0)
(1015.76 -194.169 0)
(855.607 47.556 0)
(635.351 178.657 0)
(388.429 168.669 0)
(311.102 130.866 0)
(431.413 87.885 0)
(79.7583 181.308 0)
(116.998 241.114 0)
(141.978 128.448 0)
(-108.129 167.504 0)
(-9.80474 171.841 0)
(25.8181 88.8145 0)
(242.949 82.337 0)
(193.885 162.939 0)
(75.0939 91.3642 0)
(-30.2597 -7.23483 0)
(-57.6475 47.2845 0)
(233.12 160.163 0)
(305.174 170.002 0)
(181.453 146.886 0)
(151.37 156.859 0)
(140.906 149.217 0)
(130.468 131.92 0)
(134 111.265 0)
(124.865 92.4384 0)
(128.341 78.3103 0)
(99.5632 47.9913 0)
(76.6835 8.7981 0)
(61.345 -17.1536 0)
(56.9929 -29.6314 0)
(45.8662 -43.0606 0)
(12.172 -51.7259 0)
(6.95484 -69.2617 0)
(-0.995769 -88.197 0)
(-17.9997 -88.268 0)
(-27.0172 -79.0539 0)
(-43.4977 -73.7465 0)
(-49.4846 -73.0166 0)
(-63.3931 -72.6305 0)
(-67.3585 -73.2248 0)
(-75.5624 -69.2863 0)
(-72.9838 -54.6307 0)
(-82.9084 -33.3951 0)
(-89.4293 -4.12382 0)
(-170.257 74.3819 0)
(-306.846 89.3359 0)
(-306.141 -20.6985 0)
(-324.358 -141.419 0)
(-282.25 -177.237 0)
(-220.101 -122.832 0)
(-180.868 -51.9726 0)
(-188.461 21.8496 0)
(-213.847 88.9728 0)
(-210.253 137.501 0)
(-168.215 144.12 0)
(-102.615 111.071 0)
(-81.8094 55.5512 0)
(-71.0926 6.4886 0)
(-72.6225 -24.3923 0)
(-74.6752 -51.1208 0)
(-81.7201 -74.6534 0)
(-84.0806 -82.8835 0)
(-74.7865 -58.656 0)
(-82.7175 -32.9633 0)
(-59.0277 -43.0354 0)
(-10.5816 -48.0007 0)
(31.6909 -44.1439 0)
(51.2073 -39.0244 0)
(50.2166 -34.9296 0)
(56.1387 -19.1438 0)
(-68.0974 -257.823 0)
(-21.5612 -262.102 0)
(4.81572 -191.179 0)
(26.3131 -155.004 0)
(52.8682 -121.412 0)
(39.3003 -100.875 0)
(15.2647 -89.5935 0)
(-12.5353 -77.5031 0)
(19.0877 -7.45997 0)
(27.7636 87.9915 0)
(72.5412 107.292 0)
(806.998 269.526 0)
(374.666 423.477 0)
(348.729 306.22 0)
(-70.4985 464.533 0)
(301.526 203.452 0)
(289.083 -123.923 0)
(300.304 -29.8056 0)
(386.968 -55.4876 0)
(623.269 -158.991 0)
(732.113 -213.764 0)
(652.317 -151.227 0)
(687.938 -130.439 0)
(637.3 -220.767 0)
(754.586 -254.39 0)
(828.446 -192.87 0)
(907.274 -140.792 0)
(1045.9 -194.54 0)
(1089.01 -309.52 0)
(1073.91 -326.613 0)
(1031.86 -161.723 0)
(855.725 94.9909 0)
(621.407 232.151 0)
(479.496 196.994 0)
(440.232 129.161 0)
(329.968 141.638 0)
(56.8514 225.898 0)
(166.904 223.465 0)
(190.439 158.069 0)
(-84.3675 189.687 0)
(25.8861 149.101 0)
(112.104 49.7144 0)
(266.644 65.676 0)
(250.224 166.445 0)
(207.534 109.565 0)
(217.857 5.73745 0)
(84.9822 33.6702 0)
(186.457 119.006 0)
(300.867 175.562 0)
(189.998 165.197 0)
(179.866 163.769 0)
(143.355 152.382 0)
(131.508 133.886 0)
(118.746 112.605 0)
(115.156 92.6556 0)
(110.472 80.6801 0)
(112.767 52.3218 0)
(98.2509 12.452 0)
(75.954 -14.2928 0)
(78.5131 -27.4471 0)
(58.8367 -38.3138 0)
(41.0749 -47.0008 0)
(22.3057 -66.2155 0)
(12.766 -85.4675 0)
(6.33498 -85.7074 0)
(-3.91009 -76.0706 0)
(-18.1682 -70.3456 0)
(-36.0027 -69.7323 0)
(-45.4089 -70.2821 0)
(-59.1121 -71.774 0)
(-61.3876 -68.2055 0)
(-71.6623 -53.5216 0)
(-74.493 -30.8136 0)
(-88.4029 7.31112 0)
(-180.991 100.269 0)
(-293.977 97.4811 0)
(-272.705 -22.3922 0)
(-306.913 -144.131 0)
(-276.522 -187.38 0)
(-221.819 -134.058 0)
(-190.604 -51.8836 0)
(-204.056 23.8318 0)
(-216.858 90.3159 0)
(-195.689 129.077 0)
(-147.498 131.063 0)
(-81.6223 100.826 0)
(-56.1795 50.9851 0)
(-56.5011 6.15204 0)
(-55.2209 -23.8801 0)
(-53.8421 -49.7803 0)
(-72.4615 -72.9677 0)
(-77.2595 -83.056 0)
(-73.9176 -59.0423 0)
(-69.9798 -35.3767 0)
(-52.4757 -53.6368 0)
(-1.16489 -58.9005 0)
(41.1443 -50.7261 0)
(54.8052 -42.0929 0)
(52.2046 -35.4191 0)
(59.2577 -21.031 0)
(-75.8718 -249.589 0)
(-29.5372 -263.8 0)
(-7.00546 -194.94 0)
(2.4843 -160.534 0)
(16.5044 -122.812 0)
(19.2628 -95.6945 0)
(-15.8855 -83.2937 0)
(-33.8611 -73.1795 0)
(-10.8192 -11.7479 0)
(-6.14187 59.5609 0)
(65.1582 36.3156 0)
(679.956 239.901 0)
(395.534 444.258 0)
(93.0889 403.621 0)
(25.6544 408.994 0)
(348.26 146.937 0)
(313.632 -119.877 0)
(359.729 -58.9087 0)
(504.559 -91.62 0)
(581.862 -174.5 0)
(573.101 -216.43 0)
(436.28 -143.862 0)
(465.306 -124.456 0)
(446.915 -232.015 0)
(542.766 -283.782 0)
(689.152 -219.254 0)
(750.529 -165.422 0)
(890.78 -221.33 0)
(1023.54 -315.823 0)
(1010.47 -322.442 0)
(983.462 -138.73 0)
(792.783 147.951 0)
(561.665 274.496 0)
(479.24 212.659 0)
(381.15 156.475 0)
(172.645 188.6 0)
(177.415 231.175 0)
(254.196 202.564 0)
(163.59 189.843 0)
(50.2687 214.14 0)
(85.2425 133.004 0)
(175.949 16.6793 0)
(291.585 58.8163 0)
(243.366 161.738 0)
(298.065 114.063 0)
(290.882 22.1538 0)
(150.525 43.1769 0)
(97.4797 108.034 0)
(246.566 161.672 0)
(170.008 177.832 0)
(165.914 175.081 0)
(155.089 157.651 0)
(134.255 138.703 0)
(124.55 114.281 0)
(102.36 94.2931 0)
(108.484 80.68 0)
(106.673 52.7928 0)
(91.5183 15.5492 0)
(96.0594 -12.2571 0)
(87.1238 -25.8801 0)
(80.0221 -33.9835 0)
(55.7937 -42.7649 0)
(47.0585 -62.2678 0)
(31.9707 -83.0435 0)
(28.6617 -83.7051 0)
(9.39243 -72.8966 0)
(-5.62077 -66.3456 0)
(-16.9807 -66.0435 0)
(-34.6336 -66.5104 0)
(-44.6832 -69.0576 0)
(-57.7932 -66.4777 0)
(-61.7629 -51.5133 0)
(-73.0999 -27.9253 0)
(-82.1759 19.4531 0)
(-184.993 127.743 0)
(-288.216 117.224 0)
(-241.959 -19.5133 0)
(-278.093 -144.824 0)
(-277.783 -194.351 0)
(-225.696 -145.8 0)
(-201.401 -54.3585 0)
(-212.41 26.0397 0)
(-216.415 86.8531 0)
(-183.272 118.502 0)
(-124.259 116.467 0)
(-64.4076 90.5853 0)
(-36.8349 48.1238 0)
(-38.192 5.63116 0)
(-34.0291 -23.357 0)
(-37.2984 -47.5269 0)
(-58.6283 -69.832 0)
(-70.3223 -81.9484 0)
(-67.9498 -59.306 0)
(-70.6197 -37.9934 0)
(-43.2672 -62.8905 0)
(6.31691 -69.7144 0)
(46.5826 -57.6502 0)
(60.7794 -43.4858 0)
(53.5085 -34.3194 0)
(55.3587 -22.7093 0)
(-75.2762 -241.573 0)
(-35.9898 -265.309 0)
(-21.4228 -199.745 0)
(-29.9216 -163.759 0)
(-26.9009 -126.603 0)
(-13.613 -95.2601 0)
(-37.0496 -77.8665 0)
(-62.124 -67.4679 0)
(-39.0493 -15.2995 0)
(-56.088 34.3567 0)
(44.0084 -19.6614 0)
(449.514 202.427 0)
(335.122 467.03 0)
(-169.082 514.448 0)
(-308.378 414.856 0)
(392.846 46.6374 0)
(267.133 -135.659 0)
(423.471 -74.7705 0)
(489.979 -104.925 0)
(499.184 -176.658 0)
(497.751 -195.217 0)
(287.496 -122.567 0)
(252.64 -125.784 0)
(319.926 -244.935 0)
(364.157 -311.216 0)
(482.634 -250.226 0)
(612.48 -195.832 0)
(744.239 -257.761 0)
(894.964 -336.329 0)
(947.651 -316.438 0)
(959.888 -122.405 0)
(722.018 209.894 0)
(588.537 310.648 0)
(447.364 242.935 0)
(251.156 195.447 0)
(130.111 204.625 0)
(200.811 217.994 0)
(286.847 194.339 0)
(132.802 215.663 0)
(160.588 212.601 0)
(186.907 117.008 0)
(242.266 0.365426 0)
(291.207 56.0474 0)
(268.756 155.912 0)
(296.591 111.64 0)
(345.159 44.443 0)
(125.089 65.0001 0)
(90.9073 116.713 0)
(62.3861 154.747 0)
(96.2481 181.04 0)
(144.068 170.915 0)
(142.465 159.691 0)
(136.746 142.02 0)
(123.758 120.311 0)
(105.498 96.807 0)
(88.9602 81.5933 0)
(87.8682 53.4746 0)
(100.803 15.3853 0)
(102.271 -12.4355 0)
(105.123 -23.6841 0)
(92.6253 -31.1917 0)
(76.3718 -38.7093 0)
(63.1829 -58.8888 0)
(55.9081 -80.6176 0)
(46.234 -80.9283 0)
(23.8584 -69.084 0)
(12.5367 -62.5573 0)
(-5.1681 -62.2927 0)
(-17.7576 -63.0085 0)
(-35.8518 -65.9268 0)
(-47.0537 -63.9387 0)
(-59.9589 -50.1713 0)
(-63.0625 -25.1468 0)
(-82.0962 33.8889 0)
(-187.045 148.791 0)
(-257.636 117.984 0)
(-197.171 -22.9953 0)
(-244.717 -140.447 0)
(-267.337 -197.739 0)
(-232.203 -154.295 0)
(-203.868 -55.1257 0)
(-215.153 25.3607 0)
(-213.019 83.154 0)
(-165.67 104.751 0)
(-114.49 102.152 0)
(-50.0623 79.8103 0)
(-19.7272 43.9712 0)
(-18.3772 5.43261 0)
(-14.7834 -22.7449 0)
(-20.5346 -44.1032 0)
(-43.8427 -65.6607 0)
(-58.9124 -80.0615 0)
(-66.381 -58.8705 0)
(-62.0668 -42.7641 0)
(-26.7364 -73.7126 0)
(12.0027 -79.5018 0)
(46.8636 -63.644 0)
(59.332 -45.3631 0)
(49.5146 -33.7474 0)
(52.6278 -24.6368 0)
(-71.4581 -232.205 0)
(-44.7926 -260.579 0)
(-38.3038 -199.922 0)
(-59.6184 -161.606 0)
(-62.9698 -126.181 0)
(-66.7044 -94.5691 0)
(-68.7765 -73.9619 0)
(-78.859 -61.6131 0)
(-72.7203 -17.191 0)
(-95.9394 10.6093 0)
(-1.8105 -50.0371 0)
(139.198 173.975 0)
(80.4118 470.296 0)
(81.0628 566.044 0)
(17.9568 387.509 0)
(406.308 -33.6805 0)
(227.128 -138.892 0)
(308.257 -90.834 0)
(412.538 -109.421 0)
(406.015 -171.008 0)
(346.662 -172.352 0)
(184.604 -94.0741 0)
(123.571 -121.278 0)
(155.393 -260.444 0)
(271.584 -336.195 0)
(335.475 -272.912 0)
(395.336 -227.066 0)
(598.215 -304.679 0)
(752.898 -355.346 0)
(805.144 -322.77 0)
(856.587 -104.435 0)
(695.502 250.824 0)
(635.133 348.049 0)
(371.764 292.398 0)
(161.517 234.717 0)
(79.0581 211.498 0)
(220.15 195.901 0)
(288.478 199.768 0)
(144.714 227.532 0)
(134.561 204.723 0)
(254.99 98.5188 0)
(194.948 -10.7431 0)
(234.922 57.2134 0)
(228.969 147.424 0)
(313.03 104.214 0)
(345.59 67.6277 0)
(157.202 98.7359 0)
(28.9584 132.051 0)
(42.6048 158.99 0)
(-3.50663 171.939 0)
(48.9556 166.644 0)
(116.813 152.09 0)
(134.708 140.665 0)
(124.862 124.423 0)
(97.9893 103.237 0)
(80.0862 83.9063 0)
(90.7977 51.8783 0)
(100.645 12.4946 0)
(117.124 -13.0271 0)
(116.374 -22.92 0)
(108.443 -27.9835 0)
(90.2981 -35.7454 0)
(83.8778 -56.1064 0)
(77.7705 -78.0229 0)
(62.206 -76.8682 0)
(40.2923 -64.7488 0)
(25.3792 -58.8726 0)
(9.90631 -58.4897 0)
(-4.89274 -58.9407 0)
(-22.9099 -61.5958 0)
(-41.6944 -60.8431 0)
(-50.5052 -47.7364 0)
(-61.171 -21.2739 0)
(-79.7755 48.2213 0)
(-177.573 169.616 0)
(-230.971 121.112 0)
(-144.303 -24.9374 0)
(-196.709 -132.521 0)
(-249.333 -194.734 0)
(-236.786 -159.526 0)
(-217.025 -55.6454 0)
(-218.324 25.6699 0)
(-202.075 75.6916 0)
(-161.142 91.4419 0)
(-98.6487 88.0877 0)
(-43.3614 69.1376 0)
(-9.28623 39.0822 0)
(-1.94658 4.52049 0)
(1.06495 -21.8283 0)
(-2.96696 -41.1831 0)
(-25.1414 -61.1583 0)
(-43.5397 -76.2916 0)
(-57.4871 -58.0987 0)
(-51.3261 -47.5645 0)
(-12.7498 -82.9365 0)
(19.3085 -87.0559 0)
(44.6867 -68.2234 0)
(52.6136 -46.0222 0)
(44.7774 -32.4464 0)
(46.4367 -26.3856 0)
(-77.3443 -223.122 0)
(-61.6182 -255.083 0)
(-58.8816 -200.572 0)
(-85.5599 -158.635 0)
(-106.295 -125.924 0)
(-103.127 -95.7178 0)
(-115.053 -73.572 0)
(-106.514 -56.9755 0)
(-101.302 -16.7188 0)
(-147.91 -5.03317 0)
(-88.0194 -45.2218 0)
(-151.638 156.613 0)
(-184.074 440.578 0)
(41.5408 531.465 0)
(309.956 366.752 0)
(406.479 -50.6831 0)
(107.996 -127.63 0)
(194.729 -99.9061 0)
(248.675 -116.816 0)
(278.935 -160.034 0)
(201.44 -152.508 0)
(35.0396 -64.436 0)
(-44.6253 -114.424 0)
(21.4612 -277.692 0)
(91.2166 -359.123 0)
(148.762 -289.662 0)
(204.268 -255.175 0)
(356.775 -354.715 0)
(555.003 -382.616 0)
(638.704 -331.86 0)
(773.127 -106.494 0)
(669.124 284.321 0)
(575.79 393.665 0)
(363.419 356.481 0)
(177.515 262.497 0)
(186.854 194.308 0)
(306 177.224 0)
(277.405 209.802 0)
(118.89 243.612 0)
(163.787 209.747 0)
(272.491 94.4419 0)
(217.706 -4.08955 0)
(160.696 48.9521 0)
(249.339 131.605 0)
(343.86 94.6428 0)
(328.707 86.4574 0)
(190.811 129.412 0)
(68.6398 152.072 0)
(-18.3368 163.261 0)
(13.2033 164.938 0)
(52.6676 155.119 0)
(45.2341 144.073 0)
(75.3787 138.025 0)
(102.424 125.882 0)
(75.9009 107.429 0)
(75.2304 84.1358 0)
(84.726 47.9908 0)
(112.252 8.27324 0)
(128.043 -15.459 0)
(130.951 -21.6633 0)
(119.924 -25.7062 0)
(108.522 -33.0143 0)
(102.213 -54.2188 0)
(98.6874 -74.948 0)
(74.972 -72.4635 0)
(55.3984 -60.6288 0)
(39.8268 -54.4927 0)
(23.234 -54.4895 0)
(5.84557 -54.3857 0)
(-12.7746 -56.6384 0)
(-33.2713 -56.7323 0)
(-46.6214 -46.3351 0)
(-52.1642 -17.4988 0)
(-81.5665 64.968 0)
(-175.238 184.698 0)
(-185.859 118.637 0)
(-91.124 -28.1202 0)
(-133.096 -120.679 0)
(-221.983 -184.116 0)
(-238.8 -165.531 0)
(-211.341 -59.1247 0)
(-222.719 22.9347 0)
(-202.77 68.7736 0)
(-149.908 77.5481 0)
(-87.3195 73.9729 0)
(-34.7109 58.4145 0)
(-3.24346 33.5658 0)
(12.77 2.94036 0)
(15.257 -21.5051 0)
(17.9291 -38.5155 0)
(-0.994365 -56.1881 0)
(-23.5864 -71.455 0)
(-44.1602 -56.6627 0)
(-33.0135 -54.1741 0)
(5.61591 -91.3602 0)
(25.7609 -92.6212 0)
(47.8554 -70.4585 0)
(44.7983 -46.177 0)
(40.15 -31.674 0)
(43.4318 -28.1102 0)
(-82.3387 -210.205 0)
(-73.0084 -246.511 0)
(-81.4574 -198.34 0)
(-117.106 -152.51 0)
(-133.71 -122.329 0)
(-147.759 -94.5387 0)
(-156.728 -73.0728 0)
(-146.723 -54.7057 0)
(-128.776 -15.5779 0)
(-185.839 -9.71609 0)
(-207.591 -21.2105 0)
(-183.245 151.259 0)
(-96.1995 411.593 0)
(-327.234 556.105 0)
(497.356 294.504 0)
(370.174 -30.8879 0)
(2.65777 -104.136 0)
(1.00574 -105.033 0)
(138.404 -128.131 0)
(175.649 -150.418 0)
(86.2761 -128.673 0)
(-123.519 -37.1387 0)
(-140.498 -103.774 0)
(-76.8525 -294.006 0)
(-54.7486 -384.949 0)
(-90.1698 -298.616 0)
(20.4752 -276.389 0)
(103.836 -399.248 0)
(246.922 -417.895 0)
(423.788 -365.127 0)
(553.637 -143.21 0)
(522.317 305.031 0)
(528.354 424.455 0)
(433.471 381.343 0)
(367.242 277.718 0)
(342.295 189.731 0)
(342.5 186.516 0)
(273.318 233.813 0)
(129.77 253.441 0)
(193.999 193.939 0)
(301.231 89.3879 0)
(241.771 5.29849 0)
(200.704 43.3121 0)
(279.678 114.299 0)
(312.666 91.4932 0)
(329.127 98.0803 0)
(246.276 157.764 0)
(90.8193 181.168 0)
(4.72114 175.046 0)
(-28.7227 155.104 0)
(53.5457 149.791 0)
(55.9583 140.945 0)
(40.5298 132.178 0)
(68.926 125.87 0)
(50.6067 109.42 0)
(68.7495 81.8318 0)
(93.2782 42.4456 0)
(129.251 1.0425 0)
(147.482 -17.8695 0)
(144.671 -20.4317 0)
(135.601 -23.5235 0)
(121.352 -31.5834 0)
(124.369 -53.0552 0)
(112.797 -70.9816 0)
(92.3998 -66.9837 0)
(67.1025 -56.4845 0)
(52.9825 -50.6879 0)
(33.7584 -50.1164 0)
(15.358 -49.9746 0)
(-3.70321 -51.5122 0)
(-23.6864 -52.6997 0)
(-38.046 -43.7046 0)
(-51.6613 -11.5113 0)
(-77.4266 75.7598 0)
(-158.062 195.113 0)
(-127.834 103.994 0)
(-30.8847 -36.1981 0)
(-61.5446 -106.195 0)
(-174.787 -165.225 0)
(-236.157 -162.639 0)
(-213.897 -59.3734 0)
(-215.24 20.1915 0)
(-201.71 59.278 0)
(-140.373 62.2876 0)
(-91.6556 59.9117 0)
(-34.2309 47.9603 0)
(7.02292 26.682 0)
(21.0721 0.194605 0)
(34.4602 -22.5888 0)
(38.2757 -37.1298 0)
(25.0777 -51.3277 0)
(-0.20416 -65.5383 0)
(-27.8452 -55.1353 0)
(-14.887 -60.4542 0)
(18.6482 -98.5928 0)
(36.6738 -97.2866 0)
(48.3502 -71.7536 0)
(39.8383 -45.2857 0)
(34.4652 -31.4933 0)
(38.9604 -30.5283 0)
(-84.2326 -195.264 0)
(-82.1145 -235.788 0)
(-105.208 -195.26 0)
(-141.706 -145.931 0)
(-170.152 -118.465 0)
(-178.156 -94.1118 0)
(-178.491 -73.4619 0)
(-184.211 -52.3903 0)
(-168.22 -13.5067 0)
(-231.868 -2.40267 0)
(-327.214 0.296628 0)
(-217.519 122.001 0)
(-135.146 382.882 0)
(5.55142 483.945 0)
(619.478 235.75 0)
(351.986 18.6138 0)
(-109.862 -57.5213 0)
(-211.938 -107.68 0)
(-34.658 -150.944 0)
(41.2639 -145.384 0)
(-27.1223 -101.862 0)
(-198.153 -13.1793 0)
(-296.909 -89.57 0)
(-71.3552 -307.691 0)
(-173.705 -367.468 0)
(-332.664 -297.82 0)
(-110.724 -296.66 0)
(-6.97262 -429.955 0)
(1.02205 -451.649 0)
(223.595 -413.656 0)
(398.051 -146.946 0)
(271.067 309.6 0)
(487.483 412.479 0)
(501.447 382.148 0)
(505.555 290.381 0)
(429.05 201.336 0)
(348.629 202.139 0)
(276.969 250.119 0)
(231.173 259.405 0)
(202.761 174.168 0)
(280.693 82.3635 0)
(273.605 13.8419 0)
(215.478 39.9043 0)
(272.226 100.392 0)
(371.028 85.0383 0)
(361.013 109.976 0)
(260.605 180.378 0)
(144.83 214.456 0)
(14.6264 192.808 0)
(-33.2793 154.454 0)
(32.6555 139.338 0)
(47.2043 143.495 0)
(15.2203 133.415 0)
(40.6925 123.58 0)
(43.3441 106.173 0)
(72.5411 74.91 0)
(117.502 32.5866 0)
(156.437 -5.59872 0)
(158.913 -18.9929 0)
(162.83 -18.6574 0)
(147.056 -21.0729 0)
(138.563 -31.2711 0)
(147.95 -51.1288 0)
(124.933 -65.5415 0)
(107.071 -61.2908 0)
(76.7977 -51.5552 0)
(68.2718 -46.2505 0)
(43.846 -44.9992 0)
(25.1518 -44.977 0)
(7.77928 -46.043 0)
(-17.0532 -47.6857 0)
(-29.743 -41.4865 0)
(-46.7737 -5.67641 0)
(-71.5614 88.7167 0)
(-127.462 195.755 0)
(-55.3391 87.2927 0)
(32.4895 -42.1783 0)
(5.17419 -89.7897 0)
(-117.495 -140.036 0)
(-213.387 -155.511 0)
(-203.64 -62.1049 0)
(-215.407 17.6667 0)
(-183.722 49.1077 0)
(-143.845 48.3351 0)
(-77.2968 45.4772 0)
(-19.5283 36.3744 0)
(7.34422 19.6333 0)
(42.8166 -4.31496 0)
(51.568 -24.0327 0)
(65.6139 -37.1283 0)
(50.5195 -46.9824 0)
(30.625 -58.5445 0)
(-3.37672 -52.9638 0)
(12.8756 -66.0984 0)
(40.1928 -104.148 0)
(45.6876 -99.2768 0)
(50.1321 -70.0753 0)
(37.1077 -43.9481 0)
(28.4913 -31.1118 0)
(32.6526 -32.1673 0)
(-88.0418 -180.121 0)
(-84.7009 -223.054 0)
(-127.956 -188.114 0)
(-172.48 -138.297 0)
(-194.97 -113.054 0)
(-220.43 -93.5447 0)
(-210.563 -72.474 0)
(-212.845 -48.993 0)
(-202.236 -9.5542 0)
(-286.378 13.9954 0)
(-378.507 9.16782 0)
(-242.472 95.0224 0)
(-271.154 360.451 0)
(265.118 389.768 0)
(679.692 228.91 0)
(396.336 90.4951 0)
(-260.914 17.8203 0)
(-416.715 -96.794 0)
(-222.406 -188.933 0)
(-82.0775 -142.551 0)
(-197.301 -89.2494 0)
(-319.327 11.8249 0)
(-277.708 -88.5577 0)
(-123.786 -318.483 0)
(-274.477 -352.259 0)
(-412.981 -315.895 0)
(-146.44 -335.62 0)
(-98.1764 -444.827 0)
(-174.641 -482.256 0)
(85.2771 -454.568 0)
(167.516 -187.121 0)
(241.414 288.564 0)
(442.864 390.27 0)
(482.988 374.911 0)
(498.372 296.669 0)
(458.739 223.04 0)
(367.984 221.77 0)
(298.157 263.284 0)
(258.09 261.922 0)
(251.935 182.495 0)
(301.848 74.5408 0)
(330.991 14.9765 0)
(247.654 39.63 0)
(328.392 82.4363 0)
(380.536 78.1859 0)
(422.499 121.752 0)
(294.218 207.877 0)
(151.072 248.75 0)
(18.6063 212.804 0)
(8.69585 157.551 0)
(-22.8882 131.56 0)
(37.0467 141.693 0)
(23.9667 135.183 0)
(25.3077 118.928 0)
(66.5131 98.6273 0)
(96.5475 64.5788 0)
(158.404 21.4281 0)
(179.438 -9.78004 0)
(188.362 -18.5112 0)
(173.099 -16.8177 0)
(174.694 -19.1142 0)
(169.308 -30.5031 0)
(161.598 -48.3198 0)
(145.101 -59.5731 0)
(110.133 -55.4885 0)
(97.0222 -47.2249 0)
(77.552 -41.7449 0)
(55.7475 -39.7347 0)
(38.1465 -40.1168 0)
(14.1445 -40.6694 0)
(-3.01879 -42.8923 0)
(-24.3189 -37.273 0)
(-44.1263 1.00689 0)
(-62.2145 94.012 0)
(-102.05 190.773 0)
(17.459 67.5472 0)
(107.227 -49.0219 0)
(78.8535 -74.4965 0)
(-45.2182 -109.898 0)
(-176.131 -139.489 0)
(-190.138 -59.5993 0)
(-189.207 14.3462 0)
(-174.478 41.6254 0)
(-118.897 34.4176 0)
(-72.1298 30.32 0)
(-8.37203 25.8069 0)
(18.3347 11.0999 0)
(60.6472 -10.5266 0)
(82.9711 -27.7768 0)
(91.1253 -37.0716 0)
(84.4878 -43.4024 0)
(60.2767 -51.4836 0)
(27.0971 -50.7355 0)
(38.9519 -71.6734 0)
(67.9487 -107.372 0)
(51.3395 -99.1457 0)
(50.7051 -67.6866 0)
(30.2812 -41.6752 0)
(26.3864 -30.9844 0)
(30.5071 -34.0911 0)
(-85.992 -162.585 0)
(-90.1864 -207.991 0)
(-148.478 -179.736 0)
(-191.866 -129.601 0)
(-225.99 -107.206 0)
(-244.195 -92.5906 0)
(-256.947 -73.3248 0)
(-239.485 -45.5071 0)
(-235.598 -3.56351 0)
(-314.132 27.9491 0)
(-387.07 13.1034 0)
(-190.413 67.9559 0)
(-96.9052 276.131 0)
(384.871 283.512 0)
(718.442 239.402 0)
(362.114 203.239 0)
(-302.448 130.104 0)
(-476.295 -73.5287 0)
(-356.585 -226.229 0)
(-213.234 -145.607 0)
(-246.81 -73.5523 0)
(-485.184 17.1029 0)
(-229.022 -123.32 0)
(-241.977 -301.959 0)
(-395.878 -325.317 0)
(-432.501 -315.944 0)
(-145.322 -365.218 0)
(-114.065 -444.048 0)
(-228.401 -495.27 0)
(-68.3545 -445.89 0)
(-266.751 -189.105 0)
(-69.7012 260.705 0)
(144.015 345.979 0)
(413.171 355.174 0)
(408.476 299.507 0)
(404.021 237.419 0)
(363.661 243.713 0)
(303.819 278.898 0)
(207.789 267.363 0)
(280.537 173.705 0)
(334.219 67.6316 0)
(351.865 16.1447 0)
(273.245 38.6353 0)
(336.531 69.5771 0)
(450.138 68.2943 0)
(429.189 135.344 0)
(336.453 238.66 0)
(175.273 281.806 0)
(76.9852 229.8 0)
(42.5947 162.917 0)
(31.1609 133.818 0)
(-4.35399 136.102 0)
(23.6333 131.34 0)
(75.1369 110.309 0)
(104.804 85.8524 0)
(167.162 53.2618 0)
(197.813 11.6206 0)
(223.498 -11.6717 0)
(199.745 -16.5776 0)
(204.911 -14.9402 0)
(187.387 -18.9268 0)
(187.252 -30.5076 0)
(187.078 -44.4817 0)
(150.431 -51.855 0)
(131.923 -50.2731 0)
(106.422 -43.7191 0)
(100.378 -36.9954 0)
(71.5577 -34.0093 0)
(47.2391 -34.7556 0)
(29.6224 -34.9044 0)
(3.85324 -37.3988 0)
(-10.9784 -33.3978 0)
(-37.8045 6.45648 0)
(-45.4999 97.9535 0)
(-60.881 177.35 0)
(88.4898 42.2504 0)
(177.568 -55.9932 0)
(159.856 -56.0606 0)
(39.1356 -77.5525 0)
(-110.085 -116.151 0)
(-159.776 -57.8784 0)
(-154.484 12.8417 0)
(-128.961 33.3889 0)
(-94.6405 21.8477 0)
(-40.8391 17.3693 0)
(6.37628 15.1209 0)
(49.8253 2.24069 0)
(72.0658 -19.3788 0)
(116.724 -31.9736 0)
(131.612 -37.6305 0)
(114.357 -39.8447 0)
(102.476 -44.978 0)
(61.356 -47.6337 0)
(77.5009 -76.0223 0)
(86.9875 -107.002 0)
(63.3733 -95.3956 0)
(50.3203 -62.9466 0)
(27.7531 -38.9987 0)
(21.5295 -31.3449 0)
(26.6825 -35.6268 0)
(-78.4297 -146.517 0)
(-89.9762 -190.07 0)
(-163.831 -167.122 0)
(-217.66 -120.168 0)
(-244.236 -100.108 0)
(-277.586 -88.9143 0)
(-284.852 -73.1536 0)
(-277.714 -44.197 0)
(-260.067 3.21003 0)
(-363.13 44.6535 0)
(-482.076 0.142183 0)
(-189.991 0.430782 0)
(65.8858 187.393 0)
(442.872 213.127 0)
(713.002 264.064 0)
(445.941 284.094 0)
(3.31487 211.335 0)
(-167.98 -44.6386 0)
(-314.155 -233.458 0)
(-291.804 -164.778 0)
(-226.308 -49.2696 0)
(-712.458 6.28955 0)
(-373.616 -126.909 0)
(-349.093 -297.251 0)
(-546.277 -328.127 0)
(-541.381 -354.205 0)
(-209.603 -389.296 0)
(-163.249 -438.714 0)
(-324.196 -489.166 0)
(-368.779 -419.372 0)
(-600.094 -175.169 0)
(-1002.63 131.847 0)
(14.3357 289.864 0)
(176.803 316.215 0)
(279.298 294.699 0)
(319.438 238.427 0)
(251.777 253.834 0)
(284.645 293.509 0)
(157.258 271.715 0)
(193.555 162.284 0)
(296.436 55.3637 0)
(344.268 11.852 0)
(349.612 36.4714 0)
(405.755 54.1199 0)
(471.055 62.3501 0)
(456.077 150.061 0)
(325.742 272.348 0)
(216.673 304.733 0)
(198.836 240.856 0)
(190.795 174.647 0)
(120.722 143.199 0)
(96.5619 136.396 0)
(121.249 122.319 0)
(138.596 98.827 0)
(196.624 74.1764 0)
(214.45 41.5614 0)
(268.137 6.03039 0)
(257.739 -8.22135 0)
(214.768 -13.1992 0)
(223.581 -14.7606 0)
(232.372 -17.7468 0)
(223.745 -28.4258 0)
(196.29 -38.7218 0)
(173.609 -44.6461 0)
(138.055 -45.21 0)
(135.647 -40.5755 0)
(119.317 -31.6333 0)
(82.1233 -27.393 0)
(66.5161 -29.3785 0)
(36.7933 -29.762 0)
(30.7989 -32.5102 0)
(-3.78431 -27.4221 0)
(-23.0053 10.7887 0)
(-26.6561 97.1411 0)
(-12.4658 155.006 0)
(163.107 13.9401 0)
(252.407 -65.0385 0)
(225.981 -41.2023 0)
(122.092 -47.0392 0)
(-20.7522 -88.4121 0)
(-99.509 -50.1398 0)
(-104.415 9.51191 0)
(-75.3297 26.81 0)
(-43.2438 10.93 0)
(-5.54707 5.58062 0)
(45.6477 4.99787 0)
(76.3818 -7.33903 0)
(122.86 -28.3745 0)
(157.453 -39.1302 0)
(176.697 -37.4606 0)
(156.212 -35.3079 0)
(140.852 -38.7398 0)
(107.85 -45.1935 0)
(125.79 -77.0949 0)
(101.025 -103.227 0)
(70.6269 -89.9522 0)
(49.496 -57.2405 0)
(30.1037 -35.6132 0)
(16.4414 -31.0288 0)
(17.1789 -36.8597 0)
(-75.2279 -130.331 0)
(-87.3501 -170.937 0)
(-176.06 -153.041 0)
(-235.234 -109.664 0)
(-275.367 -93.2385 0)
(-293.194 -84.6728 0)
(-319.558 -71.849 0)
(-302.3 -43.7365 0)
(-295.379 11.046 0)
(-393.931 58.4826 0)
(-393.468 1.48538 0)
(-117.172 -77.4991 0)
(134.694 101.129 0)
(385.101 157.088 0)
(724.178 270.404 0)
(527.046 333.558 0)
(253.422 275.802 0)
(141.866 1.35742 0)
(-78.2415 -199.413 0)
(-183.425 -151.093 0)
(-221.88 1.43612 0)
(-556.44 43.6427 0)
(-433.934 -166.026 0)
(-171.264 -252.817 0)
(-509.533 -295.577 0)
(-733.421 -396.774 0)
(-472.019 -464.355 0)
(-278.329 -452.536 0)
(-418.055 -464.793 0)
(-505.43 -355.432 0)
(-737.886 -40.6256 0)
(-1669.2 46.6254 0)
(-602.338 132.904 0)
(-515.625 228.968 0)
(52.7278 248.223 0)
(108.787 237.415 0)
(67.4164 260.533 0)
(121.841 300.713 0)
(68.5191 272.705 0)
(199.179 143.589 0)
(294.817 36.187 0)
(327.931 5.54644 0)
(264.246 31.2549 0)
(313.389 44.2546 0)
(426.192 45.008 0)
(477.404 166.737 0)
(365.381 295.357 0)
(296.071 314.024 0)
(280.634 246.818 0)
(271.732 185.242 0)
(226.435 150.886 0)
(256.354 137.614 0)
(219.983 119.747 0)
(271.853 92.0935 0)
(239.31 67.6715 0)
(271.268 33.832 0)
(311.396 3.84218 0)
(268.212 -1.7574 0)
(267.292 -9.89866 0)
(239.23 -16.2754 0)
(258.607 -19.2101 0)
(265.99 -24.7692 0)
(227.735 -30.2128 0)
(181.31 -36.4964 0)
(171.834 -41.0434 0)
(141.728 -37.0386 0)
(124.671 -26.5383 0)
(113.09 -20.9847 0)
(82.2817 -23.4995 0)
(57.07 -25.3209 0)
(60.707 -27.9561 0)
(31.062 -21.6622 0)
(-1.88755 14.7216 0)
(7.95461 91.4565 0)
(48.7268 129.202 0)
(248.646 -17.0929 0)
(313.866 -69.4738 0)
(285.197 -26.9223 0)
(200.464 -18.5973 0)
(66.4729 -59.1045 0)
(-19.4374 -37.2258 0)
(-39.0647 7.71376 0)
(5.58907 20.2812 0)
(36.2762 2.02233 0)
(51.5489 -4.63824 0)
(85.531 -5.81677 0)
(134.39 -16.0777 0)
(161.676 -38.0513 0)
(196.495 -47.2081 0)
(218.156 -39.0775 0)
(210.093 -30.0987 0)
(168.693 -31.9966 0)
(147.251 -43.5933 0)
(160.896 -74.4358 0)
(123.502 -93.764 0)
(72.8921 -80.909 0)
(46.4693 -51.7727 0)
(35.8536 -32.0606 0)
(16.7085 -29.1682 0)
(8.15819 -36.5544 0)
(-71.9981 -113.598 0)
(-91.3963 -151.615 0)
(-181.723 -134.349 0)
(-256.628 -95.8774 0)
(-292.393 -85.4086 0)
(-328.942 -81.2123 0)
(-339.074 -69.5157 0)
(-336.282 -41.3389 0)
(-322.588 20.045 0)
(-416.025 60.9693 0)
(-384.907 -36.4283 0)
(-237.819 -160.169 0)
(172.683 31.2972 0)
(259.02 112.885 0)
(679.157 260.498 0)
(550.027 343.283 0)
(421.397 313.897 0)
(398.155 52.7392 0)
(101.229 -146.815 0)
(-100.289 -113.943 0)
(-242.433 36.3984 0)
(-431.178 40.4041 0)
(-205.412 -209.014 0)
(-63.6694 -258.194 0)
(-179.113 -250.583 0)
(-328.838 -346.132 0)
(-329.875 -477.895 0)
(-303.549 -458.775 0)
(-596.147 -429.337 0)
(-724.724 -296.015 0)
(-824.717 89.2269 0)
(-1425.33 106.492 0)
(-1470.19 26.5281 0)
(-710.584 167.553 0)
(-507.98 166.586 0)
(-284.315 219.576 0)
(-244.696 249.01 0)
(-69.0239 291.471 0)
(-125.719 253.102 0)
(90.623 116.287 0)
(202.378 17.8009 0)
(238.595 -0.436736 0)
(146.199 29.7226 0)
(198.967 26.2188 0)
(309.148 24.8098 0)
(392.229 172.729 0)
(345.417 308.156 0)
(388.919 318.44 0)
(381.218 251.935 0)
(362.027 189.809 0)
(347.206 151.988 0)
(371.92 139.278 0)
(332.229 119.886 0)
(367.917 92.794 0)
(322.025 64.8274 0)
(362.122 30.9653 0)
(322.11 4.28997 0)
(331.366 3.68509 0)
(292.282 -5.78662 0)
(305.042 -15.7263 0)
(276.348 -22.1782 0)
(290.631 -21.9582 0)
(272.979 -20.3039 0)
(224.682 -27.8719 0)
(194.003 -36.6034 0)
(191.788 -32.3534 0)
(149.875 -22.0682 0)
(138.665 -16.9751 0)
(131.588 -18.24 0)
(105.899 -20.2609 0)
(89.4418 -23.917 0)
(66.1627 -16.1886 0)
(47.3843 17.5349 0)
(52.039 81.3138 0)
(130.73 93.5459 0)
(359.271 -48.6269 0)
(370.45 -71.5388 0)
(328.508 -11.5831 0)
(261.228 4.84589 0)
(147.559 -31.837 0)
(71.3621 -25.1309 0)
(60.7948 4.30737 0)
(106.71 10.8094 0)
(133.538 -2.2409 0)
(128.846 -8.84298 0)
(147.19 -12.5629 0)
(184.676 -26.8619 0)
(235.033 -45.1093 0)
(234.415 -51.3595 0)
(251.145 -42.1106 0)
(250.122 -26.3574 0)
(219 -22.9623 0)
(176.816 -40.6578 0)
(182.024 -70.6033 0)
(128.978 -83.2905 0)
(76.7903 -70.3328 0)
(48.1744 -46.1461 0)
(33.7219 -28.2845 0)
(13.3806 -26.0765 0)
(-6.98264 -34.683 0)
(-67.544 -97.4441 0)
(-89.4191 -131.364 0)
(-183.695 -114.485 0)
(-265.535 -81.0673 0)
(-313.869 -75.6872 0)
(-345.029 -75.866 0)
(-374.033 -68.165 0)
(-355.875 -39.0912 0)
(-362.546 24.6934 0)
(-399.04 62.6891 0)
(-373.924 -37.8268 0)
(-260.868 -229.033 0)
(65.4143 -43.5196 0)
(172.99 66.8196 0)
(522.28 220.117 0)
(481.648 333.581 0)
(476.551 316.141 0)
(593.913 92.0951 0)
(271.457 -78.7503 0)
(62.0586 -58.2875 0)
(-72.1717 58.7757 0)
(44.2384 12.4379 0)
(114.731 -211.83 0)
(84.0069 -266.51 0)
(27.3655 -256.427 0)
(-95.9234 -325.202 0)
(-76.5932 -443.755 0)
(-118.116 -421.347 0)
(-471.439 -370.215 0)
(-720.388 -258.642 0)
(-723.406 147.761 0)
(-1129.74 160.808 0)
(-1543.05 -9.98822 0)
(-1196.09 5.85257 0)
(-833.067 91.7132 0)
(-863.283 209.531 0)
(-756.512 224.817 0)
(-437.564 260.957 0)
(-341.157 218.817 0)
(-64.7382 77.9372 0)
(63.7762 1.0014 0)
(27.5643 7.21386 0)
(-70.2648 39.956 0)
(-92.6206 0.268262 0)
(144.427 -13.0423 0)
(237.501 164.87 0)
(294.99 297.051 0)
(332.322 305.511 0)
(395.318 249.196 0)
(418.785 188.149 0)
(476.533 149.868 0)
(459.397 143.292 0)
(441.633 122.325 0)
(461.706 95.8978 0)
(419.61 66.6015 0)
(447.447 34.812 0)
(398.009 10.7967 0)
(363.03 7.55725 0)
(376.163 -2.93077 0)
(336.605 -12.9083 0)
(355.784 -18.3042 0)
(306.738 -20.3575 0)
(314.71 -13.272 0)
(298.105 -19.0713 0)
(272.525 -31.5402 0)
(235.672 -28.0197 0)
(223.182 -14.4422 0)
(183.353 -12.5833 0)
(177.581 -15.8458 0)
(187.748 -17.264 0)
(176.949 -18.4391 0)
(153.292 -7.99205 0)
(105.574 19.3049 0)
(130.196 68.0335 0)
(234.77 54.0262 0)
(467.115 -74.5709 0)
(418.295 -64.0773 0)
(368.819 2.61492 0)
(316.88 20.5491 0)
(226.743 -11.1778 0)
(167.317 -15.9562 0)
(167.015 -1.1776 0)
(223.717 2.33095 0)
(247.19 -4.66721 0)
(219.464 -11.3793 0)
(254.493 -20.7445 0)
(282.576 -34.1912 0)
(305.6 -47.8906 0)
(295.345 -50.7395 0)
(270.101 -40.9154 0)
(270.596 -23.6688 0)
(250.502 -16.0623 0)
(223.438 -34.4808 0)
(190.042 -62.1318 0)
(137.751 -69.0794 0)
(79.1644 -58.8647 0)
(49.4663 -39.7966 0)
(26.1716 -23.8653 0)
(9.25267 -22.1875 0)
(-9.64029 -31.7074 0)
(-67.8296 -80.721 0)
(-95.5149 -111.77 0)
(-192.579 -93.1912 0)
(-267.78 -65.1726 0)
(-316.778 -63.9875 0)
(-369.374 -69.0214 0)
(-395.45 -63.9921 0)
(-391.692 -37.5555 0)
(-377.637 18.5807 0)
(-367.807 53.3044 0)
(-310.776 -49.5457 0)
(-290.891 -263.162 0)
(-102.434 -147.859 0)
(244.574 23.0846 0)
(447.197 206.741 0)
(351.373 293.337 0)
(474.073 289.505 0)
(657.724 108.747 0)
(497.309 -19.2648 0)
(359.879 -16.8307 0)
(306.974 49.5673 0)
(483.85 0.532237 0)
(385.782 -209.351 0)
(428.78 -251.461 0)
(347.918 -239.818 0)
(213.523 -309.184 0)
(83.9562 -414.816 0)
(-214.479 -377.454 0)
(-548.858 -304.475 0)
(-809.693 -203.066 0)
(-882.683 177.094 0)
(-958.492 253.222 0)
(-1140.82 78.4303 0)
(-1356.66 -44.7019 0)
(-994.722 35.5531 0)
(-1360.25 177.438 0)
(-1070.96 168.306 0)
(-797.607 204.041 0)
(-446.564 161.905 0)
(-271.089 38.4632 0)
(-85.6008 -11.2006 0)
(-218.327 30.9929 0)
(-398.065 45.5054 0)
(-389.938 -32.9162 0)
(-185.445 -50.9114 0)
(-24.2574 141.222 0)
(78.6649 270.789 0)
(248.338 281.107 0)
(353.161 229.35 0)
(488.187 175.81 0)
(501.975 146.414 0)
(506.678 143.525 0)
(561.003 124.172 0)
(535.773 101.464 0)
(510.734 70.9846 0)
(529.131 43.4835 0)
(477.976 21.5268 0)
(438.829 11.9829 0)
(464.02 2.00288 0)
(409.023 -7.09875 0)
(426.902 -11.4829 0)
(363.147 -14.853 0)
(375.33 -12.3743 0)
(376.201 -14.9267 0)
(379.078 -23.9325 0)
(340.521 -17.989 0)
(288.706 -7.08649 0)
(288.698 -7.05964 0)
(259.398 -16.7807 0)
(280.319 -18.7892 0)
(283.456 -12.5895 0)
(243.416 0.230082 0)
(226.533 23.9338 0)
(218.136 46.6591 0)
(369.664 9.29114 0)
(541.773 -85.5279 0)
(443.389 -50.3069 0)
(403.337 11.2568 0)
(380.211 35.3104 0)
(329.899 6.69869 0)
(274.359 -9.06945 0)
(283.429 -8.30753 0)
(333.883 -5.8128 0)
(357.049 -5.28677 0)
(331.662 -11.9056 0)
(357.636 -25.46 0)
(369.046 -39.1264 0)
(363.653 -46.7394 0)
(331.883 -44.1542 0)
(297.19 -35.0167 0)
(271.372 -18.6109 0)
(263.131 -11.6016 0)
(249.936 -27.0682 0)
(208.976 -49.9011 0)
(139.766 -54.3846 0)
(84.4036 -47.3164 0)
(47.439 -32.8929 0)
(31.4002 -18.9598 0)
(13.1724 -18.3932 0)
(-19.9852 -28.4949 0)
(-66.2165 -62.1306 0)
(-108.146 -91.1238 0)
(-192.956 -72.5054 0)
(-275.52 -49.7544 0)
(-318.947 -52.5284 0)
(-376.883 -58.1907 0)
(-428.878 -60.8453 0)
(-430.881 -39.2737 0)
(-397.164 7.38839 0)
(-360.147 40.4354 0)
(-276.816 -45.0081 0)
(-402.981 -251.08 0)
(-361.074 -203.002 0)
(36.2298 -37.3312 0)
(379.808 207.876 0)
(284.395 271.314 0)
(418.23 250.933 0)
(646.479 107.176 0)
(594.191 6.08364 0)
(464.997 -14.5621 0)
(628.015 -4.04843 0)
(805.094 -25.6554 0)
(713.221 -186.567 0)
(679.938 -231.663 0)
(561.371 -217.131 0)
(332.928 -243.263 0)
(-14.9201 -317.115 0)
(-555.91 -297.259 0)
(-908.093 -241.722 0)
(-1225.35 -159.016 0)
(-1185.29 183.403 0)
(-1089.96 224.749 0)
(-1136.39 79.1909 0)
(-1010.68 -3.7556 0)
(-1425.32 129.2 0)
(-1472.3 212.381 0)
(-1320.21 125.741 0)
(-1006.29 118.899 0)
(-502.47 73.4904 0)
(-342.704 4.99625 0)
(-304.389 -12.2993 0)
(-423.597 71.0291 0)
(-758.828 100.83 0)
(-602.919 -47.8794 0)
(-496.656 -86.0756 0)
(-479.015 96.3816 0)
(-171.338 237.409 0)
(56.3199 235.584 0)
(279.775 189.176 0)
(452.394 156.909 0)
(487.055 138.072 0)
(511.702 132.404 0)
(575.633 119.954 0)
(573.758 99.6148 0)
(612.886 76.1072 0)
(576.505 47.9163 0)
(598.002 31.9333 0)
(556.72 16.2859 0)
(590.031 8.61083 0)
(545.91 1.95418 0)
(507.838 -4.88042 0)
(514.768 -7.12879 0)
(462.594 -12.3647 0)
(486.686 -15.2623 0)
(492.255 -16.1064 0)
(440.399 -5.39083 0)
(384.665 -0.0364702 0)
(401.698 -5.608 0)
(413.512 -16.5671 0)
(393.786 -18.4467 0)
(403.572 -7.75715 0)
(373.879 9.73447 0)
(343.811 23.1181 0)
(383.833 26.8197 0)
(508.349 -29.5911 0)
(569.518 -84.1113 0)
(446.588 -29.3642 0)
(434.364 21.0587 0)
(445.31 37.7046 0)
(412.004 14.2339 0)
(397.46 -6.82337 0)
(396.725 -14.8156 0)
(429.458 -12.677 0)
(440.094 -6.04567 0)
(433.245 -12.848 0)
(420.645 -28.1325 0)
(416.861 -36.6056 0)
(384.742 -39.9338 0)
(329.129 -34.4961 0)
(304.762 -28.3087 0)
(277.981 -13.6143 0)
(260.866 -8.32659 0)
(252.898 -21.3517 0)
(207.596 -36.4351 0)
(139.973 -38.5318 0)
(88.6198 -35.3115 0)
(54.0879 -25.4276 0)
(25.015 -13.6723 0)
(10.6478 -13.9278 0)
(-18.9572 -23.7405 0)
(-59.7454 -43.9879 0)
(-107.112 -69.7307 0)
(-209.218 -52.4402 0)
(-275.155 -35.8749 0)
(-305.432 -39.5549 0)
(-377.363 -42.6347 0)
(-437.677 -48.6437 0)
(-439.109 -38.3636 0)
(-414.6 -7.87611 0)
(-389.088 28.7541 0)
(-249.604 -32.2089 0)
(-735.19 -223.701 0)
(-1008.45 -260.773 0)
(-348.474 -120.214 0)
(156.835 170.692 0)
(144.842 243.572 0)
(209.872 197.551 0)
(645.7 85.9521 0)
(759.267 25.277 0)
(835.414 -15.5451 0)
(854.559 -0.470189 0)
(791.636 -23.9376 0)
(611.048 -143.929 0)
(534.91 -208.435 0)
(275.374 -167.811 0)
(-50.3269 -163.749 0)
(-435.265 -194.355 0)
(-945.669 -177.447 0)
(-1531.42 -152.526 0)
(-2023.26 -107.122 0)
(-1720.1 161.486 0)
(-1069.98 151.139 0)
(-1133.26 65.7137 0)
(-1162.57 112.94 0)
(-1462.56 162.983 0)
(-1310.42 114.781 0)
(-992.794 18.9467 0)
(-720.55 9.60284 0)
(-544.172 18.747 0)
(-480.32 -3.96452 0)
(-628.13 33.3779 0)
(-741.146 133.03 0)
(-599.3 41.6602 0)
(-594.221 -58.6334 0)
(-765.836 -62.183 0)
(-803.848 58.1352 0)
(-443.867 160.983 0)
(-138.902 157.609 0)
(153.412 131.761 0)
(310.351 123.716 0)
(374.135 121.046 0)
(466.967 115.633 0)
(513.182 103.521 0)
(604.448 83.8218 0)
(625.539 64.4445 0)
(679.059 46.2307 0)
(653.728 25.7319 0)
(688.813 12.5248 0)
(653.401 6.65824 0)
(678.086 3.39612 0)
(644.677 -2.59615 0)
(605.994 -7.72016 0)
(620.107 -12.0235 0)
(575.38 -15.2679 0)
(588.482 -11.6252 0)
(540.097 2.01964 0)
(505.487 0.534267 0)
(533.649 -9.93452 0)
(502.144 -16.7349 0)
(511.337 -15.4207 0)
(466.162 -2.24706 0)
(458.922 9.13937 0)
(488.651 17.6906 0)
(503.132 5.54151 0)
(592.039 -43.2006 0)
(538.047 -63.8429 0)
(433.421 -18.6998 0)
(444.478 17.2363 0)
(473.794 34.7717 0)
(468.758 16.8647 0)
(477.79 -5.19396 0)
(461.367 -16.0913 0)
(470.651 -14.0532 0)
(476.642 -7.0202 0)
(462.676 -10.5026 0)
(445.314 -22.4503 0)
(408.016 -29.2013 0)
(370.44 -27.9436 0)
(317.219 -23.9427 0)
(279.675 -20.5715 0)
(259.91 -10.1016 0)
(249.512 -5.00364 0)
(232.446 -14.2114 0)
(188.387 -23.5507 0)
(134.156 -24.5032 0)
(94.9007 -23.8256 0)
(51.785 -17.5341 0)
(33.062 -8.07412 0)
(18.9457 -9.18952 0)
(-27.4132 -18.9854 0)
(-51.5023 -25.3203 0)
(-110.811 -46.1516 0)
(-212.146 -34.1676 0)
(-261.741 -24.1331 0)
(-302.914 -24.92 0)
(-391.857 -27.7316 0)
(-449.531 -36.9796 0)
(-473.213 -36.5273 0)
(-487.688 -14.9297 0)
(-481.609 11.1307 0)
(-304.378 8.04869 0)
(-806.708 -130.822 0)
(-1297.38 -267.38 0)
(-1011.03 -269.721 0)
(-402.902 84.054 0)
(-263.233 215.184 0)
(-19.8897 170.642 0)
(-38.5548 18.8898 0)
(97.9641 -43.2283 0)
(185.192 -34.6201 0)
(319.408 0.144144 0)
(411.597 13.6606 0)
(277.874 -85.702 0)
(-97.6783 -137.3 0)
(-384.841 -97.9587 0)
(-671.36 -74.9131 0)
(-952.302 -70.3335 0)
(-1375.78 -26.3085 0)
(-1910.31 -43.0302 0)
(-2138.87 -107.405 0)
(-1660.98 39.1933 0)
(-1759.5 87.8486 0)
(-1683.59 52.5798 0)
(-1259.56 40.926 0)
(-1152.9 99.7335 0)
(-1136.15 62.5686 0)
(-1094.2 -22.0079 0)
(-941.33 -37.2252 0)
(-800.056 6.32822 0)
(-764.068 22.5216 0)
(-668.03 7.87002 0)
(-804.605 105.195 0)
(-790.282 44.9472 0)
(-789.6 -42.6269 0)
(-884.261 -44.1758 0)
(-930.126 15.7864 0)
(-680.623 63.334 0)
(-384.949 85.3604 0)
(-243.35 86.8328 0)
(-92.7272 104.124 0)
(109.099 97.6748 0)
(231.344 97.6539 0)
(370.587 81.5539 0)
(444.579 60.3859 0)
(570.503 45.3072 0)
(610.211 26.6317 0)
(665.267 14.6117 0)
(650.02 3.53682 0)
(684.424 0.0255097 0)
(655.811 -0.244367 0)
(684.204 -2.74263 0)
(654.588 -9.10893 0)
(618.385 -11.7867 0)
(627.93 -13.7198 0)
(590.271 -9.0979 0)
(551.389 2.42954 0)
(583.756 -0.625023 0)
(549.361 -8.17456 0)
(558.521 -14.5025 0)
(510.995 -12.249 0)
(522.069 0.118423 0)
(515.269 6.14202 0)
(519.03 10.6373 0)
(557.999 -3.25634 0)
(556.082 -35.0086 0)
(465.474 -41.4377 0)
(375.066 -10.0665 0)
(404.047 13.9382 0)
(441.763 27.0916 0)
(479.246 13.1859 0)
(481.369 -4.91953 0)
(459.108 -11.9291 0)
(439.774 -11.1262 0)
(435.415 -6.60671 0)
(424.115 -6.33478 0)
(396.36 -13.2117 0)
(359.58 -17.3601 0)
(314.986 -15.7163 0)
(272.422 -13.1755 0)
(238.984 -13.1526 0)
(214.886 -5.6514 0)
(211.238 -1.81276 0)
(196.8 -7.22368 0)
(157.617 -12.4697 0)
(119.218 -13.772 0)
(89.1709 -14.0352 0)
(54.2003 -9.4894 0)
(25.2783 -2.86963 0)
(19.8791 -3.86168 0)
(-21.3906 -12.766 0)
(-35.7876 -8.93209 0)
(-87.5323 -22.6215 0)
(-176.271 -16.5887 0)
(-228.33 -10.5663 0)
(-272.45 -9.84838 0)
(-346.673 -11.9501 0)
(-390.611 -22.0991 0)
(-461.992 -22.6293 0)
(-453.309 -20.3208 0)
(-566.096 -7.11659 0)
(-347.316 19.8801 0)
(-372.771 3.57565 0)
(-771.737 -125.952 0)
(-1614.56 -254.355 0)
(-1483.98 -50.4722 0)
(-1175.92 91.1955 0)
(-665.7 97.6357 0)
(-419.625 43.917 0)
(-531.027 -18.5163 0)
(-776.685 -43.0302 0)
(-756.855 -44.4985 0)
(-662.589 -30.7459 0)
(-724.397 -56.1644 0)
(-1000.2 -61.2376 0)
(-1318.46 -29.7547 0)
(-1552.44 -21.0758 0)
(-1675.07 -5.81998 0)
(-1839.38 45.4932 0)
(-1907.61 32.3046 0)
(-2216.99 -48.5912 0)
(-2351.87 -2.80558 0)
(-2037.45 96.4067 0)
(-1645.46 31.3689 0)
(-1823.31 31.8054 0)
(-1569.93 114.157 0)
(-1229.65 97.6396 0)
(-1264.72 9.09371 0)
(-1488.38 -23.2628 0)
(-1283.02 -29.6682 0)
(-984.904 -21.1231 0)
(-1381.86 75.723 0)
(-1189.27 97.0501 0)
(-848.029 26.7027 0)
(-1059.84 -8.18351 0)
(-1071.03 -25.4629 0)
(-1159.19 5.95953 0)
(-1071.39 45.746 0)
(-758.959 41.6967 0)
(-605.218 22.83 0)
(-409.068 49.0379 0)
(-301.196 56.308 0)
(-185.483 56.7346 0)
(78.6824 55.3375 0)
(178.943 40.4596 0)
(262.486 33.3301 0)
(381.836 25.723 0)
(414.38 16.7657 0)
(465.288 9.92143 0)
(457.989 7.47328 0)
(501.244 6.50801 0)
(483.312 6.48899 0)
(510.208 5.09929 0)
(466.704 -1.90068 0)
(482.747 -3.50927 0)
(462.316 0.30815 0)
(443.371 5.15739 0)
(475.124 2.00485 0)
(474.139 -2.98672 0)
(453.561 -7.10864 0)
(403.794 -7.08942 0)
(417.961 -0.359749 0)
(429.072 4.73403 0)
(433.543 5.21381 0)
(466.769 -3.05369 0)
(418.591 -20.3255 0)
(322.742 -20.3993 0)
(264.821 -4.50105 0)
(286.432 5.2655 0)
(338.112 13.2962 0)
(379.069 6.27693 0)
(386.443 -2.76754 0)
(351.687 -5.44997 0)
(339.786 -5.68646 0)
(323.428 -3.73513 0)
(304.393 -3.07936 0)
(284.154 -5.31712 0)
(259.257 -7.25016 0)
(221.472 -6.15564 0)
(192.442 -5.06254 0)
(173.28 -5.82672 0)
(144.969 -2.46667 0)
(142.907 -0.109937 0)
(141.884 -1.77873 0)
(114.215 -4.37836 0)
(85.021 -5.72489 0)
(64.6632 -6.34122 0)
(37.9899 -3.26475 0)
(22.9742 0.439205 0)
(29.5979 -0.804338 0)
(-16.0808 -7.01163 0)
(-9.70587 -2.02999 0)
(-37.1701 -7.11781 0)
(-85.9473 -5.22997 0)
(-115.436 -3.94336 0)
(-128.957 -2.05796 0)
(-148.35 -4.10598 0)
(-187.281 -7.69037 0)
(-252.583 -9.81102 0)
(-292.242 -13.188 0)
(-454.708 -6.62467 0)
(-337.941 14.3508 0)
(-353.967 -32.2409 0)
(-550.939 -39.1354 0)
(-1056.13 -77.4973 0)
(-1474.61 -55.193 0)
(-1509.82 -40.8249 0)
(-1406.59 -15.7243 0)
(-1182.15 -0.419799 0)
(-1150.55 -3.22198 0)
(-1203 -2.94284 0)
(-1309.99 -20.7081 0)
(-1434.3 7.83329 0)
(-1499.12 -2.70515 0)
(-1584.75 -1.19046 0)
(-1639.03 10.0421 0)
(-1669.19 35.1705 0)
(-1594.04 26.5143 0)
(-1515.63 -19.9548 0)
(-1343.32 -12.7167 0)
(-1412.94 -30.5244 0)
(-1480.85 -21.4845 0)
(-1411.44 -16.4908 0)
(-1367.05 -20.3595 0)
(-1337.94 -3.59164 0)
(-1284.06 2.21691 0)
(-1003.56 -8.89743 0)
(-849.38 -39.1 0)
(-886.844 -71.6245 0)
(-1144.13 -67.9612 0)
(-1244.19 -37.8583 0)
(-1178.86 -27.0212 0)
(-938.244 6.26454 0)
(-749.292 17.6392 0)
(-693.046 2.34004 0)
(-732.237 -9.06926 0)
(-760.075 -9.17102 0)
(-695.96 -21.0705 0)
(-689.044 -13.5333 0)
(-747.192 35.0764 0)
(-618.325 19.4242 0)
(-414.134 8.74898 0)
(-280.845 7.08499 0)
(-125.39 15.3681 0)
(-54.2366 20.1508 0)
(38.9426 12.8412 0)
(99.9026 9.10972 0)
(143.578 6.21985 0)
(159.452 5.13171 0)
(174.479 3.18004 0)
(188.356 1.60675 0)
(191.895 3.2397 0)
(209.081 3.27013 0)
(199.592 0.765221 0)
(190.586 -2.23737 0)
(198.883 1.35388 0)
(188.418 4.77836 0)
(209.246 1.164 0)
(196.013 -1.88581 0)
(199.167 -0.879457 0)
(172.107 -2.60374 0)
(162.05 -0.188345 0)
(182.236 1.58643 0)
(189.973 2.05624 0)
(200.969 0.36077 0)
(176.272 -3.19995 0)
(133.623 -4.18115 0)
(101.403 -1.173 0)
(109.336 -0.176767 0)
(126.192 4.10631 0)
(159.118 2.58583 0)
(156.51 -0.385082 0)
(146.333 -1.63489 0)
(139.456 -2.1202 0)
(132.918 -1.80285 0)
(119.512 -0.196855 0)
(115.405 -0.767127 0)
(99.9938 -1.49371 0)
(86.0785 -1.06989 0)
(76.8438 -1.29448 0)
(66.0625 -2.04846 0)
(50.4423 -0.598777 0)
(53.0165 0.228635 0)
(52.4477 -0.065004 0)
(43.3829 -0.836131 0)
(32.784 -1.35502 0)
(21.9617 -1.72079 0)
(8.56398 -0.489723 0)
(8.40576 1.78277 0)
(22.3456 1.09209 0)
(-3.101 -1.7935 0)
)
;

boundaryField
{
    inlet
    {
        type            fixedValue;
        value           uniform (1 0 0);
    }
    outlet
    {
        type            zeroGradient;
    }
    lowerWall
    {
        type            fixedValue;
        value           uniform (0 0 0);
    }
    upperWall
    {
        type            fixedValue;
        value           uniform (0 0 0);
    }
    frontAndBack
    {
        type            empty;
    }
}


// ************************************************************************* //
