/*--------------------------------*- C++ -*----------------------------------*\
| =========                 |                                                 |
| \\      /  F ield         | foam-extend: Open Source CFD                    |
|  \\    /   O peration     | Version:     5.0                                |
|   \\  /    A nd           | Web:         http://www.foam-extend.org         |
|    \\/     M anipulation  |                                                 |
\*---------------------------------------------------------------------------*/
FoamFile
{
    version     2.0;
    format      ascii;
    class       volVectorField;
    location    "0.085";
    object      bodyForce;
}
// * * * * * * * * * * * * * * * * * * * * * * * * * * * * * * * * * * * * * //

dimensions      [0 1 -2 0 0 0 0];

internalField   nonuniform List<vector> 
4000
(
(-1373.98 0 0)
(-5553.06 0 0)
(-13680.6 0 0)
(-22918 0 0)
(-42538 0 0)
(-54876.3 0 0)
(-58519.5 0 0)
(-74678 0 0)
(-106774 0 0)
(-136472 0 0)
(-172068 0 0)
(-221916 0 0)
(-222811 0 0)
(-168545 0 0)
(-102767 0 0)
(-57552.9 0 0)
(-84819.3 0 0)
(-85002.3 0 0)
(-105699 0 0)
(-112333 0 0)
(-134847 0 0)
(-165265 0 0)
(-195225 0 0)
(-178828 0 0)
(-200952 0 0)
(-266736 0 0)
(-364728 0 0)
(-405534 0 0)
(-356981 0 0)
(-302724 0 0)
(-308279 0 0)
(-343294 0 0)
(-340536 0 0)
(-277434 0 0)
(-274571 0 0)
(-304989 0 0)
(-302169 0 0)
(-304740 0 0)
(-295268 0 0)
(-289872 0 0)
(-267567 0 0)
(-210227 0 0)
(-168516 0 0)
(-108020 0 0)
(-87110.6 0 0)
(-104395 0 0)
(-101453 0 0)
(-93092.7 0 0)
(-74292.9 0 0)
(-83286.5 0 0)
(-76266.7 0 0)
(-78358.6 0 0)
(-64703.9 0 0)
(-75511.1 0 0)
(-72355.1 0 0)
(-59683.8 0 0)
(-43065.7 0 0)
(-48121.4 0 0)
(-37364.9 0 0)
(-37402.8 0 0)
(-28986.4 0 0)
(-24799.4 0 0)
(-27516.6 0 0)
(-24748.1 0 0)
(-25039 0 0)
(-20733.3 0 0)
(-16009.9 0 0)
(-13675.2 0 0)
(-12280.4 0 0)
(-8975.34 0 0)
(-7110.49 0 0)
(-5900.32 0 0)
(-3069.96 0 0)
(-1978.74 0 0)
(-1574.29 0 0)
(-788.744 0 0)
(341.626 -0 0)
(-34.6626 0 0)
(2158.45 -0 0)
(2262.55 -0 0)
(7343.26 -0 0)
(10271.3 -0 0)
(16515.5 -0 0)
(15377.8 -0 0)
(19726.6 -0 0)
(16530.5 -0 0)
(12698.8 -0 0)
(17744.9 -0 0)
(11188.2 -0 0)
(4359.61 -0 0)
(6644.42 -0 0)
(-4337.46 0 0)
(-1577.91 0 0)
(-5322.37 0 0)
(-1833.68 0 0)
(-2738.52 0 0)
(-3217.31 0 0)
(-3758.85 0 0)
(-8745.68 0 0)
(-10557.6 0 0)
(-3254.62 0 0)
(-8773.65 0 0)
(-15062.2 0 0)
(-20613.7 0 0)
(-17530.7 0 0)
(-19220.6 0 0)
(-32183.4 0 0)
(-33692.9 0 0)
(-46282.4 0 0)
(-69897.5 0 0)
(-74060.2 0 0)
(-87752 0 0)
(-35433.7 0 0)
(82370.9 -0 0)
(124463 -0 0)
(99246.7 -0 0)
(111429 -0 0)
(71231.6 -0 0)
(60201.4 -0 0)
(21825.6 -0 0)
(-14498.5 0 0)
(-62866.2 0 0)
(-92616.6 0 0)
(-88206.4 0 0)
(-103684 0 0)
(-191129 0 0)
(-257705 0 0)
(-233133 0 0)
(-168743 0 0)
(-164097 0 0)
(-147437 0 0)
(-199734 0 0)
(-255025 0 0)
(-260040 0 0)
(-212959 0 0)
(-236056 0 0)
(-282487 0 0)
(-253364 0 0)
(-242820 0 0)
(-219728 0 0)
(-215400 0 0)
(-188777 0 0)
(-156975 0 0)
(-128664 0 0)
(-93398.4 0 0)
(-81853.2 0 0)
(-109008 0 0)
(-91658.7 0 0)
(-79395.5 0 0)
(-71016.4 0 0)
(-88748.7 0 0)
(-79156.2 0 0)
(-83008.8 0 0)
(-71699.4 0 0)
(-77682 0 0)
(-70998.9 0 0)
(-79662.5 0 0)
(-64216.9 0 0)
(-68880 0 0)
(-57216.5 0 0)
(-64810.7 0 0)
(-58490.4 0 0)
(-44613.2 0 0)
(-52643 0 0)
(-39720.4 0 0)
(-41492.8 0 0)
(-25023.9 0 0)
(-22429.7 0 0)
(-24185.2 0 0)
(-14565.6 0 0)
(-12353 0 0)
(-11770.7 0 0)
(-5126.9 0 0)
(-5525.09 0 0)
(-4379.3 0 0)
(-2272.87 0 0)
(279.488 -0 0)
(-4886.65 0 0)
(1470.86 -0 0)
(-658.613 0 0)
(11947.5 -0 0)
(12341.4 -0 0)
(30278.6 -0 0)
(31762.3 -0 0)
(26196.7 -0 0)
(34201.1 -0 0)
(23132.3 -0 0)
(28638.1 -0 0)
(16449.8 -0 0)
(4703.17 -0 0)
(9538.07 -0 0)
(-10587.2 0 0)
(-6690.62 0 0)
(-11534.2 0 0)
(-4764.78 0 0)
(-7543 0 0)
(-9481.37 0 0)
(-7746.17 0 0)
(-16179.6 0 0)
(-16099.3 0 0)
(-2320.18 0 0)
(-322.73 0 0)
(1354.93 -0 0)
(4243.75 -0 0)
(16143.3 -0 0)
(17416.4 -0 0)
(32392.5 -0 0)
(41071.8 -0 0)
(74204.8 -0 0)
(85082.8 -0 0)
(70300.1 -0 0)
(105082 -0 0)
(159761 -0 0)
(213576 -0 0)
(199560 -0 0)
(194803 -0 0)
(147986 -0 0)
(124020 -0 0)
(91449.9 -0 0)
(86937.9 -0 0)
(72340.2 -0 0)
(62038.2 -0 0)
(59315.9 -0 0)
(15749.3 -0 0)
(27565.6 -0 0)
(-8268.52 0 0)
(-29367.7 0 0)
(-5333.69 0 0)
(84992.4 -0 0)
(59943.5 -0 0)
(-6808.85 0 0)
(-56837 0 0)
(-137905 0 0)
(-164044 0 0)
(-124943 0 0)
(-151762 0 0)
(-168225 0 0)
(-162384 0 0)
(-129925 0 0)
(-129711 0 0)
(-151552 0 0)
(-139887 0 0)
(-121507 0 0)
(-93834.1 0 0)
(-82894.4 0 0)
(-63829.5 0 0)
(-88693.7 0 0)
(-100496 0 0)
(-87988.3 0 0)
(-76498.3 0 0)
(-74028.5 0 0)
(-87125.3 0 0)
(-72405.8 0 0)
(-73671.3 0 0)
(-62215.5 0 0)
(-65811 0 0)
(-79136.4 0 0)
(-63758.9 0 0)
(-68600.3 0 0)
(-57042.1 0 0)
(-64020.7 0 0)
(-54685.1 0 0)
(-62676.1 0 0)
(-55434.5 0 0)
(-39561.1 0 0)
(-46575.9 0 0)
(-31327 0 0)
(-32891.2 0 0)
(-21704.6 0 0)
(-19105.5 0 0)
(-22404.4 0 0)
(-10804.8 0 0)
(-11093.1 0 0)
(-9350.6 0 0)
(-8013.19 0 0)
(-10242.2 0 0)
(-6732.24 0 0)
(-2949.41 0 0)
(-10955.8 0 0)
(731.873 -0 0)
(1677.14 -0 0)
(7616.82 -0 0)
(26685.6 -0 0)
(16841.3 -0 0)
(29209.7 -0 0)
(22636.9 -0 0)
(27783.8 -0 0)
(17234.7 -0 0)
(19883.2 -0 0)
(3828.36 -0 0)
(5024.63 -0 0)
(-15162.6 0 0)
(-12753.1 0 0)
(-10645.1 0 0)
(-14574.2 0 0)
(-4705.93 0 0)
(-5036.17 0 0)
(-13493.7 0 0)
(-12730.8 0 0)
(-23164.1 0 0)
(-1852.56 0 0)
(10201.9 -0 0)
(14829.3 -0 0)
(26657.1 -0 0)
(34200.1 -0 0)
(54320 -0 0)
(70214.2 -0 0)
(107606 -0 0)
(139765 -0 0)
(171849 -0 0)
(163725 -0 0)
(184734 -0 0)
(239882 -0 0)
(235988 -0 0)
(177423 -0 0)
(172068 -0 0)
(91590.9 -0 0)
(76304.6 -0 0)
(48791.5 -0 0)
(51142.7 -0 0)
(95745 -0 0)
(144649 -0 0)
(171859 -0 0)
(158705 -0 0)
(164203 -0 0)
(164414 -0 0)
(109957 -0 0)
(152160 -0 0)
(208850 -0 0)
(165108 -0 0)
(80256.5 -0 0)
(81891.1 -0 0)
(19170.3 -0 0)
(-36100.1 0 0)
(888.636 -0 0)
(18474.4 -0 0)
(-32885.8 0 0)
(-15857.7 0 0)
(10595.8 -0 0)
(-45766.8 0 0)
(-136104 0 0)
(-121861 0 0)
(-89091.1 0 0)
(-76276.2 0 0)
(-64597.3 0 0)
(-62678.9 0 0)
(-60809.4 0 0)
(-101570 0 0)
(-75946.8 0 0)
(-52302.7 0 0)
(-74184 0 0)
(-77845.6 0 0)
(-83886.4 0 0)
(-71850 0 0)
(-74285.8 0 0)
(-68034.9 0 0)
(-73640.3 0 0)
(-61789.7 0 0)
(-65149.4 0 0)
(-54381.4 0 0)
(-59324.2 0 0)
(-50887.4 0 0)
(-60198.1 0 0)
(-45015.5 0 0)
(-40489.7 0 0)
(-46628.2 0 0)
(-36007.5 0 0)
(-32513.8 0 0)
(-25444.5 0 0)
(-30481.1 0 0)
(-24103.7 0 0)
(-12533.8 0 0)
(-11093.4 0 0)
(-13137.1 0 0)
(-12816.5 0 0)
(-11499.5 0 0)
(-15611.9 0 0)
(-8225.6 0 0)
(-14705.1 0 0)
(-2279.48 0 0)
(-1431.38 0 0)
(12209.9 -0 0)
(23738.8 -0 0)
(16005.4 -0 0)
(24595.9 -0 0)
(30249.6 -0 0)
(21192.1 -0 0)
(23306 -0 0)
(12787.4 -0 0)
(11167.4 -0 0)
(-3122.34 0 0)
(-10199.8 0 0)
(-22598.3 0 0)
(-14506.6 0 0)
(-17840.8 0 0)
(-6632.92 0 0)
(-10919.9 0 0)
(-9758.07 0 0)
(-15502.3 0 0)
(-19250.6 0 0)
(527.229 -0 0)
(17389.6 -0 0)
(28609 -0 0)
(36430.3 -0 0)
(56254.3 -0 0)
(75083.7 -0 0)
(109756 -0 0)
(143288 -0 0)
(192135 -0 0)
(191573 -0 0)
(187698 -0 0)
(208405 -0 0)
(243145 -0 0)
(227007 -0 0)
(120569 -0 0)
(77256 -0 0)
(-10723.8 0 0)
(-91763.3 0 0)
(-90608.8 0 0)
(-16727.6 0 0)
(114756 -0 0)
(195833 -0 0)
(225255 -0 0)
(234139 -0 0)
(217891 -0 0)
(233959 -0 0)
(250632 -0 0)
(280241 -0 0)
(248697 -0 0)
(133835 -0 0)
(96891.1 -0 0)
(59606.5 -0 0)
(126415 -0 0)
(109856 -0 0)
(147512 -0 0)
(127562 -0 0)
(125518 -0 0)
(111738 -0 0)
(59281.7 -0 0)
(-1681.5 0 0)
(-90531.5 0 0)
(-58281.5 0 0)
(-92449.8 0 0)
(-62479.4 0 0)
(-68131.3 0 0)
(-67652.7 0 0)
(-59476.8 0 0)
(-77858.7 0 0)
(-66761.2 0 0)
(-59361.7 0 0)
(-54397.3 0 0)
(-77930.8 0 0)
(-72916.7 0 0)
(-81758.5 0 0)
(-68667.3 0 0)
(-74766.2 0 0)
(-64818.3 0 0)
(-68593.7 0 0)
(-58385.4 0 0)
(-60824.4 0 0)
(-52169.4 0 0)
(-55714.8 0 0)
(-48704.1 0 0)
(-52512.6 0 0)
(-44030 0 0)
(-41421.3 0 0)
(-47443.8 0 0)
(-35604.2 0 0)
(-37078.6 0 0)
(-31604.9 0 0)
(-19156.5 0 0)
(-15123.2 0 0)
(-16587.3 0 0)
(-12612.7 0 0)
(-14868.7 0 0)
(-15992.5 0 0)
(-13893.1 0 0)
(-16410.2 0 0)
(-9892.93 0 0)
(-10022.1 0 0)
(2963.89 -0 0)
(6821.77 -0 0)
(17660.7 -0 0)
(27300.5 -0 0)
(25817.5 -0 0)
(23716.3 -0 0)
(22540.2 -0 0)
(16290.9 -0 0)
(10476.1 -0 0)
(5538.52 -0 0)
(-4589.67 0 0)
(-16974.3 0 0)
(-18239.1 0 0)
(-20556.3 0 0)
(-13666.7 0 0)
(-12102.6 0 0)
(-7727.22 0 0)
(-15082.6 0 0)
(-15094.5 0 0)
(-24597.7 0 0)
(2702.31 -0 0)
(20220.6 -0 0)
(36617.6 -0 0)
(48954.5 -0 0)
(67710.3 -0 0)
(100204 -0 0)
(129401 -0 0)
(174601 -0 0)
(192410 -0 0)
(192395 -0 0)
(186400 -0 0)
(194396 -0 0)
(236583 -0 0)
(183110 -0 0)
(77628.6 -0 0)
(-59643.2 0 0)
(-231843 0 0)
(-384949 0 0)
(-226518 0 0)
(23415.8 -0 0)
(167173 -0 0)
(212485 -0 0)
(186256 -0 0)
(185611 -0 0)
(204893 -0 0)
(176603 -0 0)
(242057 -0 0)
(296626 -0 0)
(203815 -0 0)
(100453 -0 0)
(123386 -0 0)
(52308.6 -0 0)
(123369 -0 0)
(216475 -0 0)
(227663 -0 0)
(165869 -0 0)
(168302 -0 0)
(207021 -0 0)
(148092 -0 0)
(-4403.67 0 0)
(9248.51 -0 0)
(-3469.12 0 0)
(-74280.3 0 0)
(-76287.6 0 0)
(-95067.7 0 0)
(-83898.8 0 0)
(-82661.9 0 0)
(-88024 0 0)
(-85463.7 0 0)
(-72783.7 0 0)
(-54667.6 0 0)
(-68224.4 0 0)
(-65678.2 0 0)
(-77977.4 0 0)
(-69232.2 0 0)
(-74741 0 0)
(-71490.6 0 0)
(-61694.1 0 0)
(-66103.6 0 0)
(-55809.6 0 0)
(-57688.9 0 0)
(-50121.4 0 0)
(-53460 0 0)
(-46442.8 0 0)
(-50515.8 0 0)
(-41093.9 0 0)
(-51523.1 0 0)
(-43208.7 0 0)
(-36529.5 0 0)
(-27845.9 0 0)
(-20520.2 0 0)
(-15170.6 0 0)
(-15570.7 0 0)
(-15976.6 0 0)
(-16143 0 0)
(-16004.1 0 0)
(-17890.8 0 0)
(-13506.4 0 0)
(-15201.8 0 0)
(-4918.88 0 0)
(-2815.32 0 0)
(12322.8 -0 0)
(12448.5 -0 0)
(28839.7 -0 0)
(26043.5 -0 0)
(18850.1 -0 0)
(20146 -0 0)
(10676.5 -0 0)
(4354.34 -0 0)
(-3159.02 0 0)
(-9675.4 0 0)
(-19814.4 0 0)
(-17880.1 0 0)
(-15446.6 0 0)
(-14565.1 0 0)
(-8373.9 0 0)
(-11469.5 0 0)
(-11410 0 0)
(-19746.2 0 0)
(-21495 0 0)
(6759.83 -0 0)
(21357.3 -0 0)
(37583.8 -0 0)
(53848.9 -0 0)
(83166.8 -0 0)
(111951 -0 0)
(148505 -0 0)
(174042 -0 0)
(166386 -0 0)
(160542 -0 0)
(157924 -0 0)
(166748 -0 0)
(212003 -0 0)
(124652 -0 0)
(38677.2 -0 0)
(-63958 0 0)
(-256734 0 0)
(-430791 0 0)
(-135503 0 0)
(52975.7 -0 0)
(128490 -0 0)
(56455.5 -0 0)
(-15863.3 0 0)
(-98133.9 0 0)
(-127945 0 0)
(2100.58 -0 0)
(132349 -0 0)
(157521 -0 0)
(76750.3 -0 0)
(24682.8 -0 0)
(49384.3 -0 0)
(-160747 0 0)
(-42164.1 0 0)
(120048 -0 0)
(142348 -0 0)
(82861.4 -0 0)
(220295 -0 0)
(217945 -0 0)
(141567 -0 0)
(39409.1 -0 0)
(44585.7 -0 0)
(44544.4 -0 0)
(-55259.7 0 0)
(-112237 0 0)
(-114793 0 0)
(-128224 0 0)
(-95855.3 0 0)
(-109932 0 0)
(-132217 0 0)
(-89201.6 0 0)
(-82588 0 0)
(-67115 0 0)
(-53266.4 0 0)
(-64183.2 0 0)
(-71058.5 0 0)
(-64309.1 0 0)
(-69478.7 0 0)
(-62274.6 0 0)
(-65211.1 0 0)
(-62935.7 0 0)
(-52418 0 0)
(-54245.3 0 0)
(-48486.6 0 0)
(-48835.8 0 0)
(-41879.8 0 0)
(-43861.3 0 0)
(-45939 0 0)
(-38672.3 0 0)
(-29209.8 0 0)
(-19567.9 0 0)
(-18686 0 0)
(-21529.7 0 0)
(-21210.2 0 0)
(-15051.8 0 0)
(-17035.1 0 0)
(-18022.4 0 0)
(-16408 0 0)
(-17053 0 0)
(-10497.6 0 0)
(-8774.16 0 0)
(2163.58 -0 0)
(13867.2 -0 0)
(16423 -0 0)
(21592.9 -0 0)
(16752.6 -0 0)
(16868.9 -0 0)
(9552.97 -0 0)
(8045.21 -0 0)
(-8529.85 0 0)
(-15230.3 0 0)
(-11528.3 0 0)
(-20251.4 0 0)
(-17059.3 0 0)
(-15275.5 0 0)
(-9623.45 0 0)
(-9760.59 0 0)
(-7865.94 0 0)
(-14011 0 0)
(-18866.2 0 0)
(-19026.9 0 0)
(9891.69 -0 0)
(24123.1 -0 0)
(39439.9 -0 0)
(61411.3 -0 0)
(88953.4 -0 0)
(123259 -0 0)
(139195 -0 0)
(141611 -0 0)
(130394 -0 0)
(130064 -0 0)
(112292 -0 0)
(136428 -0 0)
(164433 -0 0)
(68214.6 -0 0)
(-9401.9 0 0)
(-198708 0 0)
(-305808 0 0)
(-345406 0 0)
(-184351 0 0)
(25020.3 -0 0)
(-57538.1 0 0)
(-59664.4 0 0)
(21163.2 -0 0)
(-19160.3 0 0)
(-42804.8 0 0)
(-69114.2 0 0)
(-126754 0 0)
(-56769.8 0 0)
(-13161.1 0 0)
(-145299 0 0)
(58611.1 -0 0)
(-364956 0 0)
(-51475.8 0 0)
(30109.6 -0 0)
(15976.7 -0 0)
(-40018.5 0 0)
(181272 -0 0)
(131954 -0 0)
(57836.1 -0 0)
(48231.4 -0 0)
(36238.5 -0 0)
(42644.9 -0 0)
(-23940.9 0 0)
(-114348 0 0)
(-126383 0 0)
(-159212 0 0)
(-110730 0 0)
(-117834 0 0)
(-169858 0 0)
(-131026 0 0)
(-109312 0 0)
(-69762.7 0 0)
(-63223.5 0 0)
(-75563.7 0 0)
(-66450.9 0 0)
(-68054.2 0 0)
(-62894.7 0 0)
(-66016 0 0)
(-55279.6 0 0)
(-50482.2 0 0)
(-58882.5 0 0)
(-50861.3 0 0)
(-54345 0 0)
(-43529.9 0 0)
(-41811.2 0 0)
(-47050.2 0 0)
(-34624.2 0 0)
(-31688.3 0 0)
(-24094.2 0 0)
(-20557.3 0 0)
(-26270.8 0 0)
(-17337.3 0 0)
(-20445 0 0)
(-17644.5 0 0)
(-16612.5 0 0)
(-18283.3 0 0)
(-18390.2 0 0)
(-14698.9 0 0)
(-13018.6 0 0)
(-3469.87 0 0)
(-1129.6 0 0)
(13198.8 -0 0)
(16382.9 -0 0)
(7772.36 -0 0)
(11582.3 -0 0)
(4428.56 -0 0)
(10442 -0 0)
(-1518.41 0 0)
(-780.096 0 0)
(-16163.1 0 0)
(-19675.7 0 0)
(-15432.2 0 0)
(-16700.3 0 0)
(-13338.3 0 0)
(-8471.33 0 0)
(-7849.94 0 0)
(-9206.99 0 0)
(-13022.8 0 0)
(-18555.1 0 0)
(-12679.7 0 0)
(11208.4 -0 0)
(25648.7 -0 0)
(42455.4 -0 0)
(63134.8 -0 0)
(95014.9 -0 0)
(115286 -0 0)
(119638 -0 0)
(112518 -0 0)
(103101 -0 0)
(96907.6 -0 0)
(72279.1 -0 0)
(97507.1 -0 0)
(116975 -0 0)
(22150.8 -0 0)
(-15927.8 0 0)
(-70991 0 0)
(-178687 0 0)
(-135236 0 0)
(-63764 0 0)
(-14913.4 0 0)
(-72034.8 0 0)
(-110083 0 0)
(-37543.1 0 0)
(53571.8 -0 0)
(35417 -0 0)
(36026.6 -0 0)
(-11334.2 0 0)
(-23126.4 0 0)
(-17179.4 0 0)
(-175159 0 0)
(16116.2 -0 0)
(-117425 0 0)
(-137512 0 0)
(-94338 0 0)
(-78321.2 0 0)
(-80758.9 0 0)
(5307.69 -0 0)
(59342.6 -0 0)
(1211.58 -0 0)
(37606 -0 0)
(51722.2 -0 0)
(51307.7 -0 0)
(23835.9 -0 0)
(-95607.5 0 0)
(-90205.9 0 0)
(-181073 0 0)
(-126090 0 0)
(-106480 0 0)
(-210437 0 0)
(-154588 0 0)
(-136684 0 0)
(-99838.5 0 0)
(-82713.1 0 0)
(-68780 0 0)
(-71622.6 0 0)
(-62455.2 0 0)
(-68287.3 0 0)
(-64018.3 0 0)
(-65402.4 0 0)
(-56812.3 0 0)
(-58635.9 0 0)
(-52160.2 0 0)
(-54990.2 0 0)
(-46922.9 0 0)
(-48045.2 0 0)
(-40218.1 0 0)
(-37518.3 0 0)
(-30890.4 0 0)
(-34834.4 0 0)
(-24457.3 0 0)
(-26890.3 0 0)
(-18323.1 0 0)
(-18433.2 0 0)
(-14879.6 0 0)
(-17073.9 0 0)
(-18136.7 0 0)
(-18297.9 0 0)
(-16630.2 0 0)
(-9893.99 0 0)
(-5072.2 0 0)
(4731.3 -0 0)
(8995.46 -0 0)
(1718.63 -0 0)
(1838.42 -0 0)
(-460.336 0 0)
(2840.03 -0 0)
(4733.25 -0 0)
(9816.26 -0 0)
(4134.96 -0 0)
(-4151.74 0 0)
(-18446.1 0 0)
(-18660.9 0 0)
(-20468.5 0 0)
(-10348.9 0 0)
(-7692.34 0 0)
(-7155.15 0 0)
(-8787.94 0 0)
(-13290 0 0)
(-17065.3 0 0)
(-7991.74 0 0)
(8249.87 -0 0)
(24678.7 -0 0)
(42106.7 -0 0)
(62380 -0 0)
(88958.2 -0 0)
(99911.9 -0 0)
(93092.5 -0 0)
(82382.8 -0 0)
(65639.2 -0 0)
(56942.2 -0 0)
(34792.7 -0 0)
(73259.5 -0 0)
(84621.8 -0 0)
(26283.7 -0 0)
(9383.11 -0 0)
(-68861.4 0 0)
(-155025 0 0)
(17220 -0 0)
(50030.1 -0 0)
(-87803 0 0)
(-245978 0 0)
(-69439.8 0 0)
(63986 -0 0)
(47007.5 -0 0)
(-26035 0 0)
(-37162.6 0 0)
(-9256.99 0 0)
(24640.8 -0 0)
(10285.2 -0 0)
(-107864 0 0)
(-42771.7 0 0)
(-160055 0 0)
(-351837 0 0)
(-139278 0 0)
(-112599 0 0)
(-74466.1 0 0)
(-44631 0 0)
(21602.3 -0 0)
(-64480.9 0 0)
(47490 -0 0)
(74855.7 -0 0)
(47049 -0 0)
(39379.7 -0 0)
(-84715.5 0 0)
(-47024.2 0 0)
(-135564 0 0)
(-166639 0 0)
(-85210.7 0 0)
(-216394 0 0)
(-171372 0 0)
(-158135 0 0)
(-123456 0 0)
(-100252 0 0)
(-78160.6 0 0)
(-72059.4 0 0)
(-63793.4 0 0)
(-62786.3 0 0)
(-68607 0 0)
(-62014.2 0 0)
(-61826.2 0 0)
(-54385.7 0 0)
(-54515.8 0 0)
(-51177.6 0 0)
(-50293.7 0 0)
(-45394.5 0 0)
(-43695.8 0 0)
(-31903.5 0 0)
(-32567 0 0)
(-38190.9 0 0)
(-29597.6 0 0)
(-24393.2 0 0)
(-23315.7 0 0)
(-14283.3 0 0)
(-15454.2 0 0)
(-15423 0 0)
(-18700.2 0 0)
(-17976 0 0)
(-16749.5 0 0)
(-11776.7 0 0)
(-3545.68 0 0)
(1180.62 -0 0)
(-2323.46 0 0)
(-4449.22 0 0)
(-7112.63 0 0)
(3232.91 -0 0)
(-2235.29 0 0)
(2841.76 -0 0)
(-14041.1 0 0)
(-13808.3 0 0)
(-11941.2 0 0)
(-7368.06 0 0)
(-11506.5 0 0)
(-15805.9 0 0)
(-12111.7 0 0)
(-8076.87 0 0)
(-7868.47 0 0)
(-9719.56 0 0)
(-12703.7 0 0)
(-12094 0 0)
(-5256.61 0 0)
(7295.92 -0 0)
(21200.7 -0 0)
(38986.9 -0 0)
(57786 -0 0)
(77303.4 -0 0)
(76493.1 -0 0)
(62972.4 -0 0)
(56015 -0 0)
(52717.1 -0 0)
(56097.6 -0 0)
(35372 -0 0)
(66879.8 -0 0)
(56486.8 -0 0)
(-538.666 0 0)
(1326.95 -0 0)
(-95525.9 0 0)
(-75451.3 0 0)
(169775 -0 0)
(16311.1 -0 0)
(-131884 0 0)
(-152349 0 0)
(-17647.8 0 0)
(38246.1 -0 0)
(-53649.9 0 0)
(-106601 0 0)
(-104001 0 0)
(-26803.8 0 0)
(-10636.2 0 0)
(5868.82 -0 0)
(-95783.9 0 0)
(-61760.6 0 0)
(-241128 0 0)
(-341237 0 0)
(-195601 0 0)
(-217944 0 0)
(-127383 0 0)
(-67860.5 0 0)
(-57897.8 0 0)
(-96722.7 0 0)
(64713.9 -0 0)
(103186 -0 0)
(52293.9 -0 0)
(28829.1 -0 0)
(-53870.5 0 0)
(-28248.1 0 0)
(-74660.3 0 0)
(-152821 0 0)
(-69167.6 0 0)
(-154251 0 0)
(-155237 0 0)
(-147660 0 0)
(-135577 0 0)
(-110948 0 0)
(-81314.1 0 0)
(-62286.6 0 0)
(-53988.1 0 0)
(-62768.4 0 0)
(-63267.5 0 0)
(-65209.1 0 0)
(-59172.8 0 0)
(-58094 0 0)
(-49543.7 0 0)
(-53888.5 0 0)
(-47681.5 0 0)
(-49198.5 0 0)
(-42495.9 0 0)
(-33373.3 0 0)
(-38006.4 0 0)
(-35431.8 0 0)
(-25888.3 0 0)
(-29001.8 0 0)
(-23624.5 0 0)
(-16244.2 0 0)
(-12276.2 0 0)
(-16335.2 0 0)
(-17005.4 0 0)
(-18732.5 0 0)
(-16719.9 0 0)
(-13011.7 0 0)
(-4605.68 0 0)
(-7812.17 0 0)
(-9316.09 0 0)
(-13534.5 0 0)
(-6358.28 0 0)
(-3818.45 0 0)
(214.065 -0 0)
(-13107.4 0 0)
(-16113.6 0 0)
(-9320.8 0 0)
(-1362.74 0 0)
(-11317.2 0 0)
(-14571.1 0 0)
(-8277.82 0 0)
(-13127.2 0 0)
(-8976.62 0 0)
(-7333.85 0 0)
(-11076.3 0 0)
(-8438.92 0 0)
(-13321.2 0 0)
(-7115.83 0 0)
(3320.08 -0 0)
(16121.1 -0 0)
(33430.8 -0 0)
(49043 -0 0)
(59474 -0 0)
(54377.8 -0 0)
(50110.6 -0 0)
(44432.1 -0 0)
(47708.3 -0 0)
(41895.1 -0 0)
(31471.5 -0 0)
(56101.3 -0 0)
(31602.2 -0 0)
(-27991.9 0 0)
(-35097.4 0 0)
(-126306 0 0)
(21691.3 -0 0)
(213201 -0 0)
(25217 -0 0)
(-89540.4 0 0)
(-120642 0 0)
(-73787.9 0 0)
(-43919.1 0 0)
(-192095 0 0)
(-213103 0 0)
(-57809.8 0 0)
(-51149.6 0 0)
(-38914.5 0 0)
(-18454.9 0 0)
(-93718.2 0 0)
(-119768 0 0)
(-83346.8 0 0)
(-179156 0 0)
(-126958 0 0)
(-387058 0 0)
(-256575 0 0)
(-79242.7 0 0)
(-182298 0 0)
(-153977 0 0)
(110130 -0 0)
(123591 -0 0)
(57331.4 -0 0)
(21310.6 -0 0)
(-31404.1 0 0)
(-59296.3 0 0)
(-40575.4 0 0)
(-140352 0 0)
(-43973.4 0 0)
(-83341.6 0 0)
(-97570.2 0 0)
(-109870 0 0)
(-125911 0 0)
(-108859 0 0)
(-90888.6 0 0)
(-53328.2 0 0)
(-55420.8 0 0)
(-56829.2 0 0)
(-65619.1 0 0)
(-59463.7 0 0)
(-63419.9 0 0)
(-58701.2 0 0)
(-47518.4 0 0)
(-50458.6 0 0)
(-48046.1 0 0)
(-47608 0 0)
(-36102.9 0 0)
(-38061.7 0 0)
(-36191.1 0 0)
(-28630.4 0 0)
(-26889.6 0 0)
(-28005.5 0 0)
(-19906.9 0 0)
(-15941.7 0 0)
(-16580.6 0 0)
(-12707.4 0 0)
(-17910.8 0 0)
(-16774.4 0 0)
(-19750.8 0 0)
(-13661.6 0 0)
(-7638.36 0 0)
(-14409.1 0 0)
(-19219.4 0 0)
(-14354.6 0 0)
(-11252 0 0)
(1453.83 -0 0)
(-9438.22 0 0)
(-13769.3 0 0)
(-7792.86 0 0)
(2882.47 -0 0)
(-5882.83 0 0)
(-2407.98 0 0)
(-7892.33 0 0)
(-6499.04 0 0)
(-9727.55 0 0)
(-5749.79 0 0)
(-8748.45 0 0)
(-6347.87 0 0)
(-9589.04 0 0)
(-8280.58 0 0)
(-5135.94 0 0)
(1547.45 -0 0)
(10582.2 -0 0)
(26581.5 -0 0)
(38337.2 -0 0)
(38887.4 -0 0)
(40224.4 -0 0)
(33132.5 -0 0)
(33922.4 -0 0)
(28750.1 -0 0)
(32580 -0 0)
(13744 -0 0)
(39434.7 -0 0)
(-18960.6 0 0)
(-53210.1 0 0)
(-87746.9 0 0)
(-111492 0 0)
(92189.4 -0 0)
(195715 -0 0)
(55968.5 -0 0)
(-51177.7 0 0)
(-102884 0 0)
(-181924 0 0)
(-135843 0 0)
(-106916 0 0)
(-68782.6 0 0)
(37679 -0 0)
(-107451 0 0)
(-61512 0 0)
(-42033.1 0 0)
(-122069 0 0)
(-206590 0 0)
(-72738.7 0 0)
(-104777 0 0)
(-65276.3 0 0)
(-267835 0 0)
(-312252 0 0)
(-84226.2 0 0)
(-287196 0 0)
(-143031 0 0)
(31734.6 -0 0)
(134482 -0 0)
(66881.7 -0 0)
(20851.2 -0 0)
(-35044.6 0 0)
(-72470.1 0 0)
(-26148.3 0 0)
(-158599 0 0)
(-26443.5 0 0)
(-41698.3 0 0)
(-68608.8 0 0)
(-59063.6 0 0)
(-80102.5 0 0)
(-112604 0 0)
(-106672 0 0)
(-64232.8 0 0)
(-47440.2 0 0)
(-56491.9 0 0)
(-61881 0 0)
(-58113.4 0 0)
(-59400.9 0 0)
(-51994.1 0 0)
(-52841.5 0 0)
(-46134.4 0 0)
(-49694.1 0 0)
(-41476.9 0 0)
(-39038.7 0 0)
(-34874.8 0 0)
(-29428.8 0 0)
(-31362.4 0 0)
(-31393.6 0 0)
(-23371.9 0 0)
(-23887.8 0 0)
(-21390.6 0 0)
(-13740 0 0)
(-13188.1 0 0)
(-13894.8 0 0)
(-18234.8 0 0)
(-19592.4 0 0)
(-21233.3 0 0)
(-15418.4 0 0)
(-24406.7 0 0)
(-19514.7 0 0)
(-20280.6 0 0)
(-9904.21 0 0)
(2028.07 -0 0)
(6396.54 -0 0)
(7027.86 -0 0)
(5978.13 -0 0)
(-4991.35 0 0)
(1906.1 -0 0)
(-4453.1 0 0)
(-155.354 0 0)
(-7215.97 0 0)
(-3526.57 0 0)
(-6956.93 0 0)
(-3681.16 0 0)
(-7630.48 0 0)
(-2824.05 0 0)
(-13795.5 0 0)
(-2731.57 0 0)
(-557.208 0 0)
(7159.51 -0 0)
(21084.6 -0 0)
(26758 -0 0)
(29423.6 -0 0)
(21320.2 -0 0)
(22031.8 -0 0)
(12436 -0 0)
(17764.2 -0 0)
(2640.2 -0 0)
(-7689.38 0 0)
(21963 -0 0)
(-60784.2 0 0)
(-106315 0 0)
(-114634 0 0)
(-82093.1 0 0)
(153187 -0 0)
(214662 -0 0)
(64848.3 -0 0)
(-27982.4 0 0)
(-62206.7 0 0)
(-88535.5 0 0)
(-42348.1 0 0)
(-16978.8 0 0)
(38167.1 -0 0)
(95386.2 -0 0)
(-132409 0 0)
(-70549.9 0 0)
(-23900.3 0 0)
(-88940.1 0 0)
(-227557 0 0)
(-22730.5 0 0)
(-101989 0 0)
(-68702.4 0 0)
(-126895 0 0)
(-283242 0 0)
(-207061 0 0)
(-303603 0 0)
(-237192 0 0)
(-70725.8 0 0)
(118667 -0 0)
(80235.7 -0 0)
(8974.28 -0 0)
(-46797.4 0 0)
(-88300.8 0 0)
(-31335.8 0 0)
(-172392 0 0)
(-24678.1 0 0)
(-38384 0 0)
(-65106.8 0 0)
(-41836 0 0)
(-56001.7 0 0)
(-85522.4 0 0)
(-93941.1 0 0)
(-69571.8 0 0)
(-47419.6 0 0)
(-49176.7 0 0)
(-64137.7 0 0)
(-63612.4 0 0)
(-56397.5 0 0)
(-53049.3 0 0)
(-50253.5 0 0)
(-44270.3 0 0)
(-47448.9 0 0)
(-42579.6 0 0)
(-34750.6 0 0)
(-29680.2 0 0)
(-31432.7 0 0)
(-26344.6 0 0)
(-29092.4 0 0)
(-24838.8 0 0)
(-20408.7 0 0)
(-21306.3 0 0)
(-17335.5 0 0)
(-6258.36 0 0)
(-15379.6 0 0)
(-12122.9 0 0)
(-25834.6 0 0)
(-20714.1 0 0)
(-25633 0 0)
(-21156.6 0 0)
(-23322 0 0)
(-10121.8 0 0)
(-4004.6 0 0)
(11489.6 -0 0)
(5692.33 -0 0)
(-10439.2 0 0)
(-5212.78 0 0)
(3020.63 -0 0)
(-1817.02 0 0)
(15.7072 -0 0)
(1805.03 -0 0)
(-1489.84 0 0)
(-4736.81 0 0)
(-1720.21 0 0)
(-6389.54 0 0)
(-728.432 0 0)
(-2846.87 0 0)
(-16272.1 0 0)
(-2391.21 0 0)
(-1276.82 0 0)
(5586.93 -0 0)
(16545.4 -0 0)
(17255.1 -0 0)
(9644.01 -0 0)
(338.701 -0 0)
(2887.97 -0 0)
(406.206 -0 0)
(-11481.7 0 0)
(-13076.1 0 0)
(-16959 0 0)
(1377.42 -0 0)
(-68066.1 0 0)
(-147411 0 0)
(-143619 0 0)
(-44911.4 0 0)
(166756 -0 0)
(181472 -0 0)
(65200.8 -0 0)
(-28945.9 0 0)
(-96331.3 0 0)
(-36442.9 0 0)
(7748.64 -0 0)
(91371.6 -0 0)
(129458 -0 0)
(111608 -0 0)
(-103479 0 0)
(-69513.9 0 0)
(-40495.9 0 0)
(-63138.2 0 0)
(-177209 0 0)
(-23939.2 0 0)
(-87076.1 0 0)
(-53480.8 0 0)
(-118091 0 0)
(-255882 0 0)
(-174088 0 0)
(-229509 0 0)
(-312635 0 0)
(-107893 0 0)
(64385.6 -0 0)
(87619.7 -0 0)
(3981.28 -0 0)
(-75748.4 0 0)
(-95719.6 0 0)
(-23195.9 0 0)
(-111209 0 0)
(-23993.1 0 0)
(-42149.6 0 0)
(-56719.3 0 0)
(-41414.5 0 0)
(-55766.2 0 0)
(-69922 0 0)
(-83190.4 0 0)
(-75676.3 0 0)
(-45438.5 0 0)
(-45380.1 0 0)
(-58840.4 0 0)
(-60290.9 0 0)
(-59065.9 0 0)
(-50628.2 0 0)
(-41933.4 0 0)
(-46446.4 0 0)
(-46660.9 0 0)
(-40366.9 0 0)
(-35946.6 0 0)
(-32199.8 0 0)
(-27933.6 0 0)
(-28256.2 0 0)
(-23993.2 0 0)
(-20143.5 0 0)
(-22002.8 0 0)
(-16480.6 0 0)
(-15458.3 0 0)
(-4698.76 0 0)
(-9637.82 0 0)
(-9228.37 0 0)
(-24450.4 0 0)
(-27175.4 0 0)
(-18032.6 0 0)
(-25867.5 0 0)
(-14646.1 0 0)
(-6573.96 0 0)
(8083.78 -0 0)
(-1950.98 0 0)
(-9305.05 0 0)
(-10638.8 0 0)
(3529.03 -0 0)
(-3268.26 0 0)
(5971.36 -0 0)
(6604.64 -0 0)
(1841.51 -0 0)
(-1619.72 0 0)
(1472.41 -0 0)
(-3633.38 0 0)
(52.2476 -0 0)
(-9331.42 0 0)
(-13017.2 0 0)
(-17903.7 0 0)
(-5138.45 0 0)
(-3874.82 0 0)
(2843.15 -0 0)
(10019.1 -0 0)
(2480.6 -0 0)
(-2926.43 0 0)
(-10820 0 0)
(-23744.6 0 0)
(-33521.1 0 0)
(-28762.3 0 0)
(-41763.2 0 0)
(-27622.9 0 0)
(-16016.1 0 0)
(-95364.5 0 0)
(-149464 0 0)
(-168762 0 0)
(-18283.1 0 0)
(149503 -0 0)
(143049 -0 0)
(56007.5 -0 0)
(7427.57 -0 0)
(40417.2 -0 0)
(47954.5 -0 0)
(157445 -0 0)
(169302 -0 0)
(162889 -0 0)
(130254 -0 0)
(-29465.9 0 0)
(-49822.8 0 0)
(-48263.1 0 0)
(-63519 0 0)
(-124220 0 0)
(-62104.8 0 0)
(-51760.3 0 0)
(10553.9 -0 0)
(-126000 0 0)
(-217956 0 0)
(-156860 0 0)
(-190082 0 0)
(-131802 0 0)
(-49304.1 0 0)
(3819.16 -0 0)
(53370 -0 0)
(-4015.4 0 0)
(-96412.5 0 0)
(-111187 0 0)
(-14619.5 0 0)
(-67150.2 0 0)
(-28151.7 0 0)
(-73985.2 0 0)
(-80885.6 0 0)
(-77558.6 0 0)
(-57930 0 0)
(-55707.7 0 0)
(-81397.3 0 0)
(-76094.4 0 0)
(-50623.5 0 0)
(-43117.9 0 0)
(-49372.3 0 0)
(-58418.2 0 0)
(-56377.1 0 0)
(-52002.2 0 0)
(-42091.8 0 0)
(-45056.3 0 0)
(-39971.1 0 0)
(-40411.5 0 0)
(-31359.5 0 0)
(-28650.4 0 0)
(-31440.8 0 0)
(-25732.6 0 0)
(-27148.2 0 0)
(-20624.2 0 0)
(-18170.7 0 0)
(-19501.3 0 0)
(-9819.43 0 0)
(-8855.19 0 0)
(1457.6 -0 0)
(-9737.81 0 0)
(-13758.3 0 0)
(-24941.6 0 0)
(-16602.5 0 0)
(-16119.2 0 0)
(-13029.5 0 0)
(7133.79 -0 0)
(3630.93 -0 0)
(1833.15 -0 0)
(-10995.9 0 0)
(3067.51 -0 0)
(-4824.08 0 0)
(1388.64 -0 0)
(128.602 -0 0)
(3648.66 -0 0)
(881.572 -0 0)
(4667.81 -0 0)
(1156.54 -0 0)
(4339.76 -0 0)
(-4264.58 0 0)
(-675.671 0 0)
(-8966.31 0 0)
(-20155.2 0 0)
(-7612.58 0 0)
(-5800.68 0 0)
(-3658.86 0 0)
(3849.36 -0 0)
(-5206.67 0 0)
(-22083.7 0 0)
(-34814 0 0)
(-46832.2 0 0)
(-45030.1 0 0)
(-59199.6 0 0)
(-49438.5 0 0)
(-46572 0 0)
(-40869.2 0 0)
(-100728 0 0)
(-159004 0 0)
(-155672 0 0)
(8635.93 -0 0)
(148668 -0 0)
(118190 -0 0)
(29935.4 -0 0)
(65965.2 -0 0)
(212956 -0 0)
(117736 -0 0)
(174749 -0 0)
(205985 -0 0)
(140748 -0 0)
(98315.3 -0 0)
(-58946.9 0 0)
(-52750.5 0 0)
(-82813.6 0 0)
(-67897.1 0 0)
(-60283.6 0 0)
(-18453.1 0 0)
(-9992.02 0 0)
(54155.3 -0 0)
(-40418 0 0)
(-116053 0 0)
(-94981.8 0 0)
(-123850 0 0)
(-8491.63 0 0)
(-29249.5 0 0)
(-16361.9 0 0)
(-12540.4 0 0)
(34312.5 -0 0)
(-102244 0 0)
(-87170.6 0 0)
(-9520.85 0 0)
(-42932.8 0 0)
(-45154.1 0 0)
(-68147.5 0 0)
(-83172 0 0)
(-96210.4 0 0)
(-65421.7 0 0)
(-55212.9 0 0)
(-66666 0 0)
(-63642.1 0 0)
(-51058.3 0 0)
(-37058.6 0 0)
(-50903.3 0 0)
(-54201.4 0 0)
(-55035.3 0 0)
(-51052.5 0 0)
(-45709.7 0 0)
(-38134.6 0 0)
(-37916.2 0 0)
(-37868.8 0 0)
(-30046.5 0 0)
(-31136.6 0 0)
(-31119.5 0 0)
(-27598.3 0 0)
(-24541.6 0 0)
(-25120.4 0 0)
(-19120.8 0 0)
(-19567.8 0 0)
(-12194.1 0 0)
(-1174.92 0 0)
(-3516.63 0 0)
(4230.75 -0 0)
(-15624.2 0 0)
(-19247.4 0 0)
(-30513.7 0 0)
(-20581.7 0 0)
(702.171 -0 0)
(7070.88 -0 0)
(10931.7 -0 0)
(-5623.51 0 0)
(-1287.73 0 0)
(-4917.45 0 0)
(3911.16 -0 0)
(-5357.74 0 0)
(5459.42 -0 0)
(-209.934 0 0)
(5396.98 -0 0)
(4775.75 -0 0)
(9630.24 -0 0)
(3519.79 -0 0)
(4935.32 -0 0)
(-13356.3 0 0)
(-15950.1 0 0)
(-16321.3 0 0)
(-13085.9 0 0)
(-5443.81 0 0)
(-2942.69 0 0)
(-3874.25 0 0)
(-21730 0 0)
(-28004.8 0 0)
(-39367.8 0 0)
(-47684.1 0 0)
(-58209.6 0 0)
(-67866.7 0 0)
(-73026.3 0 0)
(-58011 0 0)
(-53995.9 0 0)
(-121766 0 0)
(-155034 0 0)
(-144718 0 0)
(22103.4 -0 0)
(136947 -0 0)
(90134.1 -0 0)
(17506.7 -0 0)
(172766 -0 0)
(319796 -0 0)
(233985 -0 0)
(201306 -0 0)
(158930 -0 0)
(105851 -0 0)
(29728.5 -0 0)
(-164114 0 0)
(-20438.2 0 0)
(650.768 -0 0)
(-38442.8 0 0)
(-32641.9 0 0)
(47802.1 -0 0)
(30258.6 -0 0)
(52982.1 -0 0)
(63404.5 -0 0)
(-7666.66 0 0)
(15198 -0 0)
(-9083.25 0 0)
(82364 -0 0)
(13227.5 -0 0)
(-19138.1 0 0)
(-59664.8 0 0)
(90862.5 -0 0)
(-10854.4 0 0)
(-22671.4 0 0)
(-13790.7 0 0)
(-56131 0 0)
(-72535.2 0 0)
(-75696.9 0 0)
(-69356.8 0 0)
(-83656.7 0 0)
(-65906.5 0 0)
(-45915.6 0 0)
(-48613 0 0)
(-58378.2 0 0)
(-49668.2 0 0)
(-33006.3 0 0)
(-45717 0 0)
(-50187.2 0 0)
(-53042.8 0 0)
(-49454.7 0 0)
(-41928.5 0 0)
(-35445 0 0)
(-34405.6 0 0)
(-31871 0 0)
(-30822.6 0 0)
(-26546.5 0 0)
(-27706.5 0 0)
(-21924.6 0 0)
(-27262.9 0 0)
(-22755.6 0 0)
(-22572.7 0 0)
(-15235 0 0)
(-17545.2 0 0)
(-5546.33 0 0)
(-4756.56 0 0)
(190.894 -0 0)
(-3475.99 0 0)
(-21051.5 0 0)
(-13786.5 0 0)
(-14741.6 0 0)
(10601.6 -0 0)
(7841.78 -0 0)
(6743.38 -0 0)
(189.544 -0 0)
(-5204.51 0 0)
(9031.69 -0 0)
(2609.37 -0 0)
(-3326.76 0 0)
(3562.09 -0 0)
(4749.69 -0 0)
(2934.89 -0 0)
(11038.3 -0 0)
(10398.8 -0 0)
(18534.1 -0 0)
(9299.38 -0 0)
(-17695.2 0 0)
(-7377.25 0 0)
(-20052.6 0 0)
(-18015.3 0 0)
(-6477.74 0 0)
(-4265.14 0 0)
(-16845.4 0 0)
(-27882.8 0 0)
(-39426.9 0 0)
(-62509.1 0 0)
(-79603.2 0 0)
(-76539.6 0 0)
(-64132.4 0 0)
(-81543.7 0 0)
(-71072.1 0 0)
(-71380.2 0 0)
(-135835 0 0)
(-159782 0 0)
(-123948 0 0)
(32789.4 -0 0)
(123060 -0 0)
(58998.2 -0 0)
(34933.6 -0 0)
(278399 -0 0)
(264131 -0 0)
(155567 -0 0)
(173966 -0 0)
(36203.2 -0 0)
(43822.7 -0 0)
(53429.8 -0 0)
(13676.5 -0 0)
(-16359.4 0 0)
(70318.1 -0 0)
(56983.8 -0 0)
(-17989.5 0 0)
(88601.6 -0 0)
(68419.7 -0 0)
(55378.1 -0 0)
(41793.2 -0 0)
(19299.7 -0 0)
(24944.2 -0 0)
(33766.1 -0 0)
(101768 -0 0)
(51868.3 -0 0)
(41434.5 -0 0)
(-62401 0 0)
(56711.1 -0 0)
(46217.4 -0 0)
(31812 -0 0)
(-10004.4 0 0)
(-79692.3 0 0)
(-87007.6 0 0)
(-44819.3 0 0)
(-38590.1 0 0)
(-51981.2 0 0)
(-41934.7 0 0)
(-32030.8 0 0)
(-40627 0 0)
(-47622.1 0 0)
(-46751.3 0 0)
(-33732.7 0 0)
(-40898.6 0 0)
(-47800.1 0 0)
(-48338.3 0 0)
(-48797.6 0 0)
(-38950.3 0 0)
(-32952.9 0 0)
(-31555.3 0 0)
(-31548.9 0 0)
(-27310.5 0 0)
(-26809.7 0 0)
(-22145.6 0 0)
(-24974.1 0 0)
(-24438.1 0 0)
(-25714.8 0 0)
(-19142.1 0 0)
(-20891.7 0 0)
(-12474.8 0 0)
(-6267.45 0 0)
(20034.8 -0 0)
(15039.5 -0 0)
(-8613.68 0 0)
(-8311.97 0 0)
(-14553.2 0 0)
(2757.75 -0 0)
(12106.5 -0 0)
(18667 -0 0)
(8366.61 -0 0)
(-5156.72 0 0)
(5240.29 -0 0)
(5260.36 -0 0)
(-3116.31 0 0)
(2349.6 -0 0)
(-1468.71 0 0)
(3353.43 -0 0)
(5663.32 -0 0)
(9817.9 -0 0)
(17793 -0 0)
(10749.5 -0 0)
(12665.1 -0 0)
(-16097.5 0 0)
(-6371.86 0 0)
(-15600.7 0 0)
(-22154.6 0 0)
(-5700.92 0 0)
(-6664.4 0 0)
(-20767.6 0 0)
(-45848.5 0 0)
(-64450.3 0 0)
(-68309.9 0 0)
(-87171.4 0 0)
(-93431 0 0)
(-81377.7 0 0)
(-79156.5 0 0)
(-72227.4 0 0)
(-105305 0 0)
(-144042 0 0)
(-177373 0 0)
(-95802.4 0 0)
(25394.1 -0 0)
(108213 -0 0)
(46068.4 -0 0)
(70835.8 -0 0)
(328824 -0 0)
(227087 -0 0)
(98192.3 -0 0)
(171372 -0 0)
(38469.2 -0 0)
(188067 -0 0)
(248817 -0 0)
(272651 -0 0)
(250470 -0 0)
(147510 -0 0)
(88155 -0 0)
(57286.6 -0 0)
(104919 -0 0)
(85261.2 -0 0)
(63561.3 -0 0)
(59349.3 -0 0)
(33340.6 -0 0)
(65463.8 -0 0)
(102109 -0 0)
(77180.7 -0 0)
(66773.4 -0 0)
(76281.2 -0 0)
(-36599.2 0 0)
(49774.2 -0 0)
(103371 -0 0)
(92867.1 -0 0)
(3843.49 -0 0)
(-67269.6 0 0)
(-74888.3 0 0)
(-23502.1 0 0)
(-667.77 0 0)
(-15440.3 0 0)
(-15372 0 0)
(-22893.6 0 0)
(-26549 0 0)
(-38170.9 0 0)
(-41116 0 0)
(-33532.3 0 0)
(-39942.1 0 0)
(-42250.9 0 0)
(-43032.7 0 0)
(-43155.5 0 0)
(-36360.8 0 0)
(-28534.4 0 0)
(-30970.4 0 0)
(-29063.6 0 0)
(-26595.9 0 0)
(-22969.3 0 0)
(-21922.5 0 0)
(-20440.5 0 0)
(-27696.7 0 0)
(-22919.9 0 0)
(-23797.4 0 0)
(-18060.4 0 0)
(-20305.6 0 0)
(-436.6 0 0)
(6936.23 -0 0)
(815.922 -0 0)
(3731.72 -0 0)
(-9488.93 0 0)
(1864.69 -0 0)
(3958.71 -0 0)
(19856.8 -0 0)
(12052.6 -0 0)
(-4995.69 0 0)
(-1932.12 0 0)
(-10697.3 0 0)
(-2677.14 0 0)
(2678.39 -0 0)
(-785.066 0 0)
(2486.75 -0 0)
(-731.314 0 0)
(11136.5 -0 0)
(15481.1 -0 0)
(15759.1 -0 0)
(18936.7 -0 0)
(1855.02 -0 0)
(-5215.25 0 0)
(-7460.72 0 0)
(-16358.3 0 0)
(-24381.8 0 0)
(-9453.67 0 0)
(-16655.7 0 0)
(-34630.2 0 0)
(-53370.5 0 0)
(-59041.3 0 0)
(-76292.9 0 0)
(-74893.3 0 0)
(-82115 0 0)
(-64666 0 0)
(-86476.7 0 0)
(-57386.6 0 0)
(-125461 0 0)
(-157734 0 0)
(-166264 0 0)
(-77823.5 0 0)
(30798 -0 0)
(106659 -0 0)
(32800.6 -0 0)
(164926 -0 0)
(312681 -0 0)
(229165 -0 0)
(205632 -0 0)
(122270 -0 0)
(95933.1 -0 0)
(192059 -0 0)
(222395 -0 0)
(273146 -0 0)
(251994 -0 0)
(193070 -0 0)
(130144 -0 0)
(92028.5 -0 0)
(120476 -0 0)
(122312 -0 0)
(91633.3 -0 0)
(47732.4 -0 0)
(55115.7 -0 0)
(115683 -0 0)
(111063 -0 0)
(67685.3 -0 0)
(133417 -0 0)
(14368.6 -0 0)
(-9987.47 0 0)
(50213.7 -0 0)
(132699 -0 0)
(139764 -0 0)
(46045.4 -0 0)
(-25890.3 0 0)
(-27904.5 0 0)
(-1552.79 0 0)
(19836.9 -0 0)
(12197.1 -0 0)
(344.198 -0 0)
(-7275.36 0 0)
(-20397.5 0 0)
(-28690.1 0 0)
(-39414.6 0 0)
(-29668.9 0 0)
(-34509.3 0 0)
(-36016.9 0 0)
(-40097.6 0 0)
(-37547.6 0 0)
(-33437.8 0 0)
(-24718.5 0 0)
(-27863.3 0 0)
(-26584.9 0 0)
(-22156.8 0 0)
(-24035.3 0 0)
(-17648.6 0 0)
(-21110.3 0 0)
(-25720.5 0 0)
(-26137.2 0 0)
(-19423.4 0 0)
(-25333.5 0 0)
(-16909.4 0 0)
(9.25473 -0 0)
(15106 -0 0)
(-4470.83 0 0)
(-1769.46 0 0)
(1654.59 -0 0)
(-542.81 0 0)
(18003.3 -0 0)
(13205 -0 0)
(9769.22 -0 0)
(-11367.6 0 0)
(-965.561 0 0)
(-9265.78 0 0)
(4371.43 -0 0)
(-1006.06 0 0)
(3807.19 -0 0)
(1021.55 -0 0)
(860.97 -0 0)
(9496.68 -0 0)
(13539.4 -0 0)
(22023 -0 0)
(11455.2 -0 0)
(5345.55 -0 0)
(-5232.54 0 0)
(-6905.43 0 0)
(-12886 0 0)
(-20819.7 0 0)
(-13773.3 0 0)
(-17478 0 0)
(-35203.6 0 0)
(-41917 0 0)
(-56757.3 0 0)
(-61830.7 0 0)
(-74075.3 0 0)
(-66836.5 0 0)
(-65981.5 0 0)
(-71530.9 0 0)
(-55804.9 0 0)
(-119488 0 0)
(-153461 0 0)
(-157847 0 0)
(-63849.1 0 0)
(35098.7 -0 0)
(95144.9 -0 0)
(37057.6 -0 0)
(250565 -0 0)
(276199 -0 0)
(190863 -0 0)
(218021 -0 0)
(160042 -0 0)
(248549 -0 0)
(288097 -0 0)
(295834 -0 0)
(299003 -0 0)
(263685 -0 0)
(208441 -0 0)
(150966 -0 0)
(117451 -0 0)
(137282 -0 0)
(147832 -0 0)
(104472 -0 0)
(67237.1 -0 0)
(69266.3 -0 0)
(143602 -0 0)
(122893 -0 0)
(92627.8 -0 0)
(136427 -0 0)
(42851.2 -0 0)
(60719.6 -0 0)
(81468.6 -0 0)
(134654 -0 0)
(157069 -0 0)
(97847.2 -0 0)
(14594.1 -0 0)
(35431 -0 0)
(-5077.14 0 0)
(21741.3 -0 0)
(10750.3 -0 0)
(10835.3 -0 0)
(-4321.74 0 0)
(-10509 0 0)
(-23524.8 0 0)
(-30449.4 0 0)
(-31733.7 0 0)
(-34582.1 0 0)
(-35073 0 0)
(-35235.2 0 0)
(-34448.3 0 0)
(-28315.5 0 0)
(-23204.3 0 0)
(-22123.8 0 0)
(-20694.9 0 0)
(-19707.5 0 0)
(-22020.3 0 0)
(-16980.8 0 0)
(-13523.3 0 0)
(-17552.8 0 0)
(-23413.2 0 0)
(-25886.3 0 0)
(-21162 0 0)
(-17285.8 0 0)
(13100.3 -0 0)
(10251.8 -0 0)
(12344.4 -0 0)
(9018.38 -0 0)
(-1663.36 0 0)
(10958.4 -0 0)
(12440.7 -0 0)
(15139.2 -0 0)
(-6191.96 0 0)
(-8572.47 0 0)
(-6328.05 0 0)
(3852.82 -0 0)
(572.459 -0 0)
(1769.18 -0 0)
(1610.75 -0 0)
(6355.8 -0 0)
(3664.02 -0 0)
(7031.61 -0 0)
(18247.9 -0 0)
(14232.6 -0 0)
(16601.7 -0 0)
(-6802.37 0 0)
(-3950.54 0 0)
(-5186.93 0 0)
(-7071.4 0 0)
(-18260.2 0 0)
(-23762.9 0 0)
(-28069.8 0 0)
(-35962.7 0 0)
(-36487.9 0 0)
(-41572.8 0 0)
(-61451.3 0 0)
(-61083.7 0 0)
(-66021 0 0)
(-52907.1 0 0)
(-66933 0 0)
(-47765 0 0)
(-129803 0 0)
(-119848 0 0)
(-158436 0 0)
(-44158.4 0 0)
(45357.2 -0 0)
(93030.3 -0 0)
(59845.3 -0 0)
(275198 -0 0)
(191342 -0 0)
(168020 -0 0)
(177611 -0 0)
(283250 -0 0)
(310236 -0 0)
(309235 -0 0)
(313202 -0 0)
(309505 -0 0)
(272912 -0 0)
(228545 -0 0)
(173347 -0 0)
(130471 -0 0)
(181554 -0 0)
(191327 -0 0)
(125514 -0 0)
(55047.4 -0 0)
(66161.9 -0 0)
(147607 -0 0)
(130619 -0 0)
(100183 -0 0)
(87583.2 -0 0)
(90133.4 -0 0)
(100580 -0 0)
(97203.6 -0 0)
(150889 -0 0)
(178813 -0 0)
(118269 -0 0)
(69876.8 -0 0)
(55576.8 -0 0)
(-764.029 0 0)
(-15413.1 0 0)
(-8269.11 0 0)
(-6055.45 0 0)
(-11250.6 0 0)
(-10206.1 0 0)
(-18297.1 0 0)
(-27972.6 0 0)
(-33809.7 0 0)
(-29625.3 0 0)
(-31250.3 0 0)
(-30749.6 0 0)
(-31125.4 0 0)
(-24282.3 0 0)
(-18670.6 0 0)
(-15492.6 0 0)
(-18925.8 0 0)
(-20248.5 0 0)
(-16859.6 0 0)
(-9667.91 0 0)
(-13517.5 0 0)
(-15075.7 0 0)
(-22188.4 0 0)
(-18739.6 0 0)
(-25264 0 0)
(-6092.18 0 0)
(14085 -0 0)
(19883.8 -0 0)
(14798.4 -0 0)
(1965.79 -0 0)
(5200.49 -0 0)
(2148.32 -0 0)
(15252 -0 0)
(2455.29 -0 0)
(-11959.9 0 0)
(-13277.1 0 0)
(-3526.54 0 0)
(-4201.44 0 0)
(4315.85 -0 0)
(-2121.01 0 0)
(4215.83 -0 0)
(4828.22 -0 0)
(-210.958 0 0)
(10879.9 -0 0)
(14744.7 -0 0)
(19555.2 -0 0)
(2924.96 -0 0)
(-4077.69 0 0)
(-3551.69 0 0)
(-5611.4 0 0)
(-5719.09 0 0)
(-8130.36 0 0)
(-28445.3 0 0)
(-29558 0 0)
(-36708.2 0 0)
(-34434.8 0 0)
(-37346 0 0)
(-53844.2 0 0)
(-60906.6 0 0)
(-50236 0 0)
(-52867 0 0)
(-50676.7 0 0)
(-53018.4 0 0)
(-111749 0 0)
(-91155.5 0 0)
(-135140 0 0)
(-25403.6 0 0)
(52643.2 -0 0)
(85876.3 -0 0)
(113188 -0 0)
(268248 -0 0)
(171991 -0 0)
(213619 -0 0)
(238068 -0 0)
(263780 -0 0)
(302009 -0 0)
(315586 -0 0)
(294726 -0 0)
(303028 -0 0)
(273075 -0 0)
(232675 -0 0)
(185851 -0 0)
(179736 -0 0)
(221586 -0 0)
(220217 -0 0)
(140617 -0 0)
(67049.8 -0 0)
(97012.4 -0 0)
(151961 -0 0)
(116958 -0 0)
(89128.8 -0 0)
(81200.9 -0 0)
(111101 -0 0)
(95351.3 -0 0)
(100064 -0 0)
(94834.2 -0 0)
(145504 -0 0)
(108388 -0 0)
(108540 -0 0)
(68363.4 -0 0)
(-19439.8 0 0)
(-55863.5 0 0)
(-49640.5 0 0)
(-28208.9 0 0)
(-20795.5 0 0)
(-6526.86 0 0)
(-17162.2 0 0)
(-33288.1 0 0)
(-28167.4 0 0)
(-29531.1 0 0)
(-25014.1 0 0)
(-26708.5 0 0)
(-25797.3 0 0)
(-19832.7 0 0)
(-15021.2 0 0)
(-11902.3 0 0)
(-18968.5 0 0)
(-15634.6 0 0)
(-9317.15 0 0)
(-10954.9 0 0)
(-5719.39 0 0)
(-14847 0 0)
(-15171.6 0 0)
(-24175.4 0 0)
(-18684.8 0 0)
(-2194.08 0 0)
(20508.3 -0 0)
(4977.4 -0 0)
(1645.47 -0 0)
(12598 -0 0)
(-1121.24 0 0)
(7763.26 -0 0)
(-1687.25 0 0)
(-4708.83 0 0)
(-20789.3 0 0)
(-13458.9 0 0)
(-10548 0 0)
(-3748.21 0 0)
(2438.46 -0 0)
(-1932.71 0 0)
(1997.36 -0 0)
(1851.21 -0 0)
(1014.64 -0 0)
(8397.65 -0 0)
(18184.3 -0 0)
(10305.9 -0 0)
(4477.75 -0 0)
(-2640.2 0 0)
(-7118.65 0 0)
(611.509 -0 0)
(705.812 -0 0)
(-8499.66 0 0)
(-29886.9 0 0)
(-22788 0 0)
(-38057.1 0 0)
(-32567.2 0 0)
(-37268.6 0 0)
(-42935.9 0 0)
(-50228.2 0 0)
(-43752.5 0 0)
(-40365 0 0)
(-48365.2 0 0)
(-47124.1 0 0)
(-105336 0 0)
(-54203.9 0 0)
(-120463 0 0)
(4175.03 -0 0)
(60497 -0 0)
(85880.1 -0 0)
(144144 -0 0)
(185066 -0 0)
(203329 -0 0)
(216910 -0 0)
(245209 -0 0)
(258979 -0 0)
(270433 -0 0)
(302682 -0 0)
(304709 -0 0)
(284905 -0 0)
(268201 -0 0)
(230894 -0 0)
(176641 -0 0)
(190843 -0 0)
(251291 -0 0)
(228535 -0 0)
(168784 -0 0)
(125215 -0 0)
(115061 -0 0)
(50688.1 -0 0)
(47316.1 -0 0)
(71779.9 -0 0)
(56992.5 -0 0)
(102466 -0 0)
(89309.6 -0 0)
(81671.4 -0 0)
(65260.2 -0 0)
(152811 -0 0)
(120628 -0 0)
(125082 -0 0)
(73112.4 -0 0)
(-1127.19 0 0)
(-78981.8 0 0)
(-99301 0 0)
(-60984.2 0 0)
(-36491.2 0 0)
(762.07 -0 0)
(-25452 0 0)
(-30842.2 0 0)
(-28348.7 0 0)
(-23207.4 0 0)
(-21770.7 0 0)
(-20056.7 0 0)
(-20555.2 0 0)
(-15013.5 0 0)
(-9258.16 0 0)
(-8968.06 0 0)
(-14195.8 0 0)
(-8907.19 0 0)
(-8282.27 0 0)
(-7441.17 0 0)
(-3326.28 0 0)
(-5115.55 0 0)
(-17167.7 0 0)
(-15772.3 0 0)
(-19333.3 0 0)
(9050.9 -0 0)
(17185 -0 0)
(11527.9 -0 0)
(14154.4 -0 0)
(10772.9 -0 0)
(1617.68 -0 0)
(-1067.02 0 0)
(-13596 0 0)
(-14606.1 0 0)
(-23809.1 0 0)
(-18927.4 0 0)
(-14146 0 0)
(-861.214 0 0)
(-275.004 0 0)
(-1186.71 0 0)
(-90.9156 0 0)
(-614.966 0 0)
(3436.75 -0 0)
(12773.5 -0 0)
(13335.2 -0 0)
(10998.2 -0 0)
(-2615.31 0 0)
(-2940.99 0 0)
(-6516.05 0 0)
(2135.49 -0 0)
(1366.98 -0 0)
(-3483.75 0 0)
(-29157.1 0 0)
(-21853 0 0)
(-29707.6 0 0)
(-30898.7 0 0)
(-35172.6 0 0)
(-42184.7 0 0)
(-38253 0 0)
(-43875.9 0 0)
(-44650 0 0)
(-40588.6 0 0)
(-61740.3 0 0)
(-81144.8 0 0)
(-20050.3 0 0)
(-79961.4 0 0)
(33947.3 -0 0)
(66642.7 -0 0)
(70624 -0 0)
(143340 -0 0)
(140189 -0 0)
(198346 -0 0)
(203800 -0 0)
(206032 -0 0)
(238864 -0 0)
(263061 -0 0)
(284022 -0 0)
(297649 -0 0)
(274798 -0 0)
(230063 -0 0)
(209424 -0 0)
(183240 -0 0)
(224105 -0 0)
(259254 -0 0)
(241051 -0 0)
(178276 -0 0)
(128595 -0 0)
(119951 -0 0)
(68591.2 -0 0)
(-53767.9 0 0)
(45521 -0 0)
(74439.3 -0 0)
(28483.8 -0 0)
(43601.3 -0 0)
(81536.3 -0 0)
(65591.6 -0 0)
(80478.5 -0 0)
(125680 -0 0)
(129149 -0 0)
(79472.8 -0 0)
(14584.5 -0 0)
(-70181.2 0 0)
(-124625 0 0)
(-102221 0 0)
(-36271.2 0 0)
(6817.26 -0 0)
(-25437.4 0 0)
(-37271.1 0 0)
(-21206.9 0 0)
(-21717.2 0 0)
(-12749.9 0 0)
(-14560.3 0 0)
(-13250.5 0 0)
(-9317.23 0 0)
(-3726.12 0 0)
(-5786.8 0 0)
(-7860.27 0 0)
(-5332.21 0 0)
(-29.3429 0 0)
(22.8518 -0 0)
(-5989.85 0 0)
(-458.18 0 0)
(-7280.51 0 0)
(-19238.6 0 0)
(-10208.4 0 0)
(9116.24 -0 0)
(12727.4 -0 0)
(-1154.29 0 0)
(8566.12 -0 0)
(3864.49 -0 0)
(7513.85 -0 0)
(-12207 0 0)
(-15149.1 0 0)
(-29379.6 0 0)
(-33375.8 0 0)
(-23610.5 0 0)
(-14576.5 0 0)
(-2368.22 0 0)
(-2888.93 0 0)
(-3071.85 0 0)
(-1930.12 0 0)
(1546.22 -0 0)
(5630.68 -0 0)
(11364.3 -0 0)
(9293.74 -0 0)
(16472.4 -0 0)
(-6817.15 0 0)
(-3613.74 0 0)
(-2714.63 0 0)
(1689.79 -0 0)
(5185.11 -0 0)
(-6289.86 0 0)
(-24917.5 0 0)
(-14288.2 0 0)
(-26624.1 0 0)
(-23834.2 0 0)
(-28306.9 0 0)
(-37446 0 0)
(-35391 0 0)
(-38078.9 0 0)
(-56511.4 0 0)
(-46396.3 0 0)
(-77035.1 0 0)
(-63142.9 0 0)
(21817.6 -0 0)
(-31339.2 0 0)
(30294 -0 0)
(67061.9 -0 0)
(62114.7 -0 0)
(88828.6 -0 0)
(131244 -0 0)
(170051 -0 0)
(172606 -0 0)
(165718 -0 0)
(206302 -0 0)
(230729 -0 0)
(248436 -0 0)
(248466 -0 0)
(199248 -0 0)
(162945 -0 0)
(157694 -0 0)
(122629 -0 0)
(243782 -0 0)
(262517 -0 0)
(252474 -0 0)
(187756 -0 0)
(144355 -0 0)
(109804 -0 0)
(106729 -0 0)
(-78562.8 0 0)
(-103423 0 0)
(-17041.5 0 0)
(34264.8 -0 0)
(27065 -0 0)
(113166 -0 0)
(111473 -0 0)
(79624.9 -0 0)
(128051 -0 0)
(127814 -0 0)
(68821.6 -0 0)
(25830.3 -0 0)
(-18921.4 0 0)
(-50047.4 0 0)
(-87252.2 0 0)
(-14971.3 0 0)
(5140.81 -0 0)
(-25206 0 0)
(-27356.7 0 0)
(-18526.9 0 0)
(-12260.7 0 0)
(-6521.39 0 0)
(-5497.3 0 0)
(-6135.32 0 0)
(-2315.09 0 0)
(1534.58 -0 0)
(2312.67 -0 0)
(-5384.25 0 0)
(1770.48 -0 0)
(2883.84 -0 0)
(-910.23 0 0)
(-2155.71 0 0)
(474.151 -0 0)
(-10237.3 0 0)
(-8738.72 0 0)
(-7660.7 0 0)
(16358.8 -0 0)
(17139.4 -0 0)
(-10376.6 0 0)
(-2403.78 0 0)
(8476.58 -0 0)
(8593.58 -0 0)
(-6235.54 0 0)
(-31987.5 0 0)
(-33419 0 0)
(-38555.5 0 0)
(-26205.3 0 0)
(-12680.5 0 0)
(-3295.58 0 0)
(-7508.5 0 0)
(-4717.86 0 0)
(-1878.96 0 0)
(379.993 -0 0)
(4532.82 -0 0)
(6476.49 -0 0)
(12734.9 -0 0)
(8511.58 -0 0)
(-9701.26 0 0)
(-5500.92 0 0)
(1972.78 -0 0)
(6533.16 -0 0)
(5081.19 -0 0)
(-4238.83 0 0)
(-19082.4 0 0)
(-11198.8 0 0)
(-17592.8 0 0)
(-20877.4 0 0)
(-21647.9 0 0)
(-30584.1 0 0)
(-34464.3 0 0)
(-37458.3 0 0)
(-67283.9 0 0)
(-67141.8 0 0)
(-86931.3 0 0)
(-38678 0 0)
(65126.6 -0 0)
(-4235.04 0 0)
(45294.6 -0 0)
(65130.6 -0 0)
(35563.7 -0 0)
(24010.2 -0 0)
(114168 -0 0)
(144125 -0 0)
(130020 -0 0)
(160320 -0 0)
(171524 -0 0)
(174645 -0 0)
(174622 -0 0)
(152830 -0 0)
(23885.2 -0 0)
(83025.2 -0 0)
(128929 -0 0)
(67466.8 -0 0)
(245671 -0 0)
(233047 -0 0)
(251707 -0 0)
(198970 -0 0)
(173558 -0 0)
(149004 -0 0)
(134237 -0 0)
(-1760.86 0 0)
(-15322 0 0)
(-75224.9 0 0)
(-34689.1 0 0)
(84954.8 -0 0)
(108119 -0 0)
(86730.7 -0 0)
(61015.4 -0 0)
(85839.6 -0 0)
(95119.4 -0 0)
(79563.9 -0 0)
(75635.8 -0 0)
(36997.5 -0 0)
(39784.6 -0 0)
(-27678.6 0 0)
(3183.35 -0 0)
(1066.57 -0 0)
(-15222.1 0 0)
(-31232.9 0 0)
(-7411.34 0 0)
(290.763 -0 0)
(-731.85 0 0)
(4980.52 -0 0)
(2316.45 -0 0)
(4998.22 -0 0)
(10545.2 -0 0)
(9945.66 -0 0)
(1055.44 -0 0)
(3868.71 -0 0)
(2257.61 -0 0)
(10355.8 -0 0)
(8999.59 -0 0)
(86.0456 -0 0)
(1696.65 -0 0)
(-8962.51 0 0)
(2894.24 -0 0)
(13446.4 -0 0)
(9502.84 -0 0)
(-11046.1 0 0)
(12448.6 -0 0)
(6151.44 -0 0)
(5246.59 -0 0)
(-5010.14 0 0)
(-24523.6 0 0)
(-41528.4 0 0)
(-38415.1 0 0)
(-25180 0 0)
(-17906.1 0 0)
(-9124.27 0 0)
(-7329.5 0 0)
(-8749.18 0 0)
(-3250.75 0 0)
(161.829 -0 0)
(981.51 -0 0)
(9282.32 -0 0)
(6538.5 -0 0)
(1285.49 -0 0)
(-12515.6 0 0)
(-4093.19 0 0)
(2329.14 -0 0)
(13203 -0 0)
(6398.2 -0 0)
(-7044.06 0 0)
(-20780.7 0 0)
(-9699.94 0 0)
(-12653.4 0 0)
(-17019.5 0 0)
(-19635.6 0 0)
(-25877.5 0 0)
(-37425.2 0 0)
(-46525.1 0 0)
(-74843.9 0 0)
(-76836.3 0 0)
(-90281.9 0 0)
(-4180.09 0 0)
(97497.4 -0 0)
(23120.1 -0 0)
(65252.1 -0 0)
(64245.8 -0 0)
(-5079.62 0 0)
(-60701.4 0 0)
(50812.2 -0 0)
(60174.1 -0 0)
(20341.4 -0 0)
(101070 -0 0)
(86880.9 -0 0)
(19123.1 -0 0)
(27365.8 -0 0)
(-50709 0 0)
(-92986.4 0 0)
(83108.9 -0 0)
(129709 -0 0)
(107937 -0 0)
(10645.1 -0 0)
(185593 -0 0)
(222077 -0 0)
(201757 -0 0)
(190065 -0 0)
(170821 -0 0)
(129937 -0 0)
(63966.1 -0 0)
(89442 -0 0)
(27788.4 -0 0)
(21859.1 -0 0)
(41708.4 -0 0)
(53899.4 -0 0)
(83232 -0 0)
(55680 -0 0)
(81950.6 -0 0)
(47575 -0 0)
(89216.5 -0 0)
(109068 -0 0)
(104120 -0 0)
(68432.7 -0 0)
(32709.7 -0 0)
(15820.2 -0 0)
(-6583.81 0 0)
(-3937.97 0 0)
(-17842.6 0 0)
(-330.368 0 0)
(7673.28 -0 0)
(13272.4 -0 0)
(14814.2 -0 0)
(13557.3 -0 0)
(13770.7 -0 0)
(22154.2 -0 0)
(19128 -0 0)
(11145 -0 0)
(5079.26 -0 0)
(10284.7 -0 0)
(6421.31 -0 0)
(9589.52 -0 0)
(12743.7 -0 0)
(1755.65 -0 0)
(3364.72 -0 0)
(5347.43 -0 0)
(18466.1 -0 0)
(2084.17 -0 0)
(-7687.75 0 0)
(18840.8 -0 0)
(1777.23 -0 0)
(1504.07 -0 0)
(10773 -0 0)
(-7247.08 0 0)
(-34507.8 0 0)
(-32362.4 0 0)
(-28751.6 0 0)
(-13994.1 0 0)
(-16804.4 0 0)
(-13969.7 0 0)
(-8722.81 0 0)
(-6102.14 0 0)
(-2891.9 0 0)
(681.323 -0 0)
(4403.97 -0 0)
(9996.43 -0 0)
(-1474.67 0 0)
(-13121.9 0 0)
(-4856.45 0 0)
(6078.22 -0 0)
(14905.2 -0 0)
(7766.22 -0 0)
(-3716.38 0 0)
(-15814.6 0 0)
(-5733.32 0 0)
(-5298.76 0 0)
(-16555.9 0 0)
(-17510.4 0 0)
(-22933.8 0 0)
(-31192 0 0)
(-42215.9 0 0)
(-72085.5 0 0)
(-76647.6 0 0)
(-69979.2 0 0)
(10529.5 -0 0)
(121431 -0 0)
(30068.7 -0 0)
(79306 -0 0)
(54835.6 -0 0)
(-5554.09 0 0)
(-110157 0 0)
(-53425 0 0)
(-108176 0 0)
(-75160.8 0 0)
(41638.3 -0 0)
(3665.1 -0 0)
(-83764.5 0 0)
(-144875 0 0)
(-168352 0 0)
(-92774.5 0 0)
(27835.5 -0 0)
(105844 -0 0)
(98460.4 -0 0)
(14856.6 -0 0)
(264926 -0 0)
(172288 -0 0)
(202065 -0 0)
(196807 -0 0)
(177277 -0 0)
(155977 -0 0)
(122870 -0 0)
(126680 -0 0)
(56582.7 -0 0)
(59861.4 -0 0)
(54677.3 -0 0)
(58548.7 -0 0)
(87586.2 -0 0)
(85608 -0 0)
(117196 -0 0)
(103878 -0 0)
(128408 -0 0)
(129554 -0 0)
(128519 -0 0)
(124255 -0 0)
(80466.7 -0 0)
(31771.6 -0 0)
(20699.6 -0 0)
(2422.66 -0 0)
(6732.9 -0 0)
(9298.95 -0 0)
(27884.2 -0 0)
(24549.2 -0 0)
(31969.9 -0 0)
(24859.5 -0 0)
(24525.7 -0 0)
(31604.3 -0 0)
(34512 -0 0)
(20570.3 -0 0)
(15720.3 -0 0)
(11279.3 -0 0)
(16561.2 -0 0)
(22806.4 -0 0)
(16710.7 -0 0)
(18898.3 -0 0)
(4390.35 -0 0)
(12241.7 -0 0)
(16212.1 -0 0)
(-7798.91 0 0)
(-159.294 0 0)
(6799.9 -0 0)
(3831.01 -0 0)
(3135.64 -0 0)
(9563.78 -0 0)
(-900.592 0 0)
(-13232.4 0 0)
(-9615.57 0 0)
(-14394.7 0 0)
(-21581.2 0 0)
(-13982.4 0 0)
(-24610.6 0 0)
(-14199.7 0 0)
(-5825.76 0 0)
(-8222.77 0 0)
(-5660.35 0 0)
(3640.48 -0 0)
(4394.51 -0 0)
(-8018.31 0 0)
(-11575 0 0)
(-1666.23 0 0)
(7577.22 -0 0)
(19291.1 -0 0)
(7353.24 -0 0)
(5174.37 -0 0)
(-17846.6 0 0)
(-1470.84 0 0)
(-2166.41 0 0)
(-14532.1 0 0)
(-13253.4 0 0)
(-14183.9 0 0)
(-23153.8 0 0)
(-36580.7 0 0)
(-63639.7 0 0)
(-57198.2 0 0)
(-17951.6 0 0)
(42484.8 -0 0)
(145884 -0 0)
(28052.8 -0 0)
(85222.9 -0 0)
(55755.7 -0 0)
(-25622.7 0 0)
(-113811 0 0)
(-88329.9 0 0)
(-138608 0 0)
(-24949.2 0 0)
(24353.7 -0 0)
(-61210.2 0 0)
(-135020 0 0)
(-189793 0 0)
(-187687 0 0)
(-99325 0 0)
(-32405.2 0 0)
(52170.1 -0 0)
(89156.1 -0 0)
(10756.3 -0 0)
(-40874.6 0 0)
(178367 -0 0)
(182546 -0 0)
(190037 -0 0)
(187219 -0 0)
(168583 -0 0)
(146014 -0 0)
(163890 -0 0)
(104485 -0 0)
(78813.6 -0 0)
(62466.8 -0 0)
(93622.3 -0 0)
(163169 -0 0)
(171414 -0 0)
(165233 -0 0)
(165782 -0 0)
(160448 -0 0)
(150140 -0 0)
(154866 -0 0)
(160327 -0 0)
(126913 -0 0)
(80765.1 -0 0)
(41314.5 -0 0)
(35308 -0 0)
(21950.4 -0 0)
(34504 -0 0)
(48598.9 -0 0)
(45486.3 -0 0)
(48225.6 -0 0)
(41887.7 -0 0)
(38170.4 -0 0)
(44932.3 -0 0)
(46751.4 -0 0)
(38935.4 -0 0)
(23815.7 -0 0)
(26918.1 -0 0)
(23867.9 -0 0)
(23981.2 -0 0)
(33540.9 -0 0)
(29828.9 -0 0)
(18847.1 -0 0)
(11288 -0 0)
(16862.4 -0 0)
(-8448.95 0 0)
(-17742.4 0 0)
(5729.23 -0 0)
(-6254.03 0 0)
(2742.2 -0 0)
(6747.57 -0 0)
(6548.88 -0 0)
(9749.54 -0 0)
(-4937.44 0 0)
(-21594.8 0 0)
(-16255.6 0 0)
(-22534.1 0 0)
(-28549.2 0 0)
(-18987.5 0 0)
(-10807.5 0 0)
(-11593.5 0 0)
(-8785.03 0 0)
(22.081 -0 0)
(2251.18 -0 0)
(-14918.3 0 0)
(-12846.7 0 0)
(3395.33 -0 0)
(10428.2 -0 0)
(22358.7 -0 0)
(7511.71 -0 0)
(13453.2 -0 0)
(-14273.6 0 0)
(2756.73 -0 0)
(3455.9 -0 0)
(-11639.4 0 0)
(-10068.7 0 0)
(-7543.96 0 0)
(-14006.8 0 0)
(-23058.1 0 0)
(-37316.2 0 0)
(-17451.6 0 0)
(21058.2 -0 0)
(58824.2 -0 0)
(171171 -0 0)
(-26728.7 0 0)
(82814.9 -0 0)
(42421 -0 0)
(-25957.1 0 0)
(-118158 0 0)
(-105607 0 0)
(-82992.1 0 0)
(-114644 0 0)
(-67692.1 0 0)
(-122449 0 0)
(-93803.1 0 0)
(-64428.5 0 0)
(-93390.1 0 0)
(-81729.4 0 0)
(-61602.8 0 0)
(-1152.5 0 0)
(47456 -0 0)
(-15436.9 0 0)
(-43788 0 0)
(143182 -0 0)
(171454 -0 0)
(174387 -0 0)
(169555 -0 0)
(164482 -0 0)
(148887 -0 0)
(177130 -0 0)
(142944 -0 0)
(113793 -0 0)
(77422.3 -0 0)
(130398 -0 0)
(204513 -0 0)
(184920 -0 0)
(183025 -0 0)
(203147 -0 0)
(192292 -0 0)
(174325 -0 0)
(186190 -0 0)
(194473 -0 0)
(167186 -0 0)
(126615 -0 0)
(102956 -0 0)
(74514.8 -0 0)
(56314 -0 0)
(63735 -0 0)
(70756 -0 0)
(76523.7 -0 0)
(67225.5 -0 0)
(55339.7 -0 0)
(54532.3 -0 0)
(57876 -0 0)
(61667.5 -0 0)
(53828.7 -0 0)
(38414.1 -0 0)
(35160.9 -0 0)
(27019 -0 0)
(39184.3 -0 0)
(36080 -0 0)
(33900.6 -0 0)
(32382.5 -0 0)
(16724.3 -0 0)
(18085.3 -0 0)
(-12159.1 0 0)
(-23080 0 0)
(2386.13 -0 0)
(-9415.81 0 0)
(-5798.16 0 0)
(6036.24 -0 0)
(12600.4 -0 0)
(4921.9 -0 0)
(2282.12 -0 0)
(-13954.6 0 0)
(-27640.6 0 0)
(-17465.3 0 0)
(-25045.8 0 0)
(-31040.2 0 0)
(-18336.8 0 0)
(-9130.32 0 0)
(-10014.5 0 0)
(-8270.13 0 0)
(-3227.52 0 0)
(-16247 0 0)
(-13077.5 0 0)
(5996.7 -0 0)
(12526.9 -0 0)
(24121.4 -0 0)
(8319.14 -0 0)
(21842.7 -0 0)
(-8665.37 0 0)
(6270.13 -0 0)
(6867.17 -0 0)
(-8117.19 0 0)
(-5971.78 0 0)
(-3309.59 0 0)
(-3925.25 0 0)
(-11530.8 0 0)
(-8341.92 0 0)
(9712.03 -0 0)
(35660.5 -0 0)
(73479.6 -0 0)
(184069 -0 0)
(-140474 0 0)
(72996.8 -0 0)
(37069.7 -0 0)
(-48938.5 0 0)
(-91199 0 0)
(-99585.8 0 0)
(-73999.8 0 0)
(-171950 0 0)
(-201613 0 0)
(-249107 0 0)
(-128938 0 0)
(-78506.2 0 0)
(-82243.1 0 0)
(-29528.3 0 0)
(-36751.6 0 0)
(-13631.2 0 0)
(22479.7 -0 0)
(-1816.15 0 0)
(-57221.8 0 0)
(10080.5 -0 0)
(21244.4 -0 0)
(122674 -0 0)
(146431 -0 0)
(137190 -0 0)
(152129 -0 0)
(165583 -0 0)
(144598 -0 0)
(101096 -0 0)
(92032.6 -0 0)
(151962 -0 0)
(208287 -0 0)
(188736 -0 0)
(190867 -0 0)
(200755 -0 0)
(194416 -0 0)
(191021 -0 0)
(207812 -0 0)
(219156 -0 0)
(207529 -0 0)
(174185 -0 0)
(158709 -0 0)
(126192 -0 0)
(119286 -0 0)
(105313 -0 0)
(109450 -0 0)
(105030 -0 0)
(102718 -0 0)
(80882.8 -0 0)
(68199 -0 0)
(74536.2 -0 0)
(73205.2 -0 0)
(68979.2 -0 0)
(55561.6 -0 0)
(43860.7 -0 0)
(33001.2 -0 0)
(35396.9 -0 0)
(43924.9 -0 0)
(45214 -0 0)
(39635 -0 0)
(23845.2 -0 0)
(20727.2 -0 0)
(-2294.74 0 0)
(-16562.8 0 0)
(4681.6 -0 0)
(-5588.53 0 0)
(-882.333 0 0)
(-1467.4 0 0)
(11897 -0 0)
(12211 -0 0)
(-7222.16 0 0)
(-2222.35 0 0)
(-22594.6 0 0)
(-23186 0 0)
(-16451.5 0 0)
(-26201.4 0 0)
(-30416.8 0 0)
(-15164.7 0 0)
(-5798 0 0)
(-7303.33 0 0)
(-10734.5 0 0)
(-21271.7 0 0)
(-5418.01 0 0)
(7341.25 -0 0)
(16069.8 -0 0)
(23869.7 -0 0)
(10022.4 -0 0)
(29424 -0 0)
(-2066.97 0 0)
(6212.41 -0 0)
(10085.8 -0 0)
(-3650.04 0 0)
(-4613.47 0 0)
(1003.94 -0 0)
(1102.17 -0 0)
(1613.74 -0 0)
(82.3717 -0 0)
(23154 -0 0)
(45081.5 -0 0)
(85833 -0 0)
(155115 -0 0)
(3951.05 -0 0)
(109535 -0 0)
(6406.47 -0 0)
(-53214.7 0 0)
(-46256.3 0 0)
(-14050.2 0 0)
(-87739 0 0)
(-153084 0 0)
(-258518 0 0)
(-387257 0 0)
(-250308 0 0)
(-158765 0 0)
(-102107 0 0)
(-89528.9 0 0)
(-78514 0 0)
(-18121 0 0)
(34376.7 -0 0)
(4293.9 -0 0)
(-140299 0 0)
(-207393 0 0)
(-14386.7 0 0)
(95944.9 -0 0)
(76798 -0 0)
(106499 -0 0)
(139515 -0 0)
(137152 -0 0)
(119022 -0 0)
(71327.1 -0 0)
(75232.7 -0 0)
(152319 -0 0)
(186183 -0 0)
(192632 -0 0)
(188619 -0 0)
(220012 -0 0)
(203317 -0 0)
(215648 -0 0)
(213687 -0 0)
(230662 -0 0)
(228508 -0 0)
(207834 -0 0)
(201639 -0 0)
(172147 -0 0)
(171234 -0 0)
(162376 -0 0)
(144733 -0 0)
(147620 -0 0)
(129496 -0 0)
(126772 -0 0)
(97615.7 -0 0)
(83875.7 -0 0)
(85697 -0 0)
(84816.3 -0 0)
(73329.7 -0 0)
(66052.7 -0 0)
(58013.8 -0 0)
(42584.7 -0 0)
(47876.2 -0 0)
(54029.1 -0 0)
(56978.1 -0 0)
(38471.8 -0 0)
(29799.3 -0 0)
(7005.35 -0 0)
(-6480.04 0 0)
(8320.65 -0 0)
(19999.7 -0 0)
(22512.3 -0 0)
(12065.3 -0 0)
(14266.4 -0 0)
(8392.13 -0 0)
(3995.2 -0 0)
(-13859.4 0 0)
(-27120.5 0 0)
(-38897.5 0 0)
(-30507.5 0 0)
(-15564.7 0 0)
(-21243 0 0)
(-23332.4 0 0)
(-10663.8 0 0)
(814.732 -0 0)
(-5593.05 0 0)
(-13502.9 0 0)
(-2050.51 0 0)
(10206.7 -0 0)
(17549.4 -0 0)
(24521.5 -0 0)
(13367.7 -0 0)
(35849.9 -0 0)
(-7574.3 0 0)
(6548.17 -0 0)
(9058.46 -0 0)
(-3190.82 0 0)
(-2407.51 0 0)
(-617.253 0 0)
(9027.83 -0 0)
(6781.32 -0 0)
(18040.9 -0 0)
(35766.5 -0 0)
(39140.5 -0 0)
(76494.3 -0 0)
(166014 -0 0)
(137364 -0 0)
(43324.4 -0 0)
(-12561.8 0 0)
(-82368.4 0 0)
(-24608.4 0 0)
(-16860.2 0 0)
(-139749 0 0)
(-204549 0 0)
(-274344 0 0)
(-374945 0 0)
(-369327 0 0)
(-351790 0 0)
(-351327 0 0)
(-290392 0 0)
(-189415 0 0)
(-76495.6 0 0)
(29324.6 -0 0)
(-1954.96 0 0)
(-74076.6 0 0)
(-210742 0 0)
(-255984 0 0)
(-44469.2 0 0)
(29698 -0 0)
(39170 -0 0)
(116786 -0 0)
(104538 -0 0)
(76751.5 -0 0)
(24088.1 -0 0)
(19363.1 -0 0)
(100795 -0 0)
(138929 -0 0)
(139220 -0 0)
(133131 -0 0)
(181467 -0 0)
(180458 -0 0)
(205864 -0 0)
(219537 -0 0)
(225807 -0 0)
(218682 -0 0)
(233566 -0 0)
(231952 -0 0)
(214864 -0 0)
(214021 -0 0)
(203354 -0 0)
(179744 -0 0)
(180685 -0 0)
(164061 -0 0)
(165115 -0 0)
(138032 -0 0)
(109394 -0 0)
(86147.4 -0 0)
(97137.7 -0 0)
(99692.3 -0 0)
(77543.5 -0 0)
(79313.9 -0 0)
(54893.3 -0 0)
(40765.5 -0 0)
(61816.9 -0 0)
(72101.3 -0 0)
(64745.5 -0 0)
(14145.4 -0 0)
(9062.18 -0 0)
(-7268.65 0 0)
(-3993.52 0 0)
(14481.5 -0 0)
(13001.6 -0 0)
(27145.8 -0 0)
(2582.61 -0 0)
(-749.404 0 0)
(-3759.25 0 0)
(-15213.7 0 0)
(-27005 0 0)
(-35769.9 0 0)
(-17322.6 0 0)
(-7613.7 0 0)
(810.608 -0 0)
(-8566.54 0 0)
(-16271.7 0 0)
(37.2222 -0 0)
(6761.4 -0 0)
(-2432.37 0 0)
(9467.03 -0 0)
(16012.6 -0 0)
(16241.4 -0 0)
(26057.1 -0 0)
(18356.5 -0 0)
(42955.9 -0 0)
(-6749.39 0 0)
(2600.79 -0 0)
(8683.35 -0 0)
(-970.39 0 0)
(-5162.34 0 0)
(-1604.23 0 0)
(13413.5 -0 0)
(12703.5 -0 0)
(33723.4 -0 0)
(27627.2 -0 0)
(29125.3 -0 0)
(50862.4 -0 0)
(157666 -0 0)
(112019 -0 0)
(-14564.2 0 0)
(-607.288 0 0)
(-92791.8 0 0)
(-54297.9 0 0)
(-67838.1 0 0)
(-264906 0 0)
(-360491 0 0)
(-351501 0 0)
(-343405 0 0)
(-389939 0 0)
(-361640 0 0)
(-375914 0 0)
(-350286 0 0)
(-260207 0 0)
(-219259 0 0)
(-57264.5 0 0)
(20103.4 -0 0)
(-30371.3 0 0)
(-61424.4 0 0)
(-112411 0 0)
(-113100 0 0)
(-85539.8 0 0)
(35799 -0 0)
(77326.5 -0 0)
(50073.2 -0 0)
(17821.4 -0 0)
(-68454.1 0 0)
(-102491 0 0)
(-3280.12 0 0)
(42019.5 -0 0)
(-25280.6 0 0)
(4895.4 -0 0)
(74558.1 -0 0)
(115496 -0 0)
(181899 -0 0)
(211061 -0 0)
(217740 -0 0)
(210142 -0 0)
(224772 -0 0)
(222038 -0 0)
(230188 -0 0)
(220711 -0 0)
(221336 -0 0)
(193071 -0 0)
(203499 -0 0)
(199557 -0 0)
(177954 -0 0)
(175758 -0 0)
(140517 -0 0)
(111030 -0 0)
(125284 -0 0)
(128363 -0 0)
(105765 -0 0)
(116111 -0 0)
(102706 -0 0)
(77622.7 -0 0)
(90217.3 -0 0)
(94948.1 -0 0)
(70481 -0 0)
(50409 -0 0)
(23683.9 -0 0)
(32042.3 -0 0)
(20068.8 -0 0)
(18155.7 -0 0)
(34150.6 -0 0)
(19144.4 -0 0)
(15860.1 -0 0)
(-10082.7 0 0)
(-18138.3 0 0)
(-2836.47 0 0)
(-13882.8 0 0)
(-19596 0 0)
(-5558.77 0 0)
(-13215.9 0 0)
(-1140.24 0 0)
(7035.29 -0 0)
(-4413.28 0 0)
(3058.19 -0 0)
(10391.5 -0 0)
(8878.15 -0 0)
(10401.7 -0 0)
(13905.9 -0 0)
(17094.8 -0 0)
(26436.6 -0 0)
(23314.2 -0 0)
(43629.3 -0 0)
(-11400.6 0 0)
(-764.392 0 0)
(7117.24 -0 0)
(-6456.28 0 0)
(-5455.87 0 0)
(-692.011 0 0)
(1675.77 -0 0)
(5324.65 -0 0)
(21263.1 -0 0)
(19681.6 -0 0)
(-2645.51 0 0)
(16934.9 -0 0)
(117410 -0 0)
(118645 -0 0)
(14731 -0 0)
(-47438.8 0 0)
(-89244.8 0 0)
(-91745.2 0 0)
(-217136 0 0)
(-428356 0 0)
(-320711 0 0)
(-381223 0 0)
(-349987 0 0)
(-342729 0 0)
(-376888 0 0)
(-371171 0 0)
(-337880 0 0)
(-330014 0 0)
(-343048 0 0)
(-198187 0 0)
(-34231.9 0 0)
(7110.01 -0 0)
(-8035.51 0 0)
(-97659 0 0)
(-71419.2 0 0)
(-51019.7 0 0)
(-59707.5 0 0)
(-33517.5 0 0)
(-11671.1 0 0)
(-81056.6 0 0)
(-155999 0 0)
(-109107 0 0)
(-47276.7 0 0)
(-112065 0 0)
(-238561 0 0)
(-111911 0 0)
(-61667.2 0 0)
(52115.8 -0 0)
(144427 -0 0)
(169849 -0 0)
(181452 -0 0)
(195655 -0 0)
(200173 -0 0)
(209981 -0 0)
(208120 -0 0)
(216480 -0 0)
(202881 -0 0)
(210700 -0 0)
(186897 -0 0)
(196614 -0 0)
(194623 -0 0)
(169371 -0 0)
(165765 -0 0)
(138859 -0 0)
(145794 -0 0)
(145992 -0 0)
(123187 -0 0)
(119448 -0 0)
(97176 -0 0)
(100040 -0 0)
(79750.3 -0 0)
(66964.6 -0 0)
(66198.6 -0 0)
(41582.2 -0 0)
(44422.3 -0 0)
(24726.8 -0 0)
(17763.9 -0 0)
(37092.1 -0 0)
(49878.6 -0 0)
(24374.3 -0 0)
(2952.76 -0 0)
(8438.37 -0 0)
(15486.4 -0 0)
(4355.9 -0 0)
(13949.6 -0 0)
(1464.43 -0 0)
(-4441.22 0 0)
(8178.7 -0 0)
(-6141.06 0 0)
(-6412.6 0 0)
(8096.32 -0 0)
(688.718 -0 0)
(10140 -0 0)
(1344.7 -0 0)
(16804.1 -0 0)
(20235.5 -0 0)
(15840.4 -0 0)
(25606.4 -0 0)
(28277.6 -0 0)
(49680.3 -0 0)
(-12685.1 0 0)
(-6186.33 0 0)
(-7878.82 0 0)
(-13096.6 0 0)
(-18670.5 0 0)
(-25926.1 0 0)
(-22120.6 0 0)
(-3213.94 0 0)
(7569.5 -0 0)
(-15428.1 0 0)
(-47245.9 0 0)
(-35076.7 0 0)
(51005.3 -0 0)
(121251 -0 0)
(82587.3 -0 0)
(-39731.5 0 0)
(-49173.5 0 0)
(-127093 0 0)
(-280204 0 0)
(-386755 0 0)
(-297166 0 0)
(-332403 0 0)
(-272829 0 0)
(-303989 0 0)
(-359644 0 0)
(-360057 0 0)
(-335930 0 0)
(-294795 0 0)
(-285872 0 0)
(-229632 0 0)
(-65757.9 0 0)
(69827.3 -0 0)
(94407.8 -0 0)
(67652.9 -0 0)
(24401.9 -0 0)
(45092 -0 0)
(-649.448 0 0)
(-36819.6 0 0)
(-141927 0 0)
(-161784 0 0)
(-236909 0 0)
(-255765 0 0)
(-326721 0 0)
(-382810 0 0)
(-251925 0 0)
(-121318 0 0)
(-59186.8 0 0)
(69708.6 -0 0)
(149706 -0 0)
(129541 -0 0)
(142791 -0 0)
(158625 -0 0)
(174626 -0 0)
(179727 -0 0)
(191129 -0 0)
(184823 -0 0)
(192433 -0 0)
(177820 -0 0)
(186119 -0 0)
(160441 -0 0)
(171079 -0 0)
(165842 -0 0)
(145368 -0 0)
(151292 -0 0)
(148219 -0 0)
(122066 -0 0)
(117575 -0 0)
(93230.2 -0 0)
(92977.1 -0 0)
(74081 -0 0)
(78910.9 -0 0)
(73260 -0 0)
(49715.3 -0 0)
(48769.6 -0 0)
(31277.7 -0 0)
(16650.1 -0 0)
(34317.2 -0 0)
(44339.5 -0 0)
(29174.5 -0 0)
(33076.2 -0 0)
(12567.1 -0 0)
(20692.8 -0 0)
(32676.4 -0 0)
(31037.6 -0 0)
(16572.2 -0 0)
(23475.2 -0 0)
(10279 -0 0)
(12723.9 -0 0)
(18887.8 -0 0)
(25218.2 -0 0)
(14132.1 -0 0)
(21284.1 -0 0)
(11160.5 -0 0)
(2526.3 -0 0)
(16988.6 -0 0)
(21264.1 -0 0)
(18075.6 -0 0)
(21391.6 -0 0)
(35153.1 -0 0)
(48800.5 -0 0)
(-10545.8 0 0)
(-14448.8 0 0)
(-22416.1 0 0)
(-37470.2 0 0)
(-58076.8 0 0)
(-58264.1 0 0)
(-40133.2 0 0)
(-32442.3 0 0)
(-49314.2 0 0)
(-74508.6 0 0)
(-125954 0 0)
(-176332 0 0)
(-101986 0 0)
(18912.4 -0 0)
(12995 -0 0)
(-44259.1 0 0)
(-82808.5 0 0)
(-177994 0 0)
(-288521 0 0)
(-261265 0 0)
(-286688 0 0)
(-362900 0 0)
(-335059 0 0)
(-324091 0 0)
(-328378 0 0)
(-275254 0 0)
(-228967 0 0)
(-213673 0 0)
(-240378 0 0)
(-227644 0 0)
(-169959 0 0)
(-128836 0 0)
(-44795.7 0 0)
(-42955.9 0 0)
(-49786.2 0 0)
(-36190.4 0 0)
(-40439.6 0 0)
(-108675 0 0)
(-98754 0 0)
(-146073 0 0)
(-200916 0 0)
(-226410 0 0)
(-276393 0 0)
(-271150 0 0)
(-171309 0 0)
(-77538.9 0 0)
(-10296.3 0 0)
(9436.13 -0 0)
(18351.6 -0 0)
(112005 -0 0)
(142260 -0 0)
(92371 -0 0)
(100934 -0 0)
(124421 -0 0)
(135155 -0 0)
(137970 -0 0)
(129132 -0 0)
(137289 -0 0)
(119799 -0 0)
(125777 -0 0)
(107171 -0 0)
(111708 -0 0)
(89947.8 -0 0)
(97568.6 -0 0)
(98686 -0 0)
(73760.6 -0 0)
(62694.6 -0 0)
(64141 -0 0)
(52332.6 -0 0)
(37082.2 -0 0)
(28765.3 -0 0)
(37154.5 -0 0)
(18730.3 -0 0)
(29120.3 -0 0)
(31083.9 -0 0)
(21101.6 -0 0)
(36791 -0 0)
(24319.7 -0 0)
(34655.2 -0 0)
(37479.1 -0 0)
(35102.2 -0 0)
(19466 -0 0)
(27701.2 -0 0)
(26971.1 -0 0)
(12937.1 -0 0)
(10230 -0 0)
(7271.74 -0 0)
(16911.1 -0 0)
(23264 -0 0)
(29239.5 -0 0)
(20423.8 -0 0)
(12805.8 -0 0)
(19496.7 -0 0)
(8700.7 -0 0)
(18197.4 -0 0)
(17237.6 -0 0)
(13273 -0 0)
(15287.4 -0 0)
(33528.2 -0 0)
(50360.8 -0 0)
(-4248.33 0 0)
(-7408.59 0 0)
(-19298.7 0 0)
(-37908.4 0 0)
(-51198.7 0 0)
(-57568.3 0 0)
(-54951.3 0 0)
(-64677.3 0 0)
(-72242.8 0 0)
(-105224 0 0)
(-176043 0 0)
(-281723 0 0)
(-294536 0 0)
(-177572 0 0)
(-78117.3 0 0)
(-62119.8 0 0)
(-113863 0 0)
(-190221 0 0)
(-212052 0 0)
(-183853 0 0)
(-191619 0 0)
(-205830 0 0)
(-220305 0 0)
(-221881 0 0)
(-200220 0 0)
(-193765 0 0)
(-223599 0 0)
(-277452 0 0)
(-315398 0 0)
(-328612 0 0)
(-298683 0 0)
(-276178 0 0)
(-260757 0 0)
(-255092 0 0)
(-259732 0 0)
(-241526 0 0)
(-228824 0 0)
(-184166 0 0)
(-165915 0 0)
(-152274 0 0)
(-142001 0 0)
(-149986 0 0)
(-162691 0 0)
(-132806 0 0)
(-90399.3 0 0)
(-68548.4 0 0)
(-28763.1 0 0)
(-30030.8 0 0)
(-32128.1 0 0)
(-38251.2 0 0)
(-12868.1 0 0)
(34196.4 -0 0)
(46644 -0 0)
(28349.1 -0 0)
(25766.5 -0 0)
(36372.3 -0 0)
(26587.2 -0 0)
(33073.2 -0 0)
(23965.5 -0 0)
(29381.9 -0 0)
(34470.2 -0 0)
(26132.2 -0 0)
(35947 -0 0)
(25538.2 -0 0)
(19541.6 -0 0)
(30254.9 -0 0)
(35241.4 -0 0)
(24645.9 -0 0)
(18402 -0 0)
(27231.4 -0 0)
(15198.4 -0 0)
(11415.4 -0 0)
(1818.61 -0 0)
(-6521.16 0 0)
(4735.91 -0 0)
(18203.2 -0 0)
(19302.5 -0 0)
(25751.6 -0 0)
(14498.3 -0 0)
(23236.1 -0 0)
(13882.8 -0 0)
(17522.5 -0 0)
(7299.3 -0 0)
(8188.05 -0 0)
(12657.2 -0 0)
(11871.8 -0 0)
(6202.07 -0 0)
(9846.42 -0 0)
(9626.24 -0 0)
(5610.25 -0 0)
(6091.85 -0 0)
(12208.1 -0 0)
(6870.62 -0 0)
(6098.67 -0 0)
(10610.6 -0 0)
(4775.17 -0 0)
(2435.73 -0 0)
(5601.29 -0 0)
(16957.8 -0 0)
(29643.6 -0 0)
)
;

boundaryField
{
    inlet
    {
        type            calculated;
        value           nonuniform List<vector> 
40
(
(-1373.98 0 0)
(-3254.62 0 0)
(-2320.18 0 0)
(-1852.56 0 0)
(527.229 -0 0)
(2702.31 -0 0)
(6759.83 -0 0)
(9891.69 -0 0)
(11208.4 -0 0)
(8249.87 -0 0)
(7295.92 -0 0)
(3320.08 -0 0)
(1547.45 -0 0)
(-557.208 0 0)
(-1276.82 0 0)
(-3874.82 0 0)
(-5800.68 0 0)
(-5443.81 0 0)
(-6477.74 0 0)
(-5700.92 0 0)
(-9453.67 0 0)
(-13773.3 0 0)
(-23762.9 0 0)
(-28445.3 0 0)
(-29886.9 0 0)
(-29157.1 0 0)
(-24917.5 0 0)
(-19082.4 0 0)
(-20780.7 0 0)
(-15814.6 0 0)
(-17846.6 0 0)
(-14273.6 0 0)
(-8665.37 0 0)
(-2066.97 0 0)
(-7574.3 0 0)
(-6749.39 0 0)
(-11400.6 0 0)
(-12685.1 0 0)
(-10545.8 0 0)
(-4248.33 0 0)
)
;
    }
    outlet
    {
        type            calculated;
        value           nonuniform List<vector> 
40
(
(-10557.6 0 0)
(-16099.3 0 0)
(-23164.1 0 0)
(-19250.6 0 0)
(-24597.7 0 0)
(-21495 0 0)
(-19026.9 0 0)
(-12679.7 0 0)
(-7991.74 0 0)
(-5256.61 0 0)
(-7115.83 0 0)
(-5135.94 0 0)
(-2731.57 0 0)
(-2391.21 0 0)
(-5138.45 0 0)
(-7612.58 0 0)
(-13085.9 0 0)
(-18015.3 0 0)
(-22154.6 0 0)
(-24381.8 0 0)
(-20819.7 0 0)
(-18260.2 0 0)
(-8130.36 0 0)
(-8499.66 0 0)
(-3483.75 0 0)
(-6289.86 0 0)
(-4238.83 0 0)
(-7044.06 0 0)
(-3716.38 0 0)
(5174.37 -0 0)
(13453.2 -0 0)
(21842.7 -0 0)
(29424 -0 0)
(35849.9 -0 0)
(42955.9 -0 0)
(43629.3 -0 0)
(49680.3 -0 0)
(48800.5 -0 0)
(50360.8 -0 0)
(29643.6 -0 0)
)
;
    }
    lowerWall
    {
        type            calculated;
        value           nonuniform List<vector> 
100
(
(-1373.98 0 0)
(-5553.06 0 0)
(-13680.6 0 0)
(-22918 0 0)
(-42538 0 0)
(-54876.3 0 0)
(-58519.5 0 0)
(-74678 0 0)
(-106774 0 0)
(-136472 0 0)
(-172068 0 0)
(-221916 0 0)
(-222811 0 0)
(-168545 0 0)
(-102767 0 0)
(-57552.9 0 0)
(-84819.3 0 0)
(-85002.3 0 0)
(-105699 0 0)
(-112333 0 0)
(-134847 0 0)
(-165265 0 0)
(-195225 0 0)
(-178828 0 0)
(-200952 0 0)
(-266736 0 0)
(-364728 0 0)
(-405534 0 0)
(-356981 0 0)
(-302724 0 0)
(-308279 0 0)
(-343294 0 0)
(-340536 0 0)
(-277434 0 0)
(-274571 0 0)
(-304989 0 0)
(-302169 0 0)
(-304740 0 0)
(-295268 0 0)
(-289872 0 0)
(-267567 0 0)
(-210227 0 0)
(-168516 0 0)
(-108020 0 0)
(-87110.6 0 0)
(-104395 0 0)
(-101453 0 0)
(-93092.7 0 0)
(-74292.9 0 0)
(-83286.5 0 0)
(-76266.7 0 0)
(-78358.6 0 0)
(-64703.9 0 0)
(-75511.1 0 0)
(-72355.1 0 0)
(-59683.8 0 0)
(-43065.7 0 0)
(-48121.4 0 0)
(-37364.9 0 0)
(-37402.8 0 0)
(-28986.4 0 0)
(-24799.4 0 0)
(-27516.6 0 0)
(-24748.1 0 0)
(-25039 0 0)
(-20733.3 0 0)
(-16009.9 0 0)
(-13675.2 0 0)
(-12280.4 0 0)
(-8975.34 0 0)
(-7110.49 0 0)
(-5900.32 0 0)
(-3069.96 0 0)
(-1978.74 0 0)
(-1574.29 0 0)
(-788.744 0 0)
(341.626 -0 0)
(-34.6626 0 0)
(2158.45 -0 0)
(2262.55 -0 0)
(7343.26 -0 0)
(10271.3 -0 0)
(16515.5 -0 0)
(15377.8 -0 0)
(19726.6 -0 0)
(16530.5 -0 0)
(12698.8 -0 0)
(17744.9 -0 0)
(11188.2 -0 0)
(4359.61 -0 0)
(6644.42 -0 0)
(-4337.46 0 0)
(-1577.91 0 0)
(-5322.37 0 0)
(-1833.68 0 0)
(-2738.52 0 0)
(-3217.31 0 0)
(-3758.85 0 0)
(-8745.68 0 0)
(-10557.6 0 0)
)
;
    }
    upperWall
    {
        type            calculated;
        value           nonuniform List<vector> 
100
(
(-4248.33 0 0)
(-7408.59 0 0)
(-19298.7 0 0)
(-37908.4 0 0)
(-51198.7 0 0)
(-57568.3 0 0)
(-54951.3 0 0)
(-64677.3 0 0)
(-72242.8 0 0)
(-105224 0 0)
(-176043 0 0)
(-281723 0 0)
(-294536 0 0)
(-177572 0 0)
(-78117.3 0 0)
(-62119.8 0 0)
(-113863 0 0)
(-190221 0 0)
(-212052 0 0)
(-183853 0 0)
(-191619 0 0)
(-205830 0 0)
(-220305 0 0)
(-221881 0 0)
(-200220 0 0)
(-193765 0 0)
(-223599 0 0)
(-277452 0 0)
(-315398 0 0)
(-328612 0 0)
(-298683 0 0)
(-276178 0 0)
(-260757 0 0)
(-255092 0 0)
(-259732 0 0)
(-241526 0 0)
(-228824 0 0)
(-184166 0 0)
(-165915 0 0)
(-152274 0 0)
(-142001 0 0)
(-149986 0 0)
(-162691 0 0)
(-132806 0 0)
(-90399.3 0 0)
(-68548.4 0 0)
(-28763.1 0 0)
(-30030.8 0 0)
(-32128.1 0 0)
(-38251.2 0 0)
(-12868.1 0 0)
(34196.4 -0 0)
(46644 -0 0)
(28349.1 -0 0)
(25766.5 -0 0)
(36372.3 -0 0)
(26587.2 -0 0)
(33073.2 -0 0)
(23965.5 -0 0)
(29381.9 -0 0)
(34470.2 -0 0)
(26132.2 -0 0)
(35947 -0 0)
(25538.2 -0 0)
(19541.6 -0 0)
(30254.9 -0 0)
(35241.4 -0 0)
(24645.9 -0 0)
(18402 -0 0)
(27231.4 -0 0)
(15198.4 -0 0)
(11415.4 -0 0)
(1818.61 -0 0)
(-6521.16 0 0)
(4735.91 -0 0)
(18203.2 -0 0)
(19302.5 -0 0)
(25751.6 -0 0)
(14498.3 -0 0)
(23236.1 -0 0)
(13882.8 -0 0)
(17522.5 -0 0)
(7299.3 -0 0)
(8188.05 -0 0)
(12657.2 -0 0)
(11871.8 -0 0)
(6202.07 -0 0)
(9846.42 -0 0)
(9626.24 -0 0)
(5610.25 -0 0)
(6091.85 -0 0)
(12208.1 -0 0)
(6870.62 -0 0)
(6098.67 -0 0)
(10610.6 -0 0)
(4775.17 -0 0)
(2435.73 -0 0)
(5601.29 -0 0)
(16957.8 -0 0)
(29643.6 -0 0)
)
;
    }
    frontAndBack
    {
        type            empty;
    }
}


// ************************************************************************* //
