/*--------------------------------*- C++ -*----------------------------------*\
| =========                 |                                                 |
| \\      /  F ield         | foam-extend: Open Source CFD                    |
|  \\    /   O peration     | Version:     5.0                                |
|   \\  /    A nd           | Web:         http://www.foam-extend.org         |
|    \\/     M anipulation  |                                                 |
\*---------------------------------------------------------------------------*/
FoamFile
{
    version     2.0;
    format      ascii;
    class       volVectorField;
    location    "0.085";
    object      currentDensity;
}
// * * * * * * * * * * * * * * * * * * * * * * * * * * * * * * * * * * * * * //

dimensions      [0 -2 0 0 0 1 0];

internalField   nonuniform List<vector> 
4000
(
(0 0 68.6992)
(0 0 277.653)
(0 0 684.03)
(0 0 1145.9)
(0 0 2126.9)
(0 0 2743.81)
(0 0 2925.98)
(0 0 3733.9)
(0 0 5338.7)
(0 0 6823.62)
(0 0 8603.4)
(0 0 11095.8)
(0 0 11140.5)
(0 0 8427.24)
(0 0 5138.33)
(0 0 2877.64)
(0 0 4240.97)
(0 0 4250.11)
(0 0 5284.93)
(0 0 5616.64)
(0 0 6742.36)
(0 0 8263.26)
(0 0 9761.27)
(0 0 8941.38)
(0 0 10047.6)
(0 0 13336.8)
(0 0 18236.4)
(0 0 20276.7)
(0 0 17849)
(0 0 15136.2)
(0 0 15413.9)
(0 0 17164.7)
(0 0 17026.8)
(0 0 13871.7)
(0 0 13728.6)
(0 0 15249.4)
(0 0 15108.4)
(0 0 15237)
(0 0 14763.4)
(0 0 14493.6)
(0 0 13378.3)
(0 0 10511.3)
(0 0 8425.82)
(0 0 5400.98)
(0 0 4355.53)
(0 0 5219.76)
(0 0 5072.65)
(0 0 4654.64)
(0 0 3714.65)
(0 0 4164.32)
(0 0 3813.33)
(0 0 3917.93)
(0 0 3235.2)
(0 0 3775.55)
(0 0 3617.75)
(0 0 2984.19)
(0 0 2153.29)
(0 0 2406.07)
(0 0 1868.25)
(0 0 1870.14)
(0 0 1449.32)
(0 0 1239.97)
(0 0 1375.83)
(0 0 1237.41)
(0 0 1251.95)
(0 0 1036.67)
(0 0 800.496)
(0 0 683.761)
(0 0 614.02)
(0 0 448.767)
(0 0 355.525)
(0 0 295.016)
(0 0 153.498)
(0 0 98.937)
(0 0 78.7144)
(0 0 39.4372)
(0 0 -17.0813)
(0 0 1.73313)
(0 0 -107.923)
(0 0 -113.127)
(0 0 -367.163)
(0 0 -513.567)
(0 0 -825.773)
(0 0 -768.892)
(0 0 -986.332)
(0 0 -826.523)
(0 0 -634.941)
(0 0 -887.246)
(0 0 -559.41)
(0 0 -217.981)
(0 0 -332.221)
(0 0 216.873)
(0 0 78.8956)
(0 0 266.119)
(0 0 91.6839)
(0 0 136.926)
(0 0 160.866)
(0 0 187.942)
(0 0 437.284)
(0 0 527.88)
(0 0 162.731)
(0 0 438.682)
(0 0 753.11)
(0 0 1030.68)
(0 0 876.536)
(0 0 961.029)
(0 0 1609.17)
(0 0 1684.64)
(0 0 2314.12)
(0 0 3494.87)
(0 0 3703.01)
(0 0 4387.6)
(0 0 1771.69)
(0 0 -4118.55)
(0 0 -6223.13)
(0 0 -4962.34)
(0 0 -5571.43)
(0 0 -3561.58)
(0 0 -3010.07)
(0 0 -1091.28)
(0 0 724.925)
(0 0 3143.31)
(0 0 4630.83)
(0 0 4410.32)
(0 0 5184.2)
(0 0 9556.46)
(0 0 12885.3)
(0 0 11656.7)
(0 0 8437.16)
(0 0 8204.87)
(0 0 7371.85)
(0 0 9986.71)
(0 0 12751.2)
(0 0 13002)
(0 0 10648)
(0 0 11802.8)
(0 0 14124.4)
(0 0 12668.2)
(0 0 12141)
(0 0 10986.4)
(0 0 10770)
(0 0 9438.84)
(0 0 7848.77)
(0 0 6433.18)
(0 0 4669.92)
(0 0 4092.66)
(0 0 5450.4)
(0 0 4582.93)
(0 0 3969.78)
(0 0 3550.82)
(0 0 4437.43)
(0 0 3957.81)
(0 0 4150.44)
(0 0 3584.97)
(0 0 3884.1)
(0 0 3549.94)
(0 0 3983.12)
(0 0 3210.85)
(0 0 3444)
(0 0 2860.83)
(0 0 3240.53)
(0 0 2924.52)
(0 0 2230.66)
(0 0 2632.15)
(0 0 1986.02)
(0 0 2074.64)
(0 0 1251.2)
(0 0 1121.48)
(0 0 1209.26)
(0 0 728.282)
(0 0 617.651)
(0 0 588.537)
(0 0 256.345)
(0 0 276.254)
(0 0 218.965)
(0 0 113.643)
(0 0 -13.9744)
(0 0 244.333)
(0 0 -73.5428)
(0 0 32.9306)
(0 0 -597.376)
(0 0 -617.069)
(0 0 -1513.93)
(0 0 -1588.12)
(0 0 -1309.84)
(0 0 -1710.06)
(0 0 -1156.61)
(0 0 -1431.91)
(0 0 -822.488)
(0 0 -235.159)
(0 0 -476.904)
(0 0 529.36)
(0 0 334.531)
(0 0 576.71)
(0 0 238.239)
(0 0 377.15)
(0 0 474.068)
(0 0 387.308)
(0 0 808.982)
(0 0 804.967)
(0 0 116.009)
(0 0 16.1365)
(0 0 -67.7465)
(0 0 -212.188)
(0 0 -807.163)
(0 0 -870.82)
(0 0 -1619.63)
(0 0 -2053.59)
(0 0 -3710.24)
(0 0 -4254.14)
(0 0 -3515.01)
(0 0 -5254.1)
(0 0 -7988.07)
(0 0 -10678.8)
(0 0 -9978.01)
(0 0 -9740.13)
(0 0 -7399.28)
(0 0 -6201.01)
(0 0 -4572.5)
(0 0 -4346.9)
(0 0 -3617.01)
(0 0 -3101.91)
(0 0 -2965.79)
(0 0 -787.467)
(0 0 -1378.28)
(0 0 413.426)
(0 0 1468.39)
(0 0 266.684)
(0 0 -4249.62)
(0 0 -2997.18)
(0 0 340.442)
(0 0 2841.85)
(0 0 6895.24)
(0 0 8202.18)
(0 0 6247.16)
(0 0 7588.11)
(0 0 8411.26)
(0 0 8119.18)
(0 0 6496.24)
(0 0 6485.54)
(0 0 7577.61)
(0 0 6994.36)
(0 0 6075.37)
(0 0 4691.7)
(0 0 4144.72)
(0 0 3191.48)
(0 0 4434.68)
(0 0 5024.8)
(0 0 4399.41)
(0 0 3824.91)
(0 0 3701.43)
(0 0 4356.27)
(0 0 3620.29)
(0 0 3683.56)
(0 0 3110.77)
(0 0 3290.55)
(0 0 3956.82)
(0 0 3187.95)
(0 0 3430.02)
(0 0 2852.1)
(0 0 3201.04)
(0 0 2734.26)
(0 0 3133.81)
(0 0 2771.73)
(0 0 1978.06)
(0 0 2328.79)
(0 0 1566.35)
(0 0 1644.56)
(0 0 1085.23)
(0 0 955.276)
(0 0 1120.22)
(0 0 540.238)
(0 0 554.653)
(0 0 467.53)
(0 0 400.66)
(0 0 512.111)
(0 0 336.612)
(0 0 147.471)
(0 0 547.791)
(0 0 -36.5936)
(0 0 -83.857)
(0 0 -380.841)
(0 0 -1334.28)
(0 0 -842.066)
(0 0 -1460.48)
(0 0 -1131.84)
(0 0 -1389.19)
(0 0 -861.735)
(0 0 -994.16)
(0 0 -191.418)
(0 0 -251.231)
(0 0 758.131)
(0 0 637.654)
(0 0 532.256)
(0 0 728.712)
(0 0 235.296)
(0 0 251.809)
(0 0 674.684)
(0 0 636.538)
(0 0 1158.2)
(0 0 92.6281)
(0 0 -510.094)
(0 0 -741.467)
(0 0 -1332.85)
(0 0 -1710)
(0 0 -2716)
(0 0 -3510.71)
(0 0 -5380.29)
(0 0 -6988.25)
(0 0 -8592.45)
(0 0 -8186.27)
(0 0 -9236.72)
(0 0 -11994.1)
(0 0 -11799.4)
(0 0 -8871.14)
(0 0 -8603.38)
(0 0 -4579.55)
(0 0 -3815.23)
(0 0 -2439.57)
(0 0 -2557.14)
(0 0 -4787.25)
(0 0 -7232.46)
(0 0 -8592.96)
(0 0 -7935.24)
(0 0 -8210.16)
(0 0 -8220.71)
(0 0 -5497.85)
(0 0 -7608)
(0 0 -10442.5)
(0 0 -8255.4)
(0 0 -4012.83)
(0 0 -4094.55)
(0 0 -958.514)
(0 0 1805)
(0 0 -44.4318)
(0 0 -923.719)
(0 0 1644.29)
(0 0 792.887)
(0 0 -529.792)
(0 0 2288.34)
(0 0 6805.2)
(0 0 6093.04)
(0 0 4454.55)
(0 0 3813.81)
(0 0 3229.86)
(0 0 3133.94)
(0 0 3040.47)
(0 0 5078.51)
(0 0 3797.34)
(0 0 2615.14)
(0 0 3709.2)
(0 0 3892.28)
(0 0 4194.32)
(0 0 3592.5)
(0 0 3714.29)
(0 0 3401.75)
(0 0 3682.02)
(0 0 3089.48)
(0 0 3257.47)
(0 0 2719.07)
(0 0 2966.21)
(0 0 2544.37)
(0 0 3009.91)
(0 0 2250.78)
(0 0 2024.48)
(0 0 2331.41)
(0 0 1800.37)
(0 0 1625.69)
(0 0 1272.22)
(0 0 1524.06)
(0 0 1205.19)
(0 0 626.689)
(0 0 554.67)
(0 0 656.853)
(0 0 640.824)
(0 0 574.973)
(0 0 780.594)
(0 0 411.28)
(0 0 735.257)
(0 0 113.974)
(0 0 71.5692)
(0 0 -610.496)
(0 0 -1186.94)
(0 0 -800.272)
(0 0 -1229.8)
(0 0 -1512.48)
(0 0 -1059.61)
(0 0 -1165.3)
(0 0 -639.371)
(0 0 -558.368)
(0 0 156.117)
(0 0 509.989)
(0 0 1129.92)
(0 0 725.328)
(0 0 892.042)
(0 0 331.646)
(0 0 545.997)
(0 0 487.903)
(0 0 775.113)
(0 0 962.529)
(0 0 -26.3615)
(0 0 -869.479)
(0 0 -1430.45)
(0 0 -1821.52)
(0 0 -2812.72)
(0 0 -3754.18)
(0 0 -5487.78)
(0 0 -7164.4)
(0 0 -9606.73)
(0 0 -9578.64)
(0 0 -9384.9)
(0 0 -10420.3)
(0 0 -12157.2)
(0 0 -11350.3)
(0 0 -6028.47)
(0 0 -3862.8)
(0 0 536.191)
(0 0 4588.16)
(0 0 4530.44)
(0 0 836.382)
(0 0 -5737.81)
(0 0 -9791.64)
(0 0 -11262.8)
(0 0 -11706.9)
(0 0 -10894.5)
(0 0 -11697.9)
(0 0 -12531.6)
(0 0 -14012.1)
(0 0 -12434.8)
(0 0 -6691.73)
(0 0 -4844.56)
(0 0 -2980.32)
(0 0 -6320.74)
(0 0 -5492.79)
(0 0 -7375.62)
(0 0 -6378.11)
(0 0 -6275.89)
(0 0 -5586.89)
(0 0 -2964.08)
(0 0 84.0748)
(0 0 4526.57)
(0 0 2914.08)
(0 0 4622.49)
(0 0 3123.97)
(0 0 3406.56)
(0 0 3382.64)
(0 0 2973.84)
(0 0 3892.94)
(0 0 3338.06)
(0 0 2968.08)
(0 0 2719.86)
(0 0 3896.54)
(0 0 3645.83)
(0 0 4087.92)
(0 0 3433.36)
(0 0 3738.31)
(0 0 3240.91)
(0 0 3429.68)
(0 0 2919.27)
(0 0 3041.22)
(0 0 2608.47)
(0 0 2785.74)
(0 0 2435.21)
(0 0 2625.63)
(0 0 2201.5)
(0 0 2071.07)
(0 0 2372.19)
(0 0 1780.21)
(0 0 1853.93)
(0 0 1580.25)
(0 0 957.826)
(0 0 756.159)
(0 0 829.364)
(0 0 630.636)
(0 0 743.436)
(0 0 799.627)
(0 0 694.655)
(0 0 820.512)
(0 0 494.646)
(0 0 501.105)
(0 0 -148.195)
(0 0 -341.088)
(0 0 -883.036)
(0 0 -1365.02)
(0 0 -1290.88)
(0 0 -1185.82)
(0 0 -1127.01)
(0 0 -814.546)
(0 0 -523.804)
(0 0 -276.926)
(0 0 229.484)
(0 0 848.714)
(0 0 911.955)
(0 0 1027.82)
(0 0 683.335)
(0 0 605.13)
(0 0 386.361)
(0 0 754.129)
(0 0 754.723)
(0 0 1229.88)
(0 0 -135.115)
(0 0 -1011.03)
(0 0 -1830.88)
(0 0 -2447.72)
(0 0 -3385.52)
(0 0 -5010.22)
(0 0 -6470.06)
(0 0 -8730.05)
(0 0 -9620.48)
(0 0 -9619.73)
(0 0 -9319.98)
(0 0 -9719.8)
(0 0 -11829.2)
(0 0 -9155.52)
(0 0 -3881.43)
(0 0 2982.16)
(0 0 11592.2)
(0 0 19247.4)
(0 0 11325.9)
(0 0 -1170.79)
(0 0 -8358.67)
(0 0 -10624.3)
(0 0 -9312.8)
(0 0 -9280.56)
(0 0 -10244.7)
(0 0 -8830.15)
(0 0 -12102.9)
(0 0 -14831.3)
(0 0 -10190.7)
(0 0 -5022.66)
(0 0 -6169.28)
(0 0 -2615.43)
(0 0 -6168.46)
(0 0 -10823.7)
(0 0 -11383.2)
(0 0 -8293.45)
(0 0 -8415.08)
(0 0 -10351)
(0 0 -7404.62)
(0 0 220.183)
(0 0 -462.426)
(0 0 173.456)
(0 0 3714.02)
(0 0 3814.38)
(0 0 4753.38)
(0 0 4194.94)
(0 0 4133.1)
(0 0 4401.2)
(0 0 4273.19)
(0 0 3639.18)
(0 0 2733.38)
(0 0 3411.22)
(0 0 3283.91)
(0 0 3898.87)
(0 0 3461.61)
(0 0 3737.05)
(0 0 3574.53)
(0 0 3084.7)
(0 0 3305.18)
(0 0 2790.48)
(0 0 2884.44)
(0 0 2506.07)
(0 0 2673)
(0 0 2322.14)
(0 0 2525.79)
(0 0 2054.7)
(0 0 2576.16)
(0 0 2160.43)
(0 0 1826.47)
(0 0 1392.3)
(0 0 1026.01)
(0 0 758.532)
(0 0 778.537)
(0 0 798.829)
(0 0 807.151)
(0 0 800.205)
(0 0 894.538)
(0 0 675.322)
(0 0 760.09)
(0 0 245.944)
(0 0 140.766)
(0 0 -616.14)
(0 0 -622.423)
(0 0 -1441.99)
(0 0 -1302.18)
(0 0 -942.507)
(0 0 -1007.3)
(0 0 -533.824)
(0 0 -217.717)
(0 0 157.951)
(0 0 483.77)
(0 0 990.721)
(0 0 894.004)
(0 0 772.328)
(0 0 728.254)
(0 0 418.695)
(0 0 573.473)
(0 0 570.501)
(0 0 987.31)
(0 0 1074.75)
(0 0 -337.992)
(0 0 -1067.86)
(0 0 -1879.19)
(0 0 -2692.45)
(0 0 -4158.34)
(0 0 -5597.57)
(0 0 -7425.27)
(0 0 -8702.1)
(0 0 -8319.31)
(0 0 -8027.1)
(0 0 -7896.19)
(0 0 -8337.42)
(0 0 -10600.1)
(0 0 -6232.58)
(0 0 -1933.86)
(0 0 3197.9)
(0 0 12836.7)
(0 0 21539.5)
(0 0 6775.17)
(0 0 -2648.79)
(0 0 -6424.49)
(0 0 -2822.78)
(0 0 793.165)
(0 0 4906.7)
(0 0 6397.24)
(0 0 -105.029)
(0 0 -6617.47)
(0 0 -7876.04)
(0 0 -3837.52)
(0 0 -1234.14)
(0 0 -2469.21)
(0 0 8037.36)
(0 0 2108.2)
(0 0 -6002.41)
(0 0 -7117.42)
(0 0 -4143.07)
(0 0 -11014.7)
(0 0 -10897.3)
(0 0 -7078.35)
(0 0 -1970.46)
(0 0 -2229.29)
(0 0 -2227.22)
(0 0 2762.98)
(0 0 5611.87)
(0 0 5739.67)
(0 0 6411.19)
(0 0 4792.77)
(0 0 5496.59)
(0 0 6610.84)
(0 0 4460.08)
(0 0 4129.4)
(0 0 3355.75)
(0 0 2663.32)
(0 0 3209.16)
(0 0 3552.93)
(0 0 3215.46)
(0 0 3473.93)
(0 0 3113.73)
(0 0 3260.55)
(0 0 3146.78)
(0 0 2620.9)
(0 0 2712.26)
(0 0 2424.33)
(0 0 2441.79)
(0 0 2093.99)
(0 0 2193.06)
(0 0 2296.95)
(0 0 1933.61)
(0 0 1460.49)
(0 0 978.395)
(0 0 934.301)
(0 0 1076.48)
(0 0 1060.51)
(0 0 752.591)
(0 0 851.756)
(0 0 901.118)
(0 0 820.399)
(0 0 852.652)
(0 0 524.879)
(0 0 438.708)
(0 0 -108.179)
(0 0 -693.359)
(0 0 -821.15)
(0 0 -1079.64)
(0 0 -837.632)
(0 0 -843.445)
(0 0 -477.648)
(0 0 -402.26)
(0 0 426.493)
(0 0 761.515)
(0 0 576.414)
(0 0 1012.57)
(0 0 852.965)
(0 0 763.776)
(0 0 481.172)
(0 0 488.029)
(0 0 393.297)
(0 0 700.552)
(0 0 943.308)
(0 0 951.347)
(0 0 -494.584)
(0 0 -1206.16)
(0 0 -1972)
(0 0 -3070.57)
(0 0 -4447.67)
(0 0 -6162.96)
(0 0 -6959.77)
(0 0 -7080.53)
(0 0 -6519.7)
(0 0 -6503.19)
(0 0 -5614.59)
(0 0 -6821.39)
(0 0 -8221.63)
(0 0 -3410.73)
(0 0 470.095)
(0 0 9935.38)
(0 0 15290.4)
(0 0 17270.3)
(0 0 9217.53)
(0 0 -1251.02)
(0 0 2876.9)
(0 0 2983.22)
(0 0 -1058.16)
(0 0 958.016)
(0 0 2140.24)
(0 0 3455.71)
(0 0 6337.7)
(0 0 2838.49)
(0 0 658.056)
(0 0 7264.97)
(0 0 -2930.56)
(0 0 18247.8)
(0 0 2573.79)
(0 0 -1505.48)
(0 0 -798.833)
(0 0 2000.93)
(0 0 -9063.61)
(0 0 -6597.69)
(0 0 -2891.8)
(0 0 -2411.57)
(0 0 -1811.92)
(0 0 -2132.25)
(0 0 1197.04)
(0 0 5717.4)
(0 0 6319.16)
(0 0 7960.62)
(0 0 5536.49)
(0 0 5891.72)
(0 0 8492.9)
(0 0 6551.28)
(0 0 5465.59)
(0 0 3488.14)
(0 0 3161.17)
(0 0 3778.18)
(0 0 3322.55)
(0 0 3402.71)
(0 0 3144.73)
(0 0 3300.8)
(0 0 2763.98)
(0 0 2524.11)
(0 0 2944.13)
(0 0 2543.07)
(0 0 2717.25)
(0 0 2176.49)
(0 0 2090.56)
(0 0 2352.51)
(0 0 1731.21)
(0 0 1584.41)
(0 0 1204.71)
(0 0 1027.87)
(0 0 1313.54)
(0 0 866.867)
(0 0 1022.25)
(0 0 882.224)
(0 0 830.624)
(0 0 914.167)
(0 0 919.511)
(0 0 734.946)
(0 0 650.93)
(0 0 173.493)
(0 0 56.4801)
(0 0 -659.94)
(0 0 -819.143)
(0 0 -388.618)
(0 0 -579.114)
(0 0 -221.428)
(0 0 -522.098)
(0 0 75.9205)
(0 0 39.0048)
(0 0 808.157)
(0 0 983.786)
(0 0 771.609)
(0 0 835.017)
(0 0 666.915)
(0 0 423.566)
(0 0 392.497)
(0 0 460.349)
(0 0 651.138)
(0 0 927.757)
(0 0 633.987)
(0 0 -560.42)
(0 0 -1282.43)
(0 0 -2122.77)
(0 0 -3156.74)
(0 0 -4750.75)
(0 0 -5764.32)
(0 0 -5981.89)
(0 0 -5625.91)
(0 0 -5155.03)
(0 0 -4845.38)
(0 0 -3613.96)
(0 0 -4875.36)
(0 0 -5848.73)
(0 0 -1107.54)
(0 0 796.388)
(0 0 3549.55)
(0 0 8934.34)
(0 0 6761.81)
(0 0 3188.2)
(0 0 745.67)
(0 0 3601.74)
(0 0 5504.14)
(0 0 1877.15)
(0 0 -2678.59)
(0 0 -1770.85)
(0 0 -1801.33)
(0 0 566.71)
(0 0 1156.32)
(0 0 858.972)
(0 0 8757.97)
(0 0 -805.808)
(0 0 5871.27)
(0 0 6875.61)
(0 0 4716.9)
(0 0 3916.06)
(0 0 4037.95)
(0 0 -265.385)
(0 0 -2967.13)
(0 0 -60.5789)
(0 0 -1880.3)
(0 0 -2586.11)
(0 0 -2565.39)
(0 0 -1191.79)
(0 0 4780.37)
(0 0 4510.3)
(0 0 9053.65)
(0 0 6304.49)
(0 0 5323.99)
(0 0 10521.9)
(0 0 7729.41)
(0 0 6834.18)
(0 0 4991.92)
(0 0 4135.66)
(0 0 3439)
(0 0 3581.13)
(0 0 3122.76)
(0 0 3414.36)
(0 0 3200.92)
(0 0 3270.12)
(0 0 2840.62)
(0 0 2931.79)
(0 0 2608.01)
(0 0 2749.51)
(0 0 2346.15)
(0 0 2402.26)
(0 0 2010.91)
(0 0 1875.91)
(0 0 1544.52)
(0 0 1741.72)
(0 0 1222.86)
(0 0 1344.51)
(0 0 916.157)
(0 0 921.661)
(0 0 743.981)
(0 0 853.693)
(0 0 906.837)
(0 0 914.897)
(0 0 831.508)
(0 0 494.699)
(0 0 253.61)
(0 0 -236.565)
(0 0 -449.773)
(0 0 -85.9314)
(0 0 -91.9211)
(0 0 23.0168)
(0 0 -142.002)
(0 0 -236.663)
(0 0 -490.813)
(0 0 -206.748)
(0 0 207.587)
(0 0 922.307)
(0 0 933.044)
(0 0 1023.43)
(0 0 517.445)
(0 0 384.617)
(0 0 357.758)
(0 0 439.397)
(0 0 664.499)
(0 0 853.263)
(0 0 399.587)
(0 0 -412.493)
(0 0 -1233.94)
(0 0 -2105.33)
(0 0 -3119)
(0 0 -4447.91)
(0 0 -4995.59)
(0 0 -4654.63)
(0 0 -4119.14)
(0 0 -3281.96)
(0 0 -2847.11)
(0 0 -1739.64)
(0 0 -3662.97)
(0 0 -4231.09)
(0 0 -1314.19)
(0 0 -469.155)
(0 0 3443.07)
(0 0 7751.25)
(0 0 -860.998)
(0 0 -2501.51)
(0 0 4390.15)
(0 0 12298.9)
(0 0 3471.99)
(0 0 -3199.3)
(0 0 -2350.37)
(0 0 1301.75)
(0 0 1858.13)
(0 0 462.849)
(0 0 -1232.04)
(0 0 -514.258)
(0 0 5393.18)
(0 0 2138.58)
(0 0 8002.77)
(0 0 17591.8)
(0 0 6963.89)
(0 0 5629.94)
(0 0 3723.3)
(0 0 2231.55)
(0 0 -1080.11)
(0 0 3224.04)
(0 0 -2374.5)
(0 0 -3742.78)
(0 0 -2352.45)
(0 0 -1968.98)
(0 0 4235.77)
(0 0 2351.21)
(0 0 6778.22)
(0 0 8331.95)
(0 0 4260.54)
(0 0 10819.7)
(0 0 8568.6)
(0 0 7906.77)
(0 0 6172.79)
(0 0 5012.62)
(0 0 3908.03)
(0 0 3602.97)
(0 0 3189.67)
(0 0 3139.32)
(0 0 3430.35)
(0 0 3100.71)
(0 0 3091.31)
(0 0 2719.29)
(0 0 2725.79)
(0 0 2558.88)
(0 0 2514.68)
(0 0 2269.73)
(0 0 2184.79)
(0 0 1595.17)
(0 0 1628.35)
(0 0 1909.54)
(0 0 1479.88)
(0 0 1219.66)
(0 0 1165.79)
(0 0 714.167)
(0 0 772.712)
(0 0 771.151)
(0 0 935.012)
(0 0 898.798)
(0 0 837.474)
(0 0 588.833)
(0 0 177.284)
(0 0 -59.0309)
(0 0 116.173)
(0 0 222.461)
(0 0 355.632)
(0 0 -161.646)
(0 0 111.764)
(0 0 -142.088)
(0 0 702.053)
(0 0 690.417)
(0 0 597.061)
(0 0 368.403)
(0 0 575.326)
(0 0 790.295)
(0 0 605.583)
(0 0 403.844)
(0 0 393.423)
(0 0 485.978)
(0 0 635.185)
(0 0 604.698)
(0 0 262.83)
(0 0 -364.796)
(0 0 -1060.04)
(0 0 -1949.35)
(0 0 -2889.3)
(0 0 -3865.17)
(0 0 -3824.65)
(0 0 -3148.62)
(0 0 -2800.75)
(0 0 -2635.85)
(0 0 -2804.88)
(0 0 -1768.6)
(0 0 -3343.99)
(0 0 -2824.34)
(0 0 26.9333)
(0 0 -66.3475)
(0 0 4776.29)
(0 0 3772.57)
(0 0 -8488.73)
(0 0 -815.555)
(0 0 6594.21)
(0 0 7617.43)
(0 0 882.392)
(0 0 -1912.31)
(0 0 2682.5)
(0 0 5330.05)
(0 0 5200.05)
(0 0 1340.19)
(0 0 531.812)
(0 0 -293.441)
(0 0 4789.19)
(0 0 3088.03)
(0 0 12056.4)
(0 0 17061.9)
(0 0 9780.05)
(0 0 10897.2)
(0 0 6369.16)
(0 0 3393.03)
(0 0 2894.89)
(0 0 4836.13)
(0 0 -3235.7)
(0 0 -5159.28)
(0 0 -2614.69)
(0 0 -1441.45)
(0 0 2693.53)
(0 0 1412.41)
(0 0 3733.02)
(0 0 7641.04)
(0 0 3458.38)
(0 0 7712.54)
(0 0 7761.85)
(0 0 7382.98)
(0 0 6778.87)
(0 0 5547.4)
(0 0 4065.71)
(0 0 3114.33)
(0 0 2699.41)
(0 0 3138.42)
(0 0 3163.37)
(0 0 3260.45)
(0 0 2958.64)
(0 0 2904.7)
(0 0 2477.19)
(0 0 2694.43)
(0 0 2384.07)
(0 0 2459.93)
(0 0 2124.79)
(0 0 1668.67)
(0 0 1900.32)
(0 0 1771.59)
(0 0 1294.41)
(0 0 1450.09)
(0 0 1181.22)
(0 0 812.212)
(0 0 613.808)
(0 0 816.761)
(0 0 850.27)
(0 0 936.627)
(0 0 835.997)
(0 0 650.584)
(0 0 230.284)
(0 0 390.609)
(0 0 465.804)
(0 0 676.723)
(0 0 317.914)
(0 0 190.923)
(0 0 -10.7033)
(0 0 655.37)
(0 0 805.681)
(0 0 466.04)
(0 0 68.1371)
(0 0 565.862)
(0 0 728.556)
(0 0 413.891)
(0 0 656.359)
(0 0 448.831)
(0 0 366.692)
(0 0 553.814)
(0 0 421.946)
(0 0 666.062)
(0 0 355.791)
(0 0 -166.004)
(0 0 -806.056)
(0 0 -1671.54)
(0 0 -2452.15)
(0 0 -2973.7)
(0 0 -2718.89)
(0 0 -2505.53)
(0 0 -2221.6)
(0 0 -2385.42)
(0 0 -2094.75)
(0 0 -1573.57)
(0 0 -2805.07)
(0 0 -1580.11)
(0 0 1399.6)
(0 0 1754.87)
(0 0 6315.29)
(0 0 -1084.56)
(0 0 -10660.1)
(0 0 -1260.85)
(0 0 4477.02)
(0 0 6032.11)
(0 0 3689.39)
(0 0 2195.95)
(0 0 9604.75)
(0 0 10655.2)
(0 0 2890.49)
(0 0 2557.48)
(0 0 1945.73)
(0 0 922.747)
(0 0 4685.91)
(0 0 5988.41)
(0 0 4167.34)
(0 0 8957.81)
(0 0 6347.9)
(0 0 19352.9)
(0 0 12828.8)
(0 0 3962.14)
(0 0 9114.88)
(0 0 7698.83)
(0 0 -5506.51)
(0 0 -6179.53)
(0 0 -2866.57)
(0 0 -1065.53)
(0 0 1570.2)
(0 0 2964.82)
(0 0 2028.77)
(0 0 7017.58)
(0 0 2198.67)
(0 0 4167.08)
(0 0 4878.51)
(0 0 5493.5)
(0 0 6295.54)
(0 0 5442.93)
(0 0 4544.43)
(0 0 2666.41)
(0 0 2771.04)
(0 0 2841.46)
(0 0 3280.96)
(0 0 2973.19)
(0 0 3171)
(0 0 2935.06)
(0 0 2375.92)
(0 0 2522.93)
(0 0 2402.3)
(0 0 2380.4)
(0 0 1805.14)
(0 0 1903.09)
(0 0 1809.56)
(0 0 1431.52)
(0 0 1344.48)
(0 0 1400.28)
(0 0 995.345)
(0 0 797.085)
(0 0 829.028)
(0 0 635.368)
(0 0 895.539)
(0 0 838.719)
(0 0 987.542)
(0 0 683.078)
(0 0 381.918)
(0 0 720.456)
(0 0 960.97)
(0 0 717.729)
(0 0 562.601)
(0 0 -72.6915)
(0 0 471.911)
(0 0 688.466)
(0 0 389.643)
(0 0 -144.123)
(0 0 294.142)
(0 0 120.399)
(0 0 394.616)
(0 0 324.952)
(0 0 486.377)
(0 0 287.49)
(0 0 437.423)
(0 0 317.393)
(0 0 479.452)
(0 0 414.029)
(0 0 256.797)
(0 0 -77.3725)
(0 0 -529.111)
(0 0 -1329.08)
(0 0 -1916.86)
(0 0 -1944.37)
(0 0 -2011.22)
(0 0 -1656.63)
(0 0 -1696.12)
(0 0 -1437.51)
(0 0 -1629)
(0 0 -687.202)
(0 0 -1971.73)
(0 0 948.028)
(0 0 2660.5)
(0 0 4387.34)
(0 0 5574.58)
(0 0 -4609.47)
(0 0 -9785.76)
(0 0 -2798.43)
(0 0 2558.89)
(0 0 5144.18)
(0 0 9096.19)
(0 0 6792.16)
(0 0 5345.81)
(0 0 3439.13)
(0 0 -1883.95)
(0 0 5372.53)
(0 0 3075.6)
(0 0 2101.65)
(0 0 6103.47)
(0 0 10329.5)
(0 0 3636.94)
(0 0 5238.87)
(0 0 3263.82)
(0 0 13391.7)
(0 0 15612.6)
(0 0 4211.31)
(0 0 14359.8)
(0 0 7151.54)
(0 0 -1586.73)
(0 0 -6724.11)
(0 0 -3344.09)
(0 0 -1042.56)
(0 0 1752.23)
(0 0 3623.5)
(0 0 1307.41)
(0 0 7929.94)
(0 0 1322.17)
(0 0 2084.91)
(0 0 3430.44)
(0 0 2953.18)
(0 0 4005.13)
(0 0 5630.19)
(0 0 5333.62)
(0 0 3211.64)
(0 0 2372.01)
(0 0 2824.59)
(0 0 3094.05)
(0 0 2905.67)
(0 0 2970.04)
(0 0 2599.7)
(0 0 2642.07)
(0 0 2306.72)
(0 0 2484.7)
(0 0 2073.85)
(0 0 1951.93)
(0 0 1743.74)
(0 0 1471.44)
(0 0 1568.12)
(0 0 1569.68)
(0 0 1168.6)
(0 0 1194.39)
(0 0 1069.53)
(0 0 686.999)
(0 0 659.404)
(0 0 694.739)
(0 0 911.742)
(0 0 979.619)
(0 0 1061.66)
(0 0 770.922)
(0 0 1220.33)
(0 0 975.735)
(0 0 1014.03)
(0 0 495.21)
(0 0 -101.403)
(0 0 -319.827)
(0 0 -351.393)
(0 0 -298.907)
(0 0 249.568)
(0 0 -95.305)
(0 0 222.655)
(0 0 7.7677)
(0 0 360.798)
(0 0 176.329)
(0 0 347.846)
(0 0 184.058)
(0 0 381.524)
(0 0 141.202)
(0 0 689.773)
(0 0 136.578)
(0 0 27.8604)
(0 0 -357.976)
(0 0 -1054.23)
(0 0 -1337.9)
(0 0 -1471.18)
(0 0 -1066.01)
(0 0 -1101.59)
(0 0 -621.798)
(0 0 -888.211)
(0 0 -132.01)
(0 0 384.469)
(0 0 -1098.15)
(0 0 3039.21)
(0 0 5315.77)
(0 0 5731.71)
(0 0 4104.66)
(0 0 -7659.33)
(0 0 -10733.1)
(0 0 -3242.41)
(0 0 1399.12)
(0 0 3110.34)
(0 0 4426.77)
(0 0 2117.4)
(0 0 848.938)
(0 0 -1908.35)
(0 0 -4769.31)
(0 0 6620.43)
(0 0 3527.49)
(0 0 1195.02)
(0 0 4447.01)
(0 0 11377.8)
(0 0 1136.53)
(0 0 5099.43)
(0 0 3435.12)
(0 0 6344.73)
(0 0 14162.1)
(0 0 10353)
(0 0 15180.2)
(0 0 11859.6)
(0 0 3536.29)
(0 0 -5933.35)
(0 0 -4011.79)
(0 0 -448.714)
(0 0 2339.87)
(0 0 4415.04)
(0 0 1566.79)
(0 0 8619.61)
(0 0 1233.91)
(0 0 1919.2)
(0 0 3255.34)
(0 0 2091.8)
(0 0 2800.09)
(0 0 4276.12)
(0 0 4697.05)
(0 0 3478.59)
(0 0 2370.98)
(0 0 2458.84)
(0 0 3206.89)
(0 0 3180.62)
(0 0 2819.87)
(0 0 2652.46)
(0 0 2512.67)
(0 0 2213.52)
(0 0 2372.45)
(0 0 2128.98)
(0 0 1737.53)
(0 0 1484.01)
(0 0 1571.64)
(0 0 1317.23)
(0 0 1454.62)
(0 0 1241.94)
(0 0 1020.43)
(0 0 1065.31)
(0 0 866.775)
(0 0 312.918)
(0 0 768.979)
(0 0 606.144)
(0 0 1291.73)
(0 0 1035.71)
(0 0 1281.65)
(0 0 1057.83)
(0 0 1166.1)
(0 0 506.088)
(0 0 200.23)
(0 0 -574.478)
(0 0 -284.616)
(0 0 521.959)
(0 0 260.639)
(0 0 -151.032)
(0 0 90.8512)
(0 0 -0.78536)
(0 0 -90.2516)
(0 0 74.492)
(0 0 236.84)
(0 0 86.0106)
(0 0 319.477)
(0 0 36.4216)
(0 0 142.343)
(0 0 813.605)
(0 0 119.561)
(0 0 63.841)
(0 0 -279.346)
(0 0 -827.269)
(0 0 -862.753)
(0 0 -482.201)
(0 0 -16.935)
(0 0 -144.398)
(0 0 -20.3103)
(0 0 574.087)
(0 0 653.805)
(0 0 847.952)
(0 0 -68.871)
(0 0 3403.3)
(0 0 7370.56)
(0 0 7180.94)
(0 0 2245.57)
(0 0 -8337.82)
(0 0 -9073.6)
(0 0 -3260.04)
(0 0 1447.3)
(0 0 4816.56)
(0 0 1822.15)
(0 0 -387.432)
(0 0 -4568.58)
(0 0 -6472.9)
(0 0 -5580.41)
(0 0 5173.96)
(0 0 3475.69)
(0 0 2024.79)
(0 0 3156.91)
(0 0 8860.46)
(0 0 1196.96)
(0 0 4353.8)
(0 0 2674.04)
(0 0 5904.57)
(0 0 12794.1)
(0 0 8704.39)
(0 0 11475.5)
(0 0 15631.8)
(0 0 5394.63)
(0 0 -3219.28)
(0 0 -4380.98)
(0 0 -199.064)
(0 0 3787.42)
(0 0 4785.98)
(0 0 1159.8)
(0 0 5560.47)
(0 0 1199.66)
(0 0 2107.48)
(0 0 2835.97)
(0 0 2070.73)
(0 0 2788.31)
(0 0 3496.1)
(0 0 4159.52)
(0 0 3783.81)
(0 0 2271.92)
(0 0 2269.01)
(0 0 2942.02)
(0 0 3014.54)
(0 0 2953.29)
(0 0 2531.41)
(0 0 2096.67)
(0 0 2322.32)
(0 0 2333.04)
(0 0 2018.34)
(0 0 1797.33)
(0 0 1609.99)
(0 0 1396.68)
(0 0 1412.81)
(0 0 1199.66)
(0 0 1007.17)
(0 0 1100.14)
(0 0 824.029)
(0 0 772.916)
(0 0 234.938)
(0 0 481.891)
(0 0 461.419)
(0 0 1222.52)
(0 0 1358.77)
(0 0 901.628)
(0 0 1293.38)
(0 0 732.304)
(0 0 328.698)
(0 0 -404.189)
(0 0 97.5489)
(0 0 465.253)
(0 0 531.942)
(0 0 -176.451)
(0 0 163.413)
(0 0 -298.568)
(0 0 -330.232)
(0 0 -92.0754)
(0 0 80.986)
(0 0 -73.6205)
(0 0 181.669)
(0 0 -2.61238)
(0 0 466.571)
(0 0 650.86)
(0 0 895.186)
(0 0 256.922)
(0 0 193.741)
(0 0 -142.158)
(0 0 -500.956)
(0 0 -124.03)
(0 0 146.322)
(0 0 540.998)
(0 0 1187.23)
(0 0 1676.06)
(0 0 1438.11)
(0 0 2088.16)
(0 0 1381.15)
(0 0 800.803)
(0 0 4768.23)
(0 0 7473.18)
(0 0 8438.1)
(0 0 914.154)
(0 0 -7475.13)
(0 0 -7152.45)
(0 0 -2800.38)
(0 0 -371.379)
(0 0 -2020.86)
(0 0 -2397.72)
(0 0 -7872.27)
(0 0 -8465.1)
(0 0 -8144.45)
(0 0 -6512.72)
(0 0 1473.29)
(0 0 2491.14)
(0 0 2413.15)
(0 0 3175.95)
(0 0 6210.99)
(0 0 3105.24)
(0 0 2588.02)
(0 0 -527.693)
(0 0 6300.01)
(0 0 10897.8)
(0 0 7843)
(0 0 9504.09)
(0 0 6590.09)
(0 0 2465.2)
(0 0 -190.958)
(0 0 -2668.5)
(0 0 200.77)
(0 0 4820.63)
(0 0 5559.33)
(0 0 730.976)
(0 0 3357.51)
(0 0 1407.58)
(0 0 3699.26)
(0 0 4044.28)
(0 0 3877.93)
(0 0 2896.5)
(0 0 2785.38)
(0 0 4069.87)
(0 0 3804.72)
(0 0 2531.17)
(0 0 2155.9)
(0 0 2468.61)
(0 0 2920.91)
(0 0 2818.86)
(0 0 2600.11)
(0 0 2104.59)
(0 0 2252.81)
(0 0 1998.56)
(0 0 2020.57)
(0 0 1567.98)
(0 0 1432.52)
(0 0 1572.04)
(0 0 1286.63)
(0 0 1357.41)
(0 0 1031.21)
(0 0 908.533)
(0 0 975.066)
(0 0 490.972)
(0 0 442.76)
(0 0 -72.8799)
(0 0 486.89)
(0 0 687.915)
(0 0 1247.08)
(0 0 830.126)
(0 0 805.96)
(0 0 651.477)
(0 0 -356.689)
(0 0 -181.547)
(0 0 -91.6575)
(0 0 549.796)
(0 0 -153.376)
(0 0 241.204)
(0 0 -69.4319)
(0 0 -6.4301)
(0 0 -182.433)
(0 0 -44.0786)
(0 0 -233.391)
(0 0 -57.8271)
(0 0 -216.988)
(0 0 213.229)
(0 0 33.7836)
(0 0 448.316)
(0 0 1007.76)
(0 0 380.629)
(0 0 290.034)
(0 0 182.943)
(0 0 -192.468)
(0 0 260.333)
(0 0 1104.19)
(0 0 1740.7)
(0 0 2341.61)
(0 0 2251.51)
(0 0 2959.98)
(0 0 2471.92)
(0 0 2328.6)
(0 0 2043.46)
(0 0 5036.42)
(0 0 7950.18)
(0 0 7783.59)
(0 0 -431.797)
(0 0 -7433.42)
(0 0 -5909.5)
(0 0 -1496.77)
(0 0 -3298.26)
(0 0 -10647.8)
(0 0 -5886.8)
(0 0 -8737.44)
(0 0 -10299.3)
(0 0 -7037.41)
(0 0 -4915.76)
(0 0 2947.35)
(0 0 2637.53)
(0 0 4140.68)
(0 0 3394.86)
(0 0 3014.18)
(0 0 922.656)
(0 0 499.601)
(0 0 -2707.76)
(0 0 2020.9)
(0 0 5802.66)
(0 0 4749.09)
(0 0 6192.48)
(0 0 424.582)
(0 0 1462.47)
(0 0 818.093)
(0 0 627.018)
(0 0 -1715.62)
(0 0 5112.2)
(0 0 4358.53)
(0 0 476.042)
(0 0 2146.64)
(0 0 2257.71)
(0 0 3407.37)
(0 0 4158.6)
(0 0 4810.52)
(0 0 3271.09)
(0 0 2760.64)
(0 0 3333.3)
(0 0 3182.11)
(0 0 2552.91)
(0 0 1852.93)
(0 0 2545.16)
(0 0 2710.07)
(0 0 2751.76)
(0 0 2552.63)
(0 0 2285.48)
(0 0 1906.73)
(0 0 1895.81)
(0 0 1893.44)
(0 0 1502.33)
(0 0 1556.83)
(0 0 1555.98)
(0 0 1379.92)
(0 0 1227.08)
(0 0 1256.02)
(0 0 956.041)
(0 0 978.391)
(0 0 609.703)
(0 0 58.7459)
(0 0 175.831)
(0 0 -211.538)
(0 0 781.212)
(0 0 962.369)
(0 0 1525.68)
(0 0 1029.09)
(0 0 -35.1086)
(0 0 -353.544)
(0 0 -546.584)
(0 0 281.175)
(0 0 64.3866)
(0 0 245.872)
(0 0 -195.558)
(0 0 267.887)
(0 0 -272.971)
(0 0 10.4967)
(0 0 -269.849)
(0 0 -238.787)
(0 0 -481.512)
(0 0 -175.99)
(0 0 -246.766)
(0 0 667.816)
(0 0 797.505)
(0 0 816.064)
(0 0 654.293)
(0 0 272.191)
(0 0 147.135)
(0 0 193.712)
(0 0 1086.5)
(0 0 1400.24)
(0 0 1968.39)
(0 0 2384.2)
(0 0 2910.48)
(0 0 3393.34)
(0 0 3651.31)
(0 0 2900.55)
(0 0 2699.8)
(0 0 6088.31)
(0 0 7751.72)
(0 0 7235.88)
(0 0 -1105.17)
(0 0 -6847.37)
(0 0 -4506.71)
(0 0 -875.337)
(0 0 -8638.31)
(0 0 -15989.8)
(0 0 -11699.3)
(0 0 -10065.3)
(0 0 -7946.49)
(0 0 -5292.56)
(0 0 -1486.43)
(0 0 8205.7)
(0 0 1021.91)
(0 0 -32.5384)
(0 0 1922.14)
(0 0 1632.1)
(0 0 -2390.1)
(0 0 -1512.93)
(0 0 -2649.1)
(0 0 -3170.22)
(0 0 383.333)
(0 0 -759.901)
(0 0 454.163)
(0 0 -4118.2)
(0 0 -661.377)
(0 0 956.907)
(0 0 2983.24)
(0 0 -4543.13)
(0 0 542.72)
(0 0 1133.57)
(0 0 689.535)
(0 0 2806.55)
(0 0 3626.76)
(0 0 3784.85)
(0 0 3467.84)
(0 0 4182.83)
(0 0 3295.32)
(0 0 2295.78)
(0 0 2430.65)
(0 0 2918.91)
(0 0 2483.41)
(0 0 1650.32)
(0 0 2285.85)
(0 0 2509.36)
(0 0 2652.14)
(0 0 2472.73)
(0 0 2096.42)
(0 0 1772.25)
(0 0 1720.28)
(0 0 1593.55)
(0 0 1541.13)
(0 0 1327.32)
(0 0 1385.33)
(0 0 1096.23)
(0 0 1363.15)
(0 0 1137.78)
(0 0 1128.63)
(0 0 761.751)
(0 0 877.262)
(0 0 277.316)
(0 0 237.828)
(0 0 -9.54471)
(0 0 173.8)
(0 0 1052.58)
(0 0 689.325)
(0 0 737.08)
(0 0 -530.079)
(0 0 -392.089)
(0 0 -337.169)
(0 0 -9.47719)
(0 0 260.226)
(0 0 -451.585)
(0 0 -130.469)
(0 0 166.338)
(0 0 -178.104)
(0 0 -237.484)
(0 0 -146.744)
(0 0 -551.917)
(0 0 -519.94)
(0 0 -926.704)
(0 0 -464.969)
(0 0 884.759)
(0 0 368.863)
(0 0 1002.63)
(0 0 900.765)
(0 0 323.887)
(0 0 213.257)
(0 0 842.269)
(0 0 1394.14)
(0 0 1971.35)
(0 0 3125.45)
(0 0 3980.16)
(0 0 3826.98)
(0 0 3206.62)
(0 0 4077.19)
(0 0 3553.61)
(0 0 3569.01)
(0 0 6791.73)
(0 0 7989.09)
(0 0 6197.4)
(0 0 -1639.47)
(0 0 -6153)
(0 0 -2949.91)
(0 0 -1746.68)
(0 0 -13920)
(0 0 -13206.6)
(0 0 -7778.34)
(0 0 -8698.31)
(0 0 -1810.16)
(0 0 -2191.13)
(0 0 -2671.49)
(0 0 -683.824)
(0 0 817.969)
(0 0 -3515.9)
(0 0 -2849.19)
(0 0 899.477)
(0 0 -4430.08)
(0 0 -3420.99)
(0 0 -2768.9)
(0 0 -2089.66)
(0 0 -964.987)
(0 0 -1247.21)
(0 0 -1688.31)
(0 0 -5088.38)
(0 0 -2593.41)
(0 0 -2071.73)
(0 0 3120.05)
(0 0 -2835.55)
(0 0 -2310.87)
(0 0 -1590.6)
(0 0 500.22)
(0 0 3984.61)
(0 0 4350.38)
(0 0 2240.96)
(0 0 1929.51)
(0 0 2599.06)
(0 0 2096.74)
(0 0 1601.54)
(0 0 2031.35)
(0 0 2381.1)
(0 0 2337.56)
(0 0 1686.63)
(0 0 2044.93)
(0 0 2390.01)
(0 0 2416.92)
(0 0 2439.88)
(0 0 1947.51)
(0 0 1647.65)
(0 0 1577.76)
(0 0 1577.45)
(0 0 1365.53)
(0 0 1340.49)
(0 0 1107.28)
(0 0 1248.7)
(0 0 1221.9)
(0 0 1285.74)
(0 0 957.107)
(0 0 1044.58)
(0 0 623.738)
(0 0 313.372)
(0 0 -1001.74)
(0 0 -751.974)
(0 0 430.684)
(0 0 415.598)
(0 0 727.661)
(0 0 -137.888)
(0 0 -605.324)
(0 0 -933.35)
(0 0 -418.331)
(0 0 257.836)
(0 0 -262.015)
(0 0 -263.018)
(0 0 155.815)
(0 0 -117.48)
(0 0 73.4357)
(0 0 -167.671)
(0 0 -283.166)
(0 0 -490.895)
(0 0 -889.652)
(0 0 -537.473)
(0 0 -633.257)
(0 0 804.876)
(0 0 318.593)
(0 0 780.036)
(0 0 1107.73)
(0 0 285.046)
(0 0 333.22)
(0 0 1038.38)
(0 0 2292.43)
(0 0 3222.51)
(0 0 3415.49)
(0 0 4358.57)
(0 0 4671.55)
(0 0 4068.89)
(0 0 3957.83)
(0 0 3611.37)
(0 0 5265.23)
(0 0 7202.1)
(0 0 8868.65)
(0 0 4790.12)
(0 0 -1269.71)
(0 0 -5410.63)
(0 0 -2303.42)
(0 0 -3541.79)
(0 0 -16441.2)
(0 0 -11354.4)
(0 0 -4909.61)
(0 0 -8568.62)
(0 0 -1923.46)
(0 0 -9403.33)
(0 0 -12440.9)
(0 0 -13632.5)
(0 0 -12523.5)
(0 0 -7375.5)
(0 0 -4407.75)
(0 0 -2864.33)
(0 0 -5245.93)
(0 0 -4263.06)
(0 0 -3178.07)
(0 0 -2967.47)
(0 0 -1667.03)
(0 0 -3273.19)
(0 0 -5105.45)
(0 0 -3859.04)
(0 0 -3338.67)
(0 0 -3814.06)
(0 0 1829.96)
(0 0 -2488.71)
(0 0 -5168.55)
(0 0 -4643.35)
(0 0 -192.174)
(0 0 3363.48)
(0 0 3744.42)
(0 0 1175.11)
(0 0 33.3885)
(0 0 772.015)
(0 0 768.599)
(0 0 1144.68)
(0 0 1327.45)
(0 0 1908.54)
(0 0 2055.8)
(0 0 1676.62)
(0 0 1997.11)
(0 0 2112.55)
(0 0 2151.64)
(0 0 2157.77)
(0 0 1818.04)
(0 0 1426.72)
(0 0 1548.52)
(0 0 1453.18)
(0 0 1329.79)
(0 0 1148.46)
(0 0 1096.13)
(0 0 1022.03)
(0 0 1384.83)
(0 0 1145.99)
(0 0 1189.87)
(0 0 903.02)
(0 0 1015.28)
(0 0 21.83)
(0 0 -346.811)
(0 0 -40.7961)
(0 0 -186.586)
(0 0 474.447)
(0 0 -93.2343)
(0 0 -197.936)
(0 0 -992.838)
(0 0 -602.628)
(0 0 249.784)
(0 0 96.6061)
(0 0 534.865)
(0 0 133.857)
(0 0 -133.92)
(0 0 39.2533)
(0 0 -124.338)
(0 0 36.5657)
(0 0 -556.825)
(0 0 -774.053)
(0 0 -787.957)
(0 0 -946.837)
(0 0 -92.7509)
(0 0 260.763)
(0 0 373.036)
(0 0 817.913)
(0 0 1219.09)
(0 0 472.684)
(0 0 832.784)
(0 0 1731.51)
(0 0 2668.53)
(0 0 2952.06)
(0 0 3814.65)
(0 0 3744.67)
(0 0 4105.75)
(0 0 3233.3)
(0 0 4323.84)
(0 0 2869.33)
(0 0 6273.06)
(0 0 7886.68)
(0 0 8313.2)
(0 0 3891.17)
(0 0 -1539.9)
(0 0 -5332.97)
(0 0 -1640.03)
(0 0 -8246.29)
(0 0 -15634)
(0 0 -11458.3)
(0 0 -10281.6)
(0 0 -6113.51)
(0 0 -4796.65)
(0 0 -9602.97)
(0 0 -11119.8)
(0 0 -13657.3)
(0 0 -12599.7)
(0 0 -9653.52)
(0 0 -6507.19)
(0 0 -4601.42)
(0 0 -6023.82)
(0 0 -6115.59)
(0 0 -4581.66)
(0 0 -2386.62)
(0 0 -2755.78)
(0 0 -5784.17)
(0 0 -5553.17)
(0 0 -3384.26)
(0 0 -6670.86)
(0 0 -718.429)
(0 0 499.374)
(0 0 -2510.68)
(0 0 -6634.96)
(0 0 -6988.21)
(0 0 -2302.27)
(0 0 1294.51)
(0 0 1395.22)
(0 0 77.6393)
(0 0 -991.843)
(0 0 -609.857)
(0 0 -17.2099)
(0 0 363.768)
(0 0 1019.87)
(0 0 1434.5)
(0 0 1970.73)
(0 0 1483.45)
(0 0 1725.47)
(0 0 1800.84)
(0 0 2004.88)
(0 0 1877.38)
(0 0 1671.89)
(0 0 1235.93)
(0 0 1393.17)
(0 0 1329.24)
(0 0 1107.84)
(0 0 1201.76)
(0 0 882.431)
(0 0 1055.51)
(0 0 1286.03)
(0 0 1306.86)
(0 0 971.17)
(0 0 1266.67)
(0 0 845.47)
(0 0 -0.462736)
(0 0 -755.301)
(0 0 223.541)
(0 0 88.4728)
(0 0 -82.7294)
(0 0 27.1405)
(0 0 -900.165)
(0 0 -660.252)
(0 0 -488.461)
(0 0 568.378)
(0 0 48.2781)
(0 0 463.289)
(0 0 -218.572)
(0 0 50.3028)
(0 0 -190.36)
(0 0 -51.0773)
(0 0 -43.0485)
(0 0 -474.834)
(0 0 -676.968)
(0 0 -1101.15)
(0 0 -572.761)
(0 0 -267.278)
(0 0 261.627)
(0 0 345.272)
(0 0 644.298)
(0 0 1040.98)
(0 0 688.667)
(0 0 873.901)
(0 0 1760.18)
(0 0 2095.85)
(0 0 2837.86)
(0 0 3091.54)
(0 0 3703.77)
(0 0 3341.82)
(0 0 3299.07)
(0 0 3576.54)
(0 0 2790.25)
(0 0 5974.4)
(0 0 7673.03)
(0 0 7892.34)
(0 0 3192.45)
(0 0 -1754.94)
(0 0 -4757.24)
(0 0 -1852.88)
(0 0 -12528.2)
(0 0 -13810)
(0 0 -9543.13)
(0 0 -10901.1)
(0 0 -8002.12)
(0 0 -12427.5)
(0 0 -14404.9)
(0 0 -14791.7)
(0 0 -14950.1)
(0 0 -13184.3)
(0 0 -10422)
(0 0 -7548.28)
(0 0 -5872.57)
(0 0 -6864.1)
(0 0 -7391.62)
(0 0 -5223.61)
(0 0 -3361.86)
(0 0 -3463.31)
(0 0 -7180.1)
(0 0 -6144.63)
(0 0 -4631.39)
(0 0 -6821.35)
(0 0 -2142.56)
(0 0 -3035.98)
(0 0 -4073.43)
(0 0 -6732.7)
(0 0 -7853.43)
(0 0 -4892.36)
(0 0 -729.707)
(0 0 -1771.55)
(0 0 253.857)
(0 0 -1087.07)
(0 0 -537.517)
(0 0 -541.764)
(0 0 216.087)
(0 0 525.45)
(0 0 1176.24)
(0 0 1522.47)
(0 0 1586.69)
(0 0 1729.1)
(0 0 1753.65)
(0 0 1761.76)
(0 0 1722.42)
(0 0 1415.77)
(0 0 1160.22)
(0 0 1106.19)
(0 0 1034.75)
(0 0 985.373)
(0 0 1101.02)
(0 0 849.038)
(0 0 676.165)
(0 0 877.642)
(0 0 1170.66)
(0 0 1294.32)
(0 0 1058.1)
(0 0 864.291)
(0 0 -655.013)
(0 0 -512.591)
(0 0 -617.221)
(0 0 -450.919)
(0 0 83.1682)
(0 0 -547.919)
(0 0 -622.033)
(0 0 -756.962)
(0 0 309.598)
(0 0 428.623)
(0 0 316.402)
(0 0 -192.641)
(0 0 -28.6229)
(0 0 -88.4588)
(0 0 -80.5374)
(0 0 -317.79)
(0 0 -183.201)
(0 0 -351.58)
(0 0 -912.393)
(0 0 -711.63)
(0 0 -830.085)
(0 0 340.118)
(0 0 197.527)
(0 0 259.346)
(0 0 353.57)
(0 0 913.012)
(0 0 1188.14)
(0 0 1403.49)
(0 0 1798.13)
(0 0 1824.4)
(0 0 2078.64)
(0 0 3072.56)
(0 0 3054.19)
(0 0 3301.05)
(0 0 2645.36)
(0 0 3346.65)
(0 0 2388.25)
(0 0 6490.17)
(0 0 5992.38)
(0 0 7921.82)
(0 0 2207.92)
(0 0 -2267.86)
(0 0 -4651.52)
(0 0 -2992.27)
(0 0 -13759.9)
(0 0 -9567.12)
(0 0 -8401.02)
(0 0 -8880.55)
(0 0 -14162.5)
(0 0 -15511.8)
(0 0 -15461.8)
(0 0 -15660.1)
(0 0 -15475.2)
(0 0 -13645.6)
(0 0 -11427.2)
(0 0 -8667.37)
(0 0 -6523.55)
(0 0 -9077.71)
(0 0 -9566.35)
(0 0 -6275.69)
(0 0 -2752.37)
(0 0 -3308.1)
(0 0 -7380.35)
(0 0 -6530.97)
(0 0 -5009.16)
(0 0 -4379.16)
(0 0 -4506.67)
(0 0 -5029.01)
(0 0 -4860.18)
(0 0 -7544.46)
(0 0 -8940.66)
(0 0 -5913.47)
(0 0 -3493.84)
(0 0 -2778.84)
(0 0 38.2014)
(0 0 770.656)
(0 0 413.456)
(0 0 302.773)
(0 0 562.531)
(0 0 510.306)
(0 0 914.855)
(0 0 1398.63)
(0 0 1690.48)
(0 0 1481.26)
(0 0 1562.51)
(0 0 1537.48)
(0 0 1556.27)
(0 0 1214.11)
(0 0 933.531)
(0 0 774.631)
(0 0 946.288)
(0 0 1012.42)
(0 0 842.982)
(0 0 483.396)
(0 0 675.874)
(0 0 753.786)
(0 0 1109.42)
(0 0 936.982)
(0 0 1263.2)
(0 0 304.609)
(0 0 -704.249)
(0 0 -994.191)
(0 0 -739.919)
(0 0 -98.2896)
(0 0 -260.024)
(0 0 -107.416)
(0 0 -762.601)
(0 0 -122.765)
(0 0 597.996)
(0 0 663.857)
(0 0 176.327)
(0 0 210.072)
(0 0 -215.793)
(0 0 106.051)
(0 0 -210.792)
(0 0 -241.411)
(0 0 10.5479)
(0 0 -543.996)
(0 0 -737.233)
(0 0 -977.76)
(0 0 -146.248)
(0 0 203.885)
(0 0 177.585)
(0 0 280.57)
(0 0 285.955)
(0 0 406.518)
(0 0 1422.26)
(0 0 1477.9)
(0 0 1835.41)
(0 0 1721.74)
(0 0 1867.3)
(0 0 2692.21)
(0 0 3045.33)
(0 0 2511.8)
(0 0 2643.35)
(0 0 2533.83)
(0 0 2650.92)
(0 0 5587.43)
(0 0 4557.78)
(0 0 6757.02)
(0 0 1270.18)
(0 0 -2632.16)
(0 0 -4293.81)
(0 0 -5659.42)
(0 0 -13412.4)
(0 0 -8599.56)
(0 0 -10680.9)
(0 0 -11903.4)
(0 0 -13189)
(0 0 -15100.4)
(0 0 -15779.3)
(0 0 -14736.3)
(0 0 -15151.4)
(0 0 -13653.8)
(0 0 -11633.7)
(0 0 -9292.54)
(0 0 -8986.82)
(0 0 -11079.3)
(0 0 -11010.8)
(0 0 -7030.86)
(0 0 -3352.49)
(0 0 -4850.62)
(0 0 -7598.03)
(0 0 -5847.92)
(0 0 -4456.44)
(0 0 -4060.04)
(0 0 -5555.07)
(0 0 -4767.56)
(0 0 -5003.2)
(0 0 -4741.71)
(0 0 -7275.22)
(0 0 -5419.41)
(0 0 -5427.02)
(0 0 -3418.17)
(0 0 971.988)
(0 0 2793.18)
(0 0 2482.03)
(0 0 1410.44)
(0 0 1039.77)
(0 0 326.343)
(0 0 858.109)
(0 0 1664.4)
(0 0 1408.37)
(0 0 1476.55)
(0 0 1250.7)
(0 0 1335.43)
(0 0 1289.87)
(0 0 991.635)
(0 0 751.058)
(0 0 595.115)
(0 0 948.427)
(0 0 781.729)
(0 0 465.857)
(0 0 547.745)
(0 0 285.97)
(0 0 742.351)
(0 0 758.578)
(0 0 1208.77)
(0 0 934.241)
(0 0 109.704)
(0 0 -1025.42)
(0 0 -248.87)
(0 0 -82.2737)
(0 0 -629.899)
(0 0 56.0618)
(0 0 -388.163)
(0 0 84.3624)
(0 0 235.441)
(0 0 1039.46)
(0 0 672.946)
(0 0 527.398)
(0 0 187.41)
(0 0 -121.923)
(0 0 96.6355)
(0 0 -99.8681)
(0 0 -92.5606)
(0 0 -50.7318)
(0 0 -419.882)
(0 0 -909.213)
(0 0 -515.296)
(0 0 -223.887)
(0 0 132.01)
(0 0 355.933)
(0 0 -30.5754)
(0 0 -35.2906)
(0 0 424.983)
(0 0 1494.35)
(0 0 1139.4)
(0 0 1902.86)
(0 0 1628.36)
(0 0 1863.43)
(0 0 2146.8)
(0 0 2511.41)
(0 0 2187.62)
(0 0 2018.25)
(0 0 2418.26)
(0 0 2356.21)
(0 0 5266.81)
(0 0 2710.19)
(0 0 6023.17)
(0 0 -208.752)
(0 0 -3024.85)
(0 0 -4294)
(0 0 -7207.22)
(0 0 -9253.32)
(0 0 -10166.5)
(0 0 -10845.5)
(0 0 -12260.5)
(0 0 -12949)
(0 0 -13521.6)
(0 0 -15134.1)
(0 0 -15235.5)
(0 0 -14245.3)
(0 0 -13410)
(0 0 -11544.7)
(0 0 -8832.04)
(0 0 -9542.13)
(0 0 -12564.5)
(0 0 -11426.7)
(0 0 -8439.2)
(0 0 -6260.77)
(0 0 -5753.05)
(0 0 -2534.41)
(0 0 -2365.8)
(0 0 -3588.99)
(0 0 -2849.63)
(0 0 -5123.28)
(0 0 -4465.48)
(0 0 -4083.57)
(0 0 -3263.01)
(0 0 -7640.57)
(0 0 -6031.39)
(0 0 -6254.12)
(0 0 -3655.62)
(0 0 56.3597)
(0 0 3949.09)
(0 0 4965.05)
(0 0 3049.21)
(0 0 1824.56)
(0 0 -38.1035)
(0 0 1272.6)
(0 0 1542.11)
(0 0 1417.44)
(0 0 1160.37)
(0 0 1088.53)
(0 0 1002.84)
(0 0 1027.76)
(0 0 750.676)
(0 0 462.908)
(0 0 448.403)
(0 0 709.791)
(0 0 445.359)
(0 0 414.114)
(0 0 372.058)
(0 0 166.314)
(0 0 255.778)
(0 0 858.386)
(0 0 788.617)
(0 0 966.663)
(0 0 -452.545)
(0 0 -859.249)
(0 0 -576.394)
(0 0 -707.719)
(0 0 -538.645)
(0 0 -80.8841)
(0 0 53.3509)
(0 0 679.802)
(0 0 730.307)
(0 0 1190.45)
(0 0 946.371)
(0 0 707.3)
(0 0 43.0607)
(0 0 13.7502)
(0 0 59.3356)
(0 0 4.54578)
(0 0 30.7483)
(0 0 -171.838)
(0 0 -638.675)
(0 0 -666.76)
(0 0 -549.909)
(0 0 130.765)
(0 0 147.049)
(0 0 325.803)
(0 0 -106.774)
(0 0 -68.349)
(0 0 174.187)
(0 0 1457.86)
(0 0 1092.65)
(0 0 1485.38)
(0 0 1544.93)
(0 0 1758.63)
(0 0 2109.24)
(0 0 1912.65)
(0 0 2193.8)
(0 0 2232.5)
(0 0 2029.43)
(0 0 3087.01)
(0 0 4057.24)
(0 0 1002.52)
(0 0 3998.07)
(0 0 -1697.37)
(0 0 -3332.14)
(0 0 -3531.2)
(0 0 -7166.98)
(0 0 -7009.43)
(0 0 -9917.29)
(0 0 -10190)
(0 0 -10301.6)
(0 0 -11943.2)
(0 0 -13153.1)
(0 0 -14201.1)
(0 0 -14882.4)
(0 0 -13739.9)
(0 0 -11503.2)
(0 0 -10471.2)
(0 0 -9161.99)
(0 0 -11205.2)
(0 0 -12962.7)
(0 0 -12052.6)
(0 0 -8913.81)
(0 0 -6429.77)
(0 0 -5997.54)
(0 0 -3429.56)
(0 0 2688.4)
(0 0 -2276.05)
(0 0 -3721.97)
(0 0 -1424.19)
(0 0 -2180.07)
(0 0 -4076.82)
(0 0 -3279.58)
(0 0 -4023.92)
(0 0 -6283.98)
(0 0 -6457.44)
(0 0 -3973.64)
(0 0 -729.223)
(0 0 3509.06)
(0 0 6231.25)
(0 0 5111.03)
(0 0 1813.56)
(0 0 -340.863)
(0 0 1271.87)
(0 0 1863.55)
(0 0 1060.35)
(0 0 1085.86)
(0 0 637.497)
(0 0 728.014)
(0 0 662.524)
(0 0 465.861)
(0 0 186.306)
(0 0 289.34)
(0 0 393.013)
(0 0 266.611)
(0 0 1.46715)
(0 0 -1.14259)
(0 0 299.493)
(0 0 22.909)
(0 0 364.025)
(0 0 961.929)
(0 0 510.422)
(0 0 -455.812)
(0 0 -636.368)
(0 0 57.7143)
(0 0 -428.306)
(0 0 -193.224)
(0 0 -375.693)
(0 0 610.352)
(0 0 757.456)
(0 0 1468.98)
(0 0 1668.79)
(0 0 1180.53)
(0 0 728.824)
(0 0 118.411)
(0 0 144.447)
(0 0 153.593)
(0 0 96.5061)
(0 0 -77.311)
(0 0 -281.534)
(0 0 -568.215)
(0 0 -464.687)
(0 0 -823.619)
(0 0 340.858)
(0 0 180.687)
(0 0 135.731)
(0 0 -84.4897)
(0 0 -259.255)
(0 0 314.493)
(0 0 1245.88)
(0 0 714.409)
(0 0 1331.21)
(0 0 1191.71)
(0 0 1415.35)
(0 0 1872.3)
(0 0 1769.55)
(0 0 1903.95)
(0 0 2825.57)
(0 0 2319.81)
(0 0 3851.75)
(0 0 3157.14)
(0 0 -1090.88)
(0 0 1566.96)
(0 0 -1514.7)
(0 0 -3353.1)
(0 0 -3105.73)
(0 0 -4441.43)
(0 0 -6562.22)
(0 0 -8502.57)
(0 0 -8630.28)
(0 0 -8285.92)
(0 0 -10315.1)
(0 0 -11536.5)
(0 0 -12421.8)
(0 0 -12423.3)
(0 0 -9962.38)
(0 0 -8147.24)
(0 0 -7884.7)
(0 0 -6131.46)
(0 0 -12189.1)
(0 0 -13125.8)
(0 0 -12623.7)
(0 0 -9387.82)
(0 0 -7217.77)
(0 0 -5490.18)
(0 0 -5336.45)
(0 0 3928.14)
(0 0 5171.14)
(0 0 852.073)
(0 0 -1713.24)
(0 0 -1353.25)
(0 0 -5658.3)
(0 0 -5573.66)
(0 0 -3981.24)
(0 0 -6402.55)
(0 0 -6390.69)
(0 0 -3441.08)
(0 0 -1291.51)
(0 0 946.071)
(0 0 2502.37)
(0 0 4362.61)
(0 0 748.567)
(0 0 -257.041)
(0 0 1260.3)
(0 0 1367.84)
(0 0 926.346)
(0 0 613.036)
(0 0 326.069)
(0 0 274.865)
(0 0 306.766)
(0 0 115.755)
(0 0 -76.7289)
(0 0 -115.633)
(0 0 269.212)
(0 0 -88.5242)
(0 0 -144.192)
(0 0 45.5115)
(0 0 107.785)
(0 0 -23.7075)
(0 0 511.867)
(0 0 436.936)
(0 0 383.035)
(0 0 -817.938)
(0 0 -856.969)
(0 0 518.832)
(0 0 120.189)
(0 0 -423.829)
(0 0 -429.679)
(0 0 311.777)
(0 0 1599.38)
(0 0 1670.95)
(0 0 1927.77)
(0 0 1310.26)
(0 0 634.023)
(0 0 164.779)
(0 0 375.425)
(0 0 235.893)
(0 0 93.9481)
(0 0 -18.9997)
(0 0 -226.641)
(0 0 -323.825)
(0 0 -636.745)
(0 0 -425.579)
(0 0 485.063)
(0 0 275.046)
(0 0 -98.639)
(0 0 -326.658)
(0 0 -254.06)
(0 0 211.941)
(0 0 954.12)
(0 0 559.939)
(0 0 879.642)
(0 0 1043.87)
(0 0 1082.39)
(0 0 1529.21)
(0 0 1723.21)
(0 0 1872.91)
(0 0 3364.19)
(0 0 3357.09)
(0 0 4346.56)
(0 0 1933.9)
(0 0 -3256.33)
(0 0 211.752)
(0 0 -2264.73)
(0 0 -3256.53)
(0 0 -1778.18)
(0 0 -1200.51)
(0 0 -5708.41)
(0 0 -7206.24)
(0 0 -6500.99)
(0 0 -8015.98)
(0 0 -8576.21)
(0 0 -8732.24)
(0 0 -8731.11)
(0 0 -7641.51)
(0 0 -1194.26)
(0 0 -4151.26)
(0 0 -6446.47)
(0 0 -3373.34)
(0 0 -12283.6)
(0 0 -11652.4)
(0 0 -12585.3)
(0 0 -9948.51)
(0 0 -8677.9)
(0 0 -7450.19)
(0 0 -6711.85)
(0 0 88.0431)
(0 0 766.1)
(0 0 3761.24)
(0 0 1734.46)
(0 0 -4247.74)
(0 0 -5405.97)
(0 0 -4336.54)
(0 0 -3050.77)
(0 0 -4291.98)
(0 0 -4755.97)
(0 0 -3978.19)
(0 0 -3781.79)
(0 0 -1849.88)
(0 0 -1989.23)
(0 0 1383.93)
(0 0 -159.168)
(0 0 -53.3286)
(0 0 761.106)
(0 0 1561.65)
(0 0 370.567)
(0 0 -14.5382)
(0 0 36.5925)
(0 0 -249.026)
(0 0 -115.822)
(0 0 -249.911)
(0 0 -527.26)
(0 0 -497.283)
(0 0 -52.772)
(0 0 -193.436)
(0 0 -112.88)
(0 0 -517.79)
(0 0 -449.979)
(0 0 -4.30228)
(0 0 -84.8327)
(0 0 448.125)
(0 0 -144.712)
(0 0 -672.322)
(0 0 -475.142)
(0 0 552.307)
(0 0 -622.428)
(0 0 -307.572)
(0 0 -262.329)
(0 0 250.507)
(0 0 1226.18)
(0 0 2076.42)
(0 0 1920.76)
(0 0 1259)
(0 0 895.305)
(0 0 456.213)
(0 0 366.475)
(0 0 437.459)
(0 0 162.537)
(0 0 -8.09143)
(0 0 -49.0755)
(0 0 -464.116)
(0 0 -326.925)
(0 0 -64.2745)
(0 0 625.781)
(0 0 204.659)
(0 0 -116.457)
(0 0 -660.151)
(0 0 -319.91)
(0 0 352.203)
(0 0 1039.04)
(0 0 484.997)
(0 0 632.668)
(0 0 850.974)
(0 0 981.778)
(0 0 1293.87)
(0 0 1871.26)
(0 0 2326.25)
(0 0 3742.2)
(0 0 3841.82)
(0 0 4514.1)
(0 0 209.004)
(0 0 -4874.87)
(0 0 -1156)
(0 0 -3262.61)
(0 0 -3212.29)
(0 0 253.981)
(0 0 3035.07)
(0 0 -2540.61)
(0 0 -3008.7)
(0 0 -1017.07)
(0 0 -5053.52)
(0 0 -4344.04)
(0 0 -956.155)
(0 0 -1368.29)
(0 0 2535.45)
(0 0 4649.32)
(0 0 -4155.45)
(0 0 -6485.46)
(0 0 -5396.87)
(0 0 -532.253)
(0 0 -9279.64)
(0 0 -11103.9)
(0 0 -10087.8)
(0 0 -9503.23)
(0 0 -8541.04)
(0 0 -6496.86)
(0 0 -3198.31)
(0 0 -4472.1)
(0 0 -1389.42)
(0 0 -1092.96)
(0 0 -2085.42)
(0 0 -2694.97)
(0 0 -4161.6)
(0 0 -2784)
(0 0 -4097.53)
(0 0 -2378.75)
(0 0 -4460.82)
(0 0 -5453.38)
(0 0 -5205.98)
(0 0 -3421.64)
(0 0 -1635.49)
(0 0 -791.012)
(0 0 329.19)
(0 0 196.898)
(0 0 892.128)
(0 0 16.5184)
(0 0 -383.664)
(0 0 -663.619)
(0 0 -740.709)
(0 0 -677.865)
(0 0 -688.534)
(0 0 -1107.71)
(0 0 -956.402)
(0 0 -557.252)
(0 0 -253.963)
(0 0 -514.237)
(0 0 -321.065)
(0 0 -479.476)
(0 0 -637.187)
(0 0 -87.7824)
(0 0 -168.236)
(0 0 -267.371)
(0 0 -923.303)
(0 0 -104.209)
(0 0 384.387)
(0 0 -942.041)
(0 0 -88.8614)
(0 0 -75.2033)
(0 0 -538.652)
(0 0 362.354)
(0 0 1725.39)
(0 0 1618.12)
(0 0 1437.58)
(0 0 699.705)
(0 0 840.221)
(0 0 698.487)
(0 0 436.141)
(0 0 305.107)
(0 0 144.595)
(0 0 -34.0662)
(0 0 -220.198)
(0 0 -499.822)
(0 0 73.7333)
(0 0 656.093)
(0 0 242.823)
(0 0 -303.911)
(0 0 -745.26)
(0 0 -388.311)
(0 0 185.819)
(0 0 790.73)
(0 0 286.666)
(0 0 264.938)
(0 0 827.796)
(0 0 875.522)
(0 0 1146.69)
(0 0 1559.6)
(0 0 2110.8)
(0 0 3604.27)
(0 0 3832.38)
(0 0 3498.96)
(0 0 -526.474)
(0 0 -6071.54)
(0 0 -1503.44)
(0 0 -3965.3)
(0 0 -2741.78)
(0 0 277.705)
(0 0 5507.83)
(0 0 2671.25)
(0 0 5408.78)
(0 0 3758.04)
(0 0 -2081.92)
(0 0 -183.255)
(0 0 4188.22)
(0 0 7243.77)
(0 0 8417.59)
(0 0 4638.72)
(0 0 -1391.78)
(0 0 -5292.2)
(0 0 -4923.02)
(0 0 -742.832)
(0 0 -13246.3)
(0 0 -8614.4)
(0 0 -10103.3)
(0 0 -9840.34)
(0 0 -8863.85)
(0 0 -7798.87)
(0 0 -6143.5)
(0 0 -6333.99)
(0 0 -2829.13)
(0 0 -2993.07)
(0 0 -2733.86)
(0 0 -2927.43)
(0 0 -4379.31)
(0 0 -4280.4)
(0 0 -5859.81)
(0 0 -5193.92)
(0 0 -6420.41)
(0 0 -6477.71)
(0 0 -6425.95)
(0 0 -6212.77)
(0 0 -4023.34)
(0 0 -1588.58)
(0 0 -1034.98)
(0 0 -121.133)
(0 0 -336.645)
(0 0 -464.947)
(0 0 -1394.21)
(0 0 -1227.46)
(0 0 -1598.49)
(0 0 -1242.97)
(0 0 -1226.29)
(0 0 -1580.21)
(0 0 -1725.6)
(0 0 -1028.52)
(0 0 -786.013)
(0 0 -563.963)
(0 0 -828.062)
(0 0 -1140.32)
(0 0 -835.536)
(0 0 -944.917)
(0 0 -219.517)
(0 0 -612.084)
(0 0 -810.606)
(0 0 389.946)
(0 0 7.96471)
(0 0 -339.995)
(0 0 -191.551)
(0 0 -156.782)
(0 0 -478.189)
(0 0 45.0296)
(0 0 661.622)
(0 0 480.779)
(0 0 719.737)
(0 0 1079.06)
(0 0 699.12)
(0 0 1230.53)
(0 0 709.983)
(0 0 291.288)
(0 0 411.138)
(0 0 283.018)
(0 0 -182.024)
(0 0 -219.726)
(0 0 400.916)
(0 0 578.748)
(0 0 83.3117)
(0 0 -378.861)
(0 0 -964.553)
(0 0 -367.662)
(0 0 -258.718)
(0 0 892.329)
(0 0 73.5421)
(0 0 108.32)
(0 0 726.606)
(0 0 662.668)
(0 0 709.194)
(0 0 1157.69)
(0 0 1829.04)
(0 0 3181.99)
(0 0 2859.91)
(0 0 897.581)
(0 0 -2124.24)
(0 0 -7294.21)
(0 0 -1402.64)
(0 0 -4261.15)
(0 0 -2787.79)
(0 0 1281.13)
(0 0 5690.54)
(0 0 4416.49)
(0 0 6930.39)
(0 0 1247.46)
(0 0 -1217.69)
(0 0 3060.51)
(0 0 6751.01)
(0 0 9489.64)
(0 0 9384.36)
(0 0 4966.25)
(0 0 1620.26)
(0 0 -2608.51)
(0 0 -4457.8)
(0 0 -537.813)
(0 0 2043.73)
(0 0 -8918.37)
(0 0 -9127.3)
(0 0 -9501.87)
(0 0 -9360.96)
(0 0 -8429.17)
(0 0 -7300.68)
(0 0 -8194.51)
(0 0 -5224.26)
(0 0 -3940.68)
(0 0 -3123.34)
(0 0 -4681.12)
(0 0 -8158.43)
(0 0 -8570.68)
(0 0 -8261.66)
(0 0 -8289.08)
(0 0 -8022.38)
(0 0 -7507.01)
(0 0 -7743.31)
(0 0 -8016.35)
(0 0 -6345.66)
(0 0 -4038.26)
(0 0 -2065.72)
(0 0 -1765.4)
(0 0 -1097.52)
(0 0 -1725.2)
(0 0 -2429.94)
(0 0 -2274.31)
(0 0 -2411.28)
(0 0 -2094.38)
(0 0 -1908.52)
(0 0 -2246.61)
(0 0 -2337.57)
(0 0 -1946.77)
(0 0 -1190.78)
(0 0 -1345.91)
(0 0 -1193.39)
(0 0 -1199.06)
(0 0 -1677.05)
(0 0 -1491.44)
(0 0 -942.357)
(0 0 -564.398)
(0 0 -843.121)
(0 0 422.448)
(0 0 887.119)
(0 0 -286.461)
(0 0 312.702)
(0 0 -137.11)
(0 0 -337.379)
(0 0 -327.444)
(0 0 -487.477)
(0 0 246.872)
(0 0 1079.74)
(0 0 812.782)
(0 0 1126.71)
(0 0 1427.46)
(0 0 949.373)
(0 0 540.376)
(0 0 579.675)
(0 0 439.251)
(0 0 -1.10405)
(0 0 -112.559)
(0 0 745.915)
(0 0 642.335)
(0 0 -169.766)
(0 0 -521.411)
(0 0 -1117.93)
(0 0 -375.586)
(0 0 -672.661)
(0 0 713.681)
(0 0 -137.837)
(0 0 -172.795)
(0 0 581.972)
(0 0 503.433)
(0 0 377.198)
(0 0 700.339)
(0 0 1152.91)
(0 0 1865.81)
(0 0 872.581)
(0 0 -1052.91)
(0 0 -2941.21)
(0 0 -8558.53)
(0 0 1336.43)
(0 0 -4140.74)
(0 0 -2121.05)
(0 0 1297.86)
(0 0 5907.9)
(0 0 5280.33)
(0 0 4149.61)
(0 0 5732.21)
(0 0 3384.6)
(0 0 6122.44)
(0 0 4690.16)
(0 0 3221.43)
(0 0 4669.51)
(0 0 4086.47)
(0 0 3080.14)
(0 0 57.6251)
(0 0 -2372.8)
(0 0 771.843)
(0 0 2189.4)
(0 0 -7159.11)
(0 0 -8572.68)
(0 0 -8719.34)
(0 0 -8477.74)
(0 0 -8224.08)
(0 0 -7444.34)
(0 0 -8856.49)
(0 0 -7147.22)
(0 0 -5689.63)
(0 0 -3871.11)
(0 0 -6519.88)
(0 0 -10225.7)
(0 0 -9246.01)
(0 0 -9151.27)
(0 0 -10157.3)
(0 0 -9614.62)
(0 0 -8716.27)
(0 0 -9309.5)
(0 0 -9723.67)
(0 0 -8359.3)
(0 0 -6330.76)
(0 0 -5147.82)
(0 0 -3725.74)
(0 0 -2815.7)
(0 0 -3186.75)
(0 0 -3537.8)
(0 0 -3826.19)
(0 0 -3361.28)
(0 0 -2766.98)
(0 0 -2726.61)
(0 0 -2893.8)
(0 0 -3083.38)
(0 0 -2691.43)
(0 0 -1920.71)
(0 0 -1758.04)
(0 0 -1350.95)
(0 0 -1959.21)
(0 0 -1804)
(0 0 -1695.03)
(0 0 -1619.12)
(0 0 -836.214)
(0 0 -904.264)
(0 0 607.953)
(0 0 1154)
(0 0 -119.306)
(0 0 470.791)
(0 0 289.908)
(0 0 -301.812)
(0 0 -630.019)
(0 0 -246.095)
(0 0 -114.106)
(0 0 697.73)
(0 0 1382.03)
(0 0 873.265)
(0 0 1252.29)
(0 0 1552.01)
(0 0 916.841)
(0 0 456.516)
(0 0 500.726)
(0 0 413.506)
(0 0 161.376)
(0 0 812.352)
(0 0 653.876)
(0 0 -299.835)
(0 0 -626.344)
(0 0 -1206.07)
(0 0 -415.957)
(0 0 -1092.13)
(0 0 433.269)
(0 0 -313.507)
(0 0 -343.359)
(0 0 405.86)
(0 0 298.589)
(0 0 165.479)
(0 0 196.263)
(0 0 576.539)
(0 0 417.096)
(0 0 -485.601)
(0 0 -1783.03)
(0 0 -3673.98)
(0 0 -9203.47)
(0 0 7023.7)
(0 0 -3649.84)
(0 0 -1853.49)
(0 0 2446.93)
(0 0 4559.95)
(0 0 4979.29)
(0 0 3699.99)
(0 0 8597.48)
(0 0 10080.6)
(0 0 12455.4)
(0 0 6446.92)
(0 0 3925.31)
(0 0 4112.15)
(0 0 1476.42)
(0 0 1837.58)
(0 0 681.562)
(0 0 -1123.98)
(0 0 90.8073)
(0 0 2861.09)
(0 0 -504.026)
(0 0 -1062.22)
(0 0 -6133.68)
(0 0 -7321.57)
(0 0 -6859.51)
(0 0 -7606.45)
(0 0 -8279.15)
(0 0 -7229.89)
(0 0 -5054.78)
(0 0 -4601.63)
(0 0 -7598.11)
(0 0 -10414.4)
(0 0 -9436.78)
(0 0 -9543.37)
(0 0 -10037.7)
(0 0 -9720.82)
(0 0 -9551.05)
(0 0 -10390.6)
(0 0 -10957.8)
(0 0 -10376.4)
(0 0 -8709.25)
(0 0 -7935.43)
(0 0 -6309.6)
(0 0 -5964.28)
(0 0 -5265.63)
(0 0 -5472.52)
(0 0 -5251.48)
(0 0 -5135.9)
(0 0 -4044.14)
(0 0 -3409.95)
(0 0 -3726.81)
(0 0 -3660.26)
(0 0 -3448.96)
(0 0 -2778.08)
(0 0 -2193.04)
(0 0 -1650.06)
(0 0 -1769.84)
(0 0 -2196.25)
(0 0 -2260.7)
(0 0 -1981.75)
(0 0 -1192.26)
(0 0 -1036.36)
(0 0 114.737)
(0 0 828.141)
(0 0 -234.08)
(0 0 279.427)
(0 0 44.1167)
(0 0 73.3698)
(0 0 -594.849)
(0 0 -610.548)
(0 0 361.108)
(0 0 111.117)
(0 0 1129.73)
(0 0 1159.3)
(0 0 822.574)
(0 0 1310.07)
(0 0 1520.84)
(0 0 758.234)
(0 0 289.9)
(0 0 365.167)
(0 0 536.726)
(0 0 1063.59)
(0 0 270.9)
(0 0 -367.063)
(0 0 -803.489)
(0 0 -1193.49)
(0 0 -501.118)
(0 0 -1471.2)
(0 0 103.348)
(0 0 -310.621)
(0 0 -504.292)
(0 0 182.502)
(0 0 230.674)
(0 0 -50.1972)
(0 0 -55.1083)
(0 0 -80.6869)
(0 0 -4.11858)
(0 0 -1157.7)
(0 0 -2254.07)
(0 0 -4291.65)
(0 0 -7755.76)
(0 0 -197.553)
(0 0 -5476.74)
(0 0 -320.323)
(0 0 2660.74)
(0 0 2312.81)
(0 0 702.508)
(0 0 4386.95)
(0 0 7654.19)
(0 0 12925.9)
(0 0 19362.8)
(0 0 12515.4)
(0 0 7938.24)
(0 0 5105.35)
(0 0 4476.44)
(0 0 3925.7)
(0 0 906.048)
(0 0 -1718.84)
(0 0 -214.695)
(0 0 7014.93)
(0 0 10369.6)
(0 0 719.334)
(0 0 -4797.25)
(0 0 -3839.9)
(0 0 -5324.95)
(0 0 -6975.73)
(0 0 -6857.59)
(0 0 -5951.1)
(0 0 -3566.36)
(0 0 -3761.63)
(0 0 -7615.97)
(0 0 -9309.15)
(0 0 -9631.62)
(0 0 -9430.97)
(0 0 -11000.6)
(0 0 -10165.9)
(0 0 -10782.4)
(0 0 -10684.3)
(0 0 -11533.1)
(0 0 -11425.4)
(0 0 -10391.7)
(0 0 -10081.9)
(0 0 -8607.37)
(0 0 -8561.72)
(0 0 -8118.79)
(0 0 -7236.66)
(0 0 -7380.99)
(0 0 -6474.8)
(0 0 -6338.62)
(0 0 -4880.79)
(0 0 -4193.78)
(0 0 -4284.85)
(0 0 -4240.82)
(0 0 -3666.49)
(0 0 -3302.63)
(0 0 -2900.69)
(0 0 -2129.23)
(0 0 -2393.81)
(0 0 -2701.46)
(0 0 -2848.9)
(0 0 -1923.59)
(0 0 -1489.96)
(0 0 -350.267)
(0 0 324.002)
(0 0 -416.032)
(0 0 -999.987)
(0 0 -1125.62)
(0 0 -603.267)
(0 0 -713.32)
(0 0 -419.606)
(0 0 -199.76)
(0 0 692.972)
(0 0 1356.02)
(0 0 1944.88)
(0 0 1525.37)
(0 0 778.236)
(0 0 1062.15)
(0 0 1166.62)
(0 0 533.189)
(0 0 -40.7366)
(0 0 279.652)
(0 0 675.145)
(0 0 102.525)
(0 0 -510.333)
(0 0 -877.469)
(0 0 -1226.08)
(0 0 -668.386)
(0 0 -1792.49)
(0 0 378.715)
(0 0 -327.409)
(0 0 -452.923)
(0 0 159.541)
(0 0 120.376)
(0 0 30.8627)
(0 0 -451.391)
(0 0 -339.066)
(0 0 -902.047)
(0 0 -1788.33)
(0 0 -1957.02)
(0 0 -3824.71)
(0 0 -8300.69)
(0 0 -6868.18)
(0 0 -2166.22)
(0 0 628.088)
(0 0 4118.42)
(0 0 1230.42)
(0 0 843.011)
(0 0 6987.44)
(0 0 10227.5)
(0 0 13717.2)
(0 0 18747.3)
(0 0 18466.3)
(0 0 17589.5)
(0 0 17566.3)
(0 0 14519.6)
(0 0 9470.77)
(0 0 3824.78)
(0 0 -1466.23)
(0 0 97.748)
(0 0 3703.83)
(0 0 10537.1)
(0 0 12799.2)
(0 0 2223.46)
(0 0 -1484.9)
(0 0 -1958.5)
(0 0 -5839.32)
(0 0 -5226.9)
(0 0 -3837.57)
(0 0 -1204.41)
(0 0 -968.156)
(0 0 -5039.76)
(0 0 -6946.45)
(0 0 -6961.02)
(0 0 -6656.56)
(0 0 -9073.33)
(0 0 -9022.92)
(0 0 -10293.2)
(0 0 -10976.9)
(0 0 -11290.4)
(0 0 -10934.1)
(0 0 -11678.3)
(0 0 -11597.6)
(0 0 -10743.2)
(0 0 -10701.1)
(0 0 -10167.7)
(0 0 -8987.19)
(0 0 -9034.24)
(0 0 -8203.05)
(0 0 -8255.77)
(0 0 -6901.6)
(0 0 -5469.68)
(0 0 -4307.37)
(0 0 -4856.88)
(0 0 -4984.62)
(0 0 -3877.17)
(0 0 -3965.7)
(0 0 -2744.66)
(0 0 -2038.27)
(0 0 -3090.84)
(0 0 -3605.07)
(0 0 -3237.27)
(0 0 -707.269)
(0 0 -453.109)
(0 0 363.432)
(0 0 199.676)
(0 0 -724.074)
(0 0 -650.082)
(0 0 -1357.29)
(0 0 -129.13)
(0 0 37.4702)
(0 0 187.962)
(0 0 760.685)
(0 0 1350.25)
(0 0 1788.49)
(0 0 866.131)
(0 0 380.685)
(0 0 -40.5304)
(0 0 428.327)
(0 0 813.586)
(0 0 -1.86111)
(0 0 -338.07)
(0 0 121.619)
(0 0 -473.352)
(0 0 -800.632)
(0 0 -812.069)
(0 0 -1302.85)
(0 0 -917.827)
(0 0 -2147.79)
(0 0 337.47)
(0 0 -130.04)
(0 0 -434.167)
(0 0 48.5195)
(0 0 258.117)
(0 0 80.2113)
(0 0 -670.673)
(0 0 -635.175)
(0 0 -1686.17)
(0 0 -1381.36)
(0 0 -1456.26)
(0 0 -2543.12)
(0 0 -7883.32)
(0 0 -5600.97)
(0 0 728.208)
(0 0 30.3644)
(0 0 4639.59)
(0 0 2714.89)
(0 0 3391.91)
(0 0 13245.3)
(0 0 18024.6)
(0 0 17575)
(0 0 17170.2)
(0 0 19497)
(0 0 18082)
(0 0 18795.7)
(0 0 17514.3)
(0 0 13010.4)
(0 0 10963)
(0 0 2863.22)
(0 0 -1005.17)
(0 0 1518.56)
(0 0 3071.22)
(0 0 5620.54)
(0 0 5655.01)
(0 0 4276.99)
(0 0 -1789.95)
(0 0 -3866.33)
(0 0 -2503.66)
(0 0 -891.07)
(0 0 3422.7)
(0 0 5124.54)
(0 0 164.006)
(0 0 -2100.98)
(0 0 1264.03)
(0 0 -244.77)
(0 0 -3727.9)
(0 0 -5774.82)
(0 0 -9094.96)
(0 0 -10553)
(0 0 -10887)
(0 0 -10507.1)
(0 0 -11238.6)
(0 0 -11101.9)
(0 0 -11509.4)
(0 0 -11035.6)
(0 0 -11066.8)
(0 0 -9653.57)
(0 0 -10174.9)
(0 0 -9977.84)
(0 0 -8897.7)
(0 0 -8787.91)
(0 0 -7025.86)
(0 0 -5551.51)
(0 0 -6264.18)
(0 0 -6418.15)
(0 0 -5288.24)
(0 0 -5805.57)
(0 0 -5135.32)
(0 0 -3881.13)
(0 0 -4510.86)
(0 0 -4747.4)
(0 0 -3524.05)
(0 0 -2520.45)
(0 0 -1184.2)
(0 0 -1602.11)
(0 0 -1003.44)
(0 0 -907.783)
(0 0 -1707.53)
(0 0 -957.221)
(0 0 -793.006)
(0 0 504.136)
(0 0 906.914)
(0 0 141.824)
(0 0 694.138)
(0 0 979.802)
(0 0 277.939)
(0 0 660.793)
(0 0 57.0118)
(0 0 -351.764)
(0 0 220.664)
(0 0 -152.91)
(0 0 -519.576)
(0 0 -443.907)
(0 0 -520.083)
(0 0 -695.296)
(0 0 -854.738)
(0 0 -1321.83)
(0 0 -1165.71)
(0 0 -2181.47)
(0 0 570.032)
(0 0 38.2196)
(0 0 -355.862)
(0 0 322.814)
(0 0 272.793)
(0 0 34.6005)
(0 0 -83.7887)
(0 0 -266.233)
(0 0 -1063.15)
(0 0 -984.082)
(0 0 132.276)
(0 0 -846.744)
(0 0 -5870.52)
(0 0 -5932.24)
(0 0 -736.552)
(0 0 2371.94)
(0 0 4462.24)
(0 0 4587.26)
(0 0 10856.8)
(0 0 21417.8)
(0 0 16035.5)
(0 0 19061.2)
(0 0 17499.4)
(0 0 17136.4)
(0 0 18844.4)
(0 0 18558.6)
(0 0 16894)
(0 0 16500.7)
(0 0 17152.4)
(0 0 9909.33)
(0 0 1711.59)
(0 0 -355.5)
(0 0 401.776)
(0 0 4882.95)
(0 0 3570.96)
(0 0 2550.98)
(0 0 2985.37)
(0 0 1675.88)
(0 0 583.553)
(0 0 4052.83)
(0 0 7799.95)
(0 0 5455.35)
(0 0 2363.84)
(0 0 5603.27)
(0 0 11928.1)
(0 0 5595.56)
(0 0 3083.36)
(0 0 -2605.79)
(0 0 -7221.33)
(0 0 -8492.43)
(0 0 -9072.59)
(0 0 -9782.73)
(0 0 -10008.7)
(0 0 -10499.1)
(0 0 -10406)
(0 0 -10824)
(0 0 -10144.1)
(0 0 -10535)
(0 0 -9344.83)
(0 0 -9830.7)
(0 0 -9731.13)
(0 0 -8468.55)
(0 0 -8288.26)
(0 0 -6942.97)
(0 0 -7289.69)
(0 0 -7299.61)
(0 0 -6159.37)
(0 0 -5972.38)
(0 0 -4858.8)
(0 0 -5001.98)
(0 0 -3987.52)
(0 0 -3348.23)
(0 0 -3309.93)
(0 0 -2079.11)
(0 0 -2221.12)
(0 0 -1236.34)
(0 0 -888.197)
(0 0 -1854.6)
(0 0 -2493.93)
(0 0 -1218.71)
(0 0 -147.638)
(0 0 -421.918)
(0 0 -774.32)
(0 0 -217.795)
(0 0 -697.478)
(0 0 -73.2214)
(0 0 222.061)
(0 0 -408.935)
(0 0 307.053)
(0 0 320.63)
(0 0 -404.816)
(0 0 -34.4359)
(0 0 -507)
(0 0 -67.2351)
(0 0 -840.205)
(0 0 -1011.78)
(0 0 -792.018)
(0 0 -1280.32)
(0 0 -1413.88)
(0 0 -2484.02)
(0 0 634.257)
(0 0 309.316)
(0 0 393.941)
(0 0 654.832)
(0 0 933.526)
(0 0 1296.3)
(0 0 1106.03)
(0 0 160.697)
(0 0 -378.475)
(0 0 771.404)
(0 0 2362.29)
(0 0 1753.84)
(0 0 -2550.26)
(0 0 -6062.55)
(0 0 -4129.37)
(0 0 1986.57)
(0 0 2458.67)
(0 0 6354.63)
(0 0 14010.2)
(0 0 19337.8)
(0 0 14858.3)
(0 0 16620.1)
(0 0 13641.5)
(0 0 15199.5)
(0 0 17982.2)
(0 0 18002.8)
(0 0 16796.5)
(0 0 14739.7)
(0 0 14293.6)
(0 0 11481.6)
(0 0 3287.89)
(0 0 -3491.36)
(0 0 -4720.39)
(0 0 -3382.64)
(0 0 -1220.1)
(0 0 -2254.6)
(0 0 32.4724)
(0 0 1840.98)
(0 0 7096.37)
(0 0 8089.22)
(0 0 11845.4)
(0 0 12788.2)
(0 0 16336)
(0 0 19140.5)
(0 0 12596.2)
(0 0 6065.88)
(0 0 2959.34)
(0 0 -3485.43)
(0 0 -7485.29)
(0 0 -6477.06)
(0 0 -7139.53)
(0 0 -7931.27)
(0 0 -8731.3)
(0 0 -8986.37)
(0 0 -9556.47)
(0 0 -9241.16)
(0 0 -9621.65)
(0 0 -8891.02)
(0 0 -9305.93)
(0 0 -8022.03)
(0 0 -8553.95)
(0 0 -8292.11)
(0 0 -7268.39)
(0 0 -7564.58)
(0 0 -7410.93)
(0 0 -6103.3)
(0 0 -5878.74)
(0 0 -4661.51)
(0 0 -4648.85)
(0 0 -3704.05)
(0 0 -3945.55)
(0 0 -3663)
(0 0 -2485.77)
(0 0 -2438.48)
(0 0 -1563.89)
(0 0 -832.505)
(0 0 -1715.86)
(0 0 -2216.97)
(0 0 -1458.73)
(0 0 -1653.81)
(0 0 -628.355)
(0 0 -1034.64)
(0 0 -1633.82)
(0 0 -1551.88)
(0 0 -828.609)
(0 0 -1173.76)
(0 0 -513.952)
(0 0 -636.195)
(0 0 -944.388)
(0 0 -1260.91)
(0 0 -706.603)
(0 0 -1064.21)
(0 0 -558.023)
(0 0 -126.315)
(0 0 -849.43)
(0 0 -1063.2)
(0 0 -903.782)
(0 0 -1069.58)
(0 0 -1757.65)
(0 0 -2440.02)
(0 0 527.289)
(0 0 722.442)
(0 0 1120.8)
(0 0 1873.51)
(0 0 2903.84)
(0 0 2913.21)
(0 0 2006.66)
(0 0 1622.11)
(0 0 2465.71)
(0 0 3725.43)
(0 0 6297.69)
(0 0 8816.61)
(0 0 5099.29)
(0 0 -945.622)
(0 0 -649.752)
(0 0 2212.96)
(0 0 4140.42)
(0 0 8899.7)
(0 0 14426.1)
(0 0 13063.3)
(0 0 14334.4)
(0 0 18145)
(0 0 16752.9)
(0 0 16204.6)
(0 0 16418.9)
(0 0 13762.7)
(0 0 11448.3)
(0 0 10683.7)
(0 0 12018.9)
(0 0 11382.2)
(0 0 8497.96)
(0 0 6441.81)
(0 0 2239.78)
(0 0 2147.79)
(0 0 2489.31)
(0 0 1809.52)
(0 0 2021.98)
(0 0 5433.74)
(0 0 4937.7)
(0 0 7303.66)
(0 0 10045.8)
(0 0 11320.5)
(0 0 13819.7)
(0 0 13557.5)
(0 0 8565.43)
(0 0 3876.95)
(0 0 514.814)
(0 0 -471.807)
(0 0 -917.58)
(0 0 -5600.24)
(0 0 -7113)
(0 0 -4618.55)
(0 0 -5046.72)
(0 0 -6221.07)
(0 0 -6757.75)
(0 0 -6898.52)
(0 0 -6456.62)
(0 0 -6864.46)
(0 0 -5989.94)
(0 0 -6288.83)
(0 0 -5358.57)
(0 0 -5585.41)
(0 0 -4497.39)
(0 0 -4878.43)
(0 0 -4934.3)
(0 0 -3688.03)
(0 0 -3134.73)
(0 0 -3207.05)
(0 0 -2616.63)
(0 0 -1854.11)
(0 0 -1438.26)
(0 0 -1857.73)
(0 0 -936.516)
(0 0 -1456.01)
(0 0 -1554.2)
(0 0 -1055.08)
(0 0 -1839.55)
(0 0 -1215.99)
(0 0 -1732.76)
(0 0 -1873.96)
(0 0 -1755.11)
(0 0 -973.299)
(0 0 -1385.06)
(0 0 -1348.56)
(0 0 -646.854)
(0 0 -511.499)
(0 0 -363.587)
(0 0 -845.557)
(0 0 -1163.2)
(0 0 -1461.98)
(0 0 -1021.19)
(0 0 -640.288)
(0 0 -974.834)
(0 0 -435.035)
(0 0 -909.869)
(0 0 -861.878)
(0 0 -663.652)
(0 0 -764.37)
(0 0 -1676.41)
(0 0 -2518.04)
(0 0 212.417)
(0 0 370.429)
(0 0 964.936)
(0 0 1895.42)
(0 0 2559.94)
(0 0 2878.41)
(0 0 2747.56)
(0 0 3233.86)
(0 0 3612.14)
(0 0 5261.19)
(0 0 8802.14)
(0 0 14086.1)
(0 0 14726.8)
(0 0 8878.61)
(0 0 3905.86)
(0 0 3105.99)
(0 0 5693.14)
(0 0 9511.05)
(0 0 10602.6)
(0 0 9192.66)
(0 0 9580.93)
(0 0 10291.5)
(0 0 11015.3)
(0 0 11094.1)
(0 0 10011)
(0 0 9688.27)
(0 0 11179.9)
(0 0 13872.6)
(0 0 15769.9)
(0 0 16430.6)
(0 0 14934.2)
(0 0 13808.9)
(0 0 13037.9)
(0 0 12754.6)
(0 0 12986.6)
(0 0 12076.3)
(0 0 11441.2)
(0 0 9208.31)
(0 0 8295.76)
(0 0 7613.72)
(0 0 7100.07)
(0 0 7499.3)
(0 0 8134.56)
(0 0 6640.31)
(0 0 4519.96)
(0 0 3427.42)
(0 0 1438.16)
(0 0 1501.54)
(0 0 1606.4)
(0 0 1912.56)
(0 0 643.403)
(0 0 -1709.82)
(0 0 -2332.2)
(0 0 -1417.45)
(0 0 -1288.32)
(0 0 -1818.62)
(0 0 -1329.36)
(0 0 -1653.66)
(0 0 -1198.27)
(0 0 -1469.09)
(0 0 -1723.51)
(0 0 -1306.61)
(0 0 -1797.35)
(0 0 -1276.91)
(0 0 -977.078)
(0 0 -1512.74)
(0 0 -1762.07)
(0 0 -1232.29)
(0 0 -920.098)
(0 0 -1361.57)
(0 0 -759.922)
(0 0 -570.768)
(0 0 -90.9306)
(0 0 326.058)
(0 0 -236.795)
(0 0 -910.159)
(0 0 -965.125)
(0 0 -1287.58)
(0 0 -724.916)
(0 0 -1161.8)
(0 0 -694.138)
(0 0 -876.124)
(0 0 -364.965)
(0 0 -409.403)
(0 0 -632.861)
(0 0 -593.589)
(0 0 -310.104)
(0 0 -492.321)
(0 0 -481.312)
(0 0 -280.513)
(0 0 -304.593)
(0 0 -610.404)
(0 0 -343.531)
(0 0 -304.933)
(0 0 -530.528)
(0 0 -238.758)
(0 0 -121.787)
(0 0 -280.065)
(0 0 -847.891)
(0 0 -1482.18)
)
;

boundaryField
{
    inlet
    {
        type            extrapolatedCalculated;
        value           nonuniform List<vector> 
40
(
(0 0 68.6992)
(0 0 162.731)
(0 0 116.009)
(0 0 92.6281)
(0 0 -26.3615)
(0 0 -135.115)
(0 0 -337.992)
(0 0 -494.584)
(0 0 -560.42)
(0 0 -412.493)
(0 0 -364.796)
(0 0 -166.004)
(0 0 -77.3725)
(0 0 27.8604)
(0 0 63.841)
(0 0 193.741)
(0 0 290.034)
(0 0 272.191)
(0 0 323.887)
(0 0 285.046)
(0 0 472.684)
(0 0 688.667)
(0 0 1188.14)
(0 0 1422.26)
(0 0 1494.35)
(0 0 1457.86)
(0 0 1245.88)
(0 0 954.12)
(0 0 1039.04)
(0 0 790.73)
(0 0 892.329)
(0 0 713.681)
(0 0 433.269)
(0 0 103.348)
(0 0 378.715)
(0 0 337.47)
(0 0 570.032)
(0 0 634.257)
(0 0 527.289)
(0 0 212.417)
)
;
    }
    outlet
    {
        type            extrapolatedCalculated;
        value           nonuniform List<vector> 
40
(
(0 0 527.88)
(0 0 804.967)
(0 0 1158.2)
(0 0 962.529)
(0 0 1229.88)
(0 0 1074.75)
(0 0 951.347)
(0 0 633.987)
(0 0 399.587)
(0 0 262.83)
(0 0 355.791)
(0 0 256.797)
(0 0 136.578)
(0 0 119.561)
(0 0 256.922)
(0 0 380.629)
(0 0 654.293)
(0 0 900.765)
(0 0 1107.73)
(0 0 1219.09)
(0 0 1040.98)
(0 0 913.012)
(0 0 406.518)
(0 0 424.983)
(0 0 174.187)
(0 0 314.493)
(0 0 211.941)
(0 0 352.203)
(0 0 185.819)
(0 0 -258.718)
(0 0 -672.661)
(0 0 -1092.13)
(0 0 -1471.2)
(0 0 -1792.49)
(0 0 -2147.79)
(0 0 -2181.47)
(0 0 -2484.02)
(0 0 -2440.02)
(0 0 -2518.04)
(0 0 -1482.18)
)
;
    }
    lowerWall
    {
        type            extrapolatedCalculated;
        value           nonuniform List<vector> 
100
(
(0 0 68.6992)
(0 0 277.653)
(0 0 684.03)
(0 0 1145.9)
(0 0 2126.9)
(0 0 2743.81)
(0 0 2925.98)
(0 0 3733.9)
(0 0 5338.7)
(0 0 6823.62)
(0 0 8603.4)
(0 0 11095.8)
(0 0 11140.5)
(0 0 8427.24)
(0 0 5138.33)
(0 0 2877.64)
(0 0 4240.97)
(0 0 4250.11)
(0 0 5284.93)
(0 0 5616.64)
(0 0 6742.36)
(0 0 8263.26)
(0 0 9761.27)
(0 0 8941.38)
(0 0 10047.6)
(0 0 13336.8)
(0 0 18236.4)
(0 0 20276.7)
(0 0 17849)
(0 0 15136.2)
(0 0 15413.9)
(0 0 17164.7)
(0 0 17026.8)
(0 0 13871.7)
(0 0 13728.6)
(0 0 15249.4)
(0 0 15108.4)
(0 0 15237)
(0 0 14763.4)
(0 0 14493.6)
(0 0 13378.3)
(0 0 10511.3)
(0 0 8425.82)
(0 0 5400.98)
(0 0 4355.53)
(0 0 5219.76)
(0 0 5072.65)
(0 0 4654.64)
(0 0 3714.65)
(0 0 4164.32)
(0 0 3813.33)
(0 0 3917.93)
(0 0 3235.2)
(0 0 3775.55)
(0 0 3617.75)
(0 0 2984.19)
(0 0 2153.29)
(0 0 2406.07)
(0 0 1868.25)
(0 0 1870.14)
(0 0 1449.32)
(0 0 1239.97)
(0 0 1375.83)
(0 0 1237.41)
(0 0 1251.95)
(0 0 1036.67)
(0 0 800.496)
(0 0 683.761)
(0 0 614.02)
(0 0 448.767)
(0 0 355.525)
(0 0 295.016)
(0 0 153.498)
(0 0 98.937)
(0 0 78.7144)
(0 0 39.4372)
(0 0 -17.0813)
(0 0 1.73313)
(0 0 -107.923)
(0 0 -113.127)
(0 0 -367.163)
(0 0 -513.567)
(0 0 -825.773)
(0 0 -768.892)
(0 0 -986.332)
(0 0 -826.523)
(0 0 -634.941)
(0 0 -887.246)
(0 0 -559.41)
(0 0 -217.981)
(0 0 -332.221)
(0 0 216.873)
(0 0 78.8956)
(0 0 266.119)
(0 0 91.6839)
(0 0 136.926)
(0 0 160.866)
(0 0 187.942)
(0 0 437.284)
(0 0 527.88)
)
;
    }
    upperWall
    {
        type            extrapolatedCalculated;
        value           nonuniform List<vector> 
100
(
(0 0 212.417)
(0 0 370.429)
(0 0 964.936)
(0 0 1895.42)
(0 0 2559.94)
(0 0 2878.41)
(0 0 2747.56)
(0 0 3233.86)
(0 0 3612.14)
(0 0 5261.19)
(0 0 8802.14)
(0 0 14086.1)
(0 0 14726.8)
(0 0 8878.61)
(0 0 3905.86)
(0 0 3105.99)
(0 0 5693.14)
(0 0 9511.05)
(0 0 10602.6)
(0 0 9192.66)
(0 0 9580.93)
(0 0 10291.5)
(0 0 11015.3)
(0 0 11094.1)
(0 0 10011)
(0 0 9688.27)
(0 0 11179.9)
(0 0 13872.6)
(0 0 15769.9)
(0 0 16430.6)
(0 0 14934.2)
(0 0 13808.9)
(0 0 13037.9)
(0 0 12754.6)
(0 0 12986.6)
(0 0 12076.3)
(0 0 11441.2)
(0 0 9208.31)
(0 0 8295.76)
(0 0 7613.72)
(0 0 7100.07)
(0 0 7499.3)
(0 0 8134.56)
(0 0 6640.31)
(0 0 4519.96)
(0 0 3427.42)
(0 0 1438.16)
(0 0 1501.54)
(0 0 1606.4)
(0 0 1912.56)
(0 0 643.403)
(0 0 -1709.82)
(0 0 -2332.2)
(0 0 -1417.45)
(0 0 -1288.32)
(0 0 -1818.62)
(0 0 -1329.36)
(0 0 -1653.66)
(0 0 -1198.27)
(0 0 -1469.09)
(0 0 -1723.51)
(0 0 -1306.61)
(0 0 -1797.35)
(0 0 -1276.91)
(0 0 -977.078)
(0 0 -1512.74)
(0 0 -1762.07)
(0 0 -1232.29)
(0 0 -920.098)
(0 0 -1361.57)
(0 0 -759.922)
(0 0 -570.768)
(0 0 -90.9306)
(0 0 326.058)
(0 0 -236.795)
(0 0 -910.159)
(0 0 -965.125)
(0 0 -1287.58)
(0 0 -724.916)
(0 0 -1161.8)
(0 0 -694.138)
(0 0 -876.124)
(0 0 -364.965)
(0 0 -409.403)
(0 0 -632.861)
(0 0 -593.589)
(0 0 -310.104)
(0 0 -492.321)
(0 0 -481.312)
(0 0 -280.513)
(0 0 -304.593)
(0 0 -610.404)
(0 0 -343.531)
(0 0 -304.933)
(0 0 -530.528)
(0 0 -238.758)
(0 0 -121.787)
(0 0 -280.065)
(0 0 -847.891)
(0 0 -1482.18)
)
;
    }
    frontAndBack
    {
        type            empty;
    }
}


// ************************************************************************* //
