/*--------------------------------*- C++ -*----------------------------------*\
| =========                 |                                                 |
| \\      /  F ield         | foam-extend: Open Source CFD                    |
|  \\    /   O peration     | Version:     5.0                                |
|   \\  /    A nd           | Web:         http://www.foam-extend.org         |
|    \\/     M anipulation  |                                                 |
\*---------------------------------------------------------------------------*/
FoamFile
{
    version     2.0;
    format      ascii;
    class       surfaceScalarField;
    location    "0.085";
    object      phi;
}
// * * * * * * * * * * * * * * * * * * * * * * * * * * * * * * * * * * * * * //

dimensions      [0 3 -1 0 0 0 0];

internalField   nonuniform List<scalar> 
7860
(
-0.21504
0.22004
-0.500208
0.285161
-0.803531
0.303318
-1.05728
0.253748
-1.24289
0.185612
-1.45957
0.216676
-1.61229
0.152726
-1.65174
0.0394507
-1.86793
0.216198
-2.16821
0.300283
-2.5283
0.36009
-2.82894
0.300646
-3.27382
0.444885
-4.37548
1.10167
-5.95456
1.57908
-7.56254
1.60798
-8.36573
0.803201
-8.27691
-0.0888178
-7.98496
-0.291951
-7.62116
-0.363806
-6.75495
-0.866204
-5.58588
-1.16907
-4.7987
-0.787189
-4.61678
-0.181922
-4.52544
-0.0913496
-3.92955
-0.595883
-3.2214
-0.70816
-3.18093
-0.040473
-4.65976
1.47883
-6.79536
2.1356
-7.13106
0.335699
-5.70606
-1.425
-4.51686
-1.1892
-3.81497
-0.701886
-3.28521
-0.529755
-3.1392
-0.146004
-3.04313
-0.096066
-3.22876
0.185637
-3.53566
0.306908
-3.47076
-0.0648922
-3.3437
-0.127055
-3.28232
-0.061375
-3.36757
0.0852624
-3.25631
-0.111255
-3.00967
-0.246636
-2.89386
-0.115802
-2.73493
-0.158919
-2.59995
-0.134976
-2.45941
-0.140538
-2.21544
-0.243964
-1.97731
-0.238128
-1.78435
-0.192959
-1.62
-0.16434
-1.44912
-0.170885
-1.29169
-0.157424
-1.12938
-0.162307
-0.90256
-0.22682
-0.717958
-0.1846
-0.583369
-0.134586
-0.4632
-0.120166
-0.365607
-0.0975899
-0.250267
-0.115337
-0.205783
-0.0444827
-0.143998
-0.0617844
-0.118712
-0.0252847
-0.105482
-0.0132305
-0.0794415
-0.0260414
-0.0721578
-0.00728494
-0.0464905
-0.0256688
-0.0248313
-0.0216612
-0.0164227
-0.00841066
-0.0180642
0.00163905
0.00262906
-0.0206961
0.0540203
-0.0513949
0.104506
-0.0504901
0.147808
-0.0433067
0.176022
-0.0282195
0.187054
-0.0110379
0.177729
0.00931909
0.157112
0.0206121
0.16364
-0.00653293
0.191411
-0.0277755
0.267582
-0.0761752
0.328118
-0.0605387
0.341562
-0.0134458
0.340544
0.00101622
0.305106
0.0354376
0.251624
0.0534828
0.225094
0.0265315
0.217892
0.00720299
0.202991
0.0149011
0.154644
0.0483468
0.0845438
0.0700987
0.0342611
0.0502799
0.0111167
0.0231404
0.0128733
-0.00176248
0.0357048
-0.0228384
0.0619531
-0.0262557
0.0741361
-0.0121896
-0.0235625
-0.44664
0.671674
-0.940008
0.778518
-1.39561
0.758918
-1.78373
0.641864
-2.14067
0.542553
-2.37553
0.451543
-2.40639
0.183597
-2.30351
-0.0634193
-2.31513
0.22782
-2.7403
0.72546
-3.45101
1.07081
-4.08466
0.934306
-5.26736
1.62759
-7.60973
3.44405
-9.84099
3.81036
-10.7619
2.52889
-10.7169
0.758245
-10.3041
-0.501613
-9.09696
-1.49912
-7.68792
-1.77285
-7.21084
-1.34329
-7.23796
-1.14196
-7.53658
-0.488584
-7.49192
-0.22659
-5.89824
-1.68504
-4.21953
-2.2746
-3.42944
-1.49825
-4.03928
0.569359
-7.17867
4.61822
-11.4164
6.37336
-11.7546
0.67391
-8.3828
-4.79684
-5.59114
-3.98085
-4.19963
-2.09338
-4.06016
-0.669219
-3.98599
-0.220156
-3.72896
-0.353084
-4.05492
0.51161
-4.68752
0.939524
-4.81654
0.0641358
-4.43424
-0.50934
-4.28163
-0.213969
-4.32105
0.124695
-4.43112
-0.00117171
-4.74735
0.0696079
-4.83778
-0.0253615
-4.63829
-0.358398
-4.39744
-0.37582
-4.28968
-0.248291
-4.10217
-0.431461
-3.78817
-0.552121
-3.49444
-0.486679
-3.22963
-0.429147
-2.9536
-0.446913
-2.60349
-0.507526
-2.28877
-0.477021
-2.01362
-0.501972
-1.75983
-0.438383
-1.52109
-0.373319
-1.30328
-0.337967
-1.10649
-0.294382
-0.993313
-0.228507
-0.810082
-0.227711
-0.63851
-0.233357
-0.51302
-0.150774
-0.393844
-0.132409
-0.324233
-0.0956536
-0.244592
-0.0869295
-0.190683
-0.0795816
-0.141671
-0.0706777
-0.0959859
-0.0541006
-0.0819603
-0.0123929
-0.0374622
-0.0652016
0.0663727
-0.155239
0.180315
-0.164443
0.284763
-0.147767
0.359344
-0.102812
0.390245
-0.0419518
0.379746
0.0198066
0.341473
0.0588733
0.380943
-0.0460119
0.496968
-0.143809
0.613096
-0.19231
0.71905
-0.166497
0.745473
-0.0398716
0.69763
0.0488583
0.597602
0.135468
0.48735
0.163736
0.427181
0.0867027
0.378184
0.0561999
0.344473
0.0486115
0.287901
0.104915
0.186735
0.171259
0.0902247
0.146781
0.0433288
0.0700248
0.0552718
-0.0137197
0.0990711
-0.0666525
0.114656
-0.0418535
0.12985
-0.0273929
-0.0705427
-0.437418
1.11409
-0.852262
1.19335
-1.23989
1.14654
-1.61221
1.01418
-1.94449
0.874842
-2.06351
0.570567
-1.96207
0.0821714
-1.90796
-0.117521
-2.02383
0.343702
-2.63338
1.33501
-3.38054
1.81798
-4.35507
1.90884
-5.6854
2.95794
-6.65808
4.41674
-7.09198
4.24426
-7.33699
2.77391
-7.6629
1.08416
-7.85102
-0.313494
-7.65416
-1.69598
-6.86797
-2.55905
-6.00188
-2.20939
-5.75932
-1.38452
-5.52107
-0.726845
-4.16914
-1.57853
-2.18842
-3.66576
-1.80886
-2.65417
-3.6574
0.35028
-7.68674
4.5987
-11.9063
8.83774
-11.8925
6.35957
-9.40034
-1.81822
-8.76973
-5.42745
-7.48552
-5.26505
-6.24768
-3.33121
-6.5096
-0.407284
-6.45568
-0.274056
-5.88289
-0.925864
-6.28415
0.912891
-7.02131
1.6767
-6.72288
-0.234279
-5.81276
-1.41944
-4.8755
-1.15122
-4.51652
-0.234274
-4.5979
0.0802218
-4.94463
0.416346
-5.20429
0.234313
-5.08015
-0.48253
-4.74288
-0.713079
-4.61426
-0.376899
-4.62852
-0.417201
-4.38286
-0.79777
-4.08029
-0.789241
-3.79464
-0.714788
-3.54175
-0.699804
-3.24526
-0.804006
-2.86967
-0.852612
-2.59433
-0.777311
-2.33834
-0.694369
-2.09769
-0.613961
-1.86862
-0.567026
-1.63686
-0.526141
-1.42353
-0.441833
-1.22993
-0.421315
-1.08822
-0.375068
-0.869876
-0.369115
-0.678824
-0.323461
-0.550093
-0.224387
-0.44633
-0.190695
-0.355084
-0.170832
-0.254852
-0.170915
-0.217584
-0.0913735
-0.178997
-0.0509861
-0.102259
-0.141947
0.0112845
-0.268792
0.143768
-0.296938
0.274561
-0.278571
0.380003
-0.208267
0.431326
-0.0932877
0.441024
0.010097
0.419318
0.0805678
0.449224
-0.0759266
0.537562
-0.232155
0.682961
-0.337714
0.773412
-0.256952
0.759619
-0.0260807
0.660093
0.148384
0.515111
0.280451
0.37015
0.308698
0.26143
0.195425
0.211896
0.105734
0.182314
0.0781929
0.208667
0.0785588
0.191625
0.188295
0.107841
0.230555
0.0640327
0.113821
0.0847892
-0.034491
0.121335
-0.103214
0.151228
-0.0717596
0.147062
-0.0232352
-0.0773295
-0.357917
1.477
-0.667333
1.50276
-0.917337
1.39653
-1.12194
1.21879
-1.18309
0.935989
-1.10167
0.489159
-0.963187
-0.0563062
-0.922865
-0.157837
-1.02382
0.444665
-1.4769
1.78809
-2.26069
2.60177
-2.92227
2.57044
-3.6881
3.72378
-4.66014
5.38878
-5.50965
5.09378
-6.12233
3.3866
-6.31504
1.27688
-6.46973
-0.158808
-6.18297
-1.98274
-4.72939
-4.01263
-3.5403
-3.39849
-2.93196
-1.99287
-2.46361
-1.19521
-1.60775
-2.4344
-0.612951
-4.66057
-0.895278
-2.37185
-3.69127
3.14627
-7.11181
8.01924
-8.01056
9.73649
-7.62136
5.97036
-7.60073
-1.83885
-7.0885
-5.93967
-5.70439
-6.64915
-6.11222
-2.92336
-6.5828
0.0633115
-6.51769
-0.339141
-7.33653
-0.106999
-8.41941
1.9958
-9.08957
2.34689
-8.08896
-1.23487
-6.3533
-3.15509
-4.84431
-2.66019
-4.41905
-0.659524
-4.58018
0.241366
-4.85585
0.692031
-4.99977
0.378237
-4.87347
-0.608818
-4.57836
-1.00818
-4.60941
-0.345845
-4.64112
-0.385489
-4.48197
-0.956911
-4.20656
-1.06464
-3.93285
-0.988493
-3.71449
-0.918167
-3.48563
-1.03286
-3.23144
-1.1068
-2.93589
-1.07287
-2.6671
-0.963147
-2.42554
-0.855514
-2.19604
-0.79653
-1.96185
-0.760323
-1.7182
-0.685477
-1.48203
-0.657483
-1.27264
-0.584462
-1.03922
-0.602529
-0.879985
-0.482702
-0.751599
-0.352774
-0.610418
-0.331879
-0.485435
-0.295818
-0.419812
-0.236541
-0.367256
-0.143934
-0.28107
-0.137178
-0.185063
-0.23796
-0.067192
-0.386672
0.0718043
-0.435944
0.208063
-0.41484
0.319821
-0.320036
0.402073
-0.17555
0.433729
-0.02157
0.436386
0.0779019
0.458887
-0.0984365
0.525377
-0.298652
0.6417
-0.454042
0.697702
-0.312957
0.595635
0.0759838
0.43074
0.313279
0.242626
0.468566
0.0769149
0.47441
-0.0325119
0.304853
-0.100109
0.173331
-0.0756878
0.0537707
0.0115385
-0.00867057
0.0846238
0.115205
0.0787205
0.23645
0.0538576
0.138674
0.0786989
-0.059346
0.126256
-0.150785
0.139953
-0.0854683
0.129574
-0.0128636
-0.107762
-0.217071
1.69906
-0.322456
1.60813
-0.38871
1.46278
-0.37948
1.20956
-0.289133
0.845646
-0.149677
0.349707
-0.060939
-0.14504
-0.0453414
-0.173432
-0.173536
0.572863
-0.665749
2.2803
-1.21568
3.15171
-1.81257
3.16732
-2.68647
4.59769
-3.51361
6.21592
-3.57648
5.15666
-2.61589
2.42602
-2.15699
0.817983
-2.91636
0.600558
-4.02861
-0.870491
-3.38187
-4.65938
-2.02216
-4.7582
-0.981319
-3.03372
-0.0169435
-2.15959
0.605728
-3.05707
1.16578
-5.22063
0.994381
-2.20045
-0.66289
4.80354
-2.45284
9.80919
-2.83824
10.1219
-3.6392
6.77133
-5.15813
-0.319924
-6.2003
-4.89749
-6.89832
-5.95112
-6.78357
-3.03809
-5.95274
-0.767493
-6.26659
-0.025269
-7.96492
1.59135
-8.79187
2.82277
-6.74343
0.298475
-5.1807
-2.79758
-4.95132
-3.38445
-4.0602
-3.55129
-3.93444
-0.785279
-4.22017
0.527109
-4.36196
0.833837
-4.35639
0.372676
-4.37008
-0.595116
-4.31229
-1.06596
-4.28705
-0.371076
-4.31067
-0.361859
-4.18659
-1.08099
-3.99095
-1.26027
-3.81228
-1.16715
-3.62652
-1.10392
-3.44995
-1.20942
-3.26103
-1.29572
-3.01991
-1.31398
-2.78501
-1.19804
-2.5678
-1.07272
-2.34857
-1.01576
-2.12802
-0.980868
-1.88777
-0.925723
-1.64965
-0.895607
-1.41772
-0.816388
-1.26954
-0.750711
-1.06123
-0.69101
-0.892926
-0.521084
-0.763914
-0.460893
-0.646998
-0.412737
-0.590432
-0.29311
-0.487512
-0.246859
-0.358076
-0.266618
-0.262912
-0.33313
-0.143534
-0.506058
-0.00878969
-0.570697
0.132982
-0.556622
0.254913
-0.441977
0.348033
-0.26868
0.40809
-0.0816365
0.418186
0.0677973
0.451531
-0.131789
0.502276
-0.349403
0.50284
-0.454611
0.447004
-0.257124
0.329362
0.193624
0.0880729
0.554568
-0.141859
0.698499
-0.283161
0.615713
-0.386903
0.408596
-0.429122
0.215551
-0.374831
-0.000520547
-0.194966
-0.188539
-0.0488475
-0.0309181
0.0041779
0.183417
0.0265734
0.116268
0.0539899
-0.086775
0.08606
-0.182868
0.0838742
-0.0832935
0.0487209
0.0222823
-0.094493
-0.0611317
1.76519
-0.0389437
1.58593
0.0805883
1.34325
0.207698
1.08245
0.366558
0.686787
0.538265
0.178003
0.668718
-0.275491
0.755412
-0.260125
0.744269
0.584008
0.363885
2.66069
-0.326206
3.8418
-1.01315
3.85427
-1.72092
5.30547
-1.73147
6.22648
-1.06047
4.48568
-0.322608
1.68816
0.233478
0.2619
0.383734
0.450302
-1.03575
0.548988
-2.46145
-3.23367
-2.38781
-4.83185
-1.73527
-3.68626
-0.756618
-3.13825
-0.102457
-3.71124
0.582363
-5.90545
1.14171
-2.7598
0.639589
5.30566
0.117305
10.3315
-0.478279
10.7175
-2.01447
8.30752
-3.76314
1.42874
-4.18578
-4.47485
-4.06451
-6.07239
-3.72737
-3.37521
-3.20228
-1.29257
-3.41308
0.185546
-3.76636
1.94464
-3.24867
2.3051
-1.91192
-1.03826
-2.48026
-2.22922
-3.39882
-2.46587
-3.47213
-3.47797
-3.55491
-0.702489
-3.63199
0.604197
-3.658
0.859863
-3.55634
0.271019
-3.59272
-0.558723
-3.64456
-1.01412
-3.57942
-0.436207
-3.62151
-0.319766
-3.65498
-1.04751
-3.60509
-1.31017
-3.55281
-1.21942
-3.41775
-1.23898
-3.27105
-1.35613
-3.07143
-1.49533
-2.9239
-1.4615
-2.74862
-1.37332
-2.55659
-1.26475
-2.36419
-1.20815
-2.16282
-1.18223
-1.94618
-1.14236
-1.71959
-1.1222
-1.49335
-1.04263
-1.32313
-0.920933
-1.1982
-0.815938
-0.999436
-0.71985
-0.864035
-0.596296
-0.786151
-0.490624
-0.685519
-0.393745
-0.573105
-0.359275
-0.451542
-0.388186
-0.331124
-0.453554
-0.219873
-0.617317
-0.0871513
-0.703426
0.053954
-0.697736
0.182013
-0.570046
0.288866
-0.375542
0.356735
-0.149515
0.394937
0.0295881
0.407595
-0.144453
0.417455
-0.359269
0.345516
-0.382676
0.223505
-0.135117
0.00450748
0.412621
-0.301527
0.860601
-0.548598
0.945572
-0.69345
0.760566
-0.743827
0.458974
-0.726803
0.198526
-0.618754
-0.10857
-0.398412
-0.408883
-0.176315
-0.253019
-0.0789603
0.0860555
-0.0263674
0.0636662
0.0130709
-0.126225
0.0295749
-0.199385
0.00510156
-0.0588308
-0.0327406
0.0601175
-0.102325
0.0960309
1.67415
0.224608
1.45735
0.423191
1.14466
0.664185
0.841449
0.850805
0.500169
1.05115
-0.0223416
1.29197
-0.516307
1.45411
-0.422268
1.33171
0.706414
0.958569
3.03383
0.407373
4.393
-0.305087
4.56674
-0.740322
5.74071
-0.397082
5.88325
0.682
3.40661
1.5042
0.865969
1.77093
-0.00483068
1.09166
1.12957
-0.427244
2.06789
-2.18642
-1.4745
-4.11838
-2.8999
-4.34601
-3.45863
-3.88779
-3.59647
-4.00722
-3.59183
-2.40198
-7.5107
-0.831143
-4.33063
-0.288674
4.76318
0.729535
9.31326
0.863701
10.5833
0.860402
8.31082
0.969805
1.31934
-0.193838
-3.3112
-2.60489
-3.66133
-3.32038
-2.65971
-2.98367
-1.62928
-2.72239
-0.0757146
-2.0471
1.26936
-1.33622
1.59424
-0.599218
-1.77525
-1.81971
-1.00872
-3.59793
-0.687634
-3.8464
-3.22948
-3.31887
-1.23001
-3.08938
0.374717
-2.8445
0.614997
-2.70382
0.130343
-2.83851
-0.424022
-2.83901
-1.01361
-2.78229
-0.492919
-2.77721
-0.324844
-2.93486
-0.889853
-3.13901
-1.10601
-3.25304
-1.10539
-3.14347
-1.34855
-3.00134
-1.49825
-2.88586
-1.6108
-2.75042
-1.59695
-2.60702
-1.51671
-2.39673
-1.47504
-2.27303
-1.33184
-2.1151
-1.34015
-1.92185
-1.33561
-1.71925
-1.32479
-1.50612
-1.25576
-1.32796
-1.0991
-1.11705
-1.02684
-0.985075
-0.851831
-0.91624
-0.665133
-0.831458
-0.575409
-0.730346
-0.49486
-0.596124
-0.493501
-0.472976
-0.511338
-0.39877
-0.527764
-0.28912
-0.726974
-0.161525
-0.831029
-0.0239707
-0.835299
0.107265
-0.70129
0.218973
-0.487259
0.310016
-0.240566
0.352325
-0.0127286
0.350908
-0.143041
0.291053
-0.299419
0.174851
-0.266476
-0.0409823
0.0807137
-0.340652
0.712289
-0.667797
1.18775
-0.923269
1.20105
-1.03353
0.870831
-1.03521
0.460653
-0.960948
0.124263
-0.797494
-0.272024
-0.565765
-0.640614
-0.334124
-0.484665
-0.169762
-0.0783136
-0.0829167
-0.0231879
-0.03669
-0.172464
-0.0438021
-0.192286
-0.0796252
-0.0230181
-0.121877
0.102362
-0.0780565
0.269294
1.40985
0.49329
1.23334
0.742971
0.894974
0.955233
0.629185
1.11917
0.336229
1.28139
-0.184559
1.45849
-0.693411
1.65589
-0.619664
1.6618
0.700502
1.40517
3.29045
0.868462
4.92972
0.371945
5.06326
0.112744
5.99992
0.291744
5.70426
1.17211
2.52625
2.10903
-0.0709455
2.08341
0.0207854
1.15895
2.05404
0.347699
2.87914
-0.834972
-0.291828
-3.00381
-0.731066
-4.3027
-2.15975
-4.42744
-3.47174
-4.77302
-3.24626
-5.27201
-7.01172
-4.76784
-4.83481
-2.9804
2.97573
-1.57776
7.91061
-0.0751127
9.08064
1.70241
6.5333
1.77768
1.24407
0.586684
-2.1202
-1.79077
-1.28387
-3.43132
-1.01915
-3.68903
-1.37156
-3.20667
-0.558051
-2.72485
0.787552
-1.69669
0.566093
-0.318239
-3.15369
-1.15476
-0.172191
-2.83328
0.990902
-3.81301
-2.24973
-3.62639
-1.4166
-3.05227
-0.199395
-2.41827
-0.018994
-2.07139
-0.216522
-1.94974
-0.54567
-1.94421
-1.01914
-1.84096
-0.596161
-1.82312
-0.342677
-2.16559
-0.547382
-2.44993
-0.821666
-2.57552
-0.979796
-2.62957
-1.2945
-2.59343
-1.53439
-2.56422
-1.64001
-2.49331
-1.66785
-2.3908
-1.61922
-2.33774
-1.5281
-2.18527
-1.48431
-2.02247
-1.50295
-1.85009
-1.50798
-1.66732
-1.50756
-1.48194
-1.44114
-1.25563
-1.32541
-1.10178
-1.1807
-0.978935
-0.974675
-0.884394
-0.759676
-0.826137
-0.633669
-0.710491
-0.610508
-0.597948
-0.606047
-0.502729
-0.606561
-0.425298
-0.605201
-0.35619
-0.796088
-0.227594
-0.959632
-0.0994864
-0.963415
0.026193
-0.826978
0.147727
-0.608802
0.242552
-0.335398
0.307884
-0.0780672
0.283617
-0.11878
0.182566
-0.198372
0.0070976
-0.091011
-0.267238
0.355047
-0.633652
1.0787
-0.985107
1.5392
-1.21519
1.43113
-1.29227
0.947915
-1.22404
0.392417
-1.08292
-0.0168561
-0.907277
-0.447665
-0.669796
-0.878097
-0.412169
-0.742296
-0.247551
-0.242938
-0.140471
-0.130278
-0.0943125
-0.218634
-0.126593
-0.160017
-0.170986
0.0213643
-0.187227
0.118597
-0.0826993
0.383804
1.03104
0.711042
0.9061
0.937205
0.668807
1.13701
0.429382
1.29205
0.181181
1.49764
-0.390141
1.74194
-0.937714
1.84325
-0.720977
1.68281
0.860934
1.54731
3.42596
1.11509
5.36194
0.879193
5.29917
0.659283
6.21984
0.682645
5.68091
1.42984
1.77907
1.93486
-0.575967
1.43956
0.516091
0.915057
2.57854
0.892554
2.90164
-1.02824
1.62896
-3.07474
1.31544
-3.55924
-1.67527
-4.00102
-3.02997
-5.04211
-2.20518
-6.94087
-5.11297
-6.30294
-5.47274
-4.04168
0.714458
-2.53752
6.40644
-0.500525
7.04364
1.93293
4.09984
2.81878
0.358224
2.52238
-1.8238
0.890386
0.348127
-1.13328
1.00453
-2.89483
0.390015
-3.32995
-0.122913
-2.97169
0.429306
-2.50196
0.0963823
-0.645606
-5.01004
-1.02485
0.207059
-2.3122
2.27828
-3.1474
-1.41452
-2.62116
-1.94282
-2.25843
-0.562112
-1.88576
-0.391653
-1.42792
-0.674355
-1.22406
-0.749524
-0.953398
-1.2898
-0.765176
-0.78438
-0.90337
-0.20448
-1.32605
-0.124702
-1.64991
-0.497798
-1.93545
-0.694251
-2.11634
-1.1136
-2.16742
-1.48331
-2.21257
-1.59486
-2.19739
-1.68302
-2.14613
-1.67048
-2.1017
-1.57252
-2.01364
-1.57237
-1.88333
-1.63326
-1.74282
-1.64849
-1.59216
-1.65822
-1.42797
-1.60533
-1.25105
-1.50233
-1.0965
-1.33524
-0.965031
-1.10615
-0.855586
-0.869122
-0.767763
-0.721495
-0.685746
-0.692527
-0.592016
-0.69978
-0.515549
-0.683032
-0.44491
-0.675844
-0.375293
-0.865712
-0.285833
-1.0491
-0.176778
-1.07248
-0.0585299
-0.945234
0.0565242
-0.723863
0.173414
-0.452296
0.236938
-0.141597
0.208929
-0.0907754
0.080565
-0.0700111
-0.136246
0.125797
-0.467367
0.686166
-0.885032
1.49637
-1.24346
1.89762
-1.42939
1.61706
-1.43719
0.955721
-1.32432
0.279545
-1.12433
-0.216848
-0.908689
-0.663305
-0.724722
-1.06207
-0.515599
-0.951422
-0.323432
-0.435112
-0.193203
-0.260516
-0.161933
-0.249916
-0.211912
-0.11005
-0.238564
0.0480058
-0.235543
0.115569
-0.0730794
0.434356
0.601685
0.807956
0.532494
1.03534
0.44142
1.18542
0.279302
1.39125
-0.0246542
1.55851
-0.557401
1.66634
-1.04555
1.64366
-0.698305
1.55638
0.948221
1.68223
3.3001
1.35705
5.68713
1.08869
5.56754
0.664109
6.64443
0.836685
5.50835
1.80565
0.810106
2.099
-0.869316
0.719592
1.8955
0.0576227
3.24051
0.741961
2.2173
-0.268101
2.63902
-1.46088
2.50821
-2.70329
-0.432862
-3.34168
-2.39158
-2.62728
-2.91959
-4.22703
-3.51323
-6.31933
-3.38045
-4.82202
-0.782863
-1.70092
3.28533
-0.100866
5.44358
2.12467
1.8743
4.50169
-2.0188
4.89878
-2.22089
3.91483
1.33208
2.23032
2.68904
0.151871
2.46848
-1.70404
1.73302
-2.64349
1.36878
-2.49386
-0.0532354
-1.28398
-6.2199
-1.1024
0.0254866
-1.15972
2.33561
-1.5677
-1.00651
-1.52652
-1.98398
-1.43056
-0.65806
-1.3579
-0.464311
-1.01716
-1.01508
-0.538178
-1.2285
-0.289075
-1.5389
-0.27828
-0.795172
-0.40599
-0.076767
-0.599185
0.0684946
-0.928427
-0.168553
-1.30762
-0.315052
-1.59639
-0.824835
-1.75923
-1.32047
-1.87043
-1.48365
-1.89771
-1.65575
-1.87795
-1.69024
-1.85401
-1.59647
-1.80182
-1.62455
-1.71048
-1.72459
-1.60313
-1.75584
-1.48804
-1.77331
-1.34714
-1.74624
-1.20806
-1.64141
-1.07244
-1.47086
-0.959803
-1.21879
-0.801751
-1.02718
-0.692195
-0.831052
-0.651708
-0.733017
-0.5809
-0.770591
-0.513324
-0.750612
-0.464308
-0.724864
-0.412718
-0.917307
-0.343733
-1.11809
-0.258344
-1.15787
-0.158106
-1.04548
-0.0402421
-0.841735
0.0742446
-0.566789
0.147555
-0.214912
0.108882
-0.0521067
-0.0353155
0.0741827
-0.27749
0.367969
-0.642747
1.05142
-1.10479
1.95841
-1.45389
2.24672
-1.57784
1.74102
-1.50735
0.885233
-1.33105
0.103248
-1.12552
-0.422379
-0.918723
-0.870104
-0.717413
-1.26338
-0.524003
-1.14484
-0.374002
-0.585119
-0.254329
-0.380198
-0.244745
-0.259513
-0.290895
-0.0639122
-0.308272
0.0653723
-0.284645
0.0919351
-0.0867645
0.472176
0.134505
0.865433
0.139231
1.12187
0.184978
1.24666
0.154506
1.38876
-0.166757
1.5526
-0.721237
1.54047
-1.03343
1.41353
-0.571378
1.3351
1.02665
1.61049
3.0247
1.4611
5.83653
1.03331
5.99534
0.685109
6.99265
1.20911
4.98436
2.06533
-0.046105
1.46038
-0.264368
-0.554053
3.90994
-0.672107
3.35856
0.73043
0.814762
0.141266
3.22818
-1.57712
4.22658
-2.85422
0.844231
-2.08078
-3.16503
-0.844802
-4.15558
-2.16447
-2.19356
-4.17744
-1.36749
-3.54291
-1.4174
-1.87652
1.61893
-0.268399
3.83545
2.77226
-1.16636
5.28061
-4.52716
6.24515
-3.18542
6.02847
1.54876
4.64541
4.07211
3.20785
3.90604
1.14737
3.79351
-0.640261
3.15642
-1.56414
0.87066
-2.50747
-5.27656
-1.36675
-1.11522
-0.183948
1.15282
-0.347582
-0.842863
-0.535399
-1.79615
-0.59085
-0.6026
-0.627372
-0.427782
-0.490865
-1.15158
-0.177089
-1.54227
0.0117996
-1.72778
0.0524755
-0.835845
0.0175052
-0.0417942
-0.0862123
0.172214
-0.432732
0.177969
-0.784179
0.0363965
-1.14644
-0.462578
-1.45707
-1.00984
-1.5842
-1.35651
-1.62037
-1.61958
-1.61963
-1.69097
-1.61584
-1.60026
-1.58396
-1.65643
-1.52628
-1.78227
-1.45745
-1.82467
-1.36572
-1.86504
-1.25519
-1.85677
-1.14206
-1.75454
-1.08068
-1.53223
-0.952533
-1.34695
-0.812823
-1.16689
-0.732284
-0.911594
-0.635316
-0.829986
-0.556704
-0.849205
-0.514687
-0.792633
-0.484047
-0.755507
-0.452058
-0.949302
-0.413985
-1.15617
-0.355164
-1.2167
-0.270929
-1.12972
-0.165114
-0.947556
-0.0383717
-0.693536
0.0264891
-0.279778
-0.0160771
-0.00954426
-0.160817
0.218919
-0.428847
0.635997
-0.835298
1.45787
-1.30094
2.42406
-1.58885
2.53463
-1.63251
1.78468
-1.51737
0.770092
-1.31713
-0.0969965
-1.08579
-0.653713
-0.86603
-1.08987
-0.690468
-1.43894
-0.519626
-1.31568
-0.389529
-0.715222
-0.306529
-0.463207
-0.316549
-0.249505
-0.374367
-0.00610649
-0.374353
0.0653479
-0.314896
0.0324704
-0.101354
0.491196
-0.351694
0.869135
-0.238715
1.12829
-0.0741819
1.28339
-0.000597439
1.41811
-0.301485
1.46047
-0.763595
1.30399
-0.87695
1.08652
-0.353919
0.999201
1.11397
1.38409
2.63981
1.44785
5.77279
0.812962
6.63023
0.647004
7.15862
1.58564
4.04574
2.09152
-0.551979
0.560584
1.26657
-0.851445
5.32197
-0.419311
2.92642
0.215502
0.179947
-0.491284
3.93496
-1.45586
5.19115
-1.92176
1.31013
-1.62838
-3.45841
-0.877449
-4.90652
-1.27051
-1.8005
-3.04192
0.40392
-2.92791
-1.53143
-0.798102
-0.510879
1.52786
1.50948
4.16739
-3.80589
5.71541
-6.07518
5.87041
-3.34042
5.81119
1.60798
5.91687
3.96643
5.6729
4.15002
3.89295
5.57346
1.87758
5.17179
0.31513
2.43312
-1.56684
-3.39458
-0.537217
-2.14483
0.382536
0.233074
0.554489
-1.01481
0.251427
-1.49308
0.185634
-0.536799
0.0909735
-0.333115
-0.0724892
-0.988115
-0.118846
-1.49591
-0.152911
-1.69371
-0.072251
-0.916502
0.0105199
-0.124562
0.000785379
0.18195
-0.0948555
0.273611
-0.377009
0.318551
-0.821757
-0.0178288
-1.10984
-0.721756
-1.28807
-1.17828
-1.34895
-1.55869
-1.35266
-1.68726
-1.36666
-1.58626
-1.35743
-1.66566
-1.38519
-1.7545
-1.31952
-1.89033
-1.24163
-1.94293
-1.18796
-1.91044
-1.11639
-1.82611
-1.01663
-1.63199
-0.914164
-1.44941
-0.835121
-1.24593
-0.712277
-1.03444
-0.580414
-0.961851
-0.52314
-0.906483
-0.521472
-0.794303
-0.496774
-0.780209
-0.490007
-0.956074
-0.484591
-1.16159
-0.468285
-1.23301
-0.411822
-1.18619
-0.307587
-1.0518
-0.201653
-0.799475
-0.133371
-0.348064
-0.152428
0.00950902
-0.307306
0.373795
-0.60319
0.931881
-1.01725
1.87193
-1.46033
2.86714
-1.65807
2.73237
-1.6403
1.76691
-1.48142
0.611219
-1.24611
-0.332306
-1.03347
-0.866355
-0.816338
-1.307
-0.639859
-1.61542
-0.509406
-1.44614
-0.428007
-0.796628
-0.364539
-0.526685
-0.3999
-0.214156
-0.459264
0.0532442
-0.434943
0.0410164
-0.351102
-0.0513786
-0.133445
0.478716
-0.825413
0.865092
-0.625098
1.11989
-0.328985
1.31342
-0.194127
1.40157
-0.38964
1.33719
-0.699224
1.0879
-0.627667
0.752148
-0.0181761
0.458776
1.40734
0.677684
2.4209
1.31727
5.13321
0.651365
7.29615
0.431495
7.37852
1.59312
2.88413
1.95637
-0.915227
-0.220118
3.44306
-1.24598
6.34783
-0.994267
2.67471
-1.4847
0.67038
-1.56523
4.01549
-1.17906
4.80498
-0.914432
1.04549
-1.47611
-2.89674
-2.31825
-4.06438
-2.37214
-1.74662
-3.44303
1.47481
-3.08638
-1.88808
-0.25387
-3.3434
2.69742
-1.44182
4.98134
-6.08981
5.75026
-6.8441
5.11467
-2.70484
4.76086
1.96181
5.6538
3.07349
5.71668
4.08715
4.69484
6.5953
3.41615
6.45049
1.93989
3.90939
-0.807556
-0.647133
-0.906593
-2.04578
0.482133
-1.15564
1.2183
-1.75096
0.892037
-1.16682
0.831205
-0.475961
0.659705
-0.161609
0.44411
-0.772515
0.224805
-1.2766
-0.103914
-1.36499
-0.183917
-0.836495
-0.0792257
-0.229251
0.00201459
0.100712
-0.0174323
0.293059
-0.0932406
0.39436
-0.350774
0.239705
-0.737271
-0.335258
-0.982228
-0.933317
-1.07199
-1.46893
-1.092
-1.66725
-1.07009
-1.60816
-1.12135
-1.6144
-1.14739
-1.72846
-1.14183
-1.8959
-1.10296
-1.9818
-1.02908
-1.98432
-0.981355
-1.87384
-0.923587
-1.68976
-0.889722
-1.48328
-0.788961
-1.34669
-0.643253
-1.18015
-0.559057
-1.04605
-0.507241
-0.958301
-0.468186
-0.83336
-0.489312
-0.759086
-0.526033
-0.919358
-0.573086
-1.11455
-0.611163
-1.19494
-0.588325
-1.20904
-0.48598
-1.15415
-0.365658
-0.919802
-0.292595
-0.421131
-0.31838
0.0352913
-0.472119
0.527531
-0.771699
1.23146
-1.22726
2.32749
-1.61237
3.25225
-1.70007
2.82007
-1.58741
1.65425
-1.39191
0.415719
-1.17434
-0.54987
-0.973397
-1.0673
-0.765243
-1.51516
-0.606593
-1.77407
-0.50943
-1.54331
-0.459343
-0.846721
-0.42286
-0.563177
-0.482092
-0.154938
-0.536779
0.107917
-0.483786
-0.011988
-0.374902
-0.16027
-0.162424
0.454007
-1.27442
0.827135
-0.998234
1.09868
-0.600537
1.27567
-0.371121
1.32369
-0.437663
1.1976
-0.573144
0.882123
-0.3122
0.453952
0.409986
0.166139
1.69514
0.277503
2.30954
0.929233
4.48149
0.663793
7.56161
0.70889
7.33344
1.63168
1.96135
1.55363
-0.837171
-0.097045
5.09374
-1.01391
7.2647
-2.27641
3.93721
-3.6254
2.01936
-2.81107
3.20115
-1.55603
3.54993
-1.22184
0.711297
-1.92082
-2.19776
-2.27252
-3.71269
-2.32016
-1.69899
-2.10113
1.25577
-0.951129
-3.03809
0.802312
-5.09685
3.66382
-4.30333
5.32623
-7.75222
5.17897
-6.69684
4.01197
-1.53784
3.54042
2.43337
4.60502
2.00889
4.90269
3.78949
4.84682
6.65118
4.38452
6.91279
3.12045
5.17346
0.531622
1.9417
0.283605
-1.79776
1.48974
-2.36177
1.69058
-1.95179
1.45743
-0.933665
1.27655
-0.295079
1.00049
0.114456
0.596043
-0.368059
0.295997
-0.976549
-0.0613124
-1.00767
-0.216602
-0.681202
-0.0908516
-0.354999
-0.0595185
0.0693802
0.0293775
0.204164
0.0459299
0.377808
-0.171755
0.45739
-0.463231
-0.0437812
-0.72451
-0.672036
-0.814579
-1.37886
-0.792524
-1.6893
-0.859421
-1.54126
-0.914789
-1.55903
-0.951445
-1.6918
-1.02194
-1.8254
-0.976377
-2.02736
-0.86392
-2.09678
-0.847184
-1.89058
-0.861304
-1.67564
-0.810285
-1.5343
-0.729977
-1.427
-0.624269
-1.28586
-0.516838
-1.15348
-0.485086
-0.990054
-0.467565
-0.850883
-0.480431
-0.746223
-0.559106
-0.840686
-0.670334
-1.00332
-0.799543
-1.06574
-0.807509
-1.20108
-0.692077
-1.26958
-0.558319
-1.05356
-0.47813
-0.501323
-0.499957
0.057116
-0.640061
0.667633
-0.976791
1.56819
-1.4063
2.757
-1.68496
3.5309
-1.68966
2.82478
-1.53358
1.49817
-1.31087
0.193012
-1.10013
-0.760611
-0.918344
-1.24909
-0.726033
-1.70747
-0.580995
-1.91911
-0.507085
-1.61722
-0.49321
-0.860604
-0.498388
-0.558009
-0.572849
-0.0804904
-0.598779
0.133833
-0.502158
-0.108621
-0.376114
-0.286322
-0.186333
0.418294
-1.68772
0.785952
-1.3659
1.0464
-0.860995
1.2268
-0.551522
1.28952
-0.500387
1.11952
-0.403155
0.78666
0.0206493
0.380364
0.81627
0.125136
1.95037
0.0374829
2.39719
0.505897
4.01309
0.682784
7.38474
1.03799
6.97826
1.62995
1.36939
0.993355
-0.200567
-0.748418
6.83551
-1.1095
7.62579
-1.47639
4.3041
-3.52838
4.07135
-3.45213
3.1249
-2.01779
2.11558
-1.2903
-0.0162079
-0.618029
-2.87004
-0.998857
-3.33187
-1.54063
-1.15722
-0.174089
-0.110783
1.33152
-4.5437
1.97379
-5.73913
4.27321
-6.60275
5.45699
-8.936
4.77435
-6.0142
3.52119
-0.284676
2.91244
3.04212
4.09801
0.823318
4.10206
3.78545
4.15678
6.59646
4.00374
7.06583
3.53211
5.6451
2.83524
2.63858
1.79104
-0.753551
1.69617
-2.26691
2.02489
-2.28051
1.85796
-0.76673
1.64542
-0.0825339
1.18632
0.573559
0.60371
0.214554
0.233839
-0.606673
0.0460431
-0.819873
-0.0565384
-0.578616
-0.0415465
-0.369988
-0.0501796
0.0780142
-0.0469007
0.200885
0.068084
0.262823
-0.00717233
0.532646
-0.273828
0.222875
-0.477683
-0.468181
-0.584714
-1.27183
-0.675934
-1.59808
-0.686391
-1.5308
-0.718203
-1.52721
-0.818909
-1.59109
-0.844149
-1.80016
-0.822766
-2.04875
-0.802731
-2.11681
-0.7492
-1.94411
-0.717501
-1.70734
-0.722523
-1.52928
-0.675691
-1.47384
-0.599141
-1.36241
-0.54578
-1.20685
-0.484538
-1.0513
-0.467492
-0.867931
-0.495769
-0.717948
-0.586688
-0.749772
-0.781139
-0.808877
-1.02749
-0.819392
-1.09231
-1.13626
-0.913883
-1.44802
-0.765826
-1.20162
-0.675466
-0.591686
-0.676729
0.058377
-0.826475
0.817378
-1.18469
1.9264
-1.57063
3.14294
-1.71914
3.67941
-1.62655
2.7322
-1.43336
1.30499
-1.21455
-0.0258032
-1.02106
-0.954094
-0.851451
-1.4187
-0.682222
-1.8767
-0.562732
-2.03861
-0.522211
-1.65774
-0.532703
-0.85012
-0.570114
-0.520608
-0.646906
-0.00371295
-0.620637
0.10755
-0.502097
-0.227172
-0.373982
-0.414444
-0.222752
0.377387
-2.06011
0.723134
-1.71166
0.987911
-1.12578
1.14733
-0.71095
1.16538
-0.518447
0.990424
-0.228204
0.703756
0.307307
0.441811
1.0782
0.272924
2.11925
0.0869012
2.58322
0.0899289
4.01007
0.236666
7.23802
1.03637
6.17857
1.51197
0.893801
0.320784
0.990623
-1.40338
8.55968
-1.09051
7.31292
-0.568061
3.78164
-2.18795
5.69123
-1.81666
2.7536
-0.439848
0.738765
0.0381765
-0.494238
1.38598
-4.21785
1.96744
-3.91334
1.97466
-1.16444
2.84786
-0.983987
3.0286
-4.72445
3.27326
-5.9838
4.76754
-8.09704
5.24297
-9.41144
4.17661
-4.94784
3.00833
0.883598
2.78166
3.2688
3.32899
0.275994
2.60128
4.51316
3.10475
6.09299
3.73284
6.43775
3.73709
5.64085
3.7359
2.63977
2.72115
0.261199
2.16805
-1.71381
2.27661
-2.38906
2.04462
-0.534732
1.73942
0.222661
1.05744
1.25555
0.308218
0.963775
0.0128246
-0.311275
0.0405286
-0.847573
0.136103
-0.674188
0.204017
-0.437901
0.193787
0.0882451
0.193729
0.200942
0.189405
0.267147
0.162731
0.559319
0.0190418
0.366564
-0.200488
-0.24865
-0.373264
-1.09905
-0.461753
-1.50959
-0.493573
-1.49898
-0.535816
-1.48497
-0.611621
-1.51529
-0.657015
-1.75476
-0.655662
-2.0501
-0.654156
-2.11832
-0.640713
-1.95755
-0.672186
-1.67587
-0.656294
-1.54517
-0.620946
-1.50919
-0.567758
-1.4156
-0.520406
-1.2542
-0.500854
-1.07085
-0.473921
-0.894865
-0.506862
-0.685009
-0.640169
-0.616468
-0.907717
-0.541333
-1.2658
-0.461316
-1.4171
-0.984962
-1.20814
-1.65698
-0.998063
-1.4117
-0.89501
-0.694742
-0.851461
0.0148269
-1.01542
0.981336
-1.39134
2.30233
-1.67476
3.42636
-1.68055
3.6852
-1.51942
2.57107
-1.31508
1.10064
-1.11239
-0.228491
-0.950137
-1.11634
-0.789846
-1.57899
-0.640883
-2.02566
-0.547184
-2.13231
-0.535498
-1.66944
-0.573401
-0.812225
-0.645371
-0.448648
-0.695628
0.0465289
-0.598811
0.0107191
-0.432028
-0.393965
-0.304594
-0.541886
-0.239314
0.340405
-2.39552
0.66204
-2.0333
0.892439
-1.35619
1.04573
-0.864249
1.10675
-0.579474
1.07786
-0.199329
0.920226
0.464935
0.644754
1.35367
0.467675
2.29632
0.178575
2.87232
-0.378319
4.56698
-0.26822
7.12793
0.947234
4.96313
1.37822
0.462821
-0.681298
3.05014
-1.83995
9.71833
-0.808357
6.28133
-0.222975
3.19626
-0.10037
5.56862
0.212775
2.44045
1.31285
-0.361313
2.79209
-1.97348
3.4092
-4.83496
3.61936
-4.12351
4.06449
-1.60958
4.76884
-1.68834
3.89445
-3.85007
3.16068
-5.25003
4.35887
-9.29523
4.54112
-9.59369
3.54499
-3.95171
2.26542
2.16317
2.12178
3.41244
2.06638
0.3314
0.823601
5.75594
1.57379
5.3428
2.73355
5.27799
3.14941
5.22499
3.82437
1.96481
3.6633
0.422275
3.17459
-1.22509
2.48984
-1.70431
2.03768
-0.0825748
1.51752
0.742829
0.682942
2.09013
0.289355
1.35737
0.155145
-0.177062
0.243097
-0.935521
0.498035
-0.929124
0.57004
-0.509905
0.500373
0.157912
0.413857
0.287458
0.353372
0.327632
0.341435
0.571254
0.167836
0.540164
-0.0869553
0.00614142
-0.19321
-0.992796
-0.266135
-1.43666
-0.311095
-1.45402
-0.359568
-1.43649
-0.424677
-1.45018
-0.482008
-1.69743
-0.509874
-2.02223
-0.520858
-2.10734
-0.569291
-1.90912
-0.581952
-1.66321
-0.583519
-1.54361
-0.565677
-1.52703
-0.529876
-1.4514
-0.496881
-1.2872
-0.47915
-1.08858
-0.476646
-0.897371
-0.505809
-0.655847
-0.671214
-0.451066
-1.04015
-0.172404
-1.50351
0.00204352
-1.70442
-0.784059
-1.5066
-1.85481
-1.22252
-1.69577
-1.03485
-0.882421
-0.998164
-0.021857
-1.20481
1.18798
-1.54437
2.64189
-1.70354
3.58554
-1.5949
3.57656
-1.38875
2.36493
-1.18548
0.897372
-1.00531
-0.408659
-0.869546
-1.2521
-0.739008
-1.70953
-0.614674
-2.14999
-0.53787
-2.20912
-0.5531
-1.65421
-0.613087
-0.752246
-0.687956
-0.373791
-0.661047
0.019605
-0.488532
-0.161809
-0.326622
-0.555886
-0.209767
-0.658748
-0.281243
0.295198
-2.68572
0.584365
-2.32248
0.79821
-1.57004
0.970819
-1.03687
1.05839
-0.667053
1.03178
-0.172725
0.86129
0.635413
0.612206
1.60274
0.495076
2.41345
0.279557
3.08784
-0.416518
5.26307
-0.255818
6.96725
1.06903
3.63829
1.29371
0.238142
-0.152687
4.49655
-1.05242
10.6181
-0.783524
6.01244
-0.259342
2.67208
1.15629
4.15299
1.83296
1.76378
2.95469
-1.48305
4.19207
-3.21087
4.09848
-4.74137
4.09432
-4.11935
4.71111
-2.22638
5.30328
-2.28051
4.21498
-2.76178
3.14886
-4.18392
3.77432
-9.92069
4.23765
-10.057
3.46396
-3.17803
2.45067
3.17646
1.84885
4.01427
1.07836
1.10189
0.858463
5.97583
1.74869
4.45258
2.05812
4.96855
2.73242
4.5507
3.74859
0.948648
4.16839
0.00246812
3.51888
-0.575581
2.44232
-0.627748
1.9918
0.367942
1.24101
1.49363
0.575051
2.75609
0.540488
1.39193
0.492905
-0.129475
0.421335
-0.863947
0.598146
-1.10593
0.7992
-0.710957
0.719675
0.237436
0.591175
0.415956
0.505064
0.413742
0.406193
0.670124
0.279164
0.667192
0.0923001
0.193006
-0.0601955
-0.8403
-0.112759
-1.3841
-0.145965
-1.42081
-0.200721
-1.38174
-0.264424
-1.38648
-0.32844
-1.63342
-0.369308
-1.98137
-0.434733
-2.04191
-0.461322
-1.88253
-0.488811
-1.63572
-0.503111
-1.52931
-0.506728
-1.52342
-0.500009
-1.45812
-0.478502
-1.3087
-0.467938
-1.09915
-0.479677
-0.885633
-0.537736
-0.59779
-0.718399
-0.270404
-1.18064
0.289836
-1.71543
0.536826
-1.95541
-0.54408
-1.7467
-2.06352
-1.40411
-2.03837
-1.17499
-1.11154
-1.14548
-0.0513747
-1.36753
1.41003
-1.63794
2.9123
-1.6588
3.6064
-1.44268
3.36044
-1.2337
2.15594
-1.038
0.701675
-0.87352
-0.573135
-0.770535
-1.35509
-0.674739
-1.80532
-0.590057
-2.23468
-0.524348
-2.27483
-0.568473
-1.61009
-0.635036
-0.685691
-0.652453
-0.356386
-0.533473
-0.0993889
-0.330288
-0.365006
-0.169757
-0.716427
-0.078318
-0.750195
-0.299744
0.256664
-2.93739
0.514873
-2.58069
0.701784
-1.75696
0.840437
-1.17553
0.885064
-0.711688
0.837848
-0.125518
0.784915
0.688338
0.671733
1.71592
0.467484
2.6177
0.206913
3.34841
-0.270817
5.74081
0.1912
6.50524
1.34707
2.48243
1.18226
0.402955
-0.302388
5.9812
-1.20664
11.5223
-0.972872
5.77867
-0.499236
2.19844
1.1306
2.52316
2.17131
0.72306
3.68706
-2.9988
4.46025
-3.98407
4.52852
-4.80964
4.95719
-4.54803
5.79584
-3.06503
6.20746
-2.69214
5.81799
-2.37231
6.15792
-4.52386
5.4833
-9.24607
4.78735
-9.36108
3.99
-2.38067
3.4488
3.71766
2.97286
4.49021
1.86658
2.20817
1.71599
6.12642
1.44509
4.72348
1.68941
4.72424
3.09227
3.14784
3.79778
0.243139
4.31335
-0.5131
3.57526
0.162511
2.42155
0.525959
2.1166
0.672888
1.54649
2.06374
1.32307
2.9795
1.16213
1.55288
0.988406
0.0442499
0.794965
-0.670505
0.593553
-0.904521
0.663922
-0.781325
0.699426
0.201931
0.636963
0.478418
0.533039
0.517664
0.453514
0.749647
0.34981
0.770896
0.210642
0.332173
0.147251
-0.776908
0.0452373
-1.28208
-0.0504804
-1.32509
-0.113212
-1.31901
-0.142693
-1.35699
-0.198818
-1.57729
-0.246814
-1.93337
-0.270284
-2.01844
-0.341091
-1.81172
-0.393878
-1.58293
-0.42947
-1.49372
-0.459186
-1.4937
-0.470144
-1.44717
-0.464187
-1.31466
-0.464029
-1.09931
-0.490503
-0.85916
-0.5639
-0.524395
-0.804204
-0.030102
-1.369
0.854631
-1.91034
1.07816
-2.07966
-0.374756
-1.90537
-2.23781
-1.5257
-2.41805
-1.28667
-1.35057
-1.29622
-0.0418216
-1.49409
1.6079
-1.63903
3.05724
-1.53458
3.50196
-1.2819
3.10776
-1.0633
1.93735
-0.886883
0.52526
-0.75566
-0.704356
-0.6841
-1.42665
-0.614097
-1.87533
-0.562501
-2.28627
-0.537427
-2.2999
-0.583244
-1.56428
-0.639307
-0.629636
-0.576771
-0.418934
-0.339174
-0.336999
-0.12001
-0.584181
-0.00632765
-0.83012
0.0735242
-0.830054
-0.355616
0.196567
-3.12896
0.410734
-2.79487
0.543129
-1.88936
0.651714
-1.28412
0.745713
-0.805696
0.714395
-0.0942088
0.588163
0.814563
0.531721
1.77236
0.479477
2.66994
0.175811
3.65208
-0.159351
6.07598
0.659643
5.68626
1.6246
1.51747
0.994891
1.03267
-1.4009
8.377
-1.87678
11.9982
-0.957121
4.85901
-0.202511
1.44383
1.67355
0.647091
3.01288
-0.616276
4.12657
-4.11249
4.45459
-4.3121
4.79148
-5.14654
5.19648
-4.95304
5.94727
-3.81582
6.55894
-3.3038
6.47337
-2.28674
6.50542
-4.55592
6.2568
-8.99745
5.23794
-8.34223
4.41168
-1.55441
3.98574
4.1436
3.42708
5.04887
2.23053
3.40472
2.31947
6.03748
2.45537
4.58759
2.78166
4.39795
3.73355
2.19595
4.09315
-0.116461
4.18946
-0.609418
3.22854
1.12343
2.29877
1.45573
2.12609
0.845568
1.80054
2.38928
1.89478
2.88527
1.68107
1.76659
1.11166
0.613661
0.720872
-0.279715
0.523985
-0.707634
0.534418
-0.791758
0.544478
0.191869
0.484023
0.538871
0.484582
0.517103
0.459385
0.774842
0.38962
0.840661
0.280192
0.441601
0.192814
-0.68953
0.119999
-1.20927
0.0939885
-1.29908
0.0362899
-1.26131
-0.0212958
-1.29941
-0.0864395
-1.51215
-0.136707
-1.8831
-0.166875
-1.98828
-0.236209
-1.74239
-0.305377
-1.51377
-0.359364
-1.43973
-0.407616
-1.44545
-0.438268
-1.41651
-0.449734
-1.3032
-0.465732
-1.08331
-0.50241
-0.822483
-0.588578
-0.438228
-0.846451
0.22777
-1.47057
1.47875
-2.00592
1.6135
-2.12946
-0.251212
-1.95364
-2.41364
-1.58788
-2.78381
-1.368
-1.57045
-1.39102
-0.0188024
-1.57621
1.7931
-1.59227
3.0733
-1.37084
3.28053
-1.11398
2.85091
-0.920945
1.74432
-0.748361
0.35268
-0.638223
-0.814492
-0.597899
-1.46697
-0.5568
-1.91642
-0.5314
-2.31167
-0.517154
-2.31415
-0.585005
-1.49643
-0.609445
-0.605204
-0.454293
-0.574098
-0.185376
-0.605929
0.049202
-0.818771
0.174843
-0.955772
0.246345
-0.901564
-0.422354
0.136165
-3.26014
0.273397
-2.93211
0.357636
-1.97361
0.469186
-1.39568
0.534233
-0.870753
0.537801
-0.0977856
0.471465
0.880891
0.421676
1.82214
0.347828
2.74379
0.0975094
3.90241
0.0335586
6.13994
1.04115
4.67867
1.86201
0.696624
0.697607
2.19708
-0.93433
10.0089
-0.648668
11.7125
-0.181401
4.39175
0.852536
0.409887
2.53609
-1.03646
3.61743
-1.69762
3.89873
-4.39379
4.14089
-4.55427
4.83655
-5.84221
5.50831
-5.6248
6.30565
-4.61317
6.80335
-3.80151
7.23612
-2.71951
7.24142
-4.56122
6.51881
-8.27484
5.65512
-7.47854
4.84472
-0.744005
4.10255
4.88577
3.44932
5.7021
2.54997
4.30408
2.88373
5.70372
3.27186
4.19945
3.84282
3.827
4.32221
1.71655
4.05459
0.151163
3.94797
-0.502806
3.2243
1.8471
2.46479
2.21523
2.25894
1.05142
2.05997
2.58825
2.20145
2.74379
2.00764
1.9604
1.12834
1.49296
0.447636
0.400992
0.292086
-0.552084
0.264914
-0.764587
0.308208
0.148574
0.337077
0.509999
0.413466
0.440711
0.437875
0.75043
0.394396
0.884138
0.350183
0.485813
0.339445
-0.678792
0.301279
-1.1711
0.231203
-1.22901
0.15497
-1.18507
0.0847114
-1.22915
-0.0173492
-1.41009
-0.0478742
-1.85258
-0.0507289
-1.98542
-0.138243
-1.65488
-0.219623
-1.43239
-0.286077
-1.37328
-0.355573
-1.37595
-0.409171
-1.36292
-0.436775
-1.27559
-0.464242
-1.05584
-0.51028
-0.776447
-0.601018
-0.34749
-0.921157
0.547908
-1.55523
2.11283
-2.01453
2.0728
-2.09861
-0.167137
-1.94826
-2.56398
-1.60784
-3.12423
-1.42118
-1.75711
-1.46725
0.0272714
-1.57923
1.90508
-1.46359
2.95766
-1.17697
2.99391
-0.917269
2.59122
-0.73376
1.56081
-0.590791
0.209716
-0.518957
-0.886322
-0.509941
-1.47598
-0.501587
-1.92478
-0.491214
-2.32205
-0.510239
-2.29513
-0.581733
-1.42495
-0.576394
-0.610552
-0.352847
-0.797658
-0.030614
-0.928174
0.185591
-1.03499
0.272284
-1.04247
0.316649
-0.945936
-0.495638
0.0737288
-3.32887
0.14477
-3.00317
0.18141
-2.01026
0.24138
-1.45566
0.309232
-0.938614
0.313684
-0.102248
0.285122
0.909445
0.260857
1.8464
0.230647
2.774
0.0827185
4.05034
0.353171
5.8695
1.52276
3.50909
2.15562
0.063765
1.08523
3.26747
-0.223948
11.3181
0.377775
11.1108
1.00009
3.76943
1.76705
-0.357081
2.96421
-2.23362
3.91374
-2.64715
4.25145
-4.7315
4.7172
-5.02002
5.07592
-6.20093
5.3643
-5.91319
5.71232
-4.9612
6.1818
-4.27099
6.77724
-3.31496
6.96662
-4.7506
6.5643
-7.87252
5.93784
-6.85209
5.16901
0.0248248
4.16175
5.89303
3.35228
6.51157
2.71849
4.93786
3.13599
5.28622
3.80891
3.52652
4.45422
3.18169
4.50907
1.66171
3.809
0.851227
3.06092
0.245268
2.56943
2.3386
2.50594
2.27871
2.33034
1.22703
2.26718
2.65141
2.35666
2.65431
2.08425
2.23281
1.04898
2.52822
0.337908
1.11207
0.299289
-0.513466
0.173636
-0.638935
0.153644
0.168564
0.146278
0.51736
0.31976
0.267224
0.406636
0.663551
0.394163
0.89661
0.393051
0.486923
0.366198
-0.651939
0.358893
-1.1638
0.325554
-1.19567
0.253286
-1.11281
0.177634
-1.1535
0.0869418
-1.3194
0.0340548
-1.79969
-0.0196017
-1.93177
-0.0786178
-1.59586
-0.12837
-1.38264
-0.193266
-1.30838
-0.301261
-1.26796
-0.40342
-1.26076
-0.431202
-1.24781
-0.442972
-1.04407
-0.512598
-0.706821
-0.614454
-0.245635
-0.988225
0.92168
-1.64375
2.76835
-1.99498
2.42403
-2.00574
-0.156379
-1.88767
-2.68204
-1.61895
-3.39295
-1.46348
-1.91259
-1.49836
0.0621525
-1.51632
1.92304
-1.28531
2.72665
-0.963406
2.67201
-0.712917
2.34074
-0.545706
1.39361
-0.432734
0.0967494
-0.398788
-0.920265
-0.421857
-1.45291
-0.436728
-1.90991
-0.460372
-2.2984
-0.492334
-2.26317
-0.568485
-1.3488
-0.525653
-0.653393
-0.226415
-1.09691
0.0816284
-1.23623
0.27521
-1.22858
0.35025
-1.11753
0.342752
-0.938445
-0.540851
0.00831296
-3.33219
0.0242985
-3.01917
-0.00277134
-1.9832
0.0118386
-1.47029
0.0620072
-0.988793
0.0964939
-0.136744
0.115981
0.889951
0.14258
1.8198
0.121866
2.79472
0.0378202
4.13439
0.642424
5.2649
1.86966
2.28186
2.30516
-0.371727
1.52587
4.04676
0.484497
12.3595
1.19248
10.4028
1.92302
3.03889
2.52382
-0.957884
3.46209
-3.17189
4.43654
-3.6216
4.79053
-5.08549
5.10625
-5.33576
5.12639
-6.22107
5.30054
-6.08734
5.31657
-4.97723
5.44516
-4.39958
6.07316
-3.94296
6.35065
-5.02809
6.18273
-7.7046
6.05669
-6.72604
5.34621
0.735309
4.13218
7.10706
3.35542
7.28832
3.01835
5.27493
3.61724
4.68733
4.30164
2.84212
4.80899
2.67433
4.56979
1.9009
3.63316
1.78786
2.70453
1.17389
2.46241
2.58071
2.58101
2.16011
2.35192
1.45611
2.29262
2.71071
2.39369
2.55323
2.12896
2.49754
1.39067
3.26651
0.705555
1.79718
0.393947
-0.201859
0.177202
-0.422192
0.085667
0.260097
0.0544659
0.548557
0.225318
0.0963676
0.362816
0.526049
0.358251
0.901172
0.355156
0.490017
0.394182
-0.690967
0.408892
-1.17851
0.384989
-1.17177
0.333469
-1.06129
0.252478
-1.07251
0.171152
-1.23807
0.0850308
-1.71357
0.039066
-1.8858
0.00257366
-1.55937
-0.068915
-1.31115
-0.17009
-1.20721
-0.26703
-1.17102
-0.363665
-1.16412
-0.417398
-1.19408
-0.454106
-1.00737
-0.515633
-0.645294
-0.625911
-0.135358
-1.07552
1.37129
-1.65316
3.34599
-1.84615
2.61702
-1.85039
-0.152138
-1.82823
-2.7042
-1.6336
-3.58758
-1.48991
-2.05628
-1.49872
0.0709625
-1.43381
1.85813
-1.11818
2.41103
-0.771325
2.32516
-0.539181
2.1086
-0.378806
1.23324
-0.275559
-0.00649203
-0.269527
-0.926293
-0.310293
-1.41214
-0.356624
-1.86357
-0.41371
-2.24132
-0.481064
-2.19582
-0.546823
-1.28305
-0.465253
-0.734972
-0.152805
-1.40937
0.156629
-1.54568
0.324908
-1.39687
0.364134
-1.15676
0.341348
-0.915665
-0.592175
-0.0441908
-3.283
-0.0542724
-3.0091
-0.14228
-1.89521
-0.207239
-1.40534
-0.199401
-0.996642
-0.164932
-0.171225
-0.0549096
0.779922
0.0236948
1.74119
0.0398455
2.77857
0.0547081
4.11954
0.894331
4.42529
2.21131
0.964887
2.42672
-0.587128
1.00658
5.4669
0.35326
13.0128
1.92802
8.82808
2.67449
2.29242
3.16814
-1.45153
3.88988
-3.89364
4.52171
-4.25343
4.54829
-5.11207
4.86719
-5.65466
4.86589
-6.21977
4.61872
-5.84017
4.52513
-4.88366
4.68802
-4.56247
5.19339
-4.44833
5.61285
-5.44756
5.75495
-7.84671
5.85642
-6.82751
5.34152
1.25021
4.37752
8.07106
3.84089
7.82496
3.69221
5.42361
4.16845
4.21109
4.50393
2.50663
4.74899
2.42927
4.30158
2.34831
3.15216
2.93727
2.37833
1.94772
2.43795
2.52109
2.51899
2.07907
2.35117
1.62393
2.38872
2.67315
2.49725
2.4447
2.29778
2.697
1.91946
3.64484
1.26473
2.4519
0.674805
0.388064
0.35925
-0.10664
0.135861
0.483482
0.0809675
0.603447
0.22613
-0.0488002
0.340117
0.412058
0.348617
0.89267
0.41103
0.427602
0.447484
-0.727422
0.461134
-1.19216
0.444535
-1.15517
0.395409
-1.01216
0.322012
-0.999112
0.243327
-1.15939
0.162716
-1.63296
0.103498
-1.82658
0.0568439
-1.51272
-0.0408063
-1.2135
-0.138296
-1.10972
-0.237208
-1.07211
-0.333063
-1.06827
-0.413793
-1.11335
-0.46428
-0.956881
-0.518461
-0.591113
-0.663222
0.00940347
-1.12124
1.82931
-1.61128
3.83603
-1.70886
2.71461
-1.68791
-0.173091
-1.74672
-2.64538
-1.63925
-3.69505
-1.50094
-2.19459
-1.47795
0.0479755
-1.31119
1.69137
-0.972434
2.07228
-0.636294
1.98903
-0.385218
1.85754
-0.211735
1.05976
-0.114806
-0.103415
-0.12752
-0.913575
-0.183306
-1.35635
-0.26964
-1.77724
-0.375574
-2.13539
-0.447596
-2.1238
-0.506095
-1.22456
-0.394981
-0.846096
-0.0645273
-1.73983
0.212366
-1.82258
0.342272
-1.52679
0.351165
-1.16567
0.316392
-0.8809
-0.644432
-0.0809133
-3.1971
-0.163845
-2.92618
-0.252727
-1.80634
-0.324179
-1.3339
-0.324633
-0.996199
-0.277782
-0.218087
-0.162885
0.665019
-0.0205065
1.59881
-0.032145
2.79021
0.028154
4.05924
1.08166
3.37179
2.4123
-0.365752
2.21203
-0.386852
1.01812
6.66082
1.0853
12.9457
2.54289
7.37049
3.26774
1.56756
3.78427
-1.96805
4.13754
-4.2469
4.54595
-4.66185
4.5884
-5.15453
4.49844
-5.5647
4.30522
-6.02655
3.99349
-5.52845
3.63331
-4.52348
3.79694
-4.7261
4.38107
-5.03246
4.68097
-5.74746
4.99813
-8.16387
5.59764
-7.42702
5.47713
1.37072
5.05807
8.49012
4.70005
8.18297
4.1419
5.98176
4.06325
4.28974
4.54346
2.02642
4.70879
2.26393
3.69819
3.35891
2.67411
3.96134
2.03321
2.58862
2.07641
2.47788
2.2329
1.92257
2.13334
1.72348
2.14636
2.66012
2.28308
2.30797
2.33878
2.64131
2.27635
3.70726
1.89981
2.82844
1.26205
1.02583
0.80928
0.346128
0.561618
0.731142
0.364396
0.800664
0.280168
0.0354241
0.337971
0.354252
0.41052
0.820119
0.473415
0.364705
0.504039
-0.758049
0.520988
-1.20911
0.492434
-1.12662
0.449588
-0.969319
0.376433
-0.925958
0.309359
-1.09231
0.229028
-1.55263
0.163819
-1.76138
0.0924202
-1.44132
0.000658333
-1.12174
-0.0987452
-1.01031
-0.212968
-0.957887
-0.320955
-0.960282
-0.401388
-1.03292
-0.466015
-0.892253
-0.520731
-0.536396
-0.689117
0.17779
-1.16613
2.30632
-1.50798
4.17788
-1.45443
2.66106
-1.43743
-0.190082
-1.59484
-2.48797
-1.62522
-3.66467
-1.49303
-2.32678
-1.4296
-0.0154508
-1.23644
1.49823
-0.871999
1.70784
-0.524518
1.64155
-0.258992
1.59202
-0.0549408
0.855719
0.0305743
-0.188923
0.0133666
-0.896363
-0.0590958
-1.28389
-0.179297
-1.65704
-0.306194
-2.00849
-0.408531
-2.02147
-0.452597
-1.1805
-0.26932
-1.02938
0.0381018
-2.04727
0.246398
-2.03089
0.334322
-1.61472
0.325762
-1.15712
0.289274
-0.84442
-0.698598
-0.193115
-2.99899
-0.263929
-2.85539
-0.349551
-1.72073
-0.444775
-1.23869
-0.469532
-0.971455
-0.376265
-0.311365
-0.24064
0.529387
-0.118728
1.47689
-0.0979215
2.76941
0.0261859
3.93514
1.18954
2.20845
2.40136
-1.57757
1.70978
0.304733
1.17704
7.19357
1.95856
12.1641
3.05756
6.2715
3.63089
0.994238
4.05721
-2.39438
4.22593
-4.41563
4.35988
-4.7958
4.30981
-5.10446
4.03407
-5.28897
3.51236
-5.50484
3.07854
-5.09463
2.75251
-4.19746
2.776
-4.74959
3.35187
-5.60834
3.66945
-6.06504
3.87848
-8.3729
4.74436
-8.29291
5.22885
0.886234
5.2401
8.47887
5.14627
8.2768
4.88494
6.24309
4.40925
4.76542
4.19169
2.24397
4.17237
2.28324
2.97548
4.55579
1.89994
5.03687
1.55103
2.93752
1.92715
2.10176
2.05388
1.79582
2.01717
1.76019
2.1744
2.50289
2.2737
2.20866
2.41624
2.49877
2.47612
3.64737
2.1483
3.15626
1.44604
1.72808
0.9654
0.826765
0.895222
0.801317
0.709286
0.986597
0.458096
0.28661
0.39557
0.416774
0.465933
0.749753
0.544782
0.285854
0.562826
-0.776094
0.569563
-1.21585
0.542817
-1.09987
0.495072
-0.921575
0.432253
-0.86314
0.365734
-1.02579
0.294466
-1.48136
0.203288
-1.6702
0.118012
-1.35604
0.031335
-1.03506
-0.0828175
-0.896162
-0.198916
-0.841788
-0.304952
-0.854246
-0.411366
-0.926504
-0.470385
-0.833233
-0.517184
-0.489597
-0.714166
0.374772
-1.13494
2.7271
-1.34363
4.38657
-1.15278
2.47022
-1.12096
-0.221899
-1.37534
-2.23359
-1.52123
-3.51878
-1.47317
-2.37484
-1.38441
-0.104213
-1.10767
1.22149
-0.778427
1.3786
-0.452153
1.31528
-0.138565
1.27844
0.0889491
0.628212
0.170281
-0.270248
0.15403
-0.880107
0.0737967
-1.20365
-0.0649479
-1.51829
-0.208267
-1.86517
-0.325816
-1.90393
-0.352324
-1.154
-0.129996
-1.25172
0.133056
-2.31033
0.268774
-2.16662
0.311081
-1.65704
0.286873
-1.13292
0.252395
-0.809949
-0.756171
-0.244539
-2.74946
-0.336733
-2.76322
-0.422332
-1.63515
-0.498026
-1.16301
-0.498132
-0.971361
-0.383284
-0.426225
-0.260842
0.406939
-0.215961
1.43201
-0.199299
2.75275
0.0289356
3.70692
1.20506
1.03233
2.21012
-2.58262
1.38062
1.13424
1.45799
7.1162
2.59096
11.0312
3.38668
5.47578
3.80301
0.577909
4.03783
-2.6292
4.01576
-4.39356
3.90457
-4.6846
3.81209
-5.01199
3.56299
-5.03987
2.87464
-4.8165
2.22376
-4.44376
1.74092
-3.71463
1.75193
-4.7606
2.24781
-6.10423
2.44743
-6.26466
2.57707
-8.50254
3.72521
-9.44104
4.96557
-0.354131
5.37232
8.07213
5.27867
8.37044
5.11566
6.4061
4.35748
5.5236
3.62467
2.97677
3.25638
2.65152
2.63017
5.182
2.08595
5.58109
1.4092
3.61427
1.63176
1.87918
1.78206
1.64552
1.83602
1.70621
1.96321
2.3757
2.1721
1.99976
2.41712
2.25375
2.54635
3.51813
2.27557
3.42704
1.63281
2.37084
1.05576
1.40381
0.984489
0.872585
0.879505
1.09158
0.553093
0.613018
0.459209
0.510654
0.555551
0.653408
0.627657
0.213745
0.633133
-0.781572
0.634362
-1.21709
0.586214
-1.05173
0.541565
-0.876928
0.483782
-0.805358
0.427067
-0.969081
0.353762
-1.40806
0.248064
-1.5645
0.143599
-1.25158
0.0447769
-0.936238
-0.0602022
-0.791182
-0.175349
-0.726641
-0.291934
-0.73766
-0.393305
-0.825132
-0.466209
-0.760329
-0.523752
-0.432054
-0.719796
0.570817
-1.07932
3.08662
-1.10806
4.41531
-0.795814
2.15798
-0.756562
-0.261148
-1.06119
-1.92896
-1.37085
-3.20912
-1.39791
-2.34778
-1.32218
-0.179942
-1.05717
0.956481
-0.698206
1.01965
-0.348207
0.96529
-0.012209
0.942445
0.211479
0.404532
0.303117
-0.361879
0.300275
-0.877259
0.220996
-1.12437
0.0781044
-1.3754
-0.0973572
-1.68971
-0.227212
-1.77408
-0.250094
-1.13113
-0.0074866
-1.49434
0.221281
-2.53911
0.288496
-2.23385
0.287709
-1.65627
0.24655
-1.09177
0.230884
-0.794291
-0.81852
-0.278719
-2.46576
-0.38248
-2.65948
-0.473357
-1.54429
-0.534491
-1.10189
-0.557138
-0.948728
-0.481735
-0.501642
-0.367445
0.292643
-0.348855
1.41342
-0.342932
2.74683
-0.0679843
3.43197
1.16463
-0.200276
1.93069
-3.34868
1.50834
1.55659
2.00886
6.61569
3.02391
10.0161
3.58084
4.91885
3.82475
0.334005
3.79525
-2.5997
3.57007
-4.16839
3.25865
-4.37318
2.90833
-4.66167
2.69421
-4.82575
1.89985
-4.02214
0.617686
-3.1616
0.233952
-3.3309
0.918656
-5.44531
1.23985
-6.42543
1.23086
-6.25566
1.04615
-8.31783
1.9314
-10.3263
3.78072
-2.20345
4.84669
7.00616
5.15571
8.06142
5.09273
6.46907
4.3373
6.27902
2.88896
4.4251
2.29812
3.24235
2.96923
4.51088
2.99758
5.55273
2.04719
4.56465
1.6363
2.29006
1.50979
1.77201
1.701
1.515
1.82987
2.24681
2.13475
1.69487
2.57644
1.81206
2.58608
3.50848
2.09696
3.91616
1.55932
2.90848
1.00176
1.96136
0.86907
1.00527
0.879423
1.08122
0.578073
0.914364
0.528229
0.560494
0.607434
0.574199
0.709633
0.111543
0.744005
-0.815948
0.70228
-1.17536
0.631245
-0.980693
0.587319
-0.833003
0.542632
-0.760672
0.491301
-0.917751
0.40319
-1.31995
0.27973
-1.44104
0.167941
-1.13979
0.0649583
-0.833255
-0.0389727
-0.687251
-0.157547
-0.608067
-0.276621
-0.618585
-0.381277
-0.720476
-0.446195
-0.69541
-0.519127
-0.359122
-0.71935
0.771041
-0.996549
3.36382
-0.807116
4.22588
-0.361168
1.71204
-0.288719
-0.333592
-0.607824
-1.60985
-1.07719
-2.73974
-1.26267
-2.1623
-1.19008
-0.252529
-0.946361
0.712768
-0.599208
0.672502
-0.226116
0.592203
0.0956271
0.620709
0.335539
0.164627
0.440774
-0.467106
0.456368
-0.892848
0.393899
-1.06189
0.24326
-1.22476
0.0565758
-1.50303
-0.0967843
-1.62073
-0.113562
-1.11436
0.129628
-1.73755
0.29671
-2.70621
0.309311
-2.24646
0.255948
-1.60292
0.199309
-1.03515
0.206281
-0.80127
-0.884214
-0.266217
-2.19455
-0.426694
-2.49903
-0.50004
-1.47096
-0.569065
-1.03288
-0.603106
-0.914702
-0.588384
-0.516377
-0.507633
0.211885
-0.379454
1.28524
-0.348493
2.71588
-0.192757
3.27624
0.983912
-1.37694
1.64964
-4.0144
1.74421
1.46203
2.49824
5.86167
3.28944
9.22493
3.74981
4.45847
3.89551
0.188312
3.53014
-2.23433
2.9485
-3.58675
2.50802
-3.9327
1.98837
-4.14203
1.53824
-4.37563
1.05113
-3.53504
0.475541
-2.58601
0.352612
-3.20798
0.554659
-5.64736
0.176856
-6.04763
0.115484
-6.19429
-0.31298
-7.88937
0.164601
-10.8039
2.49986
-4.53871
4.24303
5.26298
4.81293
7.49152
4.75453
6.52747
4.4398
6.59374
3.48055
5.38434
2.31291
4.40998
2.2219
4.60189
2.80469
4.96992
2.56324
4.8061
1.87813
2.97516
1.47057
2.17955
1.55749
1.42805
1.65112
2.15318
2.08982
1.25617
2.56675
1.33513
2.62432
3.4509
2.20501
4.33547
1.69445
3.41904
1.26854
2.38727
0.930748
1.34305
0.758882
1.25308
0.650663
1.02258
0.623361
0.587791
0.694329
0.503227
0.824321
-0.0184528
0.850627
-0.842259
0.770573
-1.09531
0.692873
-0.902995
0.650807
-0.790939
0.601772
-0.711638
0.555506
-0.871487
0.443298
-1.20774
0.307323
-1.30507
0.203367
-1.03583
0.0904626
-0.72035
-0.0219841
-0.574804
-0.143628
-0.486422
-0.252033
-0.51018
-0.345547
-0.626961
-0.425331
-0.615624
-0.514415
-0.270037
-0.674065
0.930692
-0.817468
3.50723
-0.437973
3.84639
0.0888734
1.1852
0.200962
-0.445675
-0.143026
-1.26586
-0.707706
-2.17506
-1.01018
-1.85982
-1.00182
-0.260884
-0.731676
0.442625
-0.394196
0.335027
-0.0578049
0.255817
0.244393
0.318518
0.480116
-0.0710884
0.613948
-0.60093
0.633674
-0.912568
0.585768
-1.01398
0.442015
-1.081
0.233838
-1.29486
0.0747
-1.46159
0.0865924
-1.12626
0.286957
-1.93792
0.363874
-2.78314
0.313979
-2.19658
0.236962
-1.52591
0.168229
-0.966426
0.165525
-0.798573
-0.948766
-0.252121
-1.93745
-0.424046
-2.32713
-0.513584
-1.38144
-0.573238
-0.973241
-0.620874
-0.867082
-0.620905
-0.516362
-0.614704
0.205678
-0.544591
1.21512
-0.484375
2.65567
-0.394129
3.186
0.773015
-2.54408
1.36766
-4.60904
1.82746
1.00223
2.76904
4.9201
3.38557
8.60841
3.73063
4.11342
3.7575
0.161442
3.49685
-1.97368
2.91965
-3.00954
2.25685
-3.26991
1.41256
-3.29774
0.564429
-3.5275
-0.406525
-2.56409
-0.8572
-2.13535
-0.189499
-3.87569
-0.130118
-5.70675
-0.799923
-5.37782
-0.868205
-6.12601
-1.1182
-7.63938
-1.67365
-10.2484
-0.130863
-6.0815
2.32401
2.80811
3.84717
5.96836
4.27447
6.10016
4.39267
6.47554
3.76297
6.01404
2.68667
5.48628
2.47218
4.81636
2.68558
4.75652
2.33999
5.15167
1.59462
3.72053
1.40111
2.37304
1.57355
1.25559
1.74584
1.98088
2.14289
0.859111
2.48356
0.994451
2.55116
3.38329
2.37391
4.51272
2.00778
3.78516
1.51772
2.87732
1.06179
1.79897
0.881237
1.43363
0.825977
1.07783
0.769233
0.64453
0.820695
0.45176
0.966819
-0.16458
0.968358
-0.843801
0.870856
-0.997815
0.78719
-0.819331
0.736402
-0.740153
0.715863
-0.6911
0.620681
-0.776306
0.489014
-1.07607
0.355098
-1.17115
0.243394
-0.924127
0.13391
-0.610867
0.00763208
-0.448525
-0.100416
-0.378374
-0.216156
-0.394438
-0.315386
-0.52773
-0.381513
-0.549495
-0.481188
-0.170361
-0.608335
1.05784
-0.580838
3.47973
-0.00835148
3.2739
0.56885
0.608
0.697515
-0.574333
0.353718
-0.922054
-0.250995
-1.57034
-0.616198
-1.49461
-0.624108
-0.252969
-0.400817
0.219339
-0.100708
0.0349235
0.193575
-0.0384605
0.462247
0.0498528
0.668249
-0.277083
0.804391
-0.737063
0.857671
-0.965841
0.807803
-0.964111
0.677009
-0.950206
0.458397
-1.07625
0.265337
-1.26854
0.303715
-1.16465
0.47145
-2.10567
0.438415
-2.75012
0.315943
-2.07412
0.197818
-1.4078
0.122474
-0.891094
0.12557
-0.801675
-0.986487
-0.231818
-1.70065
-0.417438
-2.14154
-0.4952
-1.3037
-0.575571
-0.892888
-0.618419
-0.82425
-0.636657
-0.498139
-0.639465
0.208479
-0.618473
1.19413
-0.677781
2.71498
-0.108841
2.61707
0.978637
-3.63154
1.11914
-4.74954
1.57915
0.542229
2.68707
3.81219
3.3766
7.91888
3.62422
3.8658
3.6453
0.140367
3.55033
-1.87871
3.12118
-2.58039
2.32483
-2.47356
1.09185
-2.06476
-0.895022
-1.54063
-2.11785
-1.34127
-1.50335
-2.74985
-0.800764
-4.57828
-1.1779
-5.32962
-1.70828
-4.84744
-1.62432
-6.20997
-2.03705
-7.22665
-4.18752
-8.09795
-2.50396
-7.76507
1.06398
-0.759834
2.62689
4.40544
3.73057
4.99647
3.98069
6.22541
3.60041
6.3943
2.83901
6.24768
2.45369
5.20167
2.5001
4.7101
2.3353
5.31646
1.73906
4.31675
1.46922
2.64287
1.31111
1.41368
1.57141
1.72056
2.13174
0.29878
2.57168
0.554501
2.76906
3.1859
2.67413
4.60765
2.24047
4.21882
1.65636
3.46143
1.25057
2.20476
1.07573
1.60846
1.03235
1.12121
1.00364
0.673235
1.04296
0.412434
1.16083
-0.282458
1.09158
-0.774552
1.01646
-0.922695
0.962786
-0.765659
0.865929
-0.643297
0.79288
-0.618051
0.7061
-0.689527
0.539114
-0.909087
0.40678
-1.03882
0.312284
-0.82963
0.191085
-0.489667
0.0868955
-0.344335
-0.0361314
-0.255346
-0.146137
-0.284432
-0.271983
-0.401883
-0.345484
-0.475992
-0.399489
-0.116355
-0.466286
1.12464
-0.274735
3.28818
0.420476
2.5787
1.00513
0.0233473
1.16083
-0.730022
0.869235
-0.630452
0.267487
-0.968585
-0.117907
-1.10921
-0.162246
-0.208625
0.0123068
0.0447914
0.274985
-0.227749
0.521732
-0.285202
0.737437
-0.165845
0.930264
-0.469902
1.07138
-0.878167
1.10962
-1.00408
1.05761
-0.912094
0.918169
-0.810767
0.703547
-0.861626
0.504434
-1.06943
0.540812
-1.20104
0.636504
-2.20138
0.502917
-2.61654
0.316907
-1.88812
0.1696
-1.26051
0.0900813
-0.811587
0.0842284
-0.795829
-0.990608
-0.214349
-1.48131
-0.404154
-1.95176
-0.49665
-1.21123
-0.576496
-0.81306
-0.624199
-0.776565
-0.62573
-0.496623
-0.62892
0.211663
-0.630604
1.19581
-0.519674
2.60406
0.449981
1.64743
1.12302
-4.30457
0.848127
-4.47464
0.671509
0.718853
1.89296
2.59074
3.23515
6.5767
3.38847
3.71248
3.22927
0.299572
3.25841
-1.90785
2.93151
-2.25349
2.27531
-1.81737
1.24015
-1.02961
-0.0661737
-0.234305
-1.24526
-0.162198
-1.7227
-2.27242
-1.85684
-4.44414
-2.60176
-4.58469
-3.01032
-4.43889
-2.67616
-6.54413
-2.46433
-7.43848
-4.21065
-6.35163
-4.78823
-7.1875
-1.51408
-4.03399
0.879744
2.01161
1.90518
3.97103
3.01996
5.11063
2.97918
6.43507
2.36079
6.86606
2.05085
5.5116
2.0694
4.69154
1.95628
5.42957
1.55336
4.71966
1.36424
2.83198
1.28025
1.49766
1.73798
1.26282
2.26157
-0.224811
2.64225
0.173809
2.91059
2.91756
2.87198
4.64625
2.44288
4.64791
2.00858
3.89573
1.62026
2.59308
1.41793
1.81079
1.371
1.16814
1.36165
0.682575
1.45227
0.321818
1.44436
-0.274561
1.32123
-0.651421
1.18558
-0.787045
1.12067
-0.700755
1.103
-0.62563
1.00181
-0.516862
0.817548
-0.50526
0.646291
-0.737831
0.498135
-0.89066
0.366913
-0.698407
0.291428
-0.414182
0.193585
-0.246491
0.0912981
-0.153059
-0.0227385
-0.170394
-0.159281
-0.265338
-0.244733
-0.390539
-0.275369
-0.0857164
-0.246552
1.09583
0.156983
2.88465
0.980191
1.75549
1.49631
-0.492766
1.59976
-0.833464
1.36367
-0.394353
0.827413
-0.432323
0.416252
-0.698042
0.400528
-0.192895
0.585752
-0.140426
0.782457
-0.424446
0.921707
-0.424445
1.10781
-0.351936
1.26506
-0.627152
1.33918
-0.952276
1.37242
-1.03731
1.3255
-0.865166
1.17968
-0.664951
0.972416
-0.654361
0.789952
-0.88698
0.823799
-1.23489
0.805839
-2.18343
0.539914
-2.35063
0.311704
-1.65993
0.147875
-1.0967
0.0649199
-0.728644
0.0511947
-0.78211
-0.973817
-0.201287
-1.27504
-0.394758
-1.75832
-0.487198
-1.11881
-0.583321
-0.716956
-0.643853
-0.716051
-0.642588
-0.497903
-0.626031
0.195101
-0.597351
1.16713
-0.238768
2.24548
0.530476
0.878193
0.820794
-4.59488
1.01166
-4.6655
0.606789
1.12373
1.47028
1.72726
3.08484
4.96214
3.04356
3.75376
2.74657
0.596568
2.94244
-2.10373
2.77161
-2.08266
2.4296
-1.47535
2.03221
-0.632221
1.43218
0.365721
0.538534
0.731444
-0.678768
-1.05512
-1.61246
-3.51046
-2.36234
-3.83482
-2.93523
-3.866
-3.10062
-6.37875
-2.97732
-7.56178
-3.67747
-5.65148
-5.18522
-5.67975
-4.31783
-4.9014
-2.11671
-0.189516
-0.0680289
1.92235
1.65458
3.38801
2.01778
6.07186
1.66329
7.22054
1.49422
5.68066
1.57554
4.6102
1.51966
5.48545
1.30706
4.93224
1.20601
2.93301
1.19786
1.5058
1.52506
0.9356
1.99062
-0.690375
2.58331
-0.418891
3.06475
2.43612
3.0899
4.62109
2.79736
4.94045
2.50665
4.18644
2.18952
2.9102
2.03497
1.96533
1.92695
1.27615
1.82838
0.781146
1.78016
0.370031
1.71844
-0.212847
1.56683
-0.499806
1.41453
-0.634755
1.3095
-0.595721
1.22575
-0.541878
1.22056
-0.511671
1.05874
-0.343447
0.833127
-0.512215
0.704084
-0.761617
0.589773
-0.584095
0.457617
-0.282025
0.40921
-0.198083
0.34088
-0.0847281
0.242468
-0.0719807
0.201924
-0.224792
0.0944156
-0.283029
-0.0049148
0.0136162
0.134231
0.956683
0.802642
2.21624
1.69751
0.86063
2.04214
-0.837382
1.98953
-0.780848
1.74766
-0.152473
1.33242
-0.0170821
1.0036
-0.369209
1.03637
-0.225659
1.2244
-0.328451
1.35831
-0.558351
1.39576
-0.461888
1.51432
-0.470488
1.64861
-0.761434
1.65007
-0.953725
1.61622
-1.00346
1.57962
-0.828562
1.45231
-0.537636
1.25657
-0.458619
1.07113
-0.701553
1.06286
-1.22663
0.937297
-2.05789
0.57603
-1.98938
0.297369
-1.38129
0.132317
-0.931664
0.06537
-0.661709
0.0139722
-0.730719
-0.913575
-0.199031
-1.07103
-0.38635
-1.57103
-0.494263
-1.01092
-0.602007
-0.609232
-0.668658
-0.649419
-0.668598
-0.497979
-0.611138
0.137635
-0.419866
0.975861
0.210842
1.61478
0.841619
0.247425
0.61585
-4.3691
0.384406
-4.43405
0.910209
0.597932
1.73871
0.898771
2.95077
3.75009
2.76238
3.94215
2.21562
1.14333
2.32269
-2.2108
2.18586
-1.94583
1.85449
-1.14398
1.5113
-0.289042
1.50419
0.372832
1.5931
0.642534
1.00651
-0.468532
-0.109339
-2.39462
-1.00763
-2.93652
-1.77117
-3.10247
-2.94241
-5.20751
-3.4218
-7.08238
-3.51942
-5.55387
-4.58711
-4.61207
-5.17405
-4.31447
-3.40256
-1.96101
-1.6065
0.126279
-0.600866
2.38237
0.124008
5.34698
0.360088
6.98445
0.716786
5.32394
0.922579
4.4044
0.837301
5.57071
0.673834
5.0957
0.700898
2.90593
0.937386
1.26929
1.11643
0.756544
1.53873
-1.11269
2.19706
-1.07723
2.88422
1.74895
3.16015
4.34515
3.13216
4.96844
3.04205
4.27654
2.74451
3.20773
2.59479
2.11505
2.48471
1.38623
2.38592
0.879936
2.27637
0.479579
2.05158
0.0119351
1.8911
-0.339323
1.7252
-0.468859
1.62146
-0.491985
1.52563
-0.446052
1.43927
-0.425305
1.40106
-0.305235
1.26462
-0.375783
1.06605
-0.563045
0.9402
-0.458243
0.819447
-0.161271
0.724584
-0.103219
0.767441
-0.127584
0.782565
-0.0871035
0.7564
-0.198625
0.625027
-0.151654
0.5237
0.114946
0.746846
0.73354
1.61369
1.34941
2.47484
-0.000511938
2.53738
-0.899919
2.32421
-0.567667
2.09284
0.0789025
1.81095
0.26482
1.59799
-0.156245
1.70337
-0.331033
1.91752
-0.542594
1.96255
-0.603373
1.92227
-0.421599
1.97363
-0.521843
2.00362
-0.791406
1.95269
-0.902793
1.85544
-0.906191
1.77428
-0.747399
1.68357
-0.446925
1.52137
-0.296417
1.35382
-0.534012
1.26297
-1.1358
0.99359
-1.78852
0.584979
-1.58078
0.30942
-1.10575
0.155164
-0.777426
0.0690949
-0.575651
-0.046083
-0.615547
-0.805622
-0.199511
-0.866534
-0.402363
-1.36821
-0.521457
-0.891847
-0.632831
-0.49788
-0.733738
-0.548531
-0.746762
-0.484971
-0.635667
0.0265337
-0.270392
0.610588
0.479722
0.864676
0.913883
-0.18673
0.332689
-3.7879
-0.297569
-3.80378
0.459121
-0.158752
1.72622
-0.368321
2.85814
2.61817
2.44332
4.35698
1.70582
1.88084
1.59773
-2.10272
1.30482
-1.65292
0.860409
-0.699573
0.502593
0.068772
0.555337
0.320085
1.10663
0.0912427
1.39332
-0.755231
0.976334
-1.97763
0.478006
-2.4382
-0.056922
-2.56755
-1.79208
-3.47236
-3.31129
-5.56318
-3.61742
-5.24774
-4.70712
-3.52237
-4.88854
-4.13306
-3.29069
-3.55887
-2.28585
-0.878567
-2.01709
2.1136
-1.82781
5.15768
-1.0918
6.24843
-0.270272
4.50239
0.0416934
4.09242
-0.0420991
5.65449
-0.132519
5.1861
-0.135535
2.90892
-0.154757
1.28849
-0.0441911
0.645961
0.763305
-1.92019
1.57967
-1.8936
2.44237
0.886244
3.00034
3.78717
3.21699
4.75179
3.29444
4.19908
3.28719
3.21497
3.19061
2.21162
3.00254
1.57429
2.91806
0.964409
2.78537
0.61227
2.53508
0.262223
2.38242
-0.186666
2.20382
-0.29026
2.05896
-0.347129
1.91466
-0.30175
1.80468
-0.315329
1.85689
-0.357443
1.85733
-0.376225
1.74677
-0.452483
1.52213
-0.2336
1.3966
-0.0357411
1.34671
-0.0533302
1.37985
-0.16072
1.52742
-0.234673
1.55661
-0.227813
1.44848
-0.0435192
1.31111
0.252313
1.5728
0.471861
2.53075
0.391453
3.10301
-0.572758
2.90921
-0.706111
2.65066
-0.30911
2.4961
0.23347
2.30403
0.456893
2.16387
-0.0160706
2.30378
-0.470946
2.49973
-0.738528
2.52915
-0.63279
2.4489
-0.341335
2.39944
-0.472376
2.30182
-0.693774
2.17166
-0.772632
2.05932
-0.793837
1.93413
-0.622203
1.81861
-0.331397
1.69447
-0.17228
1.55606
-0.395615
1.36242
-0.942168
0.971765
-1.39788
0.572485
-1.18152
0.332964
-0.866247
0.159304
-0.603784
0.0288675
-0.445227
-0.0622301
-0.524456
-0.702706
-0.223239
-0.638311
-0.432709
-1.15877
-0.565922
-0.758658
-0.68878
-0.375043
-0.815226
-0.422104
-0.862996
-0.437217
-0.753434
-0.0830353
-0.335551
0.192706
0.37813
0.151003
0.621608
-0.430202
-0.278148
-2.88814
-1.12006
-2.96186
-0.583409
-0.695401
0.739054
-1.69078
1.99237
1.36486
1.90969
4.43966
1.52988
2.26066
1.04176
-1.61459
0.677014
-1.28817
0.698964
-0.721524
0.802435
-0.0347004
0.784179
0.338337
0.977028
-0.101609
1.10194
-0.880145
0.523676
-1.39937
-0.0134429
-1.90108
-0.592093
-1.9889
-1.723
-2.34145
-2.93693
-4.34925
-3.75182
-4.43285
-5.24874
-2.02545
-6.33645
-3.04536
-5.85183
-4.0435
-5.12285
-1.60756
-4.78563
1.77636
-3.78872
4.16076
-2.34017
4.79985
-1.50372
3.66593
-0.864293
3.45297
-0.85288
5.64306
-1.09639
5.42958
-0.977431
2.78994
-0.525174
0.836211
0.326661
-0.205894
1.14022
-2.73376
1.29271
-2.0461
1.81148
0.367463
2.43831
3.16033
2.91665
4.27345
3.30742
3.8083
3.50559
3.01679
3.52011
2.19709
3.54544
1.54896
3.4957
1.01415
3.40083
0.707136
3.30255
0.360505
3.18173
-0.0658467
3.05377
-0.1623
2.78332
-0.0766851
2.68152
-0.199943
2.57689
-0.210702
2.52571
-0.306267
2.60651
-0.457027
2.49472
-0.340693
2.27655
-0.0154277
2.2204
0.0204126
2.2677
-0.100624
2.27613
-0.169157
2.37622
-0.334762
2.4002
-0.251783
2.2838
0.0728759
2.33971
0.196413
2.68177
0.129805
3.27991
-0.206688
3.41833
-0.711171
3.13309
-0.420856
2.93748
-0.113501
2.83886
0.332107
2.80009
0.495668
2.76122
0.0228019
2.80125
-0.510969
2.86926
-0.806523
2.85902
-0.622547
2.75243
-0.234739
2.60697
-0.326904
2.45026
-0.537054
2.26203
-0.584384
2.11426
-0.646063
1.99151
-0.49944
1.86567
-0.20556
1.75091
-0.0575206
1.62985
-0.274562
1.37738
-0.689708
0.970804
-0.991326
0.619236
-0.829974
0.358578
-0.60561
0.182688
-0.427912
0.0613404
-0.323891
-0.0768001
-0.386322
-0.556621
-0.228976
-0.404351
-0.478633
-0.90914
-0.639878
-0.597437
-0.768376
-0.246567
-0.888887
-0.301613
-0.961571
-0.364549
-0.920133
-0.12448
-0.675219
-0.0522081
-0.12362
-0.400589
0.246551
-0.800367
-1.02951
-1.61207
-2.33229
-1.65908
-1.89369
-1.134
-0.884451
-2.70001
0.407164
0.0732503
1.09193
3.75489
1.28834
2.06426
0.768605
-1.09486
0.80211
-1.32168
0.818022
-0.737437
0.40518
0.37814
0.378267
0.365247
0.436886
-0.16023
0.272755
-0.716016
-0.235507
-0.891111
-0.773597
-1.36299
-1.474
-1.28849
-2.16822
-1.64724
-3.31646
-3.201
-4.98368
-2.76564
-6.47917
-0.529971
-7.71075
-1.81378
-8.18574
-3.56852
-7.92613
-1.86718
-7.87167
1.72188
-7.37544
3.6645
-5.4438
2.86819
-3.38945
1.61157
-2.5049
2.5684
-1.6146
4.75275
-0.722075
4.53704
-0.50602
2.57386
-0.340215
0.670385
0.383685
-0.929812
0.57055
-2.92064
0.111817
-1.58738
0.285237
0.194033
1.26999
2.17556
2.22426
3.31917
3.00133
3.03122
3.42763
2.59048
3.67616
1.94856
3.87245
1.35266
3.96827
0.918323
4.00486
0.670541
3.99415
0.371218
3.90006
0.0282389
3.80245
-0.0646895
3.73231
-0.00654821
3.51494
0.017429
3.45423
-0.149993
3.37859
-0.23063
3.26817
-0.346607
3.18796
-0.260486
3.01347
0.159062
2.99318
0.0407034
3.01511
-0.122551
3.05206
-0.206099
3.05426
-0.33696
3.04274
-0.240262
3.12684
-0.0112238
3.15338
0.169873
3.33769
-0.0545021
3.53313
-0.402117
3.36386
-0.541894
3.16847
-0.225462
3.0527
0.00227927
3.02438
0.360426
3.11393
0.406133
3.15697
-0.0202393
3.09521
-0.449201
2.9643
-0.675597
2.82847
-0.486707
2.71452
-0.120779
2.54933
-0.161704
2.36632
-0.354034
2.18882
-0.406876
2.00917
-0.466401
1.86101
-0.351267
1.76937
-0.113922
1.68744
0.0244057
1.57502
-0.162151
1.31393
-0.428623
0.925711
-0.603127
0.604846
-0.509128
0.383088
-0.383872
0.204509
-0.24935
0.0468181
-0.166213
-0.0667395
-0.272771
-0.426647
-0.233025
-0.166341
-0.527264
-0.614931
-0.733632
-0.391092
-0.854475
-0.125747
-0.957114
-0.198992
-1.04722
-0.274457
-1.07685
-0.0948548
-0.970544
-0.158512
-0.732897
-0.638229
-0.598352
-0.934906
-1.89026
-0.32015
-3.21994
-0.329389
-3.57848
-0.77545
-4.0722
-2.20629
-2.38572
-1.61322
-0.253602
1.62278
0.261761
1.5489
-0.128264
-0.704832
-0.506817
-0.943126
-0.700934
-0.543321
-0.538177
0.215382
-0.687531
0.514599
-1.10682
0.259059
-1.38761
-0.435231
-1.58753
-0.69119
-1.82655
-1.12397
-2.29688
-0.818168
-3.19562
-0.748498
-4.71083
-1.68579
-6.14532
-1.33114
-7.16958
0.494278
-9.39852
0.415155
-11.1576
-1.80948
-11.2688
-1.756
-10.5295
0.982611
-8.74058
1.87552
-6.91164
1.03922
-5.58858
0.288479
-3.75326
0.733055
-1.53365
2.53312
-0.053601
3.05698
0.617627
1.90262
0.898094
0.389905
0.705712
-0.73744
-0.526804
-1.68813
-1.74379
-0.370398
-1.68198
0.1322
-0.553482
1.04705
0.601968
2.1637
1.80772
1.82546
2.74982
1.64838
3.20968
1.48869
3.55814
1.00419
3.83534
0.641122
4.03324
0.472636
4.10453
0.299918
4.07818
0.0545894
4.02095
-0.00746207
3.99019
0.0242133
3.96433
0.0432856
3.78152
0.0328156
3.67379
-0.122894
3.50664
-0.179454
3.34527
-0.09912
3.41563
0.0886991
3.40122
0.0551162
3.36079
-0.082118
3.3291
-0.174412
3.24494
-0.252792
3.17883
-0.174153
3.16782
-0.000213586
3.28318
0.0545156
3.29452
-0.0658354
3.18136
-0.288953
2.97553
-0.336058
2.86265
-0.112572
2.82666
0.0382837
2.92707
0.260017
3.0812
0.252016
3.08893
-0.027965
2.91894
-0.279201
2.64798
-0.404626
2.4434
-0.282122
2.36337
-0.0407402
2.25205
-0.0503716
2.08397
-0.185945
1.90963
-0.232523
1.70705
-0.263804
1.55196
-0.196171
1.49258
-0.0545376
1.4576
0.0593766
1.36375
-0.068306
1.1441
-0.208982
0.825641
-0.284689
0.583149
-0.266655
0.387817
-0.18856
0.248305
-0.109856
0.141194
-0.0591139
-0.0159394
-0.115645
-0.254259
-0.14744
-0.0139159
-0.500864
-0.261535
-0.736604
-0.155375
-0.787584
-0.0747872
-0.896767
-0.0898241
-1.0759
-0.0953344
-1.15866
-0.0121008
-1.25047
-0.0666992
-1.47934
-0.409352
-1.69386
-0.720382
-1.99218
-0.0218245
-2.31698
-0.00457453
-2.73803
-0.354403
-4.09853
-0.845783
-4.67369
-1.03805
-3.19732
0.146417
-2.0302
0.381786
-2.19445
-0.540582
-2.82297
-0.314607
-3.14741
-0.218876
-2.74551
-0.186519
-2.39035
0.159432
-2.41732
0.286029
-2.80821
-0.0443417
-3.16941
-0.329997
-3.82989
-0.463497
-4.63815
-0.00990742
-5.39335
0.00670081
-6.58358
-0.495565
-7.56438
-0.350345
-7.32662
0.25651
-7.25718
0.345708
-8.86828
-0.198393
-10.7242
0.0999032
-10.4004
0.658804
-8.98734
0.462415
-8.0673
0.119155
-7.38025
-0.398594
-6.32601
-0.321201
-4.49454
0.701633
-2.52018
1.08259
-1.23606
0.61849
-0.988739
0.142577
-1.45386
-0.272333
-2.63496
-0.507045
-3.30179
0.296417
-3.21838
0.0487632
-2.32816
0.15681
-0.953195
0.788712
-0.10095
0.973196
0.736859
0.810556
1.65455
0.570987
2.29401
0.364727
2.72842
0.206704
3.01981
0.181237
3.16394
0.155786
3.18412
0.0344084
3.17962
-0.00297208
3.16926
0.0345742
3.18319
0.0293572
3.16938
0.0466198
3.08947
-0.0429792
2.97533
-0.0653148
2.84403
0.0321852
2.90027
0.0324564
2.96441
-0.00902615
2.88784
-0.00554151
2.78444
-0.0710123
2.67387
-0.142222
2.555
-0.0552777
2.52829
0.0264993
2.5673
0.0155122
2.51728
-0.0158146
2.28448
-0.0561384
2.07822
-0.129798
2.04826
-0.082604
2.0961
-0.0095422
2.25967
0.0964473
2.387
0.124697
2.35655
0.00249044
2.18822
-0.110861
1.92081
-0.137206
1.69784
-0.0591445
1.65811
-0.00100397
1.63262
-0.0248678
1.50994
-0.0632585
1.35929
-0.081858
1.19046
-0.0949688
1.04782
-0.0535155
1.00031
-0.00702933
1.03413
0.0255571
0.977398
-0.0115846
0.817299
-0.048896
0.616761
-0.0841683
0.439705
-0.0896185
0.306213
-0.0550871
0.219849
-0.0235105
0.147889
0.0128323
0.0187855
0.0134504
-0.0858889
-0.00893149
-0.270479
-0.425864
-0.500659
-0.590488
-0.685824
-0.697924
-0.76462
-1.17397
-1.89435
-1.91617
-1.92074
-2.27514
-3.12092
-4.15896
-4.01254
-3.63076
-4.17134
-4.48595
-4.70482
-4.89134
-4.73191
-4.44589
-4.49023
-4.82023
-5.28373
-5.29363
-5.28693
-5.7825
-6.13285
-5.87634
-5.53064
-5.72904
-5.62915
-4.97036
-4.50795
-4.38881
-4.78742
-5.10863
-4.407
-3.32442
-2.70593
-2.56336
-2.8357
-3.34276
-3.04635
-2.99761
-2.84081
-2.05211
-1.07892
-0.268372
0.30261
0.667333
0.874034
1.05527
1.21105
1.24546
1.24249
1.27706
1.30642
1.35304
1.31006
1.24475
1.27693
1.30939
1.30036
1.29482
1.22381
1.08159
1.02632
1.05282
1.06833
1.05252
0.996387
0.866593
0.783993
0.774456
0.870907
0.995608
0.998102
0.887244
0.750042
0.690902
0.689903
0.665041
0.601789
0.519937
0.424971
0.371457
0.364427
0.38998
0.378389
0.329485
0.245306
0.155677
0.10058
0.0770618
0.0898895
0.103339
)
;

boundaryField
{
    inlet
    {
        type            calculated;
        value           nonuniform List<scalar> 
40
(
-0.005
-0.005
-0.005
-0.005
-0.005
-0.005
-0.005
-0.005
-0.005
-0.005
-0.005
-0.005
-0.005
-0.005
-0.005
-0.005
-0.005
-0.005
-0.005
-0.005
-0.005
-0.005
-0.005
-0.005
-0.005
-0.005
-0.005
-0.005
-0.005
-0.005
-0.005
-0.005
-0.005
-0.005
-0.005
-0.005
-0.005
-0.005
-0.005
-0.005
)
;
    }
    outlet
    {
        type            calculated;
        value           nonuniform List<scalar> 
40
(
0.097694
0.176825
0.153844
0.160002
0.0354482
-0.0249125
-0.146149
-0.182589
-0.245167
-0.270965
-0.300311
-0.319015
-0.345929
-0.352209
-0.337568
-0.288038
-0.167843
-0.059821
0.129392
0.313079
0.389928
0.387961
0.392668
0.368645
0.343436
0.309964
0.29323
0.271971
0.230074
0.163287
0.0883472
0.034401
-0.0462723
-0.15404
-0.165149
-0.222888
-0.196716
-0.188331
-0.149588
0.0174496
)
;
    }
    lowerWall
    {
        type            calculated;
        value           uniform 0;
    }
    upperWall
    {
        type            calculated;
        value           uniform 0;
    }
    frontAndBack
    {
        type            empty;
    }
}


// ************************************************************************* //
