/*--------------------------------*- C++ -*----------------------------------*\
| =========                 |                                                 |
| \\      /  F ield         | foam-extend: Open Source CFD                    |
|  \\    /   O peration     | Version:     5.0                                |
|   \\  /    A nd           | Web:         http://www.foam-extend.org         |
|    \\/     M anipulation  |                                                 |
\*---------------------------------------------------------------------------*/
FoamFile
{
    version     2.0;
    format      ascii;
    class       volScalarField;
    location    "1";
    object      pd;
}
// * * * * * * * * * * * * * * * * * * * * * * * * * * * * * * * * * * * * * //

dimensions      [1 -1 -2 0 0 0 0];

internalField   nonuniform List<scalar> 
4000
(
8374.05
8227.39
8178.85
8073.42
8003.51
7911.04
7832.83
7745.56
7664.05
7578.87
7496.03
7411.7
7328.32
7244.33
7160.73
7076.89
6993.2
6909.41
6825.68
6741.92
6658.17
6574.42
6490.67
6406.92
6323.17
6239.42
6155.67
6071.92
5988.17
5904.42
5820.66
5736.91
5653.16
5569.41
5485.66
5401.91
5318.16
5234.41
5150.66
5066.91
4983.16
4899.41
4815.66
4731.91
4648.16
4564.41
4480.66
4396.91
4313.15
4229.4
4145.65
4061.9
3978.15
3894.4
3810.65
3726.9
3643.15
3559.4
3475.65
3391.9
3308.15
3224.4
3140.65
3056.9
2973.15
2889.39
2805.64
2721.89
2638.14
2554.39
2470.64
2386.89
2303.14
2219.39
2135.64
2051.89
1968.14
1884.39
1800.64
1716.89
1633.14
1549.39
1465.64
1381.88
1298.13
1214.38
1130.63
1046.88
963.132
879.381
795.63
711.88
628.129
544.379
460.628
376.878
293.127
209.376
125.626
41.8753
8370.18
8227.45
8178.98
8073.36
8003.55
7911.02
7832.85
7745.55
7664.05
7578.87
7496.03
7411.7
7328.32
7244.33
7160.73
7076.89
6993.2
6909.41
6825.68
6741.92
6658.17
6574.42
6490.67
6406.92
6323.17
6239.42
6155.67
6071.92
5988.17
5904.42
5820.66
5736.91
5653.16
5569.41
5485.66
5401.91
5318.16
5234.41
5150.66
5066.91
4983.16
4899.41
4815.66
4731.91
4648.16
4564.41
4480.66
4396.91
4313.15
4229.4
4145.65
4061.9
3978.15
3894.4
3810.65
3726.9
3643.15
3559.4
3475.65
3391.9
3308.15
3224.4
3140.65
3056.9
2973.15
2889.39
2805.64
2721.89
2638.14
2554.39
2470.64
2386.89
2303.14
2219.39
2135.64
2051.89
1968.14
1884.39
1800.64
1716.89
1633.14
1549.39
1465.64
1381.88
1298.13
1214.38
1130.63
1046.88
963.132
879.381
795.63
711.88
628.129
544.379
460.628
376.878
293.127
209.376
125.626
41.8753
8369.82
8227.61
8178.99
8073.36
8003.56
7911.01
7832.85
7745.55
7664.05
7578.87
7496.03
7411.7
7328.32
7244.33
7160.73
7076.89
6993.2
6909.41
6825.68
6741.92
6658.17
6574.42
6490.67
6406.92
6323.17
6239.42
6155.67
6071.92
5988.17
5904.42
5820.66
5736.91
5653.16
5569.41
5485.66
5401.91
5318.16
5234.41
5150.66
5066.91
4983.16
4899.41
4815.66
4731.91
4648.16
4564.41
4480.66
4396.91
4313.15
4229.4
4145.65
4061.9
3978.15
3894.4
3810.65
3726.9
3643.15
3559.4
3475.65
3391.9
3308.15
3224.4
3140.65
3056.9
2973.15
2889.39
2805.64
2721.89
2638.14
2554.39
2470.64
2386.89
2303.14
2219.39
2135.64
2051.89
1968.14
1884.39
1800.64
1716.89
1633.14
1549.39
1465.64
1381.88
1298.13
1214.38
1130.63
1046.88
963.132
879.381
795.63
711.88
628.129
544.379
460.628
376.878
293.127
209.376
125.626
41.8753
8368.72
8227.75
8179.02
8073.35
8003.57
7911
7832.86
7745.55
7664.06
7578.87
7496.03
7411.7
7328.32
7244.33
7160.73
7076.89
6993.2
6909.41
6825.68
6741.92
6658.17
6574.42
6490.67
6406.92
6323.17
6239.42
6155.67
6071.92
5988.17
5904.42
5820.66
5736.91
5653.16
5569.41
5485.66
5401.91
5318.16
5234.41
5150.66
5066.91
4983.16
4899.41
4815.66
4731.91
4648.16
4564.41
4480.66
4396.91
4313.15
4229.4
4145.65
4061.9
3978.15
3894.4
3810.65
3726.9
3643.15
3559.4
3475.65
3391.9
3308.15
3224.4
3140.65
3056.9
2973.15
2889.39
2805.64
2721.89
2638.14
2554.39
2470.64
2386.89
2303.14
2219.39
2135.64
2051.89
1968.14
1884.39
1800.64
1716.89
1633.14
1549.39
1465.64
1381.88
1298.13
1214.38
1130.63
1046.88
963.132
879.381
795.63
711.88
628.129
544.379
460.628
376.878
293.127
209.376
125.626
41.8753
8368.2
8227.9
8179.04
8073.35
8003.58
7911
7832.86
7745.54
7664.06
7578.87
7496.03
7411.7
7328.32
7244.33
7160.73
7076.89
6993.2
6909.41
6825.68
6741.92
6658.17
6574.42
6490.67
6406.92
6323.17
6239.42
6155.67
6071.92
5988.17
5904.42
5820.66
5736.91
5653.16
5569.41
5485.66
5401.91
5318.16
5234.41
5150.66
5066.91
4983.16
4899.41
4815.66
4731.91
4648.16
4564.41
4480.66
4396.91
4313.15
4229.4
4145.65
4061.9
3978.15
3894.4
3810.65
3726.9
3643.15
3559.4
3475.65
3391.9
3308.15
3224.4
3140.65
3056.9
2973.15
2889.39
2805.64
2721.89
2638.14
2554.39
2470.64
2386.89
2303.14
2219.39
2135.64
2051.89
1968.14
1884.39
1800.64
1716.89
1633.14
1549.39
1465.64
1381.88
1298.13
1214.38
1130.63
1046.88
963.132
879.381
795.63
711.88
628.129
544.379
460.628
376.878
293.127
209.376
125.626
41.8753
8367.62
8228.03
8179.06
8073.35
8003.59
7910.99
7832.86
7745.54
7664.06
7578.87
7496.03
7411.7
7328.32
7244.33
7160.73
7076.89
6993.2
6909.41
6825.68
6741.92
6658.17
6574.42
6490.67
6406.92
6323.17
6239.42
6155.67
6071.92
5988.17
5904.42
5820.66
5736.91
5653.16
5569.41
5485.66
5401.91
5318.16
5234.41
5150.66
5066.91
4983.16
4899.41
4815.66
4731.91
4648.16
4564.41
4480.66
4396.91
4313.15
4229.4
4145.65
4061.9
3978.15
3894.4
3810.65
3726.9
3643.15
3559.4
3475.65
3391.9
3308.15
3224.4
3140.65
3056.9
2973.15
2889.39
2805.64
2721.89
2638.14
2554.39
2470.64
2386.89
2303.14
2219.39
2135.64
2051.89
1968.14
1884.39
1800.64
1716.89
1633.14
1549.39
1465.64
1381.88
1298.13
1214.38
1130.63
1046.88
963.132
879.381
795.63
711.88
628.129
544.379
460.628
376.878
293.127
209.376
125.626
41.8753
8367.15
8228.15
8179.08
8073.36
8003.59
7910.99
7832.87
7745.54
7664.06
7578.87
7496.03
7411.7
7328.32
7244.33
7160.73
7076.89
6993.2
6909.41
6825.68
6741.92
6658.17
6574.42
6490.67
6406.92
6323.17
6239.42
6155.67
6071.92
5988.17
5904.42
5820.66
5736.91
5653.16
5569.41
5485.66
5401.91
5318.16
5234.41
5150.66
5066.91
4983.16
4899.41
4815.66
4731.91
4648.16
4564.41
4480.66
4396.91
4313.15
4229.4
4145.65
4061.9
3978.15
3894.4
3810.65
3726.9
3643.15
3559.4
3475.65
3391.9
3308.15
3224.4
3140.65
3056.9
2973.15
2889.39
2805.64
2721.89
2638.14
2554.39
2470.64
2386.89
2303.14
2219.39
2135.64
2051.89
1968.14
1884.39
1800.64
1716.89
1633.14
1549.39
1465.64
1381.88
1298.13
1214.38
1130.63
1046.88
963.132
879.381
795.63
711.88
628.129
544.379
460.628
376.878
293.127
209.376
125.626
41.8753
8366.72
8228.25
8179.09
8073.36
8003.6
7910.98
7832.87
7745.54
7664.06
7578.86
7496.03
7411.7
7328.32
7244.33
7160.73
7076.89
6993.2
6909.41
6825.68
6741.92
6658.17
6574.42
6490.67
6406.92
6323.17
6239.42
6155.67
6071.92
5988.17
5904.42
5820.66
5736.91
5653.16
5569.41
5485.66
5401.91
5318.16
5234.41
5150.66
5066.91
4983.16
4899.41
4815.66
4731.91
4648.16
4564.41
4480.66
4396.91
4313.15
4229.4
4145.65
4061.9
3978.15
3894.4
3810.65
3726.9
3643.15
3559.4
3475.65
3391.9
3308.15
3224.4
3140.65
3056.9
2973.15
2889.39
2805.64
2721.89
2638.14
2554.39
2470.64
2386.89
2303.14
2219.39
2135.64
2051.89
1968.14
1884.39
1800.64
1716.89
1633.14
1549.39
1465.64
1381.88
1298.13
1214.38
1130.63
1046.88
963.132
879.381
795.63
711.88
628.129
544.379
460.628
376.878
293.127
209.376
125.626
41.8753
8366.34
8228.34
8179.11
8073.37
8003.6
7910.98
7832.87
7745.53
7664.06
7578.86
7496.03
7411.7
7328.32
7244.33
7160.73
7076.89
6993.2
6909.41
6825.68
6741.92
6658.17
6574.42
6490.67
6406.92
6323.17
6239.42
6155.67
6071.92
5988.17
5904.42
5820.66
5736.91
5653.16
5569.41
5485.66
5401.91
5318.16
5234.41
5150.66
5066.91
4983.16
4899.41
4815.66
4731.91
4648.16
4564.41
4480.66
4396.91
4313.15
4229.4
4145.65
4061.9
3978.15
3894.4
3810.65
3726.9
3643.15
3559.4
3475.65
3391.9
3308.15
3224.4
3140.65
3056.9
2973.15
2889.39
2805.64
2721.89
2638.14
2554.39
2470.64
2386.89
2303.14
2219.39
2135.64
2051.89
1968.14
1884.39
1800.64
1716.89
1633.14
1549.39
1465.64
1381.88
1298.13
1214.38
1130.63
1046.88
963.132
879.381
795.63
711.88
628.129
544.379
460.628
376.878
293.127
209.376
125.626
41.8753
8366.01
8228.41
8179.12
8073.38
8003.61
7910.98
7832.87
7745.53
7664.06
7578.86
7496.03
7411.7
7328.32
7244.33
7160.73
7076.89
6993.2
6909.41
6825.68
6741.92
6658.17
6574.42
6490.67
6406.92
6323.17
6239.42
6155.67
6071.92
5988.17
5904.42
5820.66
5736.91
5653.16
5569.41
5485.66
5401.91
5318.16
5234.41
5150.66
5066.91
4983.16
4899.41
4815.66
4731.91
4648.16
4564.41
4480.66
4396.91
4313.15
4229.4
4145.65
4061.9
3978.15
3894.4
3810.65
3726.9
3643.15
3559.4
3475.65
3391.9
3308.15
3224.4
3140.65
3056.9
2973.15
2889.39
2805.64
2721.89
2638.14
2554.39
2470.64
2386.89
2303.14
2219.39
2135.64
2051.89
1968.14
1884.39
1800.64
1716.89
1633.14
1549.39
1465.64
1381.88
1298.13
1214.38
1130.63
1046.88
963.132
879.381
795.63
711.88
628.129
544.379
460.628
376.878
293.127
209.376
125.626
41.8753
8365.71
8228.48
8179.13
8073.39
8003.61
7910.97
7832.88
7745.53
7664.07
7578.86
7496.04
7411.7
7328.32
7244.33
7160.73
7076.89
6993.2
6909.41
6825.68
6741.92
6658.17
6574.42
6490.67
6406.92
6323.17
6239.42
6155.67
6071.92
5988.17
5904.42
5820.66
5736.91
5653.16
5569.41
5485.66
5401.91
5318.16
5234.41
5150.66
5066.91
4983.16
4899.41
4815.66
4731.91
4648.16
4564.41
4480.66
4396.91
4313.15
4229.4
4145.65
4061.9
3978.15
3894.4
3810.65
3726.9
3643.15
3559.4
3475.65
3391.9
3308.15
3224.4
3140.65
3056.9
2973.15
2889.39
2805.64
2721.89
2638.14
2554.39
2470.64
2386.89
2303.14
2219.39
2135.64
2051.89
1968.14
1884.39
1800.64
1716.89
1633.14
1549.39
1465.64
1381.88
1298.13
1214.38
1130.63
1046.88
963.132
879.381
795.63
711.88
628.129
544.379
460.628
376.878
293.127
209.376
125.626
41.8753
8365.44
8228.53
8179.14
8073.4
8003.62
7910.97
7832.88
7745.53
7664.07
7578.86
7496.04
7411.7
7328.32
7244.33
7160.73
7076.89
6993.2
6909.41
6825.68
6741.92
6658.17
6574.42
6490.67
6406.92
6323.17
6239.42
6155.67
6071.92
5988.17
5904.42
5820.66
5736.91
5653.16
5569.41
5485.66
5401.91
5318.16
5234.41
5150.66
5066.91
4983.16
4899.41
4815.66
4731.91
4648.16
4564.41
4480.66
4396.91
4313.15
4229.4
4145.65
4061.9
3978.15
3894.4
3810.65
3726.9
3643.15
3559.4
3475.65
3391.9
3308.15
3224.4
3140.65
3056.9
2973.15
2889.39
2805.64
2721.89
2638.14
2554.39
2470.64
2386.89
2303.14
2219.39
2135.64
2051.89
1968.14
1884.39
1800.64
1716.89
1633.14
1549.39
1465.64
1381.88
1298.13
1214.38
1130.63
1046.88
963.132
879.381
795.63
711.88
628.129
544.379
460.628
376.878
293.127
209.376
125.626
41.8753
8365.21
8228.58
8179.15
8073.41
8003.62
7910.97
7832.88
7745.53
7664.07
7578.86
7496.04
7411.7
7328.32
7244.33
7160.73
7076.89
6993.2
6909.41
6825.68
6741.92
6658.17
6574.42
6490.67
6406.92
6323.17
6239.42
6155.67
6071.92
5988.17
5904.42
5820.66
5736.91
5653.16
5569.41
5485.66
5401.91
5318.16
5234.41
5150.66
5066.91
4983.16
4899.41
4815.66
4731.91
4648.16
4564.41
4480.66
4396.91
4313.15
4229.4
4145.65
4061.9
3978.15
3894.4
3810.65
3726.9
3643.15
3559.4
3475.65
3391.9
3308.15
3224.4
3140.65
3056.9
2973.15
2889.39
2805.64
2721.89
2638.14
2554.39
2470.64
2386.89
2303.14
2219.39
2135.64
2051.89
1968.14
1884.39
1800.64
1716.89
1633.14
1549.39
1465.64
1381.88
1298.13
1214.38
1130.63
1046.88
963.132
879.381
795.63
711.88
628.129
544.379
460.628
376.878
293.127
209.376
125.626
41.8753
8365.01
8228.62
8179.15
8073.42
8003.63
7910.97
7832.88
7745.53
7664.07
7578.86
7496.04
7411.7
7328.32
7244.33
7160.73
7076.89
6993.2
6909.41
6825.68
6741.92
6658.17
6574.42
6490.67
6406.92
6323.17
6239.42
6155.67
6071.92
5988.17
5904.42
5820.66
5736.91
5653.16
5569.41
5485.66
5401.91
5318.16
5234.41
5150.66
5066.91
4983.16
4899.41
4815.66
4731.91
4648.16
4564.41
4480.66
4396.91
4313.15
4229.4
4145.65
4061.9
3978.15
3894.4
3810.65
3726.9
3643.15
3559.4
3475.65
3391.9
3308.15
3224.4
3140.65
3056.9
2973.15
2889.39
2805.64
2721.89
2638.14
2554.39
2470.64
2386.89
2303.14
2219.39
2135.64
2051.89
1968.14
1884.39
1800.64
1716.89
1633.14
1549.39
1465.64
1381.88
1298.13
1214.38
1130.63
1046.88
963.132
879.381
795.63
711.88
628.129
544.379
460.628
376.878
293.127
209.376
125.626
41.8753
8364.84
8228.66
8179.16
8073.43
8003.63
7910.97
7832.88
7745.53
7664.07
7578.86
7496.04
7411.7
7328.32
7244.33
7160.73
7076.89
6993.2
6909.41
6825.68
6741.92
6658.17
6574.42
6490.67
6406.92
6323.17
6239.42
6155.67
6071.92
5988.17
5904.42
5820.66
5736.91
5653.16
5569.41
5485.66
5401.91
5318.16
5234.41
5150.66
5066.91
4983.16
4899.41
4815.66
4731.91
4648.16
4564.41
4480.66
4396.91
4313.15
4229.4
4145.65
4061.9
3978.15
3894.4
3810.65
3726.9
3643.15
3559.4
3475.65
3391.9
3308.15
3224.4
3140.65
3056.9
2973.15
2889.39
2805.64
2721.89
2638.14
2554.39
2470.64
2386.89
2303.14
2219.39
2135.64
2051.89
1968.14
1884.39
1800.64
1716.89
1633.14
1549.39
1465.64
1381.88
1298.13
1214.38
1130.63
1046.88
963.132
879.381
795.63
711.88
628.129
544.379
460.628
376.878
293.127
209.376
125.626
41.8753
8364.7
8228.69
8179.16
8073.44
8003.63
7910.96
7832.88
7745.53
7664.07
7578.86
7496.04
7411.7
7328.32
7244.33
7160.73
7076.89
6993.2
6909.41
6825.68
6741.92
6658.17
6574.42
6490.67
6406.92
6323.17
6239.42
6155.67
6071.92
5988.17
5904.42
5820.66
5736.91
5653.16
5569.41
5485.66
5401.91
5318.16
5234.41
5150.66
5066.91
4983.16
4899.41
4815.66
4731.91
4648.16
4564.41
4480.66
4396.91
4313.15
4229.4
4145.65
4061.9
3978.15
3894.4
3810.65
3726.9
3643.15
3559.4
3475.65
3391.9
3308.15
3224.4
3140.65
3056.9
2973.15
2889.39
2805.64
2721.89
2638.14
2554.39
2470.64
2386.89
2303.14
2219.39
2135.64
2051.89
1968.14
1884.39
1800.64
1716.89
1633.14
1549.39
1465.64
1381.88
1298.13
1214.38
1130.63
1046.88
963.132
879.381
795.63
711.88
628.129
544.379
460.628
376.878
293.127
209.376
125.626
41.8753
8364.59
8228.71
8179.17
8073.44
8003.63
7910.96
7832.88
7745.53
7664.07
7578.86
7496.04
7411.7
7328.32
7244.33
7160.73
7076.89
6993.2
6909.41
6825.68
6741.92
6658.17
6574.42
6490.67
6406.92
6323.17
6239.42
6155.67
6071.92
5988.17
5904.42
5820.66
5736.91
5653.16
5569.41
5485.66
5401.91
5318.16
5234.41
5150.66
5066.91
4983.16
4899.41
4815.66
4731.91
4648.16
4564.41
4480.66
4396.91
4313.15
4229.4
4145.65
4061.9
3978.15
3894.4
3810.65
3726.9
3643.15
3559.4
3475.65
3391.9
3308.15
3224.4
3140.65
3056.9
2973.15
2889.39
2805.64
2721.89
2638.14
2554.39
2470.64
2386.89
2303.14
2219.39
2135.64
2051.89
1968.14
1884.39
1800.64
1716.89
1633.14
1549.39
1465.64
1381.88
1298.13
1214.38
1130.63
1046.88
963.132
879.381
795.63
711.88
628.129
544.379
460.628
376.878
293.127
209.376
125.626
41.8753
8364.51
8228.72
8179.17
8073.45
8003.63
7910.96
7832.88
7745.53
7664.07
7578.86
7496.04
7411.7
7328.32
7244.33
7160.73
7076.89
6993.2
6909.41
6825.68
6741.92
6658.17
6574.42
6490.67
6406.92
6323.17
6239.42
6155.67
6071.92
5988.17
5904.42
5820.66
5736.91
5653.16
5569.41
5485.66
5401.91
5318.16
5234.41
5150.66
5066.91
4983.16
4899.41
4815.66
4731.91
4648.16
4564.41
4480.66
4396.91
4313.15
4229.4
4145.65
4061.9
3978.15
3894.4
3810.65
3726.9
3643.15
3559.4
3475.65
3391.9
3308.15
3224.4
3140.65
3056.9
2973.15
2889.39
2805.64
2721.89
2638.14
2554.39
2470.64
2386.89
2303.14
2219.39
2135.64
2051.89
1968.14
1884.39
1800.64
1716.89
1633.14
1549.39
1465.64
1381.88
1298.13
1214.38
1130.63
1046.88
963.132
879.381
795.63
711.88
628.129
544.379
460.628
376.878
293.127
209.376
125.626
41.8753
8364.46
8228.73
8179.17
8073.45
8003.63
7910.96
7832.88
7745.52
7664.07
7578.86
7496.04
7411.7
7328.32
7244.33
7160.73
7076.89
6993.2
6909.41
6825.68
6741.92
6658.17
6574.42
6490.67
6406.92
6323.17
6239.42
6155.67
6071.92
5988.17
5904.42
5820.66
5736.91
5653.16
5569.41
5485.66
5401.91
5318.16
5234.41
5150.66
5066.91
4983.16
4899.41
4815.66
4731.91
4648.16
4564.41
4480.66
4396.91
4313.15
4229.4
4145.65
4061.9
3978.15
3894.4
3810.65
3726.9
3643.15
3559.4
3475.65
3391.9
3308.15
3224.4
3140.65
3056.9
2973.15
2889.39
2805.64
2721.89
2638.14
2554.39
2470.64
2386.89
2303.14
2219.39
2135.64
2051.89
1968.14
1884.39
1800.64
1716.89
1633.14
1549.39
1465.64
1381.88
1298.13
1214.38
1130.63
1046.88
963.132
879.381
795.63
711.88
628.129
544.379
460.628
376.878
293.127
209.376
125.626
41.8753
8364.43
8228.74
8179.17
8073.45
8003.64
7910.96
7832.88
7745.52
7664.07
7578.86
7496.04
7411.7
7328.32
7244.33
7160.73
7076.89
6993.2
6909.41
6825.68
6741.92
6658.17
6574.42
6490.67
6406.92
6323.17
6239.42
6155.67
6071.92
5988.17
5904.42
5820.66
5736.91
5653.16
5569.41
5485.66
5401.91
5318.16
5234.41
5150.66
5066.91
4983.16
4899.41
4815.66
4731.91
4648.16
4564.41
4480.66
4396.91
4313.15
4229.4
4145.65
4061.9
3978.15
3894.4
3810.65
3726.9
3643.15
3559.4
3475.65
3391.9
3308.15
3224.4
3140.65
3056.9
2973.15
2889.39
2805.64
2721.89
2638.14
2554.39
2470.64
2386.89
2303.14
2219.39
2135.64
2051.89
1968.14
1884.39
1800.64
1716.89
1633.14
1549.39
1465.64
1381.88
1298.13
1214.38
1130.63
1046.88
963.132
879.381
795.63
711.88
628.129
544.379
460.628
376.878
293.127
209.376
125.626
41.8753
8364.43
8228.74
8179.17
8073.45
8003.64
7910.96
7832.88
7745.52
7664.07
7578.86
7496.04
7411.7
7328.32
7244.33
7160.73
7076.89
6993.2
6909.41
6825.68
6741.92
6658.17
6574.42
6490.67
6406.92
6323.17
6239.42
6155.67
6071.92
5988.17
5904.42
5820.66
5736.91
5653.16
5569.41
5485.66
5401.91
5318.16
5234.41
5150.66
5066.91
4983.16
4899.41
4815.66
4731.91
4648.16
4564.41
4480.66
4396.91
4313.15
4229.4
4145.65
4061.9
3978.15
3894.4
3810.65
3726.9
3643.15
3559.4
3475.65
3391.9
3308.15
3224.4
3140.65
3056.9
2973.15
2889.39
2805.64
2721.89
2638.14
2554.39
2470.64
2386.89
2303.14
2219.39
2135.64
2051.89
1968.14
1884.39
1800.64
1716.89
1633.14
1549.39
1465.64
1381.88
1298.13
1214.38
1130.63
1046.88
963.132
879.381
795.63
711.88
628.129
544.379
460.628
376.878
293.127
209.376
125.626
41.8753
8364.46
8228.73
8179.17
8073.45
8003.63
7910.96
7832.88
7745.52
7664.07
7578.86
7496.04
7411.7
7328.32
7244.33
7160.73
7076.89
6993.2
6909.41
6825.68
6741.92
6658.17
6574.42
6490.67
6406.92
6323.17
6239.42
6155.67
6071.92
5988.17
5904.42
5820.66
5736.91
5653.16
5569.41
5485.66
5401.91
5318.16
5234.41
5150.66
5066.91
4983.16
4899.41
4815.66
4731.91
4648.16
4564.41
4480.66
4396.91
4313.15
4229.4
4145.65
4061.9
3978.15
3894.4
3810.65
3726.9
3643.15
3559.4
3475.65
3391.9
3308.15
3224.4
3140.65
3056.9
2973.15
2889.39
2805.64
2721.89
2638.14
2554.39
2470.64
2386.89
2303.14
2219.39
2135.64
2051.89
1968.14
1884.39
1800.64
1716.89
1633.14
1549.39
1465.64
1381.88
1298.13
1214.38
1130.63
1046.88
963.132
879.381
795.63
711.88
628.129
544.379
460.628
376.878
293.127
209.376
125.626
41.8753
8364.51
8228.72
8179.17
8073.45
8003.63
7910.96
7832.88
7745.53
7664.07
7578.86
7496.04
7411.7
7328.32
7244.33
7160.73
7076.89
6993.2
6909.41
6825.68
6741.92
6658.17
6574.42
6490.67
6406.92
6323.17
6239.42
6155.67
6071.92
5988.17
5904.42
5820.66
5736.91
5653.16
5569.41
5485.66
5401.91
5318.16
5234.41
5150.66
5066.91
4983.16
4899.41
4815.66
4731.91
4648.16
4564.41
4480.66
4396.91
4313.15
4229.4
4145.65
4061.9
3978.15
3894.4
3810.65
3726.9
3643.15
3559.4
3475.65
3391.9
3308.15
3224.4
3140.65
3056.9
2973.15
2889.39
2805.64
2721.89
2638.14
2554.39
2470.64
2386.89
2303.14
2219.39
2135.64
2051.89
1968.14
1884.39
1800.64
1716.89
1633.14
1549.39
1465.64
1381.88
1298.13
1214.38
1130.63
1046.88
963.132
879.381
795.63
711.88
628.129
544.379
460.628
376.878
293.127
209.376
125.626
41.8753
8364.59
8228.71
8179.17
8073.44
8003.63
7910.96
7832.88
7745.53
7664.07
7578.86
7496.04
7411.7
7328.32
7244.33
7160.73
7076.89
6993.2
6909.41
6825.68
6741.92
6658.17
6574.42
6490.67
6406.92
6323.17
6239.42
6155.67
6071.92
5988.17
5904.42
5820.66
5736.91
5653.16
5569.41
5485.66
5401.91
5318.16
5234.41
5150.66
5066.91
4983.16
4899.41
4815.66
4731.91
4648.16
4564.41
4480.66
4396.91
4313.15
4229.4
4145.65
4061.9
3978.15
3894.4
3810.65
3726.9
3643.15
3559.4
3475.65
3391.9
3308.15
3224.4
3140.65
3056.9
2973.15
2889.39
2805.64
2721.89
2638.14
2554.39
2470.64
2386.89
2303.14
2219.39
2135.64
2051.89
1968.14
1884.39
1800.64
1716.89
1633.14
1549.39
1465.64
1381.88
1298.13
1214.38
1130.63
1046.88
963.132
879.381
795.63
711.88
628.129
544.379
460.628
376.878
293.127
209.376
125.626
41.8753
8364.7
8228.69
8179.16
8073.44
8003.63
7910.96
7832.88
7745.53
7664.07
7578.86
7496.04
7411.7
7328.32
7244.33
7160.73
7076.89
6993.2
6909.41
6825.68
6741.92
6658.17
6574.42
6490.67
6406.92
6323.17
6239.42
6155.67
6071.92
5988.17
5904.42
5820.66
5736.91
5653.16
5569.41
5485.66
5401.91
5318.16
5234.41
5150.66
5066.91
4983.16
4899.41
4815.66
4731.91
4648.16
4564.41
4480.66
4396.91
4313.15
4229.4
4145.65
4061.9
3978.15
3894.4
3810.65
3726.9
3643.15
3559.4
3475.65
3391.9
3308.15
3224.4
3140.65
3056.9
2973.15
2889.39
2805.64
2721.89
2638.14
2554.39
2470.64
2386.89
2303.14
2219.39
2135.64
2051.89
1968.14
1884.39
1800.64
1716.89
1633.14
1549.39
1465.64
1381.88
1298.13
1214.38
1130.63
1046.88
963.132
879.381
795.63
711.88
628.129
544.379
460.628
376.878
293.127
209.376
125.626
41.8753
8364.84
8228.66
8179.16
8073.43
8003.63
7910.97
7832.88
7745.53
7664.07
7578.86
7496.04
7411.7
7328.32
7244.33
7160.73
7076.89
6993.2
6909.41
6825.68
6741.92
6658.17
6574.42
6490.67
6406.92
6323.17
6239.42
6155.67
6071.92
5988.17
5904.42
5820.66
5736.91
5653.16
5569.41
5485.66
5401.91
5318.16
5234.41
5150.66
5066.91
4983.16
4899.41
4815.66
4731.91
4648.16
4564.41
4480.66
4396.91
4313.15
4229.4
4145.65
4061.9
3978.15
3894.4
3810.65
3726.9
3643.15
3559.4
3475.65
3391.9
3308.15
3224.4
3140.65
3056.9
2973.15
2889.39
2805.64
2721.89
2638.14
2554.39
2470.64
2386.89
2303.14
2219.39
2135.64
2051.89
1968.14
1884.39
1800.64
1716.89
1633.14
1549.39
1465.64
1381.88
1298.13
1214.38
1130.63
1046.88
963.132
879.381
795.63
711.88
628.129
544.379
460.628
376.878
293.127
209.376
125.626
41.8753
8365.01
8228.62
8179.15
8073.42
8003.63
7910.97
7832.88
7745.53
7664.07
7578.86
7496.04
7411.7
7328.32
7244.33
7160.73
7076.89
6993.2
6909.41
6825.68
6741.92
6658.17
6574.42
6490.67
6406.92
6323.17
6239.42
6155.67
6071.92
5988.17
5904.42
5820.66
5736.91
5653.16
5569.41
5485.66
5401.91
5318.16
5234.41
5150.66
5066.91
4983.16
4899.41
4815.66
4731.91
4648.16
4564.41
4480.66
4396.91
4313.15
4229.4
4145.65
4061.9
3978.15
3894.4
3810.65
3726.9
3643.15
3559.4
3475.65
3391.9
3308.15
3224.4
3140.65
3056.9
2973.15
2889.39
2805.64
2721.89
2638.14
2554.39
2470.64
2386.89
2303.14
2219.39
2135.64
2051.89
1968.14
1884.39
1800.64
1716.89
1633.14
1549.39
1465.64
1381.88
1298.13
1214.38
1130.63
1046.88
963.132
879.381
795.63
711.88
628.129
544.379
460.628
376.878
293.127
209.376
125.626
41.8753
8365.21
8228.58
8179.15
8073.41
8003.62
7910.97
7832.88
7745.53
7664.07
7578.86
7496.04
7411.7
7328.32
7244.33
7160.73
7076.89
6993.2
6909.41
6825.68
6741.92
6658.17
6574.42
6490.67
6406.92
6323.17
6239.42
6155.67
6071.92
5988.17
5904.42
5820.66
5736.91
5653.16
5569.41
5485.66
5401.91
5318.16
5234.41
5150.66
5066.91
4983.16
4899.41
4815.66
4731.91
4648.16
4564.41
4480.66
4396.91
4313.15
4229.4
4145.65
4061.9
3978.15
3894.4
3810.65
3726.9
3643.15
3559.4
3475.65
3391.9
3308.15
3224.4
3140.65
3056.9
2973.15
2889.39
2805.64
2721.89
2638.14
2554.39
2470.64
2386.89
2303.14
2219.39
2135.64
2051.89
1968.14
1884.39
1800.64
1716.89
1633.14
1549.39
1465.64
1381.88
1298.13
1214.38
1130.63
1046.88
963.132
879.381
795.63
711.88
628.129
544.379
460.628
376.878
293.127
209.376
125.626
41.8753
8365.44
8228.53
8179.14
8073.4
8003.62
7910.97
7832.88
7745.53
7664.07
7578.86
7496.04
7411.7
7328.32
7244.33
7160.73
7076.89
6993.2
6909.41
6825.68
6741.92
6658.17
6574.42
6490.67
6406.92
6323.17
6239.42
6155.67
6071.92
5988.17
5904.42
5820.66
5736.91
5653.16
5569.41
5485.66
5401.91
5318.16
5234.41
5150.66
5066.91
4983.16
4899.41
4815.66
4731.91
4648.16
4564.41
4480.66
4396.91
4313.15
4229.4
4145.65
4061.9
3978.15
3894.4
3810.65
3726.9
3643.15
3559.4
3475.65
3391.9
3308.15
3224.4
3140.65
3056.9
2973.15
2889.39
2805.64
2721.89
2638.14
2554.39
2470.64
2386.89
2303.14
2219.39
2135.64
2051.89
1968.14
1884.39
1800.64
1716.89
1633.14
1549.39
1465.64
1381.88
1298.13
1214.38
1130.63
1046.88
963.132
879.381
795.63
711.88
628.129
544.379
460.628
376.878
293.127
209.376
125.626
41.8753
8365.71
8228.48
8179.13
8073.39
8003.61
7910.97
7832.88
7745.53
7664.07
7578.86
7496.04
7411.7
7328.32
7244.33
7160.73
7076.89
6993.2
6909.41
6825.68
6741.92
6658.17
6574.42
6490.67
6406.92
6323.17
6239.42
6155.67
6071.92
5988.17
5904.42
5820.66
5736.91
5653.16
5569.41
5485.66
5401.91
5318.16
5234.41
5150.66
5066.91
4983.16
4899.41
4815.66
4731.91
4648.16
4564.41
4480.66
4396.91
4313.15
4229.4
4145.65
4061.9
3978.15
3894.4
3810.65
3726.9
3643.15
3559.4
3475.65
3391.9
3308.15
3224.4
3140.65
3056.9
2973.15
2889.39
2805.64
2721.89
2638.14
2554.39
2470.64
2386.89
2303.14
2219.39
2135.64
2051.89
1968.14
1884.39
1800.64
1716.89
1633.14
1549.39
1465.64
1381.88
1298.13
1214.38
1130.63
1046.88
963.132
879.381
795.63
711.88
628.129
544.379
460.628
376.878
293.127
209.376
125.626
41.8753
8366.01
8228.41
8179.12
8073.38
8003.61
7910.98
7832.87
7745.53
7664.06
7578.86
7496.03
7411.7
7328.32
7244.33
7160.73
7076.89
6993.2
6909.41
6825.68
6741.92
6658.17
6574.42
6490.67
6406.92
6323.17
6239.42
6155.67
6071.92
5988.17
5904.42
5820.66
5736.91
5653.16
5569.41
5485.66
5401.91
5318.16
5234.41
5150.66
5066.91
4983.16
4899.41
4815.66
4731.91
4648.16
4564.41
4480.66
4396.91
4313.15
4229.4
4145.65
4061.9
3978.15
3894.4
3810.65
3726.9
3643.15
3559.4
3475.65
3391.9
3308.15
3224.4
3140.65
3056.9
2973.15
2889.39
2805.64
2721.89
2638.14
2554.39
2470.64
2386.89
2303.14
2219.39
2135.64
2051.89
1968.14
1884.39
1800.64
1716.89
1633.14
1549.39
1465.64
1381.88
1298.13
1214.38
1130.63
1046.88
963.132
879.381
795.63
711.88
628.129
544.379
460.628
376.878
293.127
209.376
125.626
41.8753
8366.34
8228.34
8179.11
8073.37
8003.6
7910.98
7832.87
7745.53
7664.06
7578.86
7496.03
7411.7
7328.32
7244.33
7160.73
7076.89
6993.2
6909.41
6825.68
6741.92
6658.17
6574.42
6490.67
6406.92
6323.17
6239.42
6155.67
6071.92
5988.17
5904.42
5820.66
5736.91
5653.16
5569.41
5485.66
5401.91
5318.16
5234.41
5150.66
5066.91
4983.16
4899.41
4815.66
4731.91
4648.16
4564.41
4480.66
4396.91
4313.15
4229.4
4145.65
4061.9
3978.15
3894.4
3810.65
3726.9
3643.15
3559.4
3475.65
3391.9
3308.15
3224.4
3140.65
3056.9
2973.15
2889.39
2805.64
2721.89
2638.14
2554.39
2470.64
2386.89
2303.14
2219.39
2135.64
2051.89
1968.14
1884.39
1800.64
1716.89
1633.14
1549.39
1465.64
1381.88
1298.13
1214.38
1130.63
1046.88
963.132
879.381
795.63
711.88
628.129
544.379
460.628
376.878
293.127
209.376
125.626
41.8753
8366.72
8228.25
8179.09
8073.36
8003.6
7910.98
7832.87
7745.54
7664.06
7578.86
7496.03
7411.7
7328.32
7244.33
7160.73
7076.89
6993.2
6909.41
6825.68
6741.92
6658.17
6574.42
6490.67
6406.92
6323.17
6239.42
6155.67
6071.92
5988.17
5904.42
5820.66
5736.91
5653.16
5569.41
5485.66
5401.91
5318.16
5234.41
5150.66
5066.91
4983.16
4899.41
4815.66
4731.91
4648.16
4564.41
4480.66
4396.91
4313.15
4229.4
4145.65
4061.9
3978.15
3894.4
3810.65
3726.9
3643.15
3559.4
3475.65
3391.9
3308.15
3224.4
3140.65
3056.9
2973.15
2889.39
2805.64
2721.89
2638.14
2554.39
2470.64
2386.89
2303.14
2219.39
2135.64
2051.89
1968.14
1884.39
1800.64
1716.89
1633.14
1549.39
1465.64
1381.88
1298.13
1214.38
1130.63
1046.88
963.132
879.381
795.63
711.88
628.129
544.379
460.628
376.878
293.127
209.376
125.626
41.8753
8367.15
8228.15
8179.08
8073.36
8003.59
7910.99
7832.87
7745.54
7664.06
7578.87
7496.03
7411.7
7328.32
7244.33
7160.73
7076.89
6993.2
6909.41
6825.68
6741.92
6658.17
6574.42
6490.67
6406.92
6323.17
6239.42
6155.67
6071.92
5988.17
5904.42
5820.66
5736.91
5653.16
5569.41
5485.66
5401.91
5318.16
5234.41
5150.66
5066.91
4983.16
4899.41
4815.66
4731.91
4648.16
4564.41
4480.66
4396.91
4313.15
4229.4
4145.65
4061.9
3978.15
3894.4
3810.65
3726.9
3643.15
3559.4
3475.65
3391.9
3308.15
3224.4
3140.65
3056.9
2973.15
2889.39
2805.64
2721.89
2638.14
2554.39
2470.64
2386.89
2303.14
2219.39
2135.64
2051.89
1968.14
1884.39
1800.64
1716.89
1633.14
1549.39
1465.64
1381.88
1298.13
1214.38
1130.63
1046.88
963.132
879.381
795.63
711.88
628.129
544.379
460.628
376.878
293.127
209.376
125.626
41.8753
8367.62
8228.03
8179.06
8073.35
8003.59
7910.99
7832.86
7745.54
7664.06
7578.87
7496.03
7411.7
7328.32
7244.33
7160.73
7076.89
6993.2
6909.41
6825.68
6741.92
6658.17
6574.42
6490.67
6406.92
6323.17
6239.42
6155.67
6071.92
5988.17
5904.42
5820.66
5736.91
5653.16
5569.41
5485.66
5401.91
5318.16
5234.41
5150.66
5066.91
4983.16
4899.41
4815.66
4731.91
4648.16
4564.41
4480.66
4396.91
4313.15
4229.4
4145.65
4061.9
3978.15
3894.4
3810.65
3726.9
3643.15
3559.4
3475.65
3391.9
3308.15
3224.4
3140.65
3056.9
2973.15
2889.39
2805.64
2721.89
2638.14
2554.39
2470.64
2386.89
2303.14
2219.39
2135.64
2051.89
1968.14
1884.39
1800.64
1716.89
1633.14
1549.39
1465.64
1381.88
1298.13
1214.38
1130.63
1046.88
963.132
879.381
795.63
711.88
628.129
544.379
460.628
376.878
293.127
209.376
125.626
41.8753
8368.2
8227.9
8179.04
8073.35
8003.58
7911
7832.86
7745.54
7664.06
7578.87
7496.03
7411.7
7328.32
7244.33
7160.73
7076.89
6993.2
6909.41
6825.68
6741.92
6658.17
6574.42
6490.67
6406.92
6323.17
6239.42
6155.67
6071.92
5988.17
5904.42
5820.66
5736.91
5653.16
5569.41
5485.66
5401.91
5318.16
5234.41
5150.66
5066.91
4983.16
4899.41
4815.66
4731.91
4648.16
4564.41
4480.66
4396.91
4313.15
4229.4
4145.65
4061.9
3978.15
3894.4
3810.65
3726.9
3643.15
3559.4
3475.65
3391.9
3308.15
3224.4
3140.65
3056.9
2973.15
2889.39
2805.64
2721.89
2638.14
2554.39
2470.64
2386.89
2303.14
2219.39
2135.64
2051.89
1968.14
1884.39
1800.64
1716.89
1633.14
1549.39
1465.64
1381.88
1298.13
1214.38
1130.63
1046.88
963.132
879.381
795.63
711.88
628.129
544.379
460.628
376.878
293.127
209.376
125.626
41.8753
8368.72
8227.75
8179.02
8073.35
8003.57
7911
7832.86
7745.55
7664.06
7578.87
7496.03
7411.7
7328.32
7244.33
7160.73
7076.89
6993.2
6909.41
6825.68
6741.92
6658.17
6574.42
6490.67
6406.92
6323.17
6239.42
6155.67
6071.92
5988.17
5904.42
5820.66
5736.91
5653.16
5569.41
5485.66
5401.91
5318.16
5234.41
5150.66
5066.91
4983.16
4899.41
4815.66
4731.91
4648.16
4564.41
4480.66
4396.91
4313.15
4229.4
4145.65
4061.9
3978.15
3894.4
3810.65
3726.9
3643.15
3559.4
3475.65
3391.9
3308.15
3224.4
3140.65
3056.9
2973.15
2889.39
2805.64
2721.89
2638.14
2554.39
2470.64
2386.89
2303.14
2219.39
2135.64
2051.89
1968.14
1884.39
1800.64
1716.89
1633.14
1549.39
1465.64
1381.88
1298.13
1214.38
1130.63
1046.88
963.132
879.381
795.63
711.88
628.129
544.379
460.628
376.878
293.127
209.376
125.626
41.8753
8369.82
8227.61
8178.99
8073.36
8003.56
7911.01
7832.85
7745.55
7664.05
7578.87
7496.03
7411.7
7328.32
7244.33
7160.73
7076.89
6993.2
6909.41
6825.68
6741.92
6658.17
6574.42
6490.67
6406.92
6323.17
6239.42
6155.67
6071.92
5988.17
5904.42
5820.66
5736.91
5653.16
5569.41
5485.66
5401.91
5318.16
5234.41
5150.66
5066.91
4983.16
4899.41
4815.66
4731.91
4648.16
4564.41
4480.66
4396.91
4313.15
4229.4
4145.65
4061.9
3978.15
3894.4
3810.65
3726.9
3643.15
3559.4
3475.65
3391.9
3308.15
3224.4
3140.65
3056.9
2973.15
2889.39
2805.64
2721.89
2638.14
2554.39
2470.64
2386.89
2303.14
2219.39
2135.64
2051.89
1968.14
1884.39
1800.64
1716.89
1633.14
1549.39
1465.64
1381.88
1298.13
1214.38
1130.63
1046.88
963.132
879.381
795.63
711.88
628.129
544.379
460.628
376.878
293.127
209.376
125.626
41.8753
8370.18
8227.45
8178.98
8073.36
8003.55
7911.02
7832.85
7745.55
7664.05
7578.87
7496.03
7411.7
7328.32
7244.33
7160.73
7076.89
6993.2
6909.41
6825.68
6741.92
6658.17
6574.42
6490.67
6406.92
6323.17
6239.42
6155.67
6071.92
5988.17
5904.42
5820.66
5736.91
5653.16
5569.41
5485.66
5401.91
5318.16
5234.41
5150.66
5066.91
4983.16
4899.41
4815.66
4731.91
4648.16
4564.41
4480.66
4396.91
4313.15
4229.4
4145.65
4061.9
3978.15
3894.4
3810.65
3726.9
3643.15
3559.4
3475.65
3391.9
3308.15
3224.4
3140.65
3056.9
2973.15
2889.39
2805.64
2721.89
2638.14
2554.39
2470.64
2386.89
2303.14
2219.39
2135.64
2051.89
1968.14
1884.39
1800.64
1716.89
1633.14
1549.39
1465.64
1381.88
1298.13
1214.38
1130.63
1046.88
963.132
879.381
795.63
711.88
628.129
544.379
460.628
376.878
293.127
209.376
125.626
41.8753
8374.05
8227.39
8178.85
8073.42
8003.51
7911.04
7832.83
7745.56
7664.05
7578.87
7496.03
7411.7
7328.32
7244.33
7160.73
7076.89
6993.2
6909.41
6825.68
6741.92
6658.17
6574.42
6490.67
6406.92
6323.17
6239.42
6155.67
6071.92
5988.17
5904.42
5820.66
5736.91
5653.16
5569.41
5485.66
5401.91
5318.16
5234.41
5150.66
5066.91
4983.16
4899.41
4815.66
4731.91
4648.16
4564.41
4480.66
4396.91
4313.15
4229.4
4145.65
4061.9
3978.15
3894.4
3810.65
3726.9
3643.15
3559.4
3475.65
3391.9
3308.15
3224.4
3140.65
3056.9
2973.15
2889.39
2805.64
2721.89
2638.14
2554.39
2470.64
2386.89
2303.14
2219.39
2135.64
2051.89
1968.14
1884.39
1800.64
1716.89
1633.14
1549.39
1465.64
1381.88
1298.13
1214.38
1130.63
1046.88
963.132
879.381
795.63
711.88
628.129
544.379
460.628
376.878
293.127
209.376
125.626
41.8753
)
;

boundaryField
{
    inlet
    {
        type            zeroGradient;
    }
    outlet
    {
        type            fixedValue;
        value           uniform 0;
    }
    lowerWall
    {
        type            zeroGradient;
    }
    upperWall
    {
        type            zeroGradient;
    }
    frontAndBack
    {
        type            empty;
    }
}


// ************************************************************************* //
