/*--------------------------------*- C++ -*----------------------------------*\
| =========                 |                                                 |
| \\      /  F ield         | foam-extend: Open Source CFD                    |
|  \\    /   O peration     | Version:     5.0                                |
|   \\  /    A nd           | Web:         http://www.foam-extend.org         |
|    \\/     M anipulation  |                                                 |
\*---------------------------------------------------------------------------*/
FoamFile
{
    version     2.0;
    format      ascii;
    class       volScalarField;
    location    "0.015";
    object      p;
}
// * * * * * * * * * * * * * * * * * * * * * * * * * * * * * * * * * * * * * //

dimensions      [1 -1 -2 0 0 0 0];

internalField   nonuniform List<scalar> 
4000
(
8781
8640.45
8563.87
8488.32
8402.96
8315.09
8228.05
8141.44
8054.66
7967.58
7880.26
7792.76
7705.12
7617.37
7529.53
7441.62
7353.67
7265.68
7177.66
7089.63
7001.58
6913.52
6825.46
6737.39
6649.32
6561.25
6473.17
6385.1
6297.02
6208.94
6120.87
6032.79
5944.71
5856.64
5768.56
5680.48
5592.41
5504.33
5416.25
5328.18
5240.1
5152.02
5063.95
4975.87
4887.79
4799.71
4711.64
4623.56
4535.48
4447.41
4359.33
4271.25
4183.18
4095.1
4007.02
3918.95
3830.87
3742.79
3654.71
3566.64
3478.56
3390.48
3302.41
3214.33
3126.25
3038.18
2950.1
2862.02
2773.94
2685.87
2597.79
2509.71
2421.64
2333.56
2245.48
2157.41
2069.33
1981.25
1893.18
1805.1
1717.02
1628.94
1540.87
1452.79
1364.71
1276.64
1188.56
1100.48
1012.41
924.332
836.256
748.181
660.108
572.031
483.922
395.778
307.855
220.372
131.056
42.4823
8777.45
8638.72
8563.47
8488.15
8402.59
8314.74
8227.8
8141.27
8054.53
7967.48
7880.19
7792.71
7705.08
7617.34
7529.51
7441.61
7353.66
7265.67
7177.66
7089.62
7001.58
6913.52
6825.46
6737.39
6649.32
6561.25
6473.17
6385.1
6297.02
6208.94
6120.87
6032.79
5944.71
5856.64
5768.56
5680.48
5592.41
5504.33
5416.25
5328.18
5240.1
5152.02
5063.95
4975.87
4887.79
4799.71
4711.64
4623.56
4535.48
4447.41
4359.33
4271.25
4183.18
4095.1
4007.02
3918.95
3830.87
3742.79
3654.71
3566.64
3478.56
3390.48
3302.41
3214.33
3126.25
3038.18
2950.1
2862.02
2773.94
2685.87
2597.79
2509.71
2421.64
2333.56
2245.48
2157.41
2069.33
1981.25
1893.18
1805.1
1717.02
1628.94
1540.87
1452.79
1364.71
1276.64
1188.56
1100.48
1012.41
924.332
836.256
748.181
660.108
572.033
483.924
395.773
307.839
220.408
131.059
42.4376
8777.13
8637.1
8563.16
8488.31
8402.51
8314.57
8227.69
8141.2
8054.49
7967.45
7880.16
7792.69
7705.07
7617.33
7529.5
7441.6
7353.66
7265.67
7177.66
7089.62
7001.58
6913.52
6825.46
6737.39
6649.32
6561.25
6473.17
6385.1
6297.02
6208.94
6120.87
6032.79
5944.71
5856.64
5768.56
5680.48
5592.41
5504.33
5416.25
5328.18
5240.1
5152.02
5063.95
4975.87
4887.79
4799.71
4711.64
4623.56
4535.48
4447.41
4359.33
4271.25
4183.18
4095.1
4007.02
3918.95
3830.87
3742.79
3654.71
3566.64
3478.56
3390.48
3302.41
3214.33
3126.25
3038.18
2950.1
2862.02
2773.94
2685.87
2597.79
2509.71
2421.64
2333.56
2245.48
2157.41
2069.33
1981.25
1893.18
1805.1
1717.02
1628.94
1540.87
1452.79
1364.71
1276.64
1188.56
1100.48
1012.41
924.332
836.256
748.181
660.109
572.034
483.926
395.764
307.824
220.469
131.032
42.3451
8779.25
8636.34
8563.31
8488.92
8402.78
8314.65
8227.76
8141.29
8054.56
7967.5
7880.2
7792.72
7705.09
7617.34
7529.51
7441.61
7353.66
7265.67
7177.66
7089.63
7001.58
6913.52
6825.46
6737.39
6649.32
6561.25
6473.17
6385.1
6297.02
6208.94
6120.87
6032.79
5944.71
5856.64
5768.56
5680.48
5592.41
5504.33
5416.25
5328.18
5240.1
5152.02
5063.95
4975.87
4887.79
4799.71
4711.64
4623.56
4535.48
4447.41
4359.33
4271.25
4183.18
4095.1
4007.02
3918.95
3830.87
3742.79
3654.71
3566.64
3478.56
3390.48
3302.41
3214.33
3126.25
3038.18
2950.1
2862.02
2773.94
2685.87
2597.79
2509.71
2421.64
2333.56
2245.48
2157.41
2069.33
1981.25
1893.18
1805.1
1717.02
1628.94
1540.87
1452.79
1364.71
1276.64
1188.56
1100.48
1012.41
924.332
836.256
748.181
660.109
572.036
483.928
395.754
307.81
220.535
130.999
42.2413
8782.64
8636.42
8564.05
8490
8403.39
8314.99
8228.03
8141.52
8054.74
7967.64
7880.3
7792.79
7705.14
7617.38
7529.54
7441.63
7353.68
7265.68
7177.67
7089.63
7001.58
6913.52
6825.46
6737.39
6649.32
6561.25
6473.17
6385.1
6297.02
6208.94
6120.87
6032.79
5944.71
5856.64
5768.56
5680.48
5592.41
5504.33
5416.25
5328.18
5240.1
5152.02
5063.95
4975.87
4887.79
4799.71
4711.64
4623.56
4535.48
4447.41
4359.33
4271.25
4183.18
4095.1
4007.02
3918.95
3830.87
3742.79
3654.71
3566.64
3478.56
3390.48
3302.41
3214.33
3126.25
3038.18
2950.1
2862.02
2773.94
2685.87
2597.79
2509.71
2421.64
2333.56
2245.48
2157.41
2069.33
1981.25
1893.18
1805.1
1717.02
1628.94
1540.87
1452.79
1364.71
1276.64
1188.56
1100.48
1012.41
924.331
836.255
748.18
660.109
572.037
483.928
395.742
307.797
220.599
130.966
42.1383
8786.43
8637.11
8565.29
8491.47
8404.31
8315.56
8228.48
8141.89
8055.03
7967.86
7880.46
7792.91
7705.23
7617.45
7529.58
7441.66
7353.7
7265.7
7177.68
7089.64
7001.59
6913.53
6825.46
6737.39
6649.32
6561.25
6473.17
6385.1
6297.02
6208.95
6120.87
6032.79
5944.71
5856.64
5768.56
5680.48
5592.41
5504.33
5416.25
5328.18
5240.1
5152.02
5063.95
4975.87
4887.79
4799.71
4711.64
4623.56
4535.48
4447.41
4359.33
4271.25
4183.18
4095.1
4007.02
3918.95
3830.87
3742.79
3654.71
3566.64
3478.56
3390.48
3302.41
3214.33
3126.25
3038.18
2950.1
2862.02
2773.94
2685.87
2597.79
2509.71
2421.64
2333.56
2245.48
2157.41
2069.33
1981.25
1893.18
1805.1
1717.02
1628.94
1540.87
1452.79
1364.71
1276.64
1188.56
1100.48
1012.41
924.331
836.255
748.18
660.108
572.038
483.929
395.73
307.785
220.658
130.939
42.0473
8790.12
8638.14
8566.85
8493.21
8405.47
8316.33
8229.08
8142.38
8055.41
7968.14
7880.68
7793.07
7705.34
7617.53
7529.64
7441.7
7353.73
7265.72
7177.69
7089.65
7001.59
6913.53
6825.46
6737.39
6649.32
6561.25
6473.17
6385.1
6297.02
6208.95
6120.87
6032.79
5944.72
5856.64
5768.56
5680.48
5592.41
5504.33
5416.25
5328.18
5240.1
5152.02
5063.95
4975.87
4887.79
4799.71
4711.64
4623.56
4535.48
4447.41
4359.33
4271.25
4183.18
4095.1
4007.02
3918.95
3830.87
3742.79
3654.71
3566.64
3478.56
3390.48
3302.41
3214.33
3126.25
3038.18
2950.1
2862.02
2773.94
2685.87
2597.79
2509.71
2421.64
2333.56
2245.48
2157.41
2069.33
1981.25
1893.18
1805.1
1717.02
1628.94
1540.87
1452.79
1364.71
1276.64
1188.56
1100.48
1012.41
924.331
836.254
748.179
660.108
572.039
483.929
395.719
307.774
220.71
130.919
41.9715
8793.4
8639.31
8568.55
8495.08
8406.8
8317.25
8229.81
8142.96
8055.86
7968.49
7880.93
7793.25
7705.48
7617.63
7529.71
7441.75
7353.76
7265.74
7177.71
7089.66
7001.6
6913.54
6825.47
6737.4
6649.32
6561.25
6473.17
6385.1
6297.02
6208.95
6120.87
6032.79
5944.72
5856.64
5768.56
5680.48
5592.41
5504.33
5416.25
5328.18
5240.1
5152.02
5063.95
4975.87
4887.79
4799.71
4711.64
4623.56
4535.48
4447.41
4359.33
4271.25
4183.18
4095.1
4007.02
3918.95
3830.87
3742.79
3654.71
3566.64
3478.56
3390.48
3302.41
3214.33
3126.25
3038.18
2950.1
2862.02
2773.94
2685.87
2597.79
2509.71
2421.64
2333.56
2245.48
2157.41
2069.33
1981.25
1893.18
1805.1
1717.02
1628.94
1540.87
1452.79
1364.71
1276.64
1188.56
1100.48
1012.41
924.33
836.254
748.179
660.108
572.04
483.928
395.708
307.767
220.755
130.905
41.9107
8796.12
8640.48
8570.26
8496.98
8408.21
8318.26
8230.61
8143.61
8056.38
7968.88
7881.22
7793.47
7705.63
7617.74
7529.79
7441.81
7353.8
7265.77
7177.73
7089.67
7001.61
6913.54
6825.47
6737.4
6649.33
6561.25
6473.17
6385.1
6297.02
6208.95
6120.87
6032.79
5944.72
5856.64
5768.56
5680.48
5592.41
5504.33
5416.25
5328.18
5240.1
5152.02
5063.95
4975.87
4887.79
4799.71
4711.64
4623.56
4535.48
4447.41
4359.33
4271.25
4183.18
4095.1
4007.02
3918.95
3830.87
3742.79
3654.71
3566.64
3478.56
3390.48
3302.41
3214.33
3126.25
3038.18
2950.1
2862.02
2773.94
2685.87
2597.79
2509.71
2421.64
2333.56
2245.48
2157.41
2069.33
1981.25
1893.18
1805.1
1717.02
1628.94
1540.87
1452.79
1364.71
1276.64
1188.56
1100.48
1012.41
924.33
836.253
748.178
660.107
572.041
483.928
395.697
307.761
220.792
130.895
41.8638
8798.29
8641.57
8571.88
8498.81
8409.64
8319.32
8231.47
8144.31
8056.93
7969.3
7881.53
7793.7
7705.8
7617.86
7529.88
7441.87
7353.84
7265.8
7177.75
7089.68
7001.62
6913.55
6825.48
6737.4
6649.33
6561.25
6473.18
6385.1
6297.02
6208.95
6120.87
6032.79
5944.72
5856.64
5768.56
5680.48
5592.41
5504.33
5416.25
5328.18
5240.1
5152.02
5063.95
4975.87
4887.79
4799.71
4711.64
4623.56
4535.48
4447.41
4359.33
4271.25
4183.18
4095.1
4007.02
3918.95
3830.87
3742.79
3654.71
3566.64
3478.56
3390.48
3302.41
3214.33
3126.25
3038.18
2950.1
2862.02
2773.94
2685.87
2597.79
2509.71
2421.64
2333.56
2245.48
2157.41
2069.33
1981.25
1893.18
1805.1
1717.02
1628.94
1540.87
1452.79
1364.71
1276.64
1188.56
1100.48
1012.41
924.329
836.253
748.177
660.107
572.041
483.926
395.688
307.758
220.824
130.889
41.8285
8799.94
8642.53
8573.36
8500.52
8411.04
8320.39
8232.34
8145.03
8057.5
7969.73
7881.86
7793.94
7705.98
7617.99
7529.97
7441.93
7353.89
7265.83
7177.77
7089.7
7001.63
6913.55
6825.48
6737.4
6649.33
6561.25
6473.18
6385.1
6297.02
6208.95
6120.87
6032.79
5944.72
5856.64
5768.56
5680.48
5592.41
5504.33
5416.25
5328.18
5240.1
5152.02
5063.95
4975.87
4887.79
4799.71
4711.64
4623.56
4535.48
4447.41
4359.33
4271.25
4183.18
4095.1
4007.02
3918.95
3830.87
3742.79
3654.71
3566.64
3478.56
3390.48
3302.41
3214.33
3126.25
3038.18
2950.1
2862.02
2773.94
2685.87
2597.79
2509.71
2421.64
2333.56
2245.48
2157.41
2069.33
1981.25
1893.17
1805.1
1717.02
1628.94
1540.87
1452.79
1364.71
1276.64
1188.56
1100.48
1012.41
924.329
836.252
748.176
660.107
572.041
483.925
395.68
307.757
220.849
130.884
41.8027
8801.17
8643.36
8574.66
8502.06
8412.35
8321.43
8233.2
8145.75
8058.07
7970.17
7882.19
7794.18
7706.16
7618.12
7530.06
7442
7353.93
7265.86
7177.79
7089.71
7001.64
6913.56
6825.48
6737.41
6649.33
6561.25
6473.18
6385.1
6297.02
6208.95
6120.87
6032.79
5944.72
5856.64
5768.56
5680.48
5592.41
5504.33
5416.25
5328.18
5240.1
5152.02
5063.95
4975.87
4887.79
4799.71
4711.64
4623.56
4535.48
4447.41
4359.33
4271.25
4183.18
4095.1
4007.02
3918.95
3830.87
3742.79
3654.71
3566.64
3478.56
3390.48
3302.41
3214.33
3126.25
3038.18
2950.1
2862.02
2773.94
2685.87
2597.79
2509.71
2421.64
2333.56
2245.48
2157.41
2069.33
1981.25
1893.17
1805.1
1717.02
1628.94
1540.87
1452.79
1364.71
1276.64
1188.56
1100.48
1012.41
924.328
836.251
748.176
660.106
572.042
483.924
395.674
307.757
220.87
130.881
41.7843
8802.06
8644.05
8575.78
8503.42
8413.54
8322.41
8234.03
8146.43
8058.62
7970.6
7882.52
7794.42
7706.33
7618.24
7530.15
7442.06
7353.98
7265.89
7177.81
7089.73
7001.65
6913.57
6825.49
6737.41
6649.33
6561.26
6473.18
6385.1
6297.02
6208.95
6120.87
6032.79
5944.72
5856.64
5768.56
5680.48
5592.41
5504.33
5416.25
5328.18
5240.1
5152.02
5063.95
4975.87
4887.79
4799.71
4711.64
4623.56
4535.48
4447.41
4359.33
4271.25
4183.18
4095.1
4007.02
3918.95
3830.87
3742.79
3654.71
3566.64
3478.56
3390.48
3302.41
3214.33
3126.25
3038.18
2950.1
2862.02
2773.94
2685.87
2597.79
2509.71
2421.64
2333.56
2245.48
2157.41
2069.33
1981.25
1893.17
1805.1
1717.02
1628.94
1540.87
1452.79
1364.71
1276.64
1188.56
1100.48
1012.41
924.328
836.251
748.175
660.106
572.042
483.922
395.669
307.759
220.886
130.879
41.7715
8802.68
8644.61
8576.73
8504.59
8414.61
8323.3
8234.78
8147.07
8059.14
7971
7882.82
7794.65
7706.5
7618.36
7530.24
7442.12
7354.02
7265.92
7177.83
7089.74
7001.66
6913.57
6825.49
6737.41
6649.33
6561.26
6473.18
6385.1
6297.02
6208.95
6120.87
6032.79
5944.72
5856.64
5768.56
5680.48
5592.41
5504.33
5416.25
5328.18
5240.1
5152.02
5063.95
4975.87
4887.79
4799.71
4711.64
4623.56
4535.48
4447.41
4359.33
4271.25
4183.18
4095.1
4007.02
3918.95
3830.87
3742.79
3654.71
3566.64
3478.56
3390.48
3302.41
3214.33
3126.25
3038.18
2950.1
2862.02
2773.94
2685.87
2597.79
2509.71
2421.64
2333.56
2245.48
2157.41
2069.33
1981.25
1893.17
1805.1
1717.02
1628.94
1540.87
1452.79
1364.71
1276.64
1188.56
1100.48
1012.4
924.328
836.25
748.175
660.106
572.042
483.921
395.664
307.76
220.9
130.877
41.7628
8803.11
8645.07
8577.51
8505.58
8415.53
8324.09
8235.46
8147.65
8059.61
7971.37
7883.1
7794.86
7706.65
7618.47
7530.32
7442.18
7354.06
7265.95
7177.85
7089.75
7001.66
6913.58
6825.5
6737.42
6649.34
6561.26
6473.18
6385.1
6297.02
6208.95
6120.87
6032.79
5944.72
5856.64
5768.56
5680.48
5592.41
5504.33
5416.25
5328.18
5240.1
5152.02
5063.95
4975.87
4887.79
4799.71
4711.64
4623.56
4535.48
4447.41
4359.33
4271.25
4183.18
4095.1
4007.02
3918.95
3830.87
3742.79
3654.71
3566.64
3478.56
3390.48
3302.41
3214.33
3126.25
3038.18
2950.1
2862.02
2773.94
2685.87
2597.79
2509.71
2421.64
2333.56
2245.48
2157.41
2069.33
1981.25
1893.17
1805.1
1717.02
1628.94
1540.87
1452.79
1364.71
1276.64
1188.56
1100.48
1012.4
924.327
836.25
748.174
660.106
572.042
483.92
395.661
307.763
220.91
130.876
41.7571
8803.4
8645.42
8578.13
8506.39
8416.31
8324.76
8236.05
8148.15
8060.02
7971.7
7883.35
7795.05
7706.79
7618.57
7530.39
7442.23
7354.09
7265.97
7177.86
7089.76
7001.67
6913.58
6825.5
6737.42
6649.34
6561.26
6473.18
6385.1
6297.02
6208.95
6120.87
6032.79
5944.72
5856.64
5768.56
5680.48
5592.41
5504.33
5416.25
5328.18
5240.1
5152.02
5063.95
4975.87
4887.79
4799.71
4711.64
4623.56
4535.48
4447.41
4359.33
4271.25
4183.18
4095.1
4007.02
3918.95
3830.87
3742.79
3654.71
3566.64
3478.56
3390.48
3302.41
3214.33
3126.25
3038.18
2950.1
2862.02
2773.94
2685.87
2597.79
2509.71
2421.64
2333.56
2245.48
2157.41
2069.33
1981.25
1893.17
1805.1
1717.02
1628.94
1540.87
1452.79
1364.71
1276.64
1188.56
1100.48
1012.4
924.327
836.249
748.174
660.105
572.042
483.919
395.659
307.765
220.917
130.875
41.7534
8803.58
8645.69
8578.62
8507.02
8416.92
8325.3
8236.53
8148.57
8060.36
7971.97
7883.56
7795.2
7706.9
7618.65
7530.45
7442.27
7354.12
7265.99
7177.88
7089.77
7001.68
6913.59
6825.5
6737.42
6649.34
6561.26
6473.18
6385.1
6297.02
6208.95
6120.87
6032.79
5944.72
5856.64
5768.56
5680.48
5592.41
5504.33
5416.25
5328.18
5240.1
5152.02
5063.95
4975.87
4887.79
4799.71
4711.64
4623.56
4535.48
4447.41
4359.33
4271.25
4183.18
4095.1
4007.02
3918.95
3830.87
3742.79
3654.71
3566.64
3478.56
3390.48
3302.41
3214.33
3126.25
3038.18
2950.1
2862.02
2773.94
2685.87
2597.79
2509.71
2421.64
2333.56
2245.48
2157.41
2069.33
1981.25
1893.17
1805.1
1717.02
1628.94
1540.87
1452.79
1364.71
1276.64
1188.56
1100.48
1012.4
924.326
836.249
748.173
660.105
572.042
483.918
395.657
307.766
220.923
130.874
41.751
8803.7
8645.88
8578.97
8507.48
8417.39
8325.72
8236.9
8148.89
8060.63
7972.17
7883.72
7795.32
7706.99
7618.72
7530.49
7442.3
7354.14
7266.01
7177.89
7089.78
7001.68
6913.59
6825.5
6737.42
6649.34
6561.26
6473.18
6385.1
6297.02
6208.95
6120.87
6032.79
5944.72
5856.64
5768.56
5680.48
5592.41
5504.33
5416.25
5328.18
5240.1
5152.02
5063.95
4975.87
4887.79
4799.71
4711.64
4623.56
4535.48
4447.41
4359.33
4271.25
4183.18
4095.1
4007.02
3918.95
3830.87
3742.79
3654.71
3566.64
3478.56
3390.48
3302.41
3214.33
3126.25
3038.18
2950.1
2862.02
2773.94
2685.87
2597.79
2509.71
2421.64
2333.56
2245.48
2157.41
2069.33
1981.25
1893.17
1805.1
1717.02
1628.94
1540.87
1452.79
1364.71
1276.64
1188.56
1100.48
1012.4
924.326
836.249
748.173
660.105
572.042
483.918
395.656
307.768
220.927
130.874
41.7496
8803.76
8646
8579.2
8507.79
8417.7
8326
8237.15
8149.1
8060.81
7972.32
7883.83
7795.4
7707.05
7618.76
7530.52
7442.32
7354.16
7266.02
7177.89
7089.78
7001.69
6913.59
6825.51
6737.42
6649.34
6561.26
6473.18
6385.1
6297.02
6208.95
6120.87
6032.79
5944.72
5856.64
5768.56
5680.48
5592.41
5504.33
5416.25
5328.18
5240.1
5152.02
5063.95
4975.87
4887.79
4799.71
4711.64
4623.56
4535.48
4447.41
4359.33
4271.25
4183.18
4095.1
4007.02
3918.95
3830.87
3742.79
3654.71
3566.64
3478.56
3390.48
3302.41
3214.33
3126.25
3038.18
2950.1
2862.02
2773.94
2685.87
2597.79
2509.71
2421.64
2333.56
2245.48
2157.41
2069.33
1981.25
1893.17
1805.1
1717.02
1628.94
1540.87
1452.79
1364.71
1276.64
1188.56
1100.48
1012.4
924.326
836.249
748.173
660.105
572.042
483.917
395.655
307.769
220.93
130.874
41.7488
8803.79
8646.06
8579.31
8507.94
8417.85
8326.14
8237.27
8149.21
8060.9
7972.39
7883.88
7795.44
7707.08
7618.78
7530.54
7442.33
7354.17
7266.02
7177.9
7089.79
7001.69
6913.59
6825.51
6737.42
6649.34
6561.26
6473.18
6385.1
6297.02
6208.95
6120.87
6032.79
5944.72
5856.64
5768.56
5680.48
5592.41
5504.33
5416.25
5328.18
5240.1
5152.02
5063.95
4975.87
4887.79
4799.71
4711.64
4623.56
4535.48
4447.41
4359.33
4271.25
4183.18
4095.1
4007.02
3918.95
3830.87
3742.79
3654.71
3566.64
3478.56
3390.48
3302.41
3214.33
3126.25
3038.18
2950.1
2862.02
2773.94
2685.87
2597.79
2509.71
2421.64
2333.56
2245.48
2157.41
2069.33
1981.25
1893.17
1805.1
1717.02
1628.94
1540.87
1452.79
1364.71
1276.64
1188.56
1100.48
1012.4
924.326
836.248
748.173
660.105
572.042
483.917
395.655
307.77
220.931
130.874
41.7485
8803.79
8646.06
8579.31
8507.94
8417.85
8326.14
8237.27
8149.21
8060.9
7972.39
7883.88
7795.44
7707.08
7618.78
7530.54
7442.33
7354.17
7266.02
7177.9
7089.79
7001.69
6913.59
6825.51
6737.42
6649.34
6561.26
6473.18
6385.1
6297.02
6208.95
6120.87
6032.79
5944.72
5856.64
5768.56
5680.48
5592.41
5504.33
5416.25
5328.18
5240.1
5152.02
5063.95
4975.87
4887.79
4799.71
4711.64
4623.56
4535.48
4447.41
4359.33
4271.25
4183.18
4095.1
4007.02
3918.95
3830.87
3742.79
3654.71
3566.64
3478.56
3390.48
3302.41
3214.33
3126.25
3038.18
2950.1
2862.02
2773.94
2685.87
2597.79
2509.71
2421.64
2333.56
2245.48
2157.41
2069.33
1981.25
1893.17
1805.1
1717.02
1628.94
1540.87
1452.79
1364.71
1276.64
1188.56
1100.48
1012.4
924.326
836.248
748.173
660.105
572.042
483.917
395.655
307.77
220.931
130.874
41.7485
8803.76
8646
8579.2
8507.79
8417.7
8326
8237.15
8149.1
8060.81
7972.32
7883.83
7795.4
7707.05
7618.76
7530.52
7442.32
7354.16
7266.02
7177.89
7089.78
7001.69
6913.59
6825.51
6737.42
6649.34
6561.26
6473.18
6385.1
6297.02
6208.95
6120.87
6032.79
5944.72
5856.64
5768.56
5680.48
5592.41
5504.33
5416.25
5328.18
5240.1
5152.02
5063.95
4975.87
4887.79
4799.71
4711.64
4623.56
4535.48
4447.41
4359.33
4271.25
4183.18
4095.1
4007.02
3918.95
3830.87
3742.79
3654.71
3566.64
3478.56
3390.48
3302.41
3214.33
3126.25
3038.18
2950.1
2862.02
2773.94
2685.87
2597.79
2509.71
2421.64
2333.56
2245.48
2157.41
2069.33
1981.25
1893.17
1805.1
1717.02
1628.94
1540.87
1452.79
1364.71
1276.64
1188.56
1100.48
1012.4
924.326
836.248
748.173
660.105
572.042
483.917
395.655
307.769
220.93
130.874
41.7488
8803.7
8645.88
8578.97
8507.48
8417.39
8325.72
8236.9
8148.89
8060.63
7972.17
7883.72
7795.32
7706.99
7618.72
7530.49
7442.3
7354.14
7266.01
7177.89
7089.78
7001.68
6913.59
6825.5
6737.42
6649.34
6561.26
6473.18
6385.1
6297.02
6208.95
6120.87
6032.79
5944.72
5856.64
5768.56
5680.48
5592.41
5504.33
5416.25
5328.18
5240.1
5152.02
5063.95
4975.87
4887.79
4799.71
4711.64
4623.56
4535.48
4447.41
4359.33
4271.25
4183.18
4095.1
4007.02
3918.95
3830.87
3742.79
3654.71
3566.64
3478.56
3390.48
3302.41
3214.33
3126.25
3038.18
2950.1
2862.02
2773.94
2685.87
2597.79
2509.71
2421.64
2333.56
2245.48
2157.41
2069.33
1981.25
1893.17
1805.1
1717.02
1628.94
1540.87
1452.79
1364.71
1276.64
1188.56
1100.48
1012.4
924.326
836.249
748.173
660.105
572.042
483.918
395.656
307.768
220.927
130.874
41.7496
8803.58
8645.69
8578.62
8507.02
8416.92
8325.3
8236.53
8148.57
8060.36
7971.97
7883.56
7795.2
7706.9
7618.65
7530.45
7442.27
7354.12
7265.99
7177.88
7089.77
7001.68
6913.59
6825.5
6737.42
6649.34
6561.26
6473.18
6385.1
6297.02
6208.95
6120.87
6032.79
5944.72
5856.64
5768.56
5680.48
5592.41
5504.33
5416.25
5328.18
5240.1
5152.02
5063.95
4975.87
4887.79
4799.71
4711.64
4623.56
4535.48
4447.41
4359.33
4271.25
4183.18
4095.1
4007.02
3918.94
3830.87
3742.79
3654.71
3566.64
3478.56
3390.48
3302.41
3214.33
3126.25
3038.18
2950.1
2862.02
2773.94
2685.87
2597.79
2509.71
2421.64
2333.56
2245.48
2157.41
2069.33
1981.25
1893.17
1805.1
1717.02
1628.94
1540.87
1452.79
1364.71
1276.64
1188.56
1100.48
1012.4
924.326
836.249
748.173
660.105
572.042
483.918
395.657
307.766
220.923
130.874
41.751
8803.4
8645.42
8578.13
8506.39
8416.31
8324.76
8236.05
8148.15
8060.02
7971.7
7883.35
7795.05
7706.79
7618.57
7530.39
7442.23
7354.09
7265.97
7177.86
7089.76
7001.67
6913.58
6825.5
6737.42
6649.34
6561.26
6473.18
6385.1
6297.02
6208.95
6120.87
6032.79
5944.72
5856.64
5768.56
5680.48
5592.41
5504.33
5416.25
5328.18
5240.1
5152.02
5063.95
4975.87
4887.79
4799.71
4711.64
4623.56
4535.48
4447.41
4359.33
4271.25
4183.18
4095.1
4007.02
3918.94
3830.87
3742.79
3654.71
3566.64
3478.56
3390.48
3302.41
3214.33
3126.25
3038.18
2950.1
2862.02
2773.94
2685.87
2597.79
2509.71
2421.64
2333.56
2245.48
2157.41
2069.33
1981.25
1893.17
1805.1
1717.02
1628.94
1540.87
1452.79
1364.71
1276.64
1188.56
1100.48
1012.4
924.327
836.249
748.174
660.105
572.042
483.919
395.659
307.765
220.917
130.875
41.7534
8803.11
8645.07
8577.51
8505.58
8415.53
8324.09
8235.46
8147.65
8059.61
7971.37
7883.1
7794.86
7706.65
7618.47
7530.32
7442.18
7354.06
7265.95
7177.85
7089.75
7001.66
6913.58
6825.5
6737.42
6649.34
6561.26
6473.18
6385.1
6297.02
6208.95
6120.87
6032.79
5944.72
5856.64
5768.56
5680.48
5592.41
5504.33
5416.25
5328.18
5240.1
5152.02
5063.95
4975.87
4887.79
4799.71
4711.64
4623.56
4535.48
4447.41
4359.33
4271.25
4183.18
4095.1
4007.02
3918.94
3830.87
3742.79
3654.71
3566.64
3478.56
3390.48
3302.41
3214.33
3126.25
3038.18
2950.1
2862.02
2773.94
2685.87
2597.79
2509.71
2421.64
2333.56
2245.48
2157.41
2069.33
1981.25
1893.17
1805.1
1717.02
1628.94
1540.87
1452.79
1364.71
1276.64
1188.56
1100.48
1012.4
924.327
836.25
748.174
660.106
572.042
483.92
395.661
307.763
220.91
130.876
41.7571
8802.68
8644.61
8576.73
8504.59
8414.61
8323.3
8234.78
8147.07
8059.14
7971
7882.82
7794.65
7706.5
7618.36
7530.24
7442.12
7354.02
7265.92
7177.83
7089.74
7001.66
6913.57
6825.49
6737.41
6649.33
6561.26
6473.18
6385.1
6297.02
6208.95
6120.87
6032.79
5944.72
5856.64
5768.56
5680.48
5592.41
5504.33
5416.25
5328.18
5240.1
5152.02
5063.95
4975.87
4887.79
4799.71
4711.64
4623.56
4535.48
4447.41
4359.33
4271.25
4183.18
4095.1
4007.02
3918.94
3830.87
3742.79
3654.71
3566.64
3478.56
3390.48
3302.41
3214.33
3126.25
3038.18
2950.1
2862.02
2773.94
2685.87
2597.79
2509.71
2421.64
2333.56
2245.48
2157.41
2069.33
1981.25
1893.17
1805.1
1717.02
1628.94
1540.87
1452.79
1364.71
1276.64
1188.56
1100.48
1012.4
924.327
836.25
748.175
660.106
572.042
483.921
395.664
307.76
220.899
130.877
41.7628
8802.06
8644.05
8575.78
8503.42
8413.54
8322.41
8234.03
8146.43
8058.62
7970.6
7882.52
7794.42
7706.33
7618.24
7530.15
7442.06
7353.98
7265.89
7177.81
7089.73
7001.65
6913.57
6825.49
6737.41
6649.33
6561.25
6473.18
6385.1
6297.02
6208.95
6120.87
6032.79
5944.72
5856.64
5768.56
5680.48
5592.41
5504.33
5416.25
5328.18
5240.1
5152.02
5063.95
4975.87
4887.79
4799.71
4711.64
4623.56
4535.48
4447.41
4359.33
4271.25
4183.18
4095.1
4007.02
3918.94
3830.87
3742.79
3654.71
3566.64
3478.56
3390.48
3302.41
3214.33
3126.25
3038.18
2950.1
2862.02
2773.94
2685.87
2597.79
2509.71
2421.64
2333.56
2245.48
2157.41
2069.33
1981.25
1893.17
1805.1
1717.02
1628.94
1540.87
1452.79
1364.71
1276.64
1188.56
1100.48
1012.41
924.328
836.251
748.175
660.106
572.042
483.922
395.669
307.759
220.886
130.879
41.7715
8801.17
8643.36
8574.66
8502.06
8412.35
8321.43
8233.2
8145.75
8058.07
7970.17
7882.19
7794.18
7706.16
7618.12
7530.06
7442
7353.93
7265.86
7177.79
7089.71
7001.64
6913.56
6825.48
6737.41
6649.33
6561.25
6473.18
6385.1
6297.02
6208.95
6120.87
6032.79
5944.72
5856.64
5768.56
5680.48
5592.41
5504.33
5416.25
5328.18
5240.1
5152.02
5063.95
4975.87
4887.79
4799.71
4711.64
4623.56
4535.48
4447.41
4359.33
4271.25
4183.18
4095.1
4007.02
3918.94
3830.87
3742.79
3654.71
3566.64
3478.56
3390.48
3302.41
3214.33
3126.25
3038.18
2950.1
2862.02
2773.94
2685.87
2597.79
2509.71
2421.64
2333.56
2245.48
2157.41
2069.33
1981.25
1893.17
1805.1
1717.02
1628.94
1540.87
1452.79
1364.71
1276.64
1188.56
1100.48
1012.41
924.328
836.251
748.176
660.106
572.042
483.924
395.674
307.757
220.87
130.881
41.7843
8799.94
8642.53
8573.36
8500.52
8411.04
8320.39
8232.34
8145.03
8057.5
7969.73
7881.86
7793.94
7705.98
7617.99
7529.97
7441.93
7353.89
7265.83
7177.77
7089.7
7001.63
6913.55
6825.48
6737.4
6649.33
6561.25
6473.18
6385.1
6297.02
6208.95
6120.87
6032.79
5944.71
5856.64
5768.56
5680.48
5592.41
5504.33
5416.25
5328.18
5240.1
5152.02
5063.95
4975.87
4887.79
4799.71
4711.64
4623.56
4535.48
4447.41
4359.33
4271.25
4183.18
4095.1
4007.02
3918.94
3830.87
3742.79
3654.71
3566.64
3478.56
3390.48
3302.41
3214.33
3126.25
3038.18
2950.1
2862.02
2773.94
2685.87
2597.79
2509.71
2421.64
2333.56
2245.48
2157.41
2069.33
1981.25
1893.17
1805.1
1717.02
1628.94
1540.87
1452.79
1364.71
1276.64
1188.56
1100.48
1012.41
924.329
836.252
748.176
660.107
572.041
483.925
395.68
307.757
220.849
130.884
41.8027
8798.29
8641.57
8571.88
8498.81
8409.64
8319.32
8231.47
8144.31
8056.93
7969.29
7881.53
7793.7
7705.8
7617.86
7529.88
7441.87
7353.84
7265.8
7177.75
7089.68
7001.62
6913.55
6825.48
6737.4
6649.33
6561.25
6473.18
6385.1
6297.02
6208.95
6120.87
6032.79
5944.71
5856.64
5768.56
5680.48
5592.41
5504.33
5416.25
5328.18
5240.1
5152.02
5063.95
4975.87
4887.79
4799.71
4711.64
4623.56
4535.48
4447.41
4359.33
4271.25
4183.18
4095.1
4007.02
3918.94
3830.87
3742.79
3654.71
3566.64
3478.56
3390.48
3302.41
3214.33
3126.25
3038.18
2950.1
2862.02
2773.94
2685.87
2597.79
2509.71
2421.64
2333.56
2245.48
2157.41
2069.33
1981.25
1893.17
1805.1
1717.02
1628.94
1540.87
1452.79
1364.71
1276.64
1188.56
1100.48
1012.41
924.329
836.253
748.177
660.107
572.041
483.926
395.688
307.758
220.824
130.889
41.8285
8796.12
8640.48
8570.26
8496.98
8408.21
8318.26
8230.61
8143.61
8056.38
7968.88
7881.22
7793.47
7705.63
7617.74
7529.79
7441.81
7353.8
7265.77
7177.73
7089.67
7001.61
6913.54
6825.47
6737.4
6649.33
6561.25
6473.17
6385.1
6297.02
6208.95
6120.87
6032.79
5944.71
5856.64
5768.56
5680.48
5592.41
5504.33
5416.25
5328.18
5240.1
5152.02
5063.95
4975.87
4887.79
4799.71
4711.64
4623.56
4535.48
4447.41
4359.33
4271.25
4183.18
4095.1
4007.02
3918.94
3830.87
3742.79
3654.71
3566.64
3478.56
3390.48
3302.41
3214.33
3126.25
3038.18
2950.1
2862.02
2773.94
2685.87
2597.79
2509.71
2421.64
2333.56
2245.48
2157.41
2069.33
1981.25
1893.17
1805.1
1717.02
1628.94
1540.87
1452.79
1364.71
1276.64
1188.56
1100.48
1012.41
924.33
836.253
748.178
660.107
572.04
483.928
395.697
307.761
220.792
130.895
41.8637
8793.4
8639.31
8568.55
8495.09
8406.8
8317.25
8229.81
8142.96
8055.86
7968.49
7880.93
7793.25
7705.48
7617.63
7529.71
7441.75
7353.76
7265.74
7177.71
7089.66
7001.6
6913.54
6825.47
6737.4
6649.32
6561.25
6473.17
6385.1
6297.02
6208.95
6120.87
6032.79
5944.71
5856.64
5768.56
5680.48
5592.41
5504.33
5416.25
5328.18
5240.1
5152.02
5063.95
4975.87
4887.79
4799.71
4711.64
4623.56
4535.48
4447.41
4359.33
4271.25
4183.18
4095.1
4007.02
3918.94
3830.87
3742.79
3654.71
3566.64
3478.56
3390.48
3302.41
3214.33
3126.25
3038.18
2950.1
2862.02
2773.94
2685.87
2597.79
2509.71
2421.64
2333.56
2245.48
2157.41
2069.33
1981.25
1893.17
1805.1
1717.02
1628.94
1540.87
1452.79
1364.71
1276.64
1188.56
1100.48
1012.41
924.33
836.254
748.178
660.108
572.04
483.928
395.708
307.767
220.755
130.905
41.9107
8790.12
8638.14
8566.85
8493.21
8405.47
8316.33
8229.08
8142.38
8055.41
7968.14
7880.68
7793.07
7705.34
7617.53
7529.64
7441.7
7353.73
7265.72
7177.69
7089.65
7001.59
6913.53
6825.46
6737.39
6649.32
6561.25
6473.17
6385.1
6297.02
6208.94
6120.87
6032.79
5944.71
5856.64
5768.56
5680.48
5592.41
5504.33
5416.25
5328.18
5240.1
5152.02
5063.95
4975.87
4887.79
4799.71
4711.64
4623.56
4535.48
4447.41
4359.33
4271.25
4183.18
4095.1
4007.02
3918.94
3830.87
3742.79
3654.71
3566.64
3478.56
3390.48
3302.41
3214.33
3126.25
3038.18
2950.1
2862.02
2773.94
2685.87
2597.79
2509.71
2421.64
2333.56
2245.48
2157.41
2069.33
1981.25
1893.17
1805.1
1717.02
1628.94
1540.87
1452.79
1364.71
1276.64
1188.56
1100.48
1012.41
924.331
836.254
748.179
660.108
572.039
483.929
395.719
307.774
220.71
130.919
41.9715
8786.43
8637.11
8565.29
8491.47
8404.31
8315.56
8228.48
8141.89
8055.03
7967.86
7880.46
7792.91
7705.23
7617.45
7529.58
7441.66
7353.7
7265.7
7177.68
7089.64
7001.59
6913.53
6825.46
6737.39
6649.32
6561.25
6473.17
6385.1
6297.02
6208.94
6120.87
6032.79
5944.71
5856.64
5768.56
5680.48
5592.41
5504.33
5416.25
5328.18
5240.1
5152.02
5063.95
4975.87
4887.79
4799.71
4711.64
4623.56
4535.48
4447.41
4359.33
4271.25
4183.18
4095.1
4007.02
3918.94
3830.87
3742.79
3654.71
3566.64
3478.56
3390.48
3302.41
3214.33
3126.25
3038.18
2950.1
2862.02
2773.94
2685.87
2597.79
2509.71
2421.64
2333.56
2245.48
2157.41
2069.33
1981.25
1893.17
1805.1
1717.02
1628.94
1540.87
1452.79
1364.71
1276.64
1188.56
1100.48
1012.41
924.331
836.255
748.18
660.108
572.038
483.929
395.73
307.785
220.658
130.939
42.0473
8782.64
8636.42
8564.05
8490
8403.39
8314.99
8228.03
8141.52
8054.74
7967.64
7880.3
7792.79
7705.14
7617.38
7529.54
7441.63
7353.68
7265.68
7177.67
7089.63
7001.58
6913.52
6825.46
6737.39
6649.32
6561.25
6473.17
6385.1
6297.02
6208.94
6120.87
6032.79
5944.71
5856.64
5768.56
5680.48
5592.41
5504.33
5416.25
5328.18
5240.1
5152.02
5063.95
4975.87
4887.79
4799.71
4711.64
4623.56
4535.48
4447.41
4359.33
4271.25
4183.18
4095.1
4007.02
3918.94
3830.87
3742.79
3654.71
3566.64
3478.56
3390.48
3302.41
3214.33
3126.25
3038.18
2950.1
2862.02
2773.94
2685.87
2597.79
2509.71
2421.64
2333.56
2245.48
2157.41
2069.33
1981.25
1893.17
1805.1
1717.02
1628.94
1540.87
1452.79
1364.71
1276.64
1188.56
1100.48
1012.41
924.331
836.255
748.18
660.109
572.037
483.928
395.742
307.797
220.599
130.966
42.1383
8779.25
8636.34
8563.31
8488.92
8402.78
8314.65
8227.76
8141.28
8054.56
7967.5
7880.2
7792.72
7705.09
7617.34
7529.51
7441.61
7353.66
7265.67
7177.66
7089.63
7001.58
6913.52
6825.46
6737.39
6649.32
6561.25
6473.17
6385.1
6297.02
6208.94
6120.87
6032.79
5944.71
5856.64
5768.56
5680.48
5592.41
5504.33
5416.25
5328.18
5240.1
5152.02
5063.95
4975.87
4887.79
4799.71
4711.64
4623.56
4535.48
4447.41
4359.33
4271.25
4183.18
4095.1
4007.02
3918.94
3830.87
3742.79
3654.71
3566.64
3478.56
3390.48
3302.41
3214.33
3126.25
3038.18
2950.1
2862.02
2773.94
2685.87
2597.79
2509.71
2421.64
2333.56
2245.48
2157.41
2069.33
1981.25
1893.17
1805.1
1717.02
1628.94
1540.87
1452.79
1364.71
1276.64
1188.56
1100.48
1012.41
924.332
836.256
748.181
660.109
572.036
483.927
395.754
307.81
220.535
130.999
42.2413
8777.13
8637.1
8563.16
8488.31
8402.51
8314.57
8227.69
8141.2
8054.49
7967.45
7880.16
7792.69
7705.07
7617.33
7529.5
7441.6
7353.66
7265.67
7177.66
7089.62
7001.58
6913.52
6825.46
6737.39
6649.32
6561.25
6473.17
6385.1
6297.02
6208.94
6120.87
6032.79
5944.71
5856.64
5768.56
5680.48
5592.41
5504.33
5416.25
5328.18
5240.1
5152.02
5063.95
4975.87
4887.79
4799.71
4711.64
4623.56
4535.48
4447.41
4359.33
4271.25
4183.18
4095.1
4007.02
3918.94
3830.87
3742.79
3654.71
3566.64
3478.56
3390.48
3302.41
3214.33
3126.25
3038.18
2950.1
2862.02
2773.94
2685.87
2597.79
2509.71
2421.64
2333.56
2245.48
2157.41
2069.33
1981.25
1893.17
1805.1
1717.02
1628.94
1540.87
1452.79
1364.71
1276.64
1188.56
1100.48
1012.41
924.332
836.256
748.181
660.109
572.034
483.926
395.764
307.824
220.469
131.032
42.3451
8777.45
8638.72
8563.47
8488.15
8402.59
8314.74
8227.8
8141.27
8054.53
7967.48
7880.19
7792.71
7705.08
7617.34
7529.51
7441.61
7353.66
7265.67
7177.66
7089.62
7001.58
6913.52
6825.46
6737.39
6649.32
6561.25
6473.17
6385.1
6297.02
6208.94
6120.87
6032.79
5944.71
5856.64
5768.56
5680.48
5592.41
5504.33
5416.25
5328.18
5240.1
5152.02
5063.95
4975.87
4887.79
4799.71
4711.64
4623.56
4535.48
4447.41
4359.33
4271.25
4183.18
4095.1
4007.02
3918.94
3830.87
3742.79
3654.71
3566.64
3478.56
3390.48
3302.41
3214.33
3126.25
3038.18
2950.1
2862.02
2773.94
2685.87
2597.79
2509.71
2421.64
2333.56
2245.48
2157.41
2069.33
1981.25
1893.17
1805.1
1717.02
1628.94
1540.87
1452.79
1364.71
1276.64
1188.56
1100.48
1012.41
924.332
836.256
748.181
660.108
572.033
483.924
395.773
307.839
220.408
131.059
42.4376
8781
8640.45
8563.87
8488.32
8402.96
8315.09
8228.05
8141.44
8054.66
7967.58
7880.26
7792.76
7705.12
7617.36
7529.53
7441.62
7353.67
7265.68
7177.66
7089.63
7001.58
6913.52
6825.46
6737.39
6649.32
6561.25
6473.17
6385.1
6297.02
6208.94
6120.87
6032.79
5944.71
5856.64
5768.56
5680.48
5592.41
5504.33
5416.25
5328.18
5240.1
5152.02
5063.95
4975.87
4887.79
4799.71
4711.64
4623.56
4535.48
4447.41
4359.33
4271.25
4183.18
4095.1
4007.02
3918.94
3830.87
3742.79
3654.71
3566.64
3478.56
3390.48
3302.41
3214.33
3126.25
3038.18
2950.1
2862.02
2773.94
2685.87
2597.79
2509.71
2421.64
2333.56
2245.48
2157.41
2069.33
1981.25
1893.17
1805.1
1717.02
1628.94
1540.87
1452.79
1364.71
1276.64
1188.56
1100.48
1012.41
924.331
836.256
748.181
660.108
572.031
483.922
395.778
307.855
220.372
131.056
42.4822
)
;

boundaryField
{
    inlet
    {
        type            calculated;
        value           nonuniform List<scalar> 
40
(
8781
8777.45
8777.13
8779.25
8782.64
8786.43
8790.12
8793.4
8796.12
8798.29
8799.94
8801.17
8802.06
8802.68
8803.11
8803.4
8803.58
8803.7
8803.76
8803.79
8803.79
8803.76
8803.7
8803.58
8803.4
8803.11
8802.68
8802.06
8801.17
8799.94
8798.29
8796.12
8793.4
8790.12
8786.43
8782.64
8779.25
8777.13
8777.45
8781
)
;
    }
    outlet
    {
        type            calculated;
        value           nonuniform List<scalar> 
40
(
-0.4905
-0.4905
-0.4905
-0.4905
-0.4905
-0.4905
-0.4905
-0.4905
-0.4905
-0.4905
-0.4905
-0.4905
-0.4905
-0.4905
-0.4905
-0.4905
-0.4905
-0.4905
-0.4905
-0.4905
-0.4905
-0.4905
-0.4905
-0.4905
-0.4905
-0.4905
-0.4905
-0.4905
-0.4905
-0.4905
-0.4905
-0.4905
-0.4905
-0.4905
-0.4905
-0.4905
-0.4905
-0.4905
-0.4905
-0.4905
)
;
    }
    lowerWall
    {
        type            calculated;
        value           nonuniform List<scalar> 
100
(
8781
8640.45
8563.87
8488.32
8402.96
8315.09
8228.05
8141.44
8054.66
7967.58
7880.26
7792.76
7705.12
7617.37
7529.53
7441.62
7353.67
7265.68
7177.66
7089.63
7001.58
6913.52
6825.46
6737.39
6649.32
6561.25
6473.17
6385.1
6297.02
6208.94
6120.87
6032.79
5944.71
5856.64
5768.56
5680.48
5592.41
5504.33
5416.25
5328.18
5240.1
5152.02
5063.95
4975.87
4887.79
4799.71
4711.64
4623.56
4535.48
4447.41
4359.33
4271.25
4183.18
4095.1
4007.02
3918.95
3830.87
3742.79
3654.71
3566.64
3478.56
3390.48
3302.41
3214.33
3126.25
3038.18
2950.1
2862.02
2773.94
2685.87
2597.79
2509.71
2421.64
2333.56
2245.48
2157.41
2069.33
1981.25
1893.18
1805.1
1717.02
1628.94
1540.87
1452.79
1364.71
1276.64
1188.56
1100.48
1012.41
924.332
836.256
748.181
660.108
572.031
483.922
395.778
307.855
220.372
131.056
42.4823
)
;
    }
    upperWall
    {
        type            calculated;
        value           nonuniform List<scalar> 
100
(
8781
8640.45
8563.87
8488.32
8402.96
8315.09
8228.05
8141.44
8054.66
7967.58
7880.26
7792.76
7705.12
7617.36
7529.53
7441.62
7353.67
7265.68
7177.66
7089.63
7001.58
6913.52
6825.46
6737.39
6649.32
6561.25
6473.17
6385.1
6297.02
6208.94
6120.87
6032.79
5944.71
5856.64
5768.56
5680.48
5592.41
5504.33
5416.25
5328.18
5240.1
5152.02
5063.95
4975.87
4887.79
4799.71
4711.64
4623.56
4535.48
4447.41
4359.33
4271.25
4183.18
4095.1
4007.02
3918.94
3830.87
3742.79
3654.71
3566.64
3478.56
3390.48
3302.41
3214.33
3126.25
3038.18
2950.1
2862.02
2773.94
2685.87
2597.79
2509.71
2421.64
2333.56
2245.48
2157.41
2069.33
1981.25
1893.17
1805.1
1717.02
1628.94
1540.87
1452.79
1364.71
1276.64
1188.56
1100.48
1012.41
924.331
836.256
748.181
660.108
572.031
483.922
395.778
307.855
220.372
131.056
42.4822
)
;
    }
    frontAndBack
    {
        type            empty;
    }
}


// ************************************************************************* //
