/*--------------------------------*- C++ -*----------------------------------*\
| =========                 |                                                 |
| \\      /  F ield         | foam-extend: Open Source CFD                    |
|  \\    /   O peration     | Version:     5.0                                |
|   \\  /    A nd           | Web:         http://www.foam-extend.org         |
|    \\/     M anipulation  |                                                 |
\*---------------------------------------------------------------------------*/
FoamFile
{
    version     2.0;
    format      ascii;
    class       surfaceScalarField;
    location    "0.015";
    object      phi;
}
// * * * * * * * * * * * * * * * * * * * * * * * * * * * * * * * * * * * * * //

dimensions      [0 3 -1 0 0 0 0];

internalField   nonuniform List<scalar> 
7860
(
0.00411222
0.000887779
0.00377843
0.00033379
0.00389086
-0.000112428
0.00417609
-0.000285232
0.0043957
-0.000219614
0.00453394
-0.000138232
0.00463291
-9.89732e-05
0.00471103
-7.8118e-05
0.00477242
-6.13943e-05
0.0048195
-4.70748e-05
0.00485498
-3.54799e-05
0.00488137
-2.63932e-05
0.00490077
-1.93968e-05
0.00491485
-1.40837e-05
0.00492495
-1.01018e-05
0.00493212
-7.16279e-06
0.00493714
-5.02297e-06
0.00494062
-3.48629e-06
0.00494302
-2.39617e-06
0.00494465
-1.63219e-06
0.00494576
-1.1023e-06
0.00494649
-7.38604e-07
0.00494699
-4.91183e-07
0.00494731
-3.24398e-07
0.00494752
-2.12805e-07
0.00494766
-1.38732e-07
0.00494775
-8.99071e-08
0.00494781
-5.79265e-08
0.00494785
-3.71104e-08
0.00494787
-2.36429e-08
0.00494789
-1.49706e-08
0.0049479
-9.42064e-09
0.0049479
-5.88568e-09
0.0049479
-3.644e-09
0.00494791
-2.23081e-09
0.00494791
-1.34093e-09
0.00494791
-7.85549e-10
0.00494791
-4.40511e-10
0.00494791
-2.28549e-10
0.00494791
-9.52555e-11
0.00494791
-1.63095e-11
0.00494791
2.85925e-11
0.00494791
5.79503e-11
0.00494791
7.3639e-11
0.00494791
8.18195e-11
0.00494791
8.55416e-11
0.00494791
8.65119e-11
0.00494791
8.58421e-11
0.00494791
8.38853e-11
0.00494791
8.08558e-11
0.00494791
8.34415e-11
0.00494791
7.89489e-11
0.00494791
6.83531e-11
0.00494791
7.92655e-11
0.00494791
7.5427e-11
0.00494791
6.45527e-11
0.00494791
6.30196e-11
0.00494791
5.67828e-11
0.00494791
5.53775e-11
0.00494791
5.6027e-11
0.00494791
5.31447e-11
0.00494791
4.64312e-11
0.00494791
4.33367e-11
0.00494791
3.93746e-11
0.00494791
3.5472e-11
0.00494791
3.17523e-11
0.00494791
2.84178e-11
0.00494791
2.60709e-11
0.00494791
2.5353e-11
0.00494791
2.74826e-11
0.00494791
3.4312e-11
0.00494791
4.8778e-11
0.00494791
7.5243e-11
0.00494791
1.20511e-10
0.00494791
1.94805e-10
0.00494791
3.12942e-10
0.00494791
4.97464e-10
0.00494791
7.80755e-10
0.00494791
1.20869e-09
0.00494791
1.84587e-09
0.0049479
2.7812e-09
0.0049479
4.13242e-09
0.00494789
6.05395e-09
0.00494788
8.73715e-09
0.00494787
1.24127e-08
0.00494786
1.73374e-08
0.00494783
2.37884e-08
0.0049478
3.20505e-08
0.00494776
4.25659e-08
0.0049477
5.63696e-08
0.00494763
7.45896e-08
0.00494754
8.69655e-08
0.0049475
3.88412e-08
0.00494758
-8.0607e-08
0.00494713
4.49756e-07
0.00494423
2.90382e-06
0.00494326
9.68969e-07
0.00496543
-2.2167e-05
0.00494222
2.32041e-05
4.20249e-05
0.00704366
-0.00115588
0.00768657
-0.000309123
0.00818614
-0.000611994
0.00876358
-0.000862674
0.00926023
-0.000716266
0.0096239
-0.000501905
0.00988899
-0.000364062
0.0100889
-0.000278063
0.0102414
-0.000213888
0.0103569
-0.000162531
0.0104432
-0.000121827
0.010507
-9.01326e-05
0.0105534
-6.58683e-05
0.0105869
-4.75627e-05
0.0106108
-3.39429e-05
0.0106276
-2.39544e-05
0.0106393
-1.67263e-05
0.0106473
-1.15628e-05
0.0106529
-7.91825e-06
0.0106566
-5.37499e-06
0.0106591
-3.61846e-06
0.0106608
-2.4172e-06
0.0106619
-1.60297e-06
0.0106626
-1.05578e-06
0.0106631
-6.90858e-07
0.0106634
-4.49307e-07
0.0106636
-2.90489e-07
0.0106638
-1.86745e-07
0.0106638
-1.19379e-07
0.0106639
-7.58859e-08
0.0106639
-4.79494e-08
0.0106639
-3.01049e-08
0.010664
-1.87624e-08
0.010664
-1.15841e-08
0.010664
-7.06657e-09
0.010664
-4.22945e-09
0.010664
-2.46185e-09
0.010664
-1.36614e-09
0.010664
-6.93452e-10
0.010664
-2.75059e-10
0.010664
-2.66088e-11
0.010664
1.15875e-10
0.010664
2.05217e-10
0.010664
2.53017e-10
0.010664
2.77253e-10
0.010664
2.87368e-10
0.010664
2.8897e-10
0.010664
2.85368e-10
0.010664
2.7827e-10
0.010664
2.69686e-10
0.010664
2.64389e-10
0.010664
2.59439e-10
0.010664
2.47361e-10
0.010664
2.49307e-10
0.010664
2.3153e-10
0.010664
2.11243e-10
0.010664
2.04077e-10
0.010664
1.8665e-10
0.010664
1.79328e-10
0.010664
1.76529e-10
0.010664
1.64186e-10
0.010664
1.45273e-10
0.010664
1.32977e-10
0.010664
1.1821e-10
0.010664
1.03813e-10
0.010664
8.9784e-11
0.010664
7.68812e-11
0.010664
6.67691e-11
0.010664
6.17508e-11
0.010664
6.55793e-11
0.010664
8.43893e-11
0.010664
1.27508e-10
0.010664
2.09323e-10
0.010664
3.51848e-10
0.010664
5.88567e-10
0.010664
9.6864e-10
0.010664
1.56612e-09
0.010664
2.48899e-09
0.010664
3.89117e-09
0.010664
5.9905e-09
0.010664
9.08983e-09
0.010664
1.35967e-08
0.0106639
2.00493e-08
0.0106639
2.91309e-08
0.0106639
4.16802e-08
0.0106639
5.86714e-08
0.0106638
8.11865e-08
0.0106637
1.10357e-07
0.0106636
1.47444e-07
0.0106635
1.93952e-07
0.0106633
2.49391e-07
0.0106631
2.9468e-07
0.0106629
2.69427e-07
0.0106625
2.98013e-07
0.0106613
1.65515e-06
0.0106589
5.24482e-06
0.0106617
-1.82283e-06
0.0106781
-3.85385e-05
0.0106492
5.20591e-05
8.10168e-05
0.0074601
-0.00361598
0.00886166
-0.00171069
0.00978149
-0.00153182
0.0105385
-0.00161969
0.011154
-0.00133172
0.011626
-0.000973945
0.0119798
-0.000717841
0.0122453
-0.000543566
0.0124447
-0.000413317
0.0125936
-0.000311459
0.0127038
-0.000231961
0.0127843
-0.000170639
0.0128425
-0.000124045
0.012884
-8.91302e-05
0.0129134
-6.332e-05
0.0129339
-4.45006e-05
0.0129482
-3.09546e-05
0.0129579
-2.13237e-05
0.0129646
-1.45555e-05
0.012969
-9.85097e-06
0.012972
-6.61347e-06
0.012974
-4.40657e-06
0.0129753
-2.91528e-06
0.0129762
-1.91581e-06
0.0129768
-1.25101e-06
0.0129771
-8.12023e-07
0.0129774
-5.24008e-07
0.0129775
-3.36265e-07
0.0129776
-2.14597e-07
0.0129777
-1.36184e-07
0.0129777
-8.59109e-08
0.0129777
-5.38496e-08
0.0129777
-3.35026e-08
0.0129778
-2.06449e-08
0.0129778
-1.25645e-08
0.0129778
-7.49921e-09
0.0129778
-4.3481e-09
0.0129778
-2.39799e-09
0.0129778
-1.20195e-09
0.0129778
-4.63736e-10
0.0129778
-2.49118e-11
0.0129778
2.27949e-10
0.0129778
3.81843e-10
0.0129778
4.6364e-10
0.0129778
5.03926e-10
0.0129778
5.19289e-10
0.0129778
5.19761e-10
0.0129778
5.11168e-10
0.0129778
4.96904e-10
0.0129778
4.80546e-10
0.0129778
4.6154e-10
0.0129778
4.59209e-10
0.0129778
4.58326e-10
0.0129778
4.20723e-10
0.0129778
3.8267e-10
0.0129778
3.70116e-10
0.0129778
3.52738e-10
0.0129778
3.24537e-10
0.0129778
3.07221e-10
0.0129778
2.93598e-10
0.0129778
2.66696e-10
0.0129778
2.37216e-10
0.0129778
2.10291e-10
0.0129778
1.8095e-10
0.0129778
1.52018e-10
0.0129778
1.23388e-10
0.0129778
9.64889e-11
0.0129778
7.41541e-11
0.0129778
6.06316e-11
0.0129778
6.26094e-11
0.0129778
9.11895e-11
0.0129778
1.63141e-10
0.0129778
3.04605e-10
0.0129778
5.55487e-10
0.0129778
9.76671e-10
0.0129778
1.65862e-09
0.0129778
2.73678e-09
0.0129778
4.41003e-09
0.0129778
6.96431e-09
0.0129778
1.0806e-08
0.0129777
1.65041e-08
0.0129777
2.48328e-08
0.0129777
3.68227e-08
0.0129777
5.38028e-08
0.0129777
7.74298e-08
0.0129776
1.09675e-07
0.0129775
1.52781e-07
0.0129774
2.09151e-07
0.0129773
2.81325e-07
0.0129771
3.71851e-07
0.0129769
4.80601e-07
0.0129766
5.89177e-07
0.0129762
6.52619e-07
0.0129756
8.70797e-07
0.0129747
2.59317e-06
0.0129739
6.03629e-06
0.012976
-3.90001e-06
0.0129781
-4.06913e-05
0.0129664
6.38407e-05
9.0751e-05
0.00688606
-0.00550203
0.00839154
-0.00321616
0.00950151
-0.00264179
0.0103318
-0.00244995
0.0109756
-0.00197553
0.0114772
-0.0014756
0.011861
-0.00110159
0.0121503
-0.000832895
0.0123665
-0.000629492
0.0125266
-0.000471616
0.0126441
-0.000349459
0.0127294
-0.000255894
0.0127906
-0.000185231
0.012834
-0.000132566
0.0128645
-9.38324e-05
0.0128858
-6.5721e-05
0.0129004
-4.55732e-05
0.0129104
-3.13041e-05
0.0129171
-2.1312e-05
0.0129216
-1.43886e-05
0.0129247
-9.63827e-06
0.0129267
-6.4087e-06
0.012928
-4.23172e-06
0.0129289
-2.77595e-06
0.0129294
-1.80966e-06
0.0129298
-1.17279e-06
0.01293
-7.55707e-07
0.0129302
-4.8427e-07
0.0129302
-3.08637e-07
0.0129303
-1.9561e-07
0.0129303
-1.23246e-07
0.0129304
-7.71543e-08
0.0129304
-4.79377e-08
0.0129304
-2.94961e-08
0.0129304
-1.79188e-08
0.0129304
-1.06724e-08
0.0129304
-6.16947e-09
0.0129304
-3.38602e-09
0.0129304
-1.67957e-09
0.0129304
-6.35538e-10
0.0129304
-1.23382e-11
0.0129304
3.50419e-10
0.0129304
5.6312e-10
0.0129304
6.75919e-10
0.0129304
7.30067e-10
0.0129304
7.48946e-10
0.0129304
7.46822e-10
0.0129304
7.3206e-10
0.0129304
7.09775e-10
0.0129304
6.84783e-10
0.0129304
6.57487e-10
0.0129304
6.51342e-10
0.0129304
6.43203e-10
0.0129304
5.7239e-10
0.0129304
5.27203e-10
0.0129304
5.17285e-10
0.0129304
4.86718e-10
0.0129304
4.57501e-10
0.0129304
4.24539e-10
0.0129304
3.82683e-10
0.0129304
3.46905e-10
0.0129304
3.1274e-10
0.0129304
2.65547e-10
0.0129304
2.1994e-10
0.0129304
1.74575e-10
0.0129304
1.29247e-10
0.0129304
8.60433e-11
0.0129304
4.89375e-11
0.0129304
2.4075e-11
0.0129304
2.11186e-11
0.0129304
5.6006e-11
0.0129304
1.52949e-10
0.0129304
3.4975e-10
0.0129304
7.04233e-10
0.0129304
1.30467e-09
0.0129304
2.28339e-09
0.0129304
3.83793e-09
0.0129304
6.25925e-09
0.0129304
9.96879e-09
0.0129304
1.55678e-08
0.0129304
2.39016e-08
0.0129304
3.61297e-08
0.0129304
5.38065e-08
0.0129303
7.89553e-08
0.0129303
1.14127e-07
0.0129302
1.62401e-07
0.0129302
2.27332e-07
0.0129301
3.128e-07
0.0129299
4.22904e-07
0.0129297
5.61836e-07
0.0129295
7.3163e-07
0.0129292
9.18251e-07
0.0129287
1.08446e-06
0.0129282
1.41488e-06
0.0129277
3.10188e-06
0.0129276
6.09194e-06
0.0129275
-3.78544e-06
0.012922
-3.51666e-05
0.0129251
6.07256e-05
8.07396e-05
0.00605392
-0.00655595
0.007253
-0.00441524
0.0082795
-0.00366829
0.00906184
-0.0032323
0.00967041
-0.0025841
0.0101523
-0.00195746
0.0105271
-0.00147639
0.0108122
-0.00111802
0.0110257
-0.000843017
0.0111837
-0.000629578
0.0112992
-0.000464966
0.0113827
-0.000339393
0.0114424
-0.000244918
0.0114846
-0.000174769
0.0115141
-0.000123364
0.0115346
-8.61837e-05
0.0115486
-5.96211e-05
0.0115582
-4.08637e-05
0.0115646
-2.77643e-05
0.011569
-1.871e-05
0.0115718
-1.25115e-05
0.0115737
-8.30604e-06
0.011575
-5.47652e-06
0.0115758
-3.58765e-06
0.0115763
-2.33587e-06
0.0115767
-1.51202e-06
0.0115769
-9.7322e-07
0.011577
-6.22997e-07
0.0115771
-3.96646e-07
0.0115772
-2.51146e-07
0.0115772
-1.58091e-07
0.0115772
-9.8873e-08
0.0115772
-6.1368e-08
0.0115772
-3.77139e-08
0.0115772
-2.28744e-08
0.0115772
-1.36003e-08
0.0115772
-7.84073e-09
0.0115772
-4.28325e-09
0.0115772
-2.09982e-09
0.0115772
-7.83746e-10
0.0115772
1.17626e-11
0.0115772
4.8633e-10
0.0115772
7.46307e-10
0.0115772
8.86327e-10
0.0115772
9.52172e-10
0.0115772
9.73217e-10
0.0115772
9.6764e-10
0.0115772
9.46238e-10
0.0115772
9.15808e-10
0.0115772
8.82103e-10
0.0115772
8.47149e-10
0.0115772
8.35159e-10
0.0115772
8.10033e-10
0.0115772
7.11044e-10
0.0115772
6.68515e-10
0.0115772
6.59012e-10
0.0115772
6.16171e-10
0.0115772
5.79752e-10
0.0115772
5.26062e-10
0.0115772
4.60277e-10
0.0115772
4.1728e-10
0.0115772
3.77457e-10
0.0115772
3.09233e-10
0.0115772
2.46801e-10
0.0115772
1.84373e-10
0.0115772
1.21657e-10
0.0115772
6.1351e-11
0.0115772
8.39247e-12
0.0115772
-2.92467e-11
0.0115772
-3.90116e-11
0.0115772
-5.6089e-13
0.0115772
1.17358e-10
0.0115772
3.63499e-10
0.0115772
8.12606e-10
0.0115772
1.57879e-09
0.0115772
2.83403e-09
0.0115772
4.83483e-09
0.0115772
7.95964e-09
0.0115772
1.27595e-08
0.0115772
2.00228e-08
0.0115772
3.08611e-08
0.0115772
4.68069e-08
0.0115772
6.99245e-08
0.0115772
1.02918e-07
0.0115771
1.49217e-07
0.0115771
2.12998e-07
0.011577
2.99117e-07
0.0115769
4.12915e-07
0.0115768
5.60029e-07
0.0115766
7.46248e-07
0.0115764
9.75429e-07
0.011576
1.23576e-06
0.0115756
1.4875e-06
0.0115752
1.86903e-06
0.0115749
3.38953e-06
0.011575
5.96842e-06
0.0115739
-2.62184e-06
0.0115664
-2.77352e-05
0.0115777
4.94498e-05
6.2211e-05
0.00529383
-0.00684979
0.00603153
-0.00515294
0.00680743
-0.00444419
0.00744489
-0.00386975
0.00796287
-0.00310208
0.0083859
-0.00238048
0.00872247
-0.00181296
0.00898213
-0.00137768
0.00917808
-0.00103897
0.00932348
-0.000774976
0.00942979
-0.000571277
0.00950657
-0.000416169
0.00956134
-0.000299689
0.00959997
-0.000213403
0.00962694
-0.000150329
0.00964557
-0.00010482
0.00965833
-7.23829e-05
0.009667
-4.95274e-05
0.00967283
-3.35986e-05
0.00967673
-2.26093e-05
0.00967932
-1.50991e-05
0.00968103
-1.00117e-05
0.00968214
-6.59371e-06
0.00968287
-4.31503e-06
0.00968334
-2.80673e-06
0.00968365
-1.81514e-06
0.00968384
-1.16735e-06
0.00968396
-7.46664e-07
0.00968404
-4.74998e-07
0.00968409
-3.0053e-07
0.00968412
-1.89047e-07
0.00968414
-1.18143e-07
0.00968415
-7.32627e-08
0.00968416
-4.49733e-08
0.00968417
-2.72309e-08
0.00968417
-1.61659e-08
0.00968417
-9.29318e-09
0.00968417
-5.05074e-09
0.00968417
-2.44887e-09
0.00968417
-8.84161e-10
0.00968417
6.0991e-11
0.00968417
6.24683e-10
0.00968417
9.30416e-10
0.00968417
1.09365e-09
0.00968417
1.16874e-09
0.00968417
1.19062e-09
0.00968417
1.18095e-09
0.00968417
1.15272e-09
0.00968417
1.11426e-09
0.00968417
1.07205e-09
0.00968417
1.02988e-09
0.00968417
1.00474e-09
0.00968417
9.61711e-10
0.00968417
8.55233e-10
0.00968417
8.08693e-10
0.00968417
7.88885e-10
0.00968417
7.35657e-10
0.00968417
6.88606e-10
0.00968417
6.20643e-10
0.00968417
5.40204e-10
0.00968417
4.83594e-10
0.00968417
4.30088e-10
0.00968417
3.46898e-10
0.00968417
2.68032e-10
0.00968417
1.88583e-10
0.00968417
1.08526e-10
0.00968417
3.11254e-11
0.00968417
-3.8101e-11
0.00968417
-8.93695e-11
0.00968417
-1.07343e-10
0.00968417
-6.80583e-11
0.00968417
6.61299e-11
0.00968417
3.53761e-10
0.00968417
8.8474e-10
0.00968417
1.79635e-09
0.00968417
3.29598e-09
0.00968417
5.69324e-09
0.00968417
9.44556e-09
0.00968417
1.52206e-08
0.00968417
2.39764e-08
0.00968416
3.70656e-08
0.00968415
5.63597e-08
0.00968414
8.4388e-08
0.00968411
1.24476e-07
0.00968408
1.80856e-07
0.00968404
2.58702e-07
0.00968397
3.64045e-07
0.00968388
5.03515e-07
0.00968376
6.84042e-07
0.00968359
9.12524e-07
0.00968337
1.19336e-06
0.0096831
1.51356e-06
0.00968276
1.8249e-06
0.00968241
2.22013e-06
0.00968224
3.55591e-06
0.00968243
5.77772e-06
0.00968117
-1.35732e-06
0.00967458
-2.11456e-05
0.00968847
3.55607e-05
4.25808e-05
0.00473472
-0.00658451
0.00501772
-0.00543593
0.00548041
-0.00490689
0.00591913
-0.00430847
0.00630908
-0.00349204
0.00664582
-0.00271722
0.0069233
-0.00209044
0.00714207
-0.00159645
0.00730937
-0.00120627
0.00743436
-0.00089996
0.00752599
-0.000662913
0.00759226
-0.000482438
0.00763951
-0.000346941
0.0076728
-0.00024669
0.007696
-0.000173522
0.00771199
-0.000120817
0.00772293
-8.33158e-05
0.00773033
-5.69344e-05
0.00773531
-3.85771e-05
0.00773863
-2.59306e-05
0.00774083
-1.72994e-05
0.00774228
-1.14597e-05
0.00774323
-7.54072e-06
0.00774384
-4.93074e-06
0.00774424
-3.20478e-06
0.0077445
-2.07108e-06
0.00774466
-1.33106e-06
0.00774477
-8.5084e-07
0.00774483
-5.4094e-07
0.00774488
-3.42041e-07
0.0077449
-2.15031e-07
0.00774492
-1.3428e-07
0.00774493
-8.31927e-08
0.00774493
-5.1022e-08
0.00774494
-3.0849e-08
0.00774494
-1.82765e-08
0.00774494
-1.04708e-08
0.00774494
-5.65531e-09
0.00774494
-2.7051e-09
0.00774494
-9.30229e-10
0.00774494
1.38275e-10
0.00774494
7.71927e-10
0.00774494
1.11629e-09
0.00774494
1.29777e-09
0.00774494
1.37923e-09
0.00774494
1.40044e-09
0.00774494
1.38599e-09
0.00774494
1.3508e-09
0.00774494
1.30445e-09
0.00774494
1.25394e-09
0.00774494
1.20434e-09
0.00774494
1.16376e-09
0.00774494
1.10354e-09
0.00774494
9.97133e-10
0.00774494
9.44919e-10
0.00774494
9.11977e-10
0.00774494
8.48319e-10
0.00774494
7.88167e-10
0.00774494
7.08385e-10
0.00774494
6.17479e-10
0.00774494
5.47155e-10
0.00774494
4.78093e-10
0.00774494
3.8149e-10
0.00774494
2.86776e-10
0.00774494
1.90734e-10
0.00774494
9.37187e-11
0.00774494
-6.19766e-13
0.00774494
-8.60553e-11
0.00774494
-1.51453e-10
0.00774494
-1.79269e-10
0.00774494
-1.42268e-10
0.00774494
2.53883e-12
0.00774494
3.21947e-10
0.00774494
9.18689e-10
0.00774494
1.94967e-09
0.00774494
3.65213e-09
0.00774494
6.3808e-09
0.00774494
1.06603e-08
0.00774494
1.72573e-08
0.00774494
2.7274e-08
0.00774493
4.22693e-08
0.00774492
6.44038e-08
0.00774491
9.6604e-08
0.00774489
1.42725e-07
0.00774487
2.07684e-07
0.00774483
2.97495e-07
0.00774477
4.1916e-07
0.0077447
5.80332e-07
0.00774459
7.88847e-07
0.00774445
1.05204e-06
0.00774427
1.37337e-06
0.00774405
1.73586e-06
0.00774379
2.08086e-06
0.00774355
2.46673e-06
0.00774348
3.62656e-06
0.00774377
5.48612e-06
0.00774289
-4.82895e-07
0.00773802
-1.62673e-05
0.0077511
2.2477e-05
2.56966e-05
0.00439101
-0.00597552
0.00430634
-0.00535126
0.00446656
-0.00506711
0.0046926
-0.00453451
0.00493704
-0.00373647
0.00517181
-0.002952
0.00537705
-0.00229568
0.00554459
-0.00176399
0.00567534
-0.00133702
0.00577422
-0.00099884
0.00584723
-0.000735927
0.00590017
-0.000535377
0.00593794
-0.000384717
0.00596454
-0.000273288
0.00598305
-0.000192029
0.00599579
-0.000133561
0.00600449
-9.20077e-05
0.00601036
-6.28111e-05
0.0060143
-4.2519e-05
0.00601693
-2.85552e-05
0.00601866
-1.90348e-05
0.0060198
-1.25998e-05
0.00602055
-8.28517e-06
0.00602103
-5.414e-06
0.00602135
-3.51676e-06
0.00602155
-2.27139e-06
0.00602167
-1.45901e-06
0.00602175
-9.32141e-07
0.00602181
-5.92335e-07
0.00602184
-3.74338e-07
0.00602186
-2.35188e-07
0.00602187
-1.46776e-07
0.00602188
-9.08588e-08
0.00602188
-5.56639e-08
0.00602189
-3.36033e-08
0.00602189
-1.98581e-08
0.00602189
-1.1329e-08
0.00602189
-6.07018e-09
0.00602189
-2.8518e-09
0.00602189
-9.14452e-10
0.00602189
2.47566e-10
0.00602189
9.32153e-10
0.00602189
1.30515e-09
0.00602189
1.49892e-09
0.00602189
1.5834e-09
0.00602189
1.60219e-09
0.00602189
1.58219e-09
0.00602189
1.53983e-09
0.00602189
1.48566e-09
0.00602189
1.42698e-09
0.00602189
1.36947e-09
0.00602189
1.31363e-09
0.00602189
1.23815e-09
0.00602189
1.13358e-09
0.00602189
1.07511e-09
0.00602189
1.02895e-09
0.00602189
9.54864e-10
0.00602189
8.80901e-10
0.00602189
7.90406e-10
0.00602189
6.90867e-10
0.00602189
6.07911e-10
0.00602189
5.23594e-10
0.00602189
4.14203e-10
0.00602189
3.04341e-10
0.00602189
1.92319e-10
0.00602189
7.88784e-11
0.00602189
-3.20668e-11
0.00602189
-1.33666e-10
0.00602189
-2.13803e-10
0.00602189
-2.53256e-10
0.00602189
-2.22153e-10
0.00602189
-7.33291e-11
0.00602189
2.66476e-10
0.00602189
9.10052e-10
0.00602189
2.0297e-09
0.00602189
3.88604e-09
0.00602189
6.86927e-09
0.00602189
1.15569e-08
0.00602189
1.87936e-08
0.00602189
2.97955e-08
0.00602188
4.62839e-08
0.00602188
7.06481e-08
0.00602187
1.06128e-07
0.00602185
1.56997e-07
0.00602183
2.28706e-07
0.0060218
3.27916e-07
0.00602176
4.62353e-07
0.0060217
6.40374e-07
0.00602162
8.70286e-07
0.00602151
1.15917e-06
0.00602138
1.50829e-06
0.00602122
1.89487e-06
0.00602105
2.25046e-06
0.0060209
2.61028e-06
0.00602093
3.59854e-06
0.00602136
5.05578e-06
0.006021
-1.24195e-07
0.00601777
-1.30304e-05
0.00602844
1.18057e-05
1.29235e-05
0.00422528
-0.0052008
0.00388399
-0.00500997
0.00379207
-0.00497519
0.00382015
-0.00456259
0.00391871
-0.00383503
0.00404631
-0.0030796
0.00417283
-0.0024222
0.00428314
-0.0018743
0.00437242
-0.0014263
0.00444137
-0.00106779
0.00449292
-0.000787477
0.00453052
-0.000572969
0.0045574
-0.000411602
0.00457633
-0.000292217
0.00458948
-0.000205182
0.00459852
-0.000142597
0.00460467
-9.81553e-05
0.00460881
-6.69557e-05
0.00461158
-4.5291e-05
0.00461342
-3.03957e-05
0.00461464
-2.02485e-05
0.00461543
-1.33951e-05
0.00461595
-8.80317e-06
0.00461629
-5.74945e-06
0.0046165
-3.73283e-06
0.00461664
-2.40981e-06
0.00461673
-1.5472e-06
0.00461679
-9.88065e-07
0.00461682
-6.27598e-07
0.00461684
-3.96434e-07
0.00461686
-2.48929e-07
0.00461687
-1.5525e-07
0.00461687
-9.60202e-08
0.00461687
-5.87525e-08
0.00461688
-3.5402e-08
0.00461688
-2.08557e-08
0.00461688
-1.18343e-08
0.00461688
-6.27529e-09
0.00461688
-2.87673e-09
0.00461688
-8.3066e-10
0.00461688
3.92141e-10
0.00461688
1.10782e-09
0.00461688
1.49777e-09
0.00461688
1.69714e-09
0.00461688
1.78087e-09
0.00461688
1.79526e-09
0.00461688
1.7688e-09
0.00461688
1.719e-09
0.00461688
1.65701e-09
0.00461688
1.59024e-09
0.00461688
1.52437e-09
0.00461688
1.45454e-09
0.00461688
1.3662e-09
0.00461688
1.26285e-09
0.00461688
1.19774e-09
0.00461688
1.13918e-09
0.00461688
1.05501e-09
0.00461688
9.6778e-10
0.00461688
8.67312e-10
0.00461688
7.59907e-10
0.00461688
6.65347e-10
0.00461688
5.66771e-10
0.00461688
4.45151e-10
0.00461688
3.20953e-10
0.00461688
1.93671e-10
0.00461688
6.44109e-11
0.00461688
-6.276e-11
0.00461688
-1.8053e-10
0.00461688
-2.76148e-10
0.00461688
-3.29252e-10
0.00461688
-3.08109e-10
0.00461688
-1.62661e-10
0.00461688
1.84836e-10
0.00461688
8.54156e-10
0.00461688
2.02828e-09
0.00461688
3.98404e-09
0.00461688
7.13634e-09
0.00461688
1.20996e-08
0.00461688
1.97728e-08
0.00461688
3.14518e-08
0.00461687
4.89716e-08
0.00461687
7.48816e-08
0.00461686
1.12641e-07
0.00461685
1.66815e-07
0.00461684
2.43219e-07
0.00461682
3.4895e-07
0.00461679
4.92187e-07
0.00461675
6.81657e-07
0.00461669
9.25716e-07
0.00461662
1.23059e-06
0.00461654
1.59451e-06
0.00461644
1.98812e-06
0.00461636
2.33499e-06
0.00461631
2.65517e-06
0.00461644
3.46855e-06
0.00461701
4.48743e-06
0.00461709
-1.99525e-07
0.00461507
-1.10137e-05
0.00462291
3.96903e-06
4.2149e-06
0.00418554
-0.00438633
0.00369072
-0.00451516
0.00341114
-0.0046956
0.00327248
-0.00442393
0.00323681
-0.00379937
0.00325993
-0.00310272
0.00330677
-0.00246904
0.00335755
-0.00192507
0.00340286
-0.00147161
0.00343965
-0.00110459
0.00346798
-0.000815811
0.00348893
-0.000593915
0.00350399
-0.000426661
0.0035146
-0.000302822
0.00352194
-0.000212529
0.00352697
-0.000147621
0.00353036
-0.000101552
0.00353264
-6.92311e-05
0.00353415
-4.68028e-05
0.00353515
-3.13928e-05
0.0035358
-2.09018e-05
0.00353623
-1.38205e-05
0.0035365
-9.07855e-06
0.00353668
-5.92672e-06
0.00353679
-3.84636e-06
0.00353687
-2.48213e-06
0.00353691
-1.59303e-06
0.00353694
-1.01694e-06
0.00353696
-6.45678e-07
0.00353697
-4.07669e-07
0.00353698
-2.55841e-07
0.00353698
-1.59445e-07
0.00353699
-9.8517e-08
0.00353699
-6.01898e-08
0.00353699
-3.61842e-08
0.00353699
-2.12326e-08
0.00353699
-1.19648e-08
0.00353699
-6.25747e-09
0.00353699
-2.77212e-09
0.00353699
-6.74795e-10
0.00353699
5.7404e-10
0.00353699
1.30009e-09
0.00353699
1.69435e-09
0.00353699
1.89212e-09
0.00353699
1.97105e-09
0.00353699
1.97888e-09
0.00353699
1.94497e-09
0.00353699
1.88738e-09
0.00353699
1.81754e-09
0.00353699
1.74275e-09
0.00353699
1.66829e-09
0.00353699
1.58612e-09
0.00353699
1.48726e-09
0.00353699
1.38378e-09
0.00353699
1.31172e-09
0.00353699
1.2418e-09
0.00353699
1.1482e-09
0.00353699
1.0489e-09
0.00353699
9.39158e-10
0.00353699
8.24242e-10
0.00353699
7.1889e-10
0.00353699
6.07212e-10
0.00353699
4.74029e-10
0.00353699
3.36389e-10
0.00353699
1.94648e-10
0.00353699
5.02186e-11
0.00353699
-9.27727e-11
0.00353699
-2.26759e-10
0.00353699
-3.38694e-10
0.00353699
-4.07626e-10
0.00353699
-4.00823e-10
0.00353699
-2.66679e-10
0.00353699
7.4912e-11
0.00353699
7.47439e-10
0.00353699
1.93954e-09
0.00353699
3.93663e-09
0.00353699
7.1668e-09
0.00353699
1.22642e-08
0.00353699
2.01571e-08
0.00353699
3.2184e-08
0.00353699
5.02419e-08
0.00353699
7.69669e-08
0.00353698
1.15937e-07
0.00353698
1.71872e-07
0.00353697
2.5078e-07
0.00353696
3.59967e-07
0.00353694
5.07793e-07
0.00353692
7.03036e-07
0.00353689
9.53728e-07
0.00353686
1.26481e-06
0.00353682
1.63106e-06
0.0035368
2.01674e-06
0.00353679
2.33982e-06
0.00353684
2.60973e-06
0.00353706
3.24384e-06
0.00353773
3.81794e-06
0.00353808
-5.47142e-07
0.00353682
-9.75928e-06
0.00354205
-1.25472e-06
-1.11654e-06
0.00422371
-0.00361004
0.00365698
-0.00394843
0.00325217
-0.0042908
0.00298388
-0.00415564
0.0028326
-0.00364809
0.00275963
-0.00302974
0.00272998
-0.00243939
0.0027217
-0.0019168
0.00272258
-0.00147249
0.00272656
-0.00110856
0.0027309
-0.000820152
0.00273454
-0.000597561
0.00273729
-0.000429407
0.00273922
-0.000304752
0.00274052
-0.000213826
0.00274136
-0.000148462
0.00274189
-0.000102084
0.00274222
-6.95616e-05
0.00274242
-4.70046e-05
0.00274254
-3.1514e-05
0.00274262
-2.09735e-05
0.00274266
-1.38624e-05
0.00274268
-9.10264e-06
0.0027427
-5.9403e-06
0.0027427
-3.85385e-06
0.00274271
-2.48614e-06
0.00274271
-1.59507e-06
0.00274271
-1.01788e-06
0.00274271
-6.4603e-07
0.00274271
-4.07704e-07
0.00274271
-2.5571e-07
0.00274271
-1.59232e-07
0.00274271
-9.8268e-08
0.00274271
-5.99264e-08
0.00274271
-3.59197e-08
0.00274271
-2.09708e-08
0.00274271
-1.17097e-08
0.00274271
-6.01066e-09
0.00274271
-2.53468e-09
0.00274271
-4.45375e-10
0.00274271
7.93707e-10
0.00274271
1.50885e-09
0.00274271
1.89439e-09
0.00274271
2.08309e-09
0.00274271
2.153e-09
0.00274271
2.15206e-09
0.00274271
2.10964e-09
0.00274271
2.04389e-09
0.00274271
1.96616e-09
0.00274271
1.88349e-09
0.00274271
1.80044e-09
0.00274271
1.70759e-09
0.00274271
1.60025e-09
0.00274271
1.49532e-09
0.00274271
1.41613e-09
0.00274271
1.33592e-09
0.00274271
1.23369e-09
0.00274271
1.1238e-09
0.00274271
1.00553e-09
0.00274271
8.83371e-10
0.00274271
7.67911e-10
0.00274271
6.44287e-10
0.00274271
5.00317e-10
0.00274271
3.50187e-10
0.00274271
1.94852e-10
0.00274271
3.59566e-11
0.00274271
-1.22418e-10
0.00274271
-2.72659e-10
0.00274271
-4.01776e-10
0.00274271
-4.8878e-10
0.00274271
-5.00833e-10
0.00274271
-3.86176e-10
0.00274271
-6.4514e-11
0.00274271
5.87984e-10
0.00274271
1.76042e-09
0.00274271
3.73897e-09
0.00274271
6.95297e-09
0.00274271
1.20387e-08
0.00274271
1.99275e-08
0.00274271
3.19631e-08
0.00274271
5.00502e-08
0.00274271
7.68362e-08
0.00274271
1.15914e-07
0.00274271
1.72022e-07
0.00274271
2.51179e-07
0.00274271
3.60679e-07
0.00274271
5.08803e-07
0.00274271
7.04089e-07
0.00274271
9.53947e-07
0.00274271
1.2618e-06
0.00274273
1.619e-06
0.00274276
1.9844e-06
0.00274282
2.27299e-06
0.00274295
2.48611e-06
0.00274325
2.94248e-06
0.00274396
3.10318e-06
0.00274442
-1.00244e-06
0.00274356
-8.89608e-06
0.00274666
-4.35726e-06
-3.93895e-06
0.00430254
-0.00291259
0.00372127
-0.00336716
0.00324354
-0.00381307
0.00288175
-0.00379384
0.00263621
-0.00340256
0.00247886
-0.00287238
0.00237879
-0.00233932
0.00231437
-0.00185238
0.00227204
-0.00143016
0.0022436
-0.00108012
0.00222402
-0.000800571
0.0022103
-0.000583844
0.00220066
-0.000419764
0.00219385
-0.000297936
0.00218904
-0.00020902
0.00218566
-0.000145085
0.0021833
-9.97245e-05
0.00218167
-6.79314e-05
0.00218056
-4.58863e-05
0.00217979
-3.07532e-05
0.00217928
-2.04601e-05
0.00217894
-1.35186e-05
0.00217871
-8.87411e-06
0.00217856
-5.78942e-06
0.00217846
-3.75487e-06
0.00217839
-2.42158e-06
0.00217835
-1.55318e-06
0.00217833
-9.90824e-07
0.00217831
-6.28609e-07
0.0021783
-3.96513e-07
0.00217829
-2.48522e-07
0.00217829
-1.54604e-07
0.00217828
-9.527e-08
0.00217828
-5.79611e-08
0.00217828
-3.46083e-08
0.00217828
-2.00707e-08
0.00217828
-1.10698e-08
0.00217828
-5.53576e-09
0.00217828
-2.16545e-09
0.00217828
-1.43436e-10
0.00217828
1.05008e-09
0.00217828
1.73304e-09
0.00217828
2.09683e-09
0.00217828
2.26899e-09
0.00217828
2.3257e-09
0.00217828
2.31376e-09
0.00217828
2.2618e-09
0.00217828
2.18754e-09
0.00217828
2.10191e-09
0.00217828
2.01154e-09
0.00217828
1.92017e-09
0.00217828
1.81817e-09
0.00217828
1.70402e-09
0.00217828
1.59664e-09
0.00217828
1.51032e-09
0.00217828
1.42084e-09
0.00217828
1.31088e-09
0.00217828
1.19189e-09
0.00217828
1.06591e-09
0.00217828
9.36831e-10
0.00217828
8.11937e-10
0.00217828
6.77489e-10
0.00217828
5.23587e-10
0.00217828
3.61968e-10
0.00217828
1.93968e-10
0.00217828
2.13703e-11
0.00217828
-1.5189e-10
0.00217828
-3.18376e-10
0.00217828
-4.65488e-10
0.00217828
-5.72757e-10
0.00217828
-6.08134e-10
0.00217828
-5.21101e-10
0.00217828
-2.33352e-10
0.00217828
3.75915e-10
0.00217828
1.49108e-09
0.00217828
3.39122e-09
0.00217828
6.49501e-09
0.00217828
1.14231e-08
0.00217828
1.90839e-08
0.00217828
3.07886e-08
0.00217829
4.83955e-08
0.00217829
7.44882e-08
0.00217829
1.12572e-07
0.0021783
1.67265e-07
0.0021783
2.44423e-07
0.00217831
3.51118e-07
0.00217833
4.95305e-07
0.00217835
6.85032e-07
0.00217837
9.26885e-07
0.00217841
1.22272e-06
0.00217847
1.5609e-06
0.00217856
1.89648e-06
0.00217869
2.14423e-06
0.00217887
2.29899e-06
0.00217923
2.58907e-06
0.00217993
2.40107e-06
0.00218036
-1.43438e-06
0.00217964
-8.17097e-06
0.00218116
-5.88107e-06
-5.05984e-06
0.00439642
-0.00230901
0.00383646
-0.0028072
0.00332528
-0.00330188
0.00290121
-0.00336977
0.00258252
-0.00308387
0.0023539
-0.00264376
0.00219122
-0.00217665
0.00207518
-0.00173634
0.00199217
-0.00134715
0.00193269
-0.00102064
0.00189005
-0.000757928
0.00185953
-0.000553333
0.00183782
-0.000398049
0.00182246
-0.000282578
0.00181168
-0.000198239
0.00180418
-0.000137578
0.00179899
-9.45408e-05
0.00179544
-6.43829e-05
0.00179303
-4.34769e-05
0.00179141
-2.913e-05
0.00179033
-1.93748e-05
0.00178961
-1.2798e-05
0.00178913
-8.39888e-06
0.00178882
-5.47799e-06
0.00178862
-3.55197e-06
0.00178848
-2.29013e-06
0.0017884
-1.46845e-06
0.00178835
-9.3646e-07
0.00178831
-5.93869e-07
0.00178829
-3.74386e-07
0.00178827
-2.34461e-07
0.00178827
-1.45677e-07
0.00178826
-8.95964e-08
0.00178826
-5.43403e-08
0.00178825
-3.22793e-08
0.00178825
-1.85509e-08
0.00178825
-1.0057e-08
0.00178825
-4.84046e-09
0.00178825
-1.66957e-09
0.00178825
2.27534e-10
0.00178825
1.34068e-09
0.00178825
1.97074e-09
0.00178825
2.3002e-09
0.00178825
2.44857e-09
0.00178825
2.48805e-09
0.00178825
2.463e-09
0.00178825
2.40054e-09
0.00178825
2.31745e-09
0.00178825
2.22398e-09
0.00178825
2.12618e-09
0.00178825
2.02693e-09
0.00178825
1.91717e-09
0.00178825
1.79755e-09
0.00178825
1.68707e-09
0.00178825
1.59384e-09
0.00178825
1.49611e-09
0.00178825
1.37933e-09
0.00178825
1.25267e-09
0.00178825
1.11984e-09
0.00178825
9.84272e-10
0.00178825
8.50675e-10
0.00178825
7.06513e-10
0.00178825
5.43589e-10
0.00178825
3.71528e-10
0.00178825
1.91854e-10
0.00178825
6.39606e-12
0.00178825
-1.8117e-10
0.00178825
-3.63789e-10
0.00178825
-5.29586e-10
0.00178825
-6.59149e-10
0.00178825
-7.2209e-10
0.00178825
-6.70484e-10
0.00178825
-4.30135e-10
0.00178825
1.13449e-10
0.00178825
1.13488e-09
0.00178825
2.89849e-09
0.00178825
5.80072e-09
0.00178826
1.04293e-08
0.00178826
1.76446e-08
0.00178826
2.8688e-08
0.00178826
4.53196e-08
0.00178827
6.99857e-08
0.00178827
1.06004e-07
0.00178828
1.57743e-07
0.0017883
2.30729e-07
0.00178832
3.31609e-07
0.00178834
4.678e-07
0.00178838
6.46655e-07
0.00178844
8.73815e-07
0.00178851
1.1497e-06
0.00178861
1.46047e-06
0.00178875
1.75942e-06
0.00178893
1.96401e-06
0.00178916
2.06392e-06
0.00178954
2.20951e-06
0.00179018
1.76007e-06
0.0017905
-1.75598e-06
0.00178977
-7.43549e-06
0.0017902
-6.31041e-06
-5.1281e-06
0.00448948
-0.00179849
0.00396991
-0.00228763
0.00345231
-0.00278428
0.00299068
-0.00290814
0.00261774
-0.00271093
0.00233099
-0.00235701
0.00211437
-0.00196003
0.00195231
-0.00157427
0.00183221
-0.00122704
0.001744
-0.000932437
0.00167979
-0.000693717
0.00163346
-0.000507005
0.00160034
-0.000364932
0.0015769
-0.000259133
0.00156046
-0.000181798
0.00154903
-0.000126155
0.00154117
-8.66759e-05
0.0015358
-5.90144e-05
0.00153217
-3.98426e-05
0.00152973
-2.66888e-05
0.0015281
-1.7747e-05
0.00152702
-1.17202e-05
0.00152631
-7.68987e-06
0.00152585
-5.01445e-06
0.00152555
-3.25067e-06
0.00152535
-2.09536e-06
0.00152523
-1.34318e-06
0.00152515
-8.56259e-07
0.0015251
-5.42744e-07
0.00152506
-3.41917e-07
0.00152504
-2.13902e-07
0.00152503
-1.32686e-07
0.00152502
-8.13954e-08
0.00152502
-4.91566e-08
0.00152501
-2.89907e-08
0.00152501
-1.64477e-08
0.00152501
-8.69396e-09
0.00152501
-3.93897e-09
0.00152501
-1.05607e-09
0.00152501
6.61748e-10
0.00152501
1.66168e-09
0.00152501
2.21932e-09
0.00152501
2.50267e-09
0.00152501
2.62049e-09
0.00152501
2.63899e-09
0.00152501
2.5989e-09
0.00152501
2.52509e-09
0.00152501
2.43296e-09
0.00152501
2.33179e-09
0.00152501
2.22691e-09
0.00152501
2.12038e-09
0.00152501
2.00409e-09
0.00152501
1.88007e-09
0.00152501
1.76623e-09
0.00152501
1.6665e-09
0.00152501
1.56149e-09
0.00152501
1.43883e-09
0.00152501
1.30582e-09
0.00152501
1.16704e-09
0.00152501
1.02554e-09
0.00152501
8.8406e-10
0.00152501
7.31291e-10
0.00152501
5.60308e-10
0.00152501
3.78896e-10
0.00152501
1.88609e-10
0.00152501
-8.78103e-12
0.00152501
-2.09965e-10
0.00152501
-4.08466e-10
0.00152501
-5.93448e-10
0.00152501
-7.47061e-10
0.00152501
-8.41404e-10
0.00152501
-8.32425e-10
0.00152501
-6.52039e-10
0.00152501
-1.95161e-10
0.00152501
6.98297e-10
0.00152501
2.27067e-09
0.00152501
4.88524e-09
0.00152501
9.08062e-09
0.00152502
1.56449e-08
0.00152502
2.57154e-08
0.00152502
4.09045e-08
0.00152503
6.34523e-08
0.00152504
9.63965e-08
0.00152505
1.43731e-07
0.00152507
2.10501e-07
0.0015251
3.0275e-07
0.00152514
4.27167e-07
0.0015252
5.90253e-07
0.00152528
7.96666e-07
0.00152538
1.04565e-06
0.00152552
1.32222e-06
0.0015257
1.58024e-06
0.00152592
1.74264e-06
0.00152619
1.7956e-06
0.00152657
1.82683e-06
0.00152712
1.21357e-06
0.00152728
-1.92101e-06
0.00152646
-6.61803e-06
0.00152618
-6.03043e-06
-4.61567e-06
0.00457304
-0.00137153
0.00410093
-0.00181551
0.00359338
-0.00227673
0.00311224
-0.002427
0.00270081
-0.0022995
0.00236813
-0.00202433
0.00210646
-0.00169837
0.00190465
-0.00137247
0.0017518
-0.00107419
0.00163788
-0.000818512
0.00155417
-0.000610008
0.00149345
-0.000446284
0.00144992
-0.000321407
0.00141908
-0.000228287
0.00139745
-0.000160169
0.00138243
-0.000111141
0.00137211
-7.6351e-05
0.00136507
-5.19762e-05
0.00136031
-3.50847e-05
0.00135712
-2.34974e-05
0.001355
-1.56221e-05
0.00135359
-1.03149e-05
0.00135267
-6.76661e-06
0.00135206
-4.41155e-06
0.00135167
-2.85923e-06
0.00135142
-1.84258e-06
0.00135126
-1.18078e-06
0.00135115
-7.52407e-07
0.00135109
-4.76623e-07
0.00135105
-2.99985e-07
0.00135102
-1.874e-07
0.001351
-1.15981e-07
0.00135099
-7.0885e-08
0.00135099
-4.25463e-08
0.00135098
-2.48274e-08
0.00135098
-1.38137e-08
0.00135098
-7.01341e-09
0.00135098
-2.85173e-09
0.00135098
-3.37746e-10
0.00135098
1.15119e-09
0.00135098
2.008e-09
0.00135097
2.47543e-09
0.00135097
2.70201e-09
0.00135097
2.78321e-09
0.00135097
2.7774e-09
0.00135097
2.72062e-09
0.00135097
2.63478e-09
0.00135097
2.53352e-09
0.00135097
2.42488e-09
0.00135097
2.31338e-09
0.00135097
2.20028e-09
0.00135097
2.07857e-09
0.00135097
1.95105e-09
0.00135097
1.83385e-09
0.00135097
1.72819e-09
0.00135097
1.61689e-09
0.00135097
1.48928e-09
0.00135097
1.35114e-09
0.00135097
1.20734e-09
0.00135097
1.06058e-09
0.00135097
9.12137e-10
0.00135097
7.51887e-10
0.00135097
5.73855e-10
0.00135097
3.84231e-10
0.00135097
1.84458e-10
0.00135097
-2.38367e-11
0.00135097
-2.37823e-10
0.00135097
-4.5178e-10
0.00135098
-6.56196e-10
0.00135098
-8.35251e-10
0.00135098
-9.64279e-10
0.00135098
-1.00427e-09
0.00135098
-8.95093e-10
0.00135098
-5.4389e-10
0.00135098
1.90541e-10
0.00135098
1.52192e-09
0.00135098
3.77041e-09
0.00135098
7.41055e-09
0.00135098
1.31364e-08
0.00135099
2.19495e-08
0.00135099
3.52693e-08
0.001351
5.50675e-08
0.00135101
8.40163e-08
0.00135103
1.25626e-07
0.00135106
1.84322e-07
0.0013511
2.65388e-07
0.00135115
3.74624e-07
0.00135122
5.17569e-07
0.00135132
6.97918e-07
0.00135145
9.14123e-07
0.00135162
1.15119e-06
0.00135184
1.36602e-06
0.00135209
1.48969e-06
0.00135238
1.50668e-06
0.00135275
1.45854e-06
0.00135318
7.78702e-07
0.00135318
-1.91528e-06
0.00135225
-5.69635e-06
0.00135155
-5.32332e-06
-3.83717e-06
0.00464314
-0.00101467
0.00421756
-0.00138994
0.00372826
-0.00178743
0.00323967
-0.0019384
0.00280214
-0.00186197
0.00243434
-0.00165653
0.00213628
-0.00140031
0.00190133
-0.00113751
0.00172061
-0.000893475
0.00158452
-0.000682416
0.00148386
-0.000509347
0.00141055
-0.00037298
0.0013579
-0.000268752
0.00132055
-0.000190936
0.00129435
-0.000133975
0.00127618
-9.29631e-05
0.00126368
-6.38585e-05
0.00125517
-4.34667e-05
0.00124943
-2.93368e-05
0.00124557
-1.96451e-05
0.00124301
-1.3059e-05
0.00124132
-8.62131e-06
0.00124021
-5.65467e-06
0.00123948
-3.68595e-06
0.00123901
-2.38844e-06
0.00123871
-1.53877e-06
0.00123851
-9.85703e-07
0.00123839
-6.27749e-07
0.00123831
-3.97315e-07
0.00123826
-2.49732e-07
0.00123822
-1.55674e-07
0.00123821
-9.60131e-08
0.00123819
-5.83476e-08
0.00123818
-3.46854e-08
0.00123818
-1.98989e-08
0.00123818
-1.07168e-08
0.00123817
-5.05743e-09
0.00123817
-1.60487e-09
0.00123817
4.69194e-10
0.00123817
1.68582e-09
0.00123817
2.37333e-09
0.00123817
2.73505e-09
0.00123817
2.89566e-09
0.00123817
2.93503e-09
0.00123817
2.90213e-09
0.00123817
2.82733e-09
0.00123817
2.72901e-09
0.00123817
2.61867e-09
0.00123817
2.50289e-09
0.00123817
2.38531e-09
0.00123817
2.26643e-09
0.00123817
2.14032e-09
0.00123817
2.0101e-09
0.00123817
1.8898e-09
0.00123817
1.77891e-09
0.00123817
1.66231e-09
0.00123817
1.53066e-09
0.00123817
1.38854e-09
0.00123817
1.24066e-09
0.00123817
1.08943e-09
0.00123817
9.35012e-10
0.00123817
7.68431e-10
0.00123817
5.84413e-10
0.00123817
3.87761e-10
0.00123817
1.79705e-10
0.00123817
-3.83679e-11
0.00123817
-2.64198e-10
0.00123817
-4.9298e-10
0.00123817
-7.16782e-10
0.00123817
-9.2222e-10
0.00123817
-1.08852e-09
0.00123817
-1.18277e-09
0.00123817
-1.15436e-09
0.00123817
-9.25178e-10
0.00123817
-3.76733e-10
0.00123817
6.70271e-10
0.00123818
2.48407e-09
0.00123818
5.46207e-09
0.00123818
1.01851e-08
0.00123819
1.74912e-08
0.00123819
2.85672e-08
0.0012382
4.50617e-08
0.00123822
6.92074e-08
0.00123824
1.03934e-07
0.00123827
1.52932e-07
0.00123832
2.20587e-07
0.00123838
3.11689e-07
0.00123847
4.30731e-07
0.00123858
5.80513e-07
0.00123874
7.59111e-07
0.00123894
9.52739e-07
0.00123918
1.12364e-06
0.00123945
1.2135e-06
0.00123975
1.20698e-06
0.0012401
1.11544e-06
0.00124042
4.5775e-07
0.00124025
-1.74713e-06
0.00123923
-4.67581e-06
0.00123829
-4.3814e-06
-2.98295e-06
0.00469859
-0.00071326
0.00431366
-0.00100501
0.00384471
-0.00131848
0.00335575
-0.00144944
0.00290139
-0.00140761
0.00250776
-0.0012629
0.00218148
-0.00107403
0.0019201
-0.000876131
0.00171677
-0.000690146
0.00156248
-0.000528126
0.0014478
-0.00039467
0.00136404
-0.000289221
0.00130378
-0.000208489
0.001261
-0.000148155
0.00123099
-0.000103966
0.00121017
-7.21404e-05
0.00119586
-4.95524e-05
0.00118612
-3.37263e-05
0.00117954
-2.27606e-05
0.00117514
-1.52399e-05
0.00117221
-1.01295e-05
0.00117027
-6.68646e-06
0.001169
-4.38495e-06
0.00116818
-2.85776e-06
0.00116764
-1.85132e-06
0.00116729
-1.19229e-06
0.00116707
-7.63331e-07
0.00116693
-4.85708e-07
0.00116684
-3.06992e-07
0.00116678
-1.92534e-07
0.00116674
-1.19589e-07
0.00116672
-7.33246e-08
0.00116671
-4.41226e-08
0.0011667
-2.57853e-08
0.00116669
-1.43365e-08
0.00116669
-7.23846e-09
0.00116669
-2.87656e-09
0.00116669
-2.2968e-10
0.00116669
1.34531e-09
0.00116669
2.25353e-09
0.00116668
2.75008e-09
0.00116668
2.99332e-09
0.00116668
3.08048e-09
0.00116668
3.07384e-09
0.00116668
3.01172e-09
0.00116668
2.91797e-09
0.00116668
2.80696e-09
0.00116668
2.68774e-09
0.00116668
2.56529e-09
0.00116668
2.44226e-09
0.00116668
2.31845e-09
0.00116668
2.1889e-09
0.00116668
2.05669e-09
0.00116668
1.93373e-09
0.00116668
1.81843e-09
0.00116668
1.69752e-09
0.00116668
1.56277e-09
0.00116668
1.41771e-09
0.00116668
1.26672e-09
0.00116668
1.11189e-09
0.00116668
9.52572e-10
0.00116668
7.80842e-10
0.00116668
5.9195e-10
0.00116668
3.89505e-10
0.00116668
1.74436e-10
0.00116668
-5.21799e-11
0.00116668
-2.88743e-10
0.00116668
-5.31495e-10
0.00116668
-7.74295e-10
0.00116668
-1.00654e-09
0.00116668
-1.2119e-09
0.00116669
-1.3644e-09
0.00116669
-1.42434e-09
0.00116669
-1.33043e-09
0.00116669
-9.90056e-10
0.00116669
-2.63232e-10
0.00116669
1.05901e-09
0.00116669
3.28604e-09
0.00116669
6.86942e-09
0.0011667
1.24604e-08
0.00116671
2.09805e-08
0.00116672
3.37094e-08
0.00116674
5.23788e-08
0.00116676
7.92595e-08
0.0011668
1.17206e-07
0.00116685
1.69605e-07
0.00116692
2.40132e-07
0.00116702
3.32187e-07
0.00116715
4.47759e-07
0.00116732
5.84966e-07
0.00116754
7.32343e-07
0.00116781
8.59569e-07
0.0011681
9.20996e-07
0.0011684
9.03285e-07
0.00116872
8.01647e-07
0.00116894
2.40889e-07
0.00116863
-1.43916e-06
0.00116753
-3.57458e-06
0.00116647
-3.32589e-06
-2.15265e-06
0.00473959
-0.000452847
0.00438657
-0.000651994
0.00393584
-0.000867753
0.00344975
-0.000963347
0.00298516
-0.000943016
0.00257354
-0.000851291
0.00222669
-0.000727178
0.00194557
-0.000595011
0.00172511
-0.000469689
0.00155691
-0.000359926
0.00143146
-0.000269214
0.00133963
-0.000197392
0.00127348
-0.000142339
0.00122649
-0.000101166
0.00119352
-7.09974e-05
0.00117065
-4.92649e-05
0.00115493
-3.38387e-05
0.00114424
-2.30302e-05
0.00113702
-1.55414e-05
0.00113218
-1.04054e-05
0.00112897
-6.91555e-06
0.00112685
-4.5644e-06
0.00112546
-2.99281e-06
0.00112455
-1.94998e-06
0.00112396
-1.26274e-06
0.00112358
-8.12719e-07
0.00112334
-5.1979e-07
0.00112318
-3.30193e-07
0.00112308
-2.08133e-07
0.00112302
-1.29956e-07
0.00112298
-8.01318e-08
0.00112296
-4.8534e-08
0.00112294
-2.85963e-08
0.00112293
-1.60867e-08
0.00112292
-8.28971e-09
0.00112292
-3.47142e-09
0.00112292
-5.28248e-10
0.00112292
1.23831e-09
0.00112292
2.26863e-09
0.00112292
2.8407e-09
0.00112291
3.12975e-09
0.00112291
3.24485e-09
0.00112291
3.25298e-09
0.00112291
3.19737e-09
0.00112291
3.1046e-09
0.00112291
2.99141e-09
0.00112291
2.86778e-09
0.00112291
2.74006e-09
0.00112291
2.61152e-09
0.00112291
2.48375e-09
0.00112291
2.35592e-09
0.00112291
2.22384e-09
0.00112291
2.09034e-09
0.00112291
1.9653e-09
0.00112291
1.84648e-09
0.00112291
1.72226e-09
0.00112291
1.58532e-09
0.00112291
1.43836e-09
0.00112291
1.28523e-09
0.00112291
1.12773e-09
0.00112291
9.64643e-10
0.00112291
7.88975e-10
0.00112291
5.96368e-10
0.00112291
3.89413e-10
0.00112291
1.68675e-10
0.00112291
-6.51439e-11
0.00112291
-3.11169e-10
0.00112291
-5.66794e-10
0.00112291
-8.27835e-10
0.00112291
-1.08673e-09
0.00112291
-1.33204e-09
0.00112292
-1.54538e-09
0.00112292
-1.69903e-09
0.00112292
-1.75008e-09
0.00112292
-1.63435e-09
0.00112292
-1.25492e-09
0.00112292
-4.67764e-10
0.00112292
9.3995e-10
0.00112293
3.27809e-09
0.00112293
6.99311e-09
0.00112294
1.27159e-08
0.00112295
2.13217e-08
0.00112297
3.39938e-08
0.001123
5.22828e-08
0.00112304
7.81348e-08
0.00112309
1.13853e-07
0.00112317
1.61929e-07
0.00112328
2.2464e-07
0.00112342
3.03254e-07
0.00112361
3.96285e-07
0.00112385
4.9553e-07
0.00112413
5.79789e-07
0.00112443
6.17702e-07
0.00112473
5.99451e-07
0.00112502
5.15345e-07
0.00112515
1.0919e-07
0.00112474
-1.02219e-06
0.00112358
-2.41463e-06
0.00112248
-2.22572e-06
-1.38401e-06
0.00476674
-0.00021959
0.00443539
-0.000320639
0.00399802
-0.00043038
0.00351529
-0.000480624
0.00304504
-0.000472759
0.00262212
-0.00042837
0.00226184
-0.000366903
0.00196761
-0.000300782
0.00173566
-0.000237732
0.00155806
-0.000182326
0.00142528
-0.000136442
0.00132796
-0.000100071
0.0012578
-7.21756e-05
0.00120794
-5.13052e-05
0.00117295
-3.60086e-05
0.00114867
-2.49872e-05
0.001132
-1.7163e-05
0.00112065
-1.16811e-05
0.00111299
-7.88277e-06
0.00110786
-5.27759e-06
0.00110445
-3.50727e-06
0.0011022
-2.31446e-06
0.00110073
-1.51704e-06
0.00109977
-9.87839e-07
0.00109914
-6.39032e-07
0.00109874
-4.10563e-07
0.00109848
-2.61803e-07
0.00109832
-1.65487e-07
0.00109821
-1.03457e-07
0.00109815
-6.3715e-08
0.0010981
-3.8382e-08
0.00109808
-2.23186e-08
0.00109806
-1.2192e-08
0.00109805
-5.85319e-09
0.00109805
-1.92243e-09
0.00109804
4.82751e-10
0.00109804
1.92468e-09
0.00109804
2.76028e-09
0.00109804
3.2151e-09
0.00109804
3.43241e-09
0.00109804
3.50298e-09
0.00109804
3.48369e-09
0.00109804
3.40936e-09
0.00109804
3.30306e-09
0.00109804
3.17899e-09
0.00109804
3.04636e-09
0.00109804
2.91046e-09
0.00109804
2.77482e-09
0.00109804
2.64088e-09
0.00109804
2.50919e-09
0.00109804
2.37828e-09
0.00109804
2.24456e-09
0.00109804
2.11047e-09
0.00109804
1.98402e-09
0.00109804
1.86261e-09
0.00109804
1.73609e-09
0.00109804
1.59788e-09
0.00109804
1.45001e-09
0.00109804
1.29573e-09
0.00109804
1.13655e-09
0.00109804
9.70861e-10
0.00109804
7.92491e-10
0.00109804
5.97374e-10
0.00109804
3.87238e-10
0.00109804
1.6224e-10
0.00109804
-7.73358e-11
0.00109804
-3.3139e-10
0.00109804
-5.98543e-10
0.00109804
-8.76676e-10
0.00109804
-1.16146e-09
0.00109804
-1.44662e-09
0.00109804
-1.72187e-09
0.00109804
-1.97212e-09
0.00109804
-2.17402e-09
0.00109804
-2.29348e-09
0.00109804
-2.27925e-09
0.00109804
-2.05617e-09
0.00109804
-1.51372e-09
0.00109805
-4.92218e-10
0.00109805
1.23774e-09
0.00109806
3.99886e-09
0.00109807
8.23802e-09
0.00109809
1.45579e-08
0.00109812
2.37471e-08
0.00109816
3.67929e-08
0.00109822
5.48625e-08
0.0010983
7.92137e-08
0.00109842
1.10991e-07
0.00109857
1.50803e-07
0.00109877
1.97832e-07
0.00109902
2.47805e-07
0.00109931
2.8983e-07
0.00109962
3.07948e-07
0.00109992
2.9696e-07
0.00110018
2.50047e-07
0.00110026
3.74423e-08
0.00109977
-5.31162e-07
0.00109857
-1.21737e-06
0.00109746
-1.11399e-06
-6.75171e-07
0.0047804
9.37888e-09
0.00445978
-1.56972e-08
0.00402943
-3.16644e-08
0.00354884
-3.79553e-08
0.0030761
-1.79424e-08
0.00264773
2.63064e-09
0.00228083
-7.70461e-09
0.00198007
-1.59259e-08
0.00174234
-3.56112e-09
0.00156
1.00155e-08
0.00142354
2.47503e-08
0.00132343
3.06093e-08
0.00125124
2.03979e-08
0.00119992
1.12425e-08
0.00116391
4.7842e-09
0.00113892
1.80305e-09
0.00112176
5.10925e-10
0.00111008
-8.22718e-10
0.00110219
-1.25281e-09
0.00109692
-1.01917e-09
0.00109341
-4.17999e-10
0.0010911
3.41334e-10
0.00108958
1.12745e-09
0.00108859
1.85213e-09
0.00108795
2.48468e-09
0.00108753
3.03457e-09
0.00108727
3.49447e-09
0.0010871
3.86557e-09
0.00108699
4.15422e-09
0.00108692
4.36779e-09
0.00108688
4.51486e-09
0.00108685
4.60379e-09
0.00108684
4.64201e-09
0.00108683
4.63605e-09
0.00108682
4.59218e-09
0.00108682
4.51681e-09
0.00108681
4.41599e-09
0.00108681
4.2954e-09
0.00108681
4.15954e-09
0.00108681
4.01312e-09
0.00108681
3.86016e-09
0.00108681
3.70383e-09
0.00108681
3.54578e-09
0.00108681
3.38845e-09
0.00108681
3.23327e-09
0.00108681
3.08168e-09
0.00108681
2.93418e-09
0.00108681
2.79137e-09
0.00108681
2.65286e-09
0.00108681
2.51813e-09
0.00108681
2.38508e-09
0.00108681
2.25061e-09
0.00108681
2.11665e-09
0.00108681
1.98956e-09
0.00108681
1.86652e-09
0.00108681
1.73869e-09
0.00108681
1.60015e-09
0.00108681
1.45233e-09
0.00108681
1.29789e-09
0.00108681
1.13807e-09
0.00108681
9.70966e-10
0.00108681
7.91149e-10
0.00108681
5.9477e-10
0.00108681
3.82824e-10
0.00108681
1.55039e-10
0.00108681
-8.87483e-11
0.00108681
-3.4924e-10
0.00108681
-6.26321e-10
0.00108681
-9.19999e-10
0.00108681
-1.22927e-09
0.00108681
-1.55319e-09
0.00108681
-1.88978e-09
0.00108681
-2.23698e-09
0.00108681
-2.59156e-09
0.00108681
-2.9504e-09
0.00108681
-3.30927e-09
0.00108681
-3.66384e-09
0.00108682
-4.00888e-09
0.00108682
-4.33922e-09
0.00108683
-4.64876e-09
0.00108683
-4.93179e-09
0.00108685
-5.18206e-09
0.00108687
-5.39392e-09
0.0010869
-5.56184e-09
0.00108694
-5.68237e-09
0.001087
-5.75223e-09
0.00108709
-5.76835e-09
0.0010872
-5.72838e-09
0.00108736
-5.64234e-09
0.00108756
-5.52167e-09
0.00108782
-5.35185e-09
0.00108811
-5.11179e-09
0.00108842
-4.79524e-09
0.00108872
-4.40479e-09
0.00108898
-3.92955e-09
0.00108902
-3.40952e-09
0.00108849
-2.79973e-09
0.00108728
-2.1518e-09
0.00108616
-1.69316e-09
-1.38627e-09
0.0047804
0.000219609
0.00445978
0.000320608
0.00402943
0.000430316
0.00354884
0.000480548
0.0030761
0.000472723
0.00264773
0.000428376
0.00228083
0.000366887
0.00198007
0.000300749
0.00174234
0.000237725
0.00156
0.000182346
0.00142354
0.000136493
0.00132343
0.000100133
0.00125124
7.22163e-05
0.00119992
5.13275e-05
0.00116391
3.60179e-05
0.00113892
2.49906e-05
0.00112176
1.7164e-05
0.00111008
1.16795e-05
0.00110219
7.88024e-06
0.00109692
5.27552e-06
0.00109341
3.5064e-06
0.0010911
2.3151e-06
0.00108958
1.51926e-06
0.00108859
9.91514e-07
0.00108795
6.43973e-07
0.00108753
4.16603e-07
0.00108727
2.68763e-07
0.0010871
1.73188e-07
0.00108699
1.11735e-07
0.00108692
7.24201e-08
0.00108688
4.73808e-08
0.00108685
3.1495e-08
0.00108684
2.14449e-08
0.00108683
1.50945e-08
0.00108682
1.10763e-08
0.00108682
8.52084e-09
0.00108681
6.878e-09
0.00108681
5.80208e-09
0.00108681
5.07643e-09
0.00108681
4.5672e-09
0.00108681
4.19171e-09
0.00108681
3.89938e-09
0.00108681
3.65865e-09
0.00108681
3.4513e-09
0.00108681
3.26601e-09
0.00108681
3.09647e-09
0.00108681
2.93833e-09
0.00108681
2.7893e-09
0.00108681
2.64717e-09
0.00108681
2.51033e-09
0.00108681
2.37615e-09
0.00108681
2.24181e-09
0.00108681
2.1087e-09
0.00108681
1.98177e-09
0.00108681
1.85808e-09
0.00108681
1.72996e-09
0.00108681
1.59201e-09
0.00108681
1.44518e-09
0.00108681
1.29158e-09
0.00108681
1.13217e-09
0.00108681
9.64868e-10
0.00108681
7.84874e-10
0.00108681
5.88513e-10
0.00108681
3.76162e-10
0.00108681
1.47121e-10
0.00108681
-9.92373e-11
0.00108681
-3.64422e-10
0.00108681
-6.49585e-10
0.00108681
-9.5686e-10
0.00108681
-1.28858e-09
0.00108681
-1.64912e-09
0.00108681
-2.04486e-09
0.00108681
-2.48673e-09
0.00108681
-2.99168e-09
0.00108681
-3.58758e-09
0.00108681
-4.31724e-09
0.00108681
-5.24723e-09
0.00108682
-6.47761e-09
0.00108682
-8.1578e-09
0.00108683
-1.0505e-08
0.00108683
-1.38307e-08
0.00108685
-1.85692e-08
0.00108687
-2.5312e-08
0.0010869
-3.48366e-08
0.00108694
-4.81238e-08
0.001087
-6.63338e-08
0.00108708
-9.07183e-08
0.0010872
-1.22417e-07
0.00108736
-1.62061e-07
0.00108756
-2.08849e-07
0.00108781
-2.5848e-07
0.00108811
-3.00021e-07
0.00108842
-3.17504e-07
0.00108872
-3.05737e-07
0.00108898
-2.57874e-07
0.00108902
-4.4233e-08
0.00108849
5.25588e-07
0.00108727
1.21308e-06
0.00108616
1.11062e-06
6.7241e-07
0.00476674
0.000452866
0.00443539
0.000651963
0.00399801
0.00086769
0.00351529
0.000963268
0.00304504
0.000942979
0.00262212
0.000851298
0.00226184
0.000727161
0.00196761
0.000594978
0.00173566
0.000469683
0.00155806
0.000359946
0.00142528
0.000269265
0.00132796
0.000197456
0.0012578
0.000142379
0.00120794
0.000101188
0.00117295
7.1006e-05
0.00114867
4.9268e-05
0.001132
3.38396e-05
0.00112065
2.30284e-05
0.00111299
1.55388e-05
0.00110786
1.04032e-05
0.00110445
6.9146e-06
0.0011022
4.56496e-06
0.00110073
2.99493e-06
0.00109976
1.95357e-06
0.00109914
1.2676e-06
0.00109874
8.18674e-07
0.00109848
5.26662e-07
0.00109832
3.37806e-07
0.00109821
2.16322e-07
0.00109815
1.3857e-07
0.0010981
8.90385e-08
0.00109808
5.76177e-08
0.00109806
3.77565e-08
0.00109805
2.52358e-08
0.00109804
1.73526e-08
0.00109804
1.23855e-08
0.00109804
9.24349e-09
0.00109804
7.2391e-09
0.00109804
5.94062e-09
0.00109804
5.07938e-09
0.00109804
4.48842e-09
0.00109804
4.06484e-09
0.00109804
3.7447e-09
0.00109803
3.48972e-09
0.00109803
3.27618e-09
0.00109803
3.09016e-09
0.00109803
2.92267e-09
0.00109803
2.76856e-09
0.00109803
2.62384e-09
0.00109803
2.48591e-09
0.00109803
2.3516e-09
0.00109803
2.21827e-09
0.00109803
2.08677e-09
0.00109803
1.96083e-09
0.00109803
1.83749e-09
0.00109803
1.71006e-09
0.00109803
1.57361e-09
0.00109803
1.42872e-09
0.00109803
1.27695e-09
0.00109803
1.11902e-09
0.00109803
9.52737e-10
0.00109803
7.73845e-10
0.00109803
5.78807e-10
0.00109803
3.67487e-10
0.00109803
1.38767e-10
0.00109803
-1.08437e-10
0.00109803
-3.76425e-10
0.00109803
-6.67586e-10
0.00109803
-9.86125e-10
0.00109803
-1.33762e-09
0.00109803
-1.73165e-09
0.00109804
-2.18269e-09
0.00109804
-2.71436e-09
0.00109804
-3.36324e-09
0.00109804
-4.18739e-09
0.00109804
-5.27536e-09
0.00109804
-6.76273e-09
0.00109804
-8.85195e-09
0.00109804
-1.18428e-08
0.00109805
-1.61697e-08
0.00109806
-2.24523e-08
0.00109807
-3.15538e-08
0.00109809
-4.46464e-08
0.00109812
-6.32698e-08
0.00109816
-8.93638e-08
0.00109822
-1.25225e-07
0.0010983
-1.73336e-07
0.00109842
-2.35975e-07
0.00109857
-3.14428e-07
0.00109877
-4.07222e-07
0.00109901
-5.06117e-07
0.0010993
-5.89883e-07
0.00109961
-6.27158e-07
0.00109992
-6.08128e-07
0.00110018
-5.23077e-07
0.00110025
-1.15897e-07
0.00109976
1.01669e-06
0.00109856
2.41041e-06
0.00109745
2.22239e-06
1.38128e-06
0.00473959
0.000713281
0.00438657
0.00100498
0.00393584
0.00131842
0.00344975
0.00144936
0.00298516
0.00140757
0.00257354
0.00126291
0.00222669
0.00107401
0.00194557
0.000876096
0.00172512
0.000690142
0.00155691
0.000528146
0.00143146
0.000394724
0.00133962
0.000289288
0.00127347
0.000208528
0.00122649
0.000148175
0.00119352
0.000103973
0.00117064
7.21428e-05
0.00115493
4.95532e-05
0.00114424
3.37242e-05
0.00113702
2.27578e-05
0.00113218
1.52376e-05
0.00112897
1.01284e-05
0.00112685
6.68688e-06
0.00112545
4.38694e-06
0.00112455
2.86121e-06
0.00112396
1.85604e-06
0.00112358
1.1981e-06
0.00112333
7.70061e-07
0.00112318
4.93176e-07
0.00112308
3.15033e-07
0.00112302
2.00998e-07
0.00112298
1.28344e-07
0.00112295
8.22553e-08
0.00112294
5.31299e-08
0.00112293
3.47824e-08
0.00112292
2.32492e-08
0.00112292
1.60048e-08
0.00112292
1.14474e-08
0.00112292
8.5667e-09
0.00112292
6.72796e-09
0.00112291
5.53514e-09
0.00112291
4.74164e-09
0.00112291
4.19513e-09
0.00112291
3.80105e-09
0.00112291
3.50216e-09
0.00112291
3.263e-09
0.00112291
3.0625e-09
0.00112291
2.8872e-09
0.00112291
2.72931e-09
0.00112291
2.58315e-09
0.00112291
2.44519e-09
0.00112291
2.31177e-09
0.00112291
2.18034e-09
0.00112291
2.05122e-09
0.00112291
1.92713e-09
0.00112291
1.80512e-09
0.00112291
1.67935e-09
0.00112291
1.54532e-09
0.00112291
1.40329e-09
0.00112291
1.25434e-09
0.00112291
1.09896e-09
0.00112291
9.34911e-10
0.00112291
7.584e-10
0.00112291
5.66006e-10
0.00112291
3.57174e-10
0.00112291
1.30393e-10
0.00112291
-1.1586e-10
0.00112291
-3.84634e-10
0.00112291
-6.7949e-10
0.00112291
-1.00659e-09
0.00112291
-1.37459e-09
0.00112291
-1.79799e-09
0.00112291
-2.29892e-09
0.00112291
-2.91301e-09
0.00112291
-3.69542e-09
0.00112291
-4.73269e-09
0.00112292
-6.15664e-09
0.00112292
-8.16797e-09
0.00112292
-1.10659e-08
0.00112292
-1.5292e-08
0.00112293
-2.14858e-08
0.00112294
-3.05581e-08
0.00112295
-4.37766e-08
0.00112297
-6.28622e-08
0.00112299
-9.00755e-08
0.00112303
-1.28265e-07
0.00112309
-1.80809e-07
0.00112317
-2.51376e-07
0.00112327
-3.43365e-07
0.00112342
-4.5879e-07
0.00112361
-5.95761e-07
0.00112384
-7.42776e-07
0.00112412
-8.69499e-07
0.00112443
-9.30285e-07
0.00112473
-9.11801e-07
0.00112502
-8.09224e-07
0.00112515
-2.4746e-07
0.00112473
1.43379e-06
0.00112357
3.57046e-06
0.00112247
3.32264e-06
2.14998e-06
0.00469859
0.00101469
0.00431366
0.00138991
0.00384471
0.00178737
0.00335575
0.00193831
0.00290139
0.00186193
0.00250776
0.00165655
0.00218148
0.00140029
0.0019201
0.00113748
0.00171677
0.000893473
0.00156248
0.000682438
0.0014478
0.000509406
0.00136403
0.000373051
0.00130377
0.00026879
0.00126099
0.000190955
0.00123098
0.00013398
0.00121016
9.29646e-05
0.00119586
6.38591e-05
0.00118612
4.34644e-05
0.00117954
2.93338e-05
0.00117514
1.96427e-05
0.00117221
1.30578e-05
0.00117027
8.62158e-06
0.001169
5.65648e-06
0.00116817
3.68922e-06
0.00116764
2.39299e-06
0.00116729
1.5444e-06
0.00116707
9.92242e-07
0.00116693
6.35018e-07
0.00116684
4.05153e-07
0.00116678
2.57989e-07
0.00116674
1.64219e-07
0.00116672
1.04733e-07
0.00116671
6.71438e-08
0.0011667
4.34725e-08
0.00116669
2.86043e-08
0.00116669
1.9279e-08
0.00116669
1.34285e-08
0.00116669
9.7476e-09
0.00116668
7.41591e-09
0.00116668
5.92099e-09
0.00116668
4.94344e-09
0.00116668
4.28571e-09
0.00116668
3.82523e-09
0.00116668
3.48739e-09
0.00116668
3.226e-09
0.00116668
3.01342e-09
0.00116668
2.83215e-09
0.00116668
2.67193e-09
0.00116668
2.52557e-09
0.00116668
2.38868e-09
0.00116668
2.25718e-09
0.00116668
2.12854e-09
0.00116668
2.00259e-09
0.00116668
1.88121e-09
0.00116668
1.76149e-09
0.00116668
1.63835e-09
0.00116668
1.50764e-09
0.00116668
1.36938e-09
0.00116668
1.22421e-09
0.00116668
1.07245e-09
0.00116668
9.1184e-10
0.00116668
7.3898e-10
0.00116668
5.50559e-10
0.00116668
3.45682e-10
0.00116668
1.22484e-10
0.00116668
-1.20962e-10
0.00116668
-3.88394e-10
0.00116668
-6.84447e-10
0.00116668
-1.01708e-09
0.00116668
-1.39776e-09
0.00116668
-1.84551e-09
0.00116668
-2.38944e-09
0.00116668
-3.07621e-09
0.00116668
-3.97798e-09
0.00116668
-5.20732e-09
0.00116668
-6.93559e-09
0.00116669
-9.42299e-09
0.00116669
-1.3057e-08
0.00116669
-1.8409e-08
0.0011667
-2.63054e-08
0.0011667
-3.79228e-08
0.00116671
-5.48983e-08
0.00116673
-7.9454e-08
0.00116676
-1.14511e-07
0.00116679
-1.63751e-07
0.00116684
-2.31554e-07
0.00116691
-3.22702e-07
0.00116701
-4.41688e-07
0.00116714
-5.91334e-07
0.00116732
-7.69696e-07
0.00116754
-9.62949e-07
0.0011678
-1.13334e-06
0.00116809
-1.22256e-06
0.0011684
-1.21528e-06
0.00116871
-1.12281e-06
0.00116893
-4.64136e-07
0.00116862
1.74192e-06
0.00116752
4.67183e-06
0.00116646
4.37825e-06
2.98035e-06
0.00464313
0.00137156
0.00421756
0.00181549
0.00372825
0.00227667
0.00323967
0.0024269
0.00280214
0.00229946
0.00243434
0.00202435
0.00213628
0.00169835
0.00190133
0.00137243
0.00172061
0.00107419
0.00158451
0.000818533
0.00148385
0.00061007
0.00141054
0.000446358
0.00135789
0.000321443
0.00132054
0.000228303
0.00129435
0.000160172
0.00127617
0.000111141
0.00126368
7.63514e-05
0.00125517
5.19734e-05
0.00124942
3.50815e-05
0.00124557
2.34949e-05
0.00124301
1.56207e-05
0.00124131
1.0315e-05
0.0012402
6.76822e-06
0.00123948
4.41462e-06
0.00123901
2.86356e-06
0.0012387
1.84799e-06
0.00123851
1.18708e-06
0.00123838
7.59427e-07
0.0012383
4.84206e-07
0.00123825
3.07981e-07
0.00123822
1.95681e-07
0.0012382
1.24433e-07
0.00123819
7.94135e-08
0.00123818
5.10671e-08
0.00123818
3.32697e-08
0.00123818
2.21169e-08
0.00123817
1.51309e-08
0.00123817
1.07477e-08
0.00123817
7.98387e-09
0.00123817
6.2246e-09
0.00123817
5.08654e-09
0.00123817
4.3324e-09
0.00123817
3.81491e-09
0.00123817
3.44422e-09
0.00123817
3.16468e-09
0.00123817
2.94285e-09
0.00123817
2.75766e-09
0.00123817
2.5967e-09
0.00123817
2.45144e-09
0.00123817
2.31677e-09
0.00123817
2.18822e-09
0.00123817
2.06325e-09
0.00123817
1.94126e-09
0.00123817
1.82345e-09
0.00123817
1.70698e-09
0.00123817
1.58739e-09
0.00123817
1.46089e-09
0.00123817
1.32729e-09
0.00123817
1.18687e-09
0.00123817
1.03978e-09
0.00123817
8.83786e-10
0.00123817
7.15831e-10
0.00123817
5.32708e-10
0.00123817
3.33257e-10
0.00123817
1.15303e-10
0.00123817
-1.23436e-10
0.00123817
-3.87307e-10
0.00123817
-6.8189e-10
0.00123817
-1.01673e-09
0.00123817
-1.40578e-09
0.00123817
-1.87203e-09
0.00123817
-2.45076e-09
0.00123817
-3.19833e-09
0.00123817
-4.20186e-09
0.00123817
-5.59678e-09
0.00123817
-7.5892e-09
0.00123817
-1.04915e-08
0.00123817
-1.47688e-08
0.00123818
-2.11058e-08
0.00123818
-3.04933e-08
0.00123819
-4.43405e-08
0.0012382
-6.46084e-08
0.00123821
-9.39591e-08
0.00123823
-1.35894e-07
0.00123826
-1.94832e-07
0.00123831
-2.76047e-07
0.00123837
-3.85335e-07
0.00123846
-5.28235e-07
0.00123857
-7.08458e-07
0.00123873
-9.24424e-07
0.00123893
-1.16111e-06
0.00123917
-1.37542e-06
0.00123945
-1.49846e-06
0.00123974
-1.51469e-06
0.00124009
-1.46564e-06
0.00124041
-7.8486e-07
0.00124024
1.91027e-06
0.00123922
5.69253e-06
0.00123828
5.3203e-06
3.83467e-06
0.00457304
0.00179852
0.00410092
0.00228761
0.00359338
0.00278422
0.00311224
0.00290803
0.00270081
0.00271089
0.00236812
0.00235704
0.00210646
0.00196001
0.00190465
0.00157423
0.00175179
0.00122705
0.00163787
0.000932461
0.00155415
0.000693783
0.00149343
0.000507081
0.00144991
0.000364964
0.00141907
0.000259146
0.00139744
0.000181799
0.00138243
0.000126154
0.0013721
8.66758e-05
0.00136506
5.90111e-05
0.00136031
3.9839e-05
0.00135712
2.66861e-05
0.00135499
1.77456e-05
0.00135359
1.17201e-05
0.00135266
7.69129e-06
0.00135206
5.0173e-06
0.00135167
3.25475e-06
0.00135142
2.1005e-06
0.00135125
1.3492e-06
0.00135115
8.62984e-07
0.00135108
5.5002e-07
0.00135104
3.496e-07
0.00135102
2.21864e-07
0.001351
1.40817e-07
0.00135099
8.96018e-08
0.00135098
5.73565e-08
0.00135098
3.71158e-08
0.00135098
2.44386e-08
0.00135098
1.65057e-08
0.00135097
1.15373e-08
0.00135097
8.41387e-09
0.00135097
6.43527e-09
0.00135097
5.16469e-09
0.00135097
4.33163e-09
0.00135097
3.76819e-09
0.00135097
3.37174e-09
0.00135097
3.07869e-09
0.00135097
2.85078e-09
0.00135097
2.66394e-09
0.00135097
2.50393e-09
0.00135097
2.36115e-09
0.00135097
2.22984e-09
0.00135097
2.10526e-09
0.00135097
1.98485e-09
0.00135097
1.86762e-09
0.00135097
1.75424e-09
0.00135097
1.64192e-09
0.00135097
1.5268e-09
0.00135097
1.40536e-09
0.00135097
1.27729e-09
0.00135097
1.14256e-09
0.00135097
1.00118e-09
0.00135097
8.50952e-10
0.00135097
6.89136e-10
0.00135097
5.12623e-10
0.00135097
3.20061e-10
0.00135097
1.09017e-10
0.00135097
-1.2309e-10
0.00135097
-3.81111e-10
0.00135097
-6.71423e-10
0.00135097
-1.0049e-09
0.00135097
-1.39757e-09
0.00135097
-1.87577e-09
0.00135097
-2.47994e-09
0.00135097
-3.27457e-09
0.00135097
-4.35924e-09
0.00135097
-5.8885e-09
0.00135097
-8.09744e-09
0.00135097
-1.13419e-08
0.00135098
-1.61515e-08
0.00135098
-2.33054e-08
0.00135098
-3.39307e-08
0.00135099
-4.96301e-08
0.00135099
-7.26337e-08
0.00135101
-1.0597e-07
0.00135102
-1.53623e-07
0.00135105
-2.20633e-07
0.00135109
-3.13033e-07
0.00135114
-4.37506e-07
0.00135121
-6.00556e-07
0.00135131
-8.06851e-07
0.00135144
-1.05559e-06
0.00135161
-1.33177e-06
0.00135183
-1.58928e-06
0.00135208
-1.75106e-06
0.00135237
-1.80328e-06
0.00135273
-1.83363e-06
0.00135317
-1.21946e-06
0.00135316
1.91624e-06
0.00135224
6.6144e-06
0.00135153
6.02755e-06
4.61328e-06
0.00448948
0.00230904
0.00396991
0.00280718
0.0034523
0.00330182
0.00299068
0.00336965
0.00261774
0.00308383
0.00233097
0.00264381
0.00211436
0.00217662
0.0019523
0.00173629
0.00183219
0.00134715
0.00174398
0.00102067
0.00167977
0.000757995
0.00163344
0.000553406
0.00160033
0.000398075
0.00157689
0.000282588
0.00156045
0.000198238
0.00154903
0.000137576
0.00154116
9.45398e-05
0.0015358
6.43789e-05
0.00153216
4.3473e-05
0.00152972
2.91271e-05
0.00152809
1.93732e-05
0.00152702
1.27978e-05
0.00152631
8.40011e-06
0.00152584
5.4806e-06
0.00152554
3.55578e-06
0.00152535
2.29498e-06
0.00152522
1.47416e-06
0.00152514
9.42847e-07
0.00152509
6.00793e-07
0.00152506
3.81707e-07
0.00152504
2.42054e-07
0.00152503
1.53433e-07
0.00152502
9.74276e-08
0.00152501
6.2166e-08
0.00152501
4.00345e-08
0.00152501
2.61774e-08
0.00152501
1.7512e-08
0.00152501
1.20915e-08
0.00152501
8.69089e-09
0.00152501
6.54403e-09
0.00152501
5.17264e-09
0.00152501
4.28041e-09
0.00152501
3.68343e-09
0.00152501
3.26911e-09
0.00152501
2.96771e-09
0.00152501
2.73717e-09
0.00152501
2.55109e-09
0.00152501
2.39383e-09
0.00152501
2.25492e-09
0.00152501
2.12814e-09
0.00152501
2.00856e-09
0.00152501
1.89356e-09
0.00152501
1.78189e-09
0.00152501
1.67375e-09
0.00152501
1.56648e-09
0.00152501
1.4567e-09
0.00152501
1.34117e-09
0.00152501
1.21948e-09
0.00152501
1.09134e-09
0.00152501
9.5668e-10
0.00152501
8.13334e-10
0.00152501
6.58857e-10
0.00152501
4.90249e-10
0.00152501
3.0602e-10
0.00152501
1.03543e-10
0.00152501
-1.19993e-10
0.00152501
-3.69832e-10
0.00152501
-6.52969e-10
0.00152501
-9.81312e-10
0.00152501
-1.37253e-09
0.00152501
-1.85556e-09
0.00152501
-2.47485e-09
0.00152501
-3.30122e-09
0.00152501
-4.44392e-09
0.00152501
-6.07232e-09
0.00152501
-8.44387e-09
0.00152501
-1.1948e-08
0.00152501
-1.71639e-08
0.00152501
-2.49435e-08
0.00152501
-3.65186e-08
0.00152502
-5.36403e-08
0.00152502
-7.87453e-08
0.00152503
-1.15143e-07
0.00152504
-1.67192e-07
0.00152506
-2.40414e-07
0.00152509
-3.41445e-07
0.00152513
-4.77698e-07
0.00152519
-6.56526e-07
0.00152527
-8.83569e-07
0.00152537
-1.1592e-06
0.00152551
-1.46958e-06
0.00152569
-1.76804e-06
0.00152591
-1.97202e-06
0.00152617
-2.07122e-06
0.00152656
-2.21595e-06
0.0015271
-1.76565e-06
0.00152727
1.75148e-06
0.00152645
7.43207e-06
0.00152617
6.30769e-06
5.12584e-06
0.00439642
0.00291262
0.00383646
0.00336714
0.00332526
0.00381301
0.00290121
0.00379371
0.00258252
0.00340252
0.00235388
0.00287245
0.00219119
0.00233931
0.00207515
0.00185234
0.00199214
0.00143017
0.00193264
0.00108016
0.00189
0.000800636
0.00185951
0.000583898
0.00183781
0.000419782
0.00182245
0.000297942
0.00181167
0.000209017
0.00180417
0.00014508
0.00179899
9.97214e-05
0.00179544
6.79266e-05
0.00179303
4.58821e-05
0.00179141
3.07502e-05
0.00179032
2.04585e-05
0.0017896
1.35183e-05
0.00178912
8.87516e-06
0.00178881
5.7918e-06
0.00178861
3.75839e-06
0.00178848
2.42611e-06
0.00178839
1.55853e-06
0.00178834
9.96833e-07
0.00178831
6.35137e-07
0.00178828
4.03424e-07
0.00178827
2.55695e-07
0.00178826
1.61935e-07
0.00178826
1.02675e-07
0.00178825
6.53612e-08
0.00178825
4.19426e-08
0.00178825
2.72823e-08
0.00178825
1.81186e-08
0.00178825
1.23913e-08
0.00178825
8.80361e-09
0.00178825
6.54422e-09
0.00178825
5.10656e-09
0.00178825
4.17666e-09
0.00178825
3.55959e-09
0.00178825
3.13593e-09
0.00178825
2.83168e-09
0.00178825
2.60218e-09
0.00178825
2.41939e-09
0.00178825
2.26673e-09
0.00178825
2.13311e-09
0.00178825
2.01203e-09
0.00178825
1.89844e-09
0.00178825
1.78972e-09
0.00178825
1.68437e-09
0.00178825
1.58229e-09
0.00178825
1.48092e-09
0.00178825
1.37732e-09
0.00178825
1.26849e-09
0.00178825
1.154e-09
0.00178825
1.03334e-09
0.00178825
9.06367e-10
0.00178825
7.70988e-10
0.00178825
6.25018e-10
0.00178825
4.65577e-10
0.00178825
2.91102e-10
0.00178825
9.88291e-11
0.00178825
-1.14202e-10
0.00178825
-3.53507e-10
0.00178825
-6.26501e-10
0.00178825
-9.45812e-10
0.00178825
-1.33024e-09
0.00178825
-1.81053e-09
0.00178825
-2.4339e-09
0.00178825
-3.27551e-09
0.00178825
-4.45119e-09
0.00178825
-6.14042e-09
0.00178825
-8.61583e-09
0.00178825
-1.22895e-08
0.00178825
-1.77741e-08
0.00178825
-2.59703e-08
0.00178825
-3.818e-08
0.00178825
-5.62536e-08
0.00178826
-8.27654e-08
0.00178826
-1.21213e-07
0.00178827
-1.76206e-07
0.00178829
-2.53595e-07
0.0017883
-3.60439e-07
0.00178833
-5.04691e-07
0.00178837
-6.94398e-07
0.00178842
-9.36134e-07
0.00178849
-1.23171e-06
0.00178859
-1.56952e-06
0.00178873
-1.90461e-06
0.00178891
-2.15179e-06
0.00178915
-2.30587e-06
0.00178952
-2.59511e-06
0.00179017
-2.40631e-06
0.00179049
1.43018e-06
0.00178975
8.16779e-06
0.00179018
5.87852e-06
5.05772e-06
0.00430254
0.00361008
0.00372126
0.00394842
0.00324353
0.00429075
0.00288174
0.0041555
0.0026362
0.00364806
0.00247882
0.00302983
0.00237874
0.00243939
0.00231432
0.00191676
0.00227198
0.0014725
0.00224351
0.00110864
0.00222394
0.000820201
0.00221028
0.000597562
0.00220065
0.000429414
0.00219384
0.000304753
0.00218903
0.000213824
0.00218565
0.000148457
0.0021833
0.000102076
0.00218167
6.95559e-05
0.00218055
4.70001e-05
0.00217979
3.15108e-05
0.00217928
2.09718e-05
0.00217893
1.38619e-05
0.0021787
9.10352e-06
0.00217855
5.94245e-06
0.00217845
3.85708e-06
0.00217839
2.49032e-06
0.00217835
1.60004e-06
0.00217832
1.02348e-06
0.0021783
6.5212e-07
0.00217829
4.1416e-07
0.00217829
2.62416e-07
0.00217828
1.66089e-07
0.00217828
1.05197e-07
0.00217828
6.68513e-08
0.00217828
4.27839e-08
0.00217828
2.77188e-08
0.00217828
1.83046e-08
0.00217828
1.24242e-08
0.00217828
8.74465e-09
0.00217828
6.43166e-09
0.00217828
4.96423e-09
0.00217828
4.01933e-09
0.00217828
3.39633e-09
0.00217828
2.97227e-09
0.00217828
2.67092e-09
0.00217828
2.44625e-09
0.00217828
2.26937e-09
0.00217828
2.12316e-09
0.00217828
1.99626e-09
0.00217828
1.88204e-09
0.00217828
1.7754e-09
0.00217828
1.67379e-09
0.00217828
1.57553e-09
0.00217828
1.48028e-09
0.00217828
1.38561e-09
0.00217828
1.28899e-09
0.00217828
1.18766e-09
0.00217828
1.08114e-09
0.00217828
9.68812e-10
0.00217828
8.50456e-10
0.00217828
7.24083e-10
0.00217828
5.87745e-10
0.00217828
4.38699e-10
0.00217828
2.75363e-10
0.00217828
9.4904e-11
0.00217828
-1.0571e-10
0.00217828
-3.32129e-10
0.00217828
-5.91984e-10
0.00217828
-8.98286e-10
0.00217828
-1.27043e-09
0.00217828
-1.74013e-09
0.00217827
-2.35605e-09
0.00217827
-3.19557e-09
0.00217827
-4.37788e-09
0.00217827
-6.08753e-09
0.00217827
-8.60471e-09
0.00217827
-1.23527e-08
0.00217827
-1.79602e-08
0.00217827
-2.63518e-08
0.00217828
-3.88623e-08
0.00217828
-5.73892e-08
0.00217828
-8.45717e-08
0.00217828
-1.23995e-07
0.00217828
-1.80391e-07
0.00217829
-2.59769e-07
0.0021783
-3.69417e-07
0.00217831
-5.17607e-07
0.00217833
-7.12878e-07
0.00217836
-9.62617e-07
0.0021784
-1.27022e-06
0.00217845
-1.62706e-06
0.00217854
-1.992e-06
0.00217867
-2.28003e-06
0.00217886
-2.49251e-06
0.00217921
-2.94809e-06
0.00217991
-3.10804e-06
0.00218034
9.98558e-07
0.00217962
8.89314e-06
0.00218114
4.35491e-06
3.93698e-06
0.00422371
0.00438637
0.00365697
0.00451516
0.00325215
0.00469557
0.00298386
0.00442379
0.00283258
0.00379934
0.00275958
0.00310283
0.00272992
0.00246905
0.00272161
0.00192507
0.00272251
0.00147161
0.00272651
0.00110464
0.00273085
0.000815852
0.00273452
0.000593895
0.00273728
0.000426659
0.00273921
0.000302819
0.00274051
0.000212526
0.00274135
0.000147614
0.00274188
0.000101542
0.00274221
6.92247e-05
0.00274242
4.67981e-05
0.00274254
3.13896e-05
0.00274261
2.09e-05
0.00274265
1.382e-05
0.00274268
9.07929e-06
0.00274269
5.92863e-06
0.0027427
3.84928e-06
0.0027427
2.48595e-06
0.0027427
1.59759e-06
0.0027427
1.02208e-06
0.00274271
6.51293e-07
0.00274271
4.1363e-07
0.00274271
2.62036e-07
0.00274271
1.65781e-07
0.00274271
1.04923e-07
0.00274271
6.65918e-08
0.00274271
4.25312e-08
0.00274271
2.74702e-08
0.00274271
1.80602e-08
0.00274271
1.21846e-08
0.00274271
8.51095e-09
0.00274271
6.20489e-09
0.00274271
4.74515e-09
0.00274271
3.80849e-09
0.00274271
3.19408e-09
0.00274271
2.77877e-09
0.00274271
2.48619e-09
0.00274271
2.2702e-09
0.00274271
2.10184e-09
0.00274271
1.96396e-09
0.00274271
1.84519e-09
0.00274271
1.73895e-09
0.00274271
1.64021e-09
0.00274271
1.54651e-09
0.00274271
1.45606e-09
0.00274271
1.36838e-09
0.00274271
1.28118e-09
0.00274271
1.19229e-09
0.00274271
1.09919e-09
0.00274271
1.00141e-09
0.00274271
8.98217e-10
0.00274271
7.89374e-10
0.00274271
6.72998e-10
0.00274271
5.47374e-10
0.00274271
4.09912e-10
0.00274271
2.59059e-10
0.00274271
9.19822e-11
0.00274271
-9.43362e-11
0.00274271
-3.05543e-10
0.00274271
-5.49272e-10
0.00274271
-8.38567e-10
0.00274271
-1.19288e-09
0.00274271
-1.64401e-09
0.00274271
-2.24071e-09
0.00274271
-3.0604e-09
0.00274271
-4.2223e-09
0.00274271
-5.9109e-09
0.00274271
-8.40608e-09
0.00274271
-1.21304e-08
0.0027427
-1.77112e-08
0.0027427
-2.60704e-08
0.0027427
-3.85387e-08
0.0027427
-5.70063e-08
0.0027427
-8.41017e-08
0.0027427
-1.23396e-07
0.0027427
-1.79604e-07
0.0027427
-2.58723e-07
0.0027427
-3.68052e-07
0.0027427
-5.15944e-07
0.0027427
-7.11175e-07
0.00274269
-9.61748e-07
0.0027427
-1.27259e-06
0.00274271
-1.6385e-06
0.00274274
-2.02375e-06
0.00274281
-2.3463e-06
0.00274293
-2.61562e-06
0.00274323
-3.24898e-06
0.00274394
-3.82238e-06
0.0027444
5.43609e-07
0.00274354
9.75661e-06
0.00274664
1.25258e-06
1.11474e-06
0.00418554
0.00520083
0.00369071
0.00500998
0.00341111
0.00497517
0.00327244
0.00456246
0.00323677
0.00383502
0.00325988
0.00307971
0.0033067
0.00242223
0.0033574
0.00187437
0.00340273
0.00142627
0.00343962
0.00106775
0.00346796
0.000787509
0.00348891
0.000572942
0.00350398
0.000411593
0.00351459
0.000292209
0.00352194
0.000205176
0.00352696
0.000142589
0.00353036
9.81448e-05
0.00353263
6.6949e-05
0.00353415
4.52863e-05
0.00353514
3.03925e-05
0.0035358
2.02467e-05
0.00353622
1.33946e-05
0.0035365
8.80379e-06
0.00353667
5.75111e-06
0.00353679
3.73544e-06
0.00353686
2.41325e-06
0.00353691
1.55133e-06
0.00353694
9.9273e-07
0.00353695
6.32701e-07
0.00353697
4.01858e-07
0.00353697
2.54568e-07
0.00353698
1.6102e-07
0.00353698
1.01857e-07
0.00353698
6.45858e-08
0.00353698
4.11866e-08
0.00353698
2.65384e-08
0.00353699
1.73866e-08
0.00353699
1.16737e-08
0.00353699
8.10377e-09
0.00353699
5.86512e-09
0.00353699
4.45053e-09
0.00353699
3.54534e-09
0.00353699
2.95401e-09
0.00353699
2.55658e-09
0.00353699
2.27861e-09
0.00353699
2.07513e-09
0.00353699
1.91789e-09
0.00353699
1.79018e-09
0.00353699
1.68092e-09
0.00353699
1.58373e-09
0.00353699
1.4938e-09
0.00353699
1.40878e-09
0.00353699
1.32684e-09
0.00353699
1.24745e-09
0.00353699
1.16844e-09
0.00353699
1.08799e-09
0.00353699
1.00383e-09
0.00353699
9.15491e-10
0.00353699
8.22195e-10
0.00353699
7.23711e-10
0.00353699
6.18276e-10
0.00353699
5.04395e-10
0.00353699
3.79659e-10
0.00353699
2.42586e-10
0.00353699
9.04137e-11
0.00353699
-7.9779e-11
0.00353699
-2.73494e-10
0.00353699
-4.98154e-10
0.00353699
-7.66484e-10
0.00353699
-1.09744e-09
0.00353699
-1.52206e-09
0.00353699
-2.08778e-09
0.00353698
-2.86992e-09
0.00353698
-3.9844e-09
0.00353698
-5.61046e-09
0.00353698
-8.01986e-09
0.00353698
-1.16226e-08
0.00353698
-1.70271e-08
0.00353698
-2.51265e-08
0.00353698
-3.72094e-08
0.00353698
-5.51052e-08
0.00353697
-8.13564e-08
0.00353697
-1.19416e-07
0.00353696
-1.73843e-07
0.00353696
-2.50446e-07
0.00353694
-3.56313e-07
0.00353693
-4.99614e-07
0.00353691
-6.89073e-07
0.00353688
-9.33014e-07
0.00353684
-1.23766e-06
0.0035368
-1.60126e-06
0.00353678
-1.99447e-06
0.00353677
-2.34086e-06
0.00353681
-2.66049e-06
0.00353704
-3.47319e-06
0.00353771
-4.49143e-06
0.00353806
1.96358e-07
0.0035368
1.10113e-05
0.00354202
-3.97094e-06
-4.21653e-06
0.00422528
0.00597556
0.00388398
0.00535127
0.00379204
0.00506711
0.00382007
0.00453443
0.00391863
0.00373646
0.00404626
0.00295208
0.00417277
0.00229572
0.00428307
0.00176408
0.00437237
0.00133697
0.00444135
0.000998773
0.00449291
0.000735952
0.0045305
0.000535347
0.00455739
0.000384703
0.00457632
0.000273277
0.00458948
0.000192022
0.00459851
0.000133552
0.00460466
9.19974e-05
0.00460881
6.28044e-05
0.00461158
4.25143e-05
0.00461342
2.85521e-05
0.00461463
1.90331e-05
0.00461543
1.25993e-05
0.00461594
8.28569e-06
0.00461628
5.41545e-06
0.0046165
3.51907e-06
0.00461663
2.27444e-06
0.00461672
1.46266e-06
0.00461678
9.36298e-07
0.00461682
5.96897e-07
0.00461684
3.7919e-07
0.00461685
2.40228e-07
0.00461686
1.51937e-07
0.00461687
9.60818e-08
0.00461687
6.08845e-08
0.00461687
3.8782e-08
0.00461687
2.49434e-08
0.00461687
1.62968e-08
0.00461688
1.08999e-08
0.00461688
7.52867e-09
0.00461688
5.41626e-09
0.00461688
4.08324e-09
0.00461688
3.23215e-09
0.00461688
2.67801e-09
0.00461688
2.30735e-09
0.00461688
2.04967e-09
0.00461688
1.86243e-09
0.00461688
1.71882e-09
0.00461688
1.60306e-09
0.00461688
1.50463e-09
0.00461688
1.41755e-09
0.00461688
1.33729e-09
0.00461688
1.26167e-09
0.00461688
1.18891e-09
0.00461688
1.11845e-09
0.00461688
1.04831e-09
0.00461688
9.76968e-10
0.00461688
9.02383e-10
0.00461688
8.2416e-10
0.00461688
7.41487e-10
0.00461688
6.54157e-10
0.00461688
5.6055e-10
0.00461688
4.59387e-10
0.00461688
3.48464e-10
0.00461688
2.26412e-10
0.00461688
9.06069e-11
0.00461688
-6.16942e-11
0.00461688
-2.35707e-10
0.00461688
-4.38439e-10
0.00461688
-6.8195e-10
0.00461688
-9.84172e-10
0.00461688
-1.37451e-09
0.00461688
-1.89777e-09
0.00461687
-2.62509e-09
0.00461687
-3.66582e-09
0.00461687
-5.18896e-09
0.00461687
-7.45056e-09
0.00461687
-1.08366e-08
0.00461687
-1.59193e-08
0.00461687
-2.35381e-08
0.00461687
-3.4903e-08
0.00461686
-5.173e-08
0.00461686
-7.64024e-08
0.00461685
-1.12155e-07
0.00461684
-1.63256e-07
0.00461683
-2.35148e-07
0.0046168
-3.34485e-07
0.00461677
-4.68983e-07
0.00461673
-6.46993e-07
0.00461667
-8.76792e-07
0.0046166
-1.16546e-06
0.00461651
-1.5143e-06
0.00461642
-1.90052e-06
0.00461634
-2.25567e-06
0.00461629
-2.61499e-06
0.00461642
-3.60264e-06
0.00461699
-5.05931e-06
0.00461706
1.21412e-07
0.00461504
1.30283e-05
0.00462288
-1.18073e-05
-1.29249e-05
0.00439101
0.00658454
0.00430633
0.00543595
0.00446654
0.00490691
0.00469244
0.00430853
0.00493686
0.00349203
0.00517177
0.00271717
0.00537701
0.00209048
0.00554456
0.00159653
0.00567531
0.00120622
0.00577419
0.000899896
0.00584722
0.000662919
0.00590016
0.000482407
0.00593794
0.000346924
0.00596454
0.000246678
0.00598305
0.000173513
0.00599579
0.000120808
0.00600448
8.33063e-05
0.00601036
5.6928e-05
0.0060143
3.85726e-05
0.00601692
2.59277e-05
0.00601866
1.72977e-05
0.0060198
1.14591e-05
0.00602054
7.54115e-06
0.00602103
4.93198e-06
0.00602134
3.20679e-06
0.00602154
2.07373e-06
0.00602167
1.33424e-06
0.00602175
8.54466e-07
0.0060218
5.44933e-07
0.00602183
3.46284e-07
0.00602185
2.19426e-07
0.00602187
1.38791e-07
0.00602187
8.77573e-08
0.00602188
5.5587e-08
0.00602188
3.53789e-08
0.00602189
2.27232e-08
0.00602189
1.48146e-08
0.00602189
9.87825e-09
0.00602189
6.79535e-09
0.00602189
4.86471e-09
0.00602189
3.64771e-09
0.00602189
2.8721e-09
0.00602189
2.36852e-09
0.00602189
2.03305e-09
0.00602189
1.80107e-09
0.00602189
1.63358e-09
0.00602189
1.50601e-09
0.00602189
1.40387e-09
0.00602189
1.31753e-09
0.00602189
1.24153e-09
0.00602189
1.17173e-09
0.00602189
1.10619e-09
0.00602189
1.04324e-09
0.00602189
9.82308e-10
0.00602189
9.21646e-10
0.00602189
8.60009e-10
0.00602189
7.95607e-10
0.00602189
7.28104e-10
0.00602189
6.56714e-10
0.00602189
5.81266e-10
0.00602189
5.00306e-10
0.00602189
4.12767e-10
0.00602189
3.16674e-10
0.00602189
2.10809e-10
0.00602189
9.27532e-11
0.00602189
-3.99812e-11
0.00602189
-1.92188e-10
0.00602189
-3.70265e-10
0.00602189
-5.85281e-10
0.00602189
-8.53638e-10
0.00602189
-1.20229e-09
0.00602189
-1.67218e-09
0.00602189
-2.32829e-09
0.00602189
-3.27035e-09
0.00602189
-4.65246e-09
0.00602188
-6.70782e-09
0.00602188
-9.78763e-09
0.00602188
-1.4412e-08
0.00602188
-2.1343e-08
0.00602188
-3.16777e-08
0.00602187
-4.69704e-08
0.00602186
-6.93764e-08
0.00602185
-1.01818e-07
0.00602184
-1.48146e-07
0.00602182
-2.13269e-07
0.00602179
-3.03196e-07
0.00602174
-4.24917e-07
0.00602168
-5.86079e-07
0.0060216
-7.94489e-07
0.00602149
-1.05749e-06
0.00602135
-1.37857e-06
0.00602119
-1.74074e-06
0.00602102
-2.08536e-06
0.00602088
-2.47079e-06
0.00602091
-3.63008e-06
0.00602134
-5.48913e-06
0.00602098
4.80514e-07
0.00601774
1.62655e-05
0.00602841
-2.24783e-05
-2.56978e-05
0.00473472
0.00684982
0.00501772
0.00515296
0.00548039
0.00444423
0.00591903
0.00386989
0.00630898
0.00310208
0.00664579
0.00238036
0.00692328
0.00181299
0.00714209
0.00137772
0.00730934
0.00103898
0.00743429
0.000774939
0.00752599
0.000571221
0.00759226
0.000416136
0.00763951
0.000299671
0.0076728
0.000213391
0.00769599
0.000150321
0.00771199
0.000104812
0.00772292
7.23746e-05
0.00773033
4.95216e-05
0.00773531
3.35946e-05
0.00773863
2.26068e-05
0.00774083
1.50977e-05
0.00774227
1.00112e-05
0.00774322
6.59406e-06
0.00774384
4.31607e-06
0.00774424
2.80842e-06
0.00774449
1.81737e-06
0.00774466
1.17003e-06
0.00774476
7.49734e-07
0.00774483
4.78384e-07
0.00774487
3.04127e-07
0.00774489
1.92779e-07
0.00774491
1.21964e-07
0.00774492
7.71217e-08
0.00774493
4.88412e-08
0.00774493
3.1069e-08
0.00774494
1.9935e-08
0.00774494
1.29755e-08
0.00774494
8.63105e-09
0.00774494
5.91805e-09
0.00774494
4.21977e-09
0.00774494
3.15016e-09
0.00774494
2.46957e-09
0.00774494
2.02877e-09
0.00774494
1.7362e-09
0.00774494
1.53486e-09
0.00774494
1.39038e-09
0.00774494
1.28103e-09
0.00774494
1.19406e-09
0.00774494
1.12094e-09
0.00774494
1.0569e-09
0.00774494
9.98286e-10
0.00774494
9.43427e-10
0.00774494
8.90803e-10
0.00774494
8.39935e-10
0.00774494
7.89281e-10
0.00774494
7.37866e-10
0.00774494
6.8416e-10
0.00774494
6.27904e-10
0.00774494
5.68372e-10
0.00774494
5.05441e-10
0.00774494
4.37846e-10
0.00774494
3.6473e-10
0.00774494
2.84376e-10
0.00774494
1.95748e-10
0.00774494
9.66967e-11
0.00774494
-1.49433e-11
0.00774494
-1.43415e-10
0.00774494
-2.94333e-10
0.00774494
-4.77468e-10
0.00774494
-7.07243e-10
0.00774494
-1.00739e-09
0.00774494
-1.4139e-09
0.00774494
-1.98382e-09
0.00774494
-2.80453e-09
0.00774494
-4.011e-09
0.00774494
-5.80718e-09
0.00774493
-8.49991e-09
0.00774493
-1.25428e-08
0.00774493
-1.85996e-08
0.00774493
-2.76243e-08
0.00774492
-4.09657e-08
0.00774491
-6.04906e-08
0.0077449
-8.87255e-08
0.00774488
-1.28991e-07
0.00774485
-1.85514e-07
0.00774481
-2.63461e-07
0.00774475
-3.68855e-07
0.00774468
-5.08315e-07
0.00774457
-6.8875e-07
0.00774443
-9.17069e-07
0.00774425
-1.19769e-06
0.00774403
-1.51763e-06
0.00774377
-1.82864e-06
0.00774352
-2.22349e-06
0.00774345
-3.55883e-06
0.00774374
-5.78019e-06
0.00774287
1.35535e-06
0.00773799
2.11441e-05
0.00775107
-3.55617e-05
-4.25818e-05
0.00529384
0.00655598
0.00603153
0.00441527
0.00680743
0.00366833
0.00744487
0.00323244
0.00796285
0.0025841
0.00838589
0.00195733
0.00872247
0.00147641
0.00898217
0.00111802
0.0091781
0.000843044
0.00932347
0.000629574
0.0094298
0.000464894
0.00950657
0.000339362
0.00956134
0.000244901
0.00959997
0.000174757
0.00962694
0.000123357
0.00964557
8.6177e-05
0.00965833
5.96143e-05
0.00966699
4.0859e-05
0.00967283
2.7761e-05
0.00967673
1.87079e-05
0.00967931
1.25103e-05
0.00968102
8.30565e-06
0.00968214
5.47681e-06
0.00968286
3.58852e-06
0.00968333
2.33725e-06
0.00968364
1.51381e-06
0.00968383
9.75396e-07
0.00968396
6.25487e-07
0.00968403
3.99377e-07
0.00968408
2.54053e-07
0.00968412
1.61121e-07
0.00968414
1.01975e-07
0.00968415
6.44977e-08
0.00968416
4.08473e-08
0.00968416
2.59767e-08
0.00968416
1.6656e-08
0.00968417
1.08278e-08
0.00968417
7.18873e-09
0.00968417
4.91619e-09
0.00968417
3.49409e-09
0.00968417
2.59912e-09
0.00968417
2.03051e-09
0.00968417
1.66311e-09
0.00968417
1.42015e-09
0.00968417
1.25375e-09
0.00968417
1.13506e-09
0.00968417
1.04582e-09
0.00968417
9.75314e-10
0.00968417
9.16372e-10
0.00968417
8.65015e-10
0.00968417
8.1816e-10
0.00968417
7.74448e-10
0.00968417
7.32575e-10
0.00968417
6.92159e-10
0.00968417
6.51913e-10
0.00968417
6.11102e-10
0.00968417
5.68475e-10
0.00968417
5.23852e-10
0.00968417
4.76607e-10
0.00968417
4.2667e-10
0.00968417
3.72991e-10
0.00968417
3.14916e-10
0.00968417
2.51018e-10
0.00968417
1.80464e-10
0.00968417
1.01439e-10
0.00968417
1.21535e-11
0.00968417
-9.09674e-11
0.00968417
-2.12605e-10
0.00968417
-3.60973e-10
0.00968417
-5.48118e-10
0.00968417
-7.93889e-10
0.00968417
-1.12836e-09
0.00968417
-1.59919e-09
0.00968417
-2.27906e-09
0.00968417
-3.28026e-09
0.00968417
-4.77213e-09
0.00968416
-7.00903e-09
0.00968416
-1.03662e-08
0.00968416
-1.53917e-08
0.00968415
-2.2871e-08
0.00968415
-3.39124e-08
0.00968414
-5.00444e-08
0.00968412
-7.33299e-08
0.0096841
-1.06469e-07
0.00968406
-1.52885e-07
0.00968402
-2.1675e-07
0.00968395
-3.02913e-07
0.00968386
-4.16702e-07
0.00968373
-5.6374e-07
0.00968357
-7.49829e-07
0.00968335
-9.78842e-07
0.00968307
-1.23896e-06
0.00968273
-1.49044e-06
0.00968238
-1.87165e-06
0.00968221
-3.39182e-06
0.0096824
-5.97033e-06
0.00968114
2.6203e-06
0.00967455
2.7734e-05
0.00968844
-4.94505e-05
-6.22117e-05
0.00605393
0.00550206
0.00725301
0.00321619
0.00827951
0.00264183
0.00906187
0.00245008
0.00967043
0.00197554
0.0101523
0.0014755
0.0105271
0.00110158
0.0108122
0.000832873
0.0110258
0.000629514
0.0111837
0.00047163
0.0112992
0.000349399
0.0113827
0.000255867
0.0114424
0.000185216
0.0114846
0.000132557
0.0115141
9.38271e-05
0.0115346
6.57162e-05
0.0115486
4.55683e-05
0.0115582
3.13005e-05
0.0115646
2.13095e-05
0.011569
1.4387e-05
0.0115718
9.63737e-06
0.0115737
6.40842e-06
0.011575
4.23194e-06
0.0115758
2.77662e-06
0.0115763
1.81072e-06
0.0115766
1.17415e-06
0.0115769
7.57359e-07
0.011577
4.86153e-07
0.0115771
3.10696e-07
0.0115771
1.97805e-07
0.0115772
1.25539e-07
0.0115772
7.95033e-08
0.0115772
5.03071e-08
0.0115772
3.18679e-08
0.0115772
2.02653e-08
0.0115772
1.29884e-08
0.0115772
8.43581e-09
0.0115772
5.5923e-09
0.0115772
3.81638e-09
0.0115772
2.70537e-09
0.0115772
2.00675e-09
0.0115772
1.56361e-09
0.0115772
1.27804e-09
0.0115772
1.08995e-09
0.0115772
9.61815e-10
0.0115772
8.71042e-10
0.0115772
8.0328e-10
0.0115772
7.50157e-10
0.0115772
7.06019e-10
0.0115772
6.67773e-10
0.0115772
6.33e-10
0.0115772
6.00664e-10
0.0115772
5.69734e-10
0.0115772
5.39935e-10
0.0115772
5.10266e-10
0.0115772
4.80211e-10
0.0115772
4.48808e-10
0.0115772
4.1596e-10
0.0115772
3.81169e-10
0.0115772
3.44421e-10
0.0115772
3.04901e-10
0.0115772
2.62152e-10
0.0115772
2.15061e-10
0.0115772
1.63018e-10
0.0115772
1.0459e-10
0.0115772
3.84087e-11
0.0115772
-3.83369e-11
0.0115772
-1.29281e-10
0.0115772
-2.40861e-10
0.0115772
-3.82452e-10
0.0115772
-5.69486e-10
0.0115772
-8.25397e-10
0.0115772
-1.18726e-09
0.0115772
-1.71134e-09
0.0115772
-2.48456e-09
0.0115772
-3.63761e-09
0.0115772
-5.36637e-09
0.0115772
-7.95899e-09
0.0115772
-1.18352e-08
0.0115772
-1.75943e-08
0.0115772
-2.6079e-08
0.0115772
-3.84461e-08
0.0115772
-5.62489e-08
0.0115772
-8.15074e-08
0.0115771
-1.16768e-07
0.0115771
-1.65106e-07
0.011577
-2.30073e-07
0.0115769
-3.15535e-07
0.0115768
-4.2558e-07
0.0115766
-5.64418e-07
0.0115763
-7.3409e-07
0.011576
-9.20554e-07
0.0115756
-1.08657e-06
0.0115752
-1.41676e-06
0.0115749
-3.10353e-06
0.011575
-6.09327e-06
0.0115738
3.78433e-06
0.0115664
3.51658e-05
0.0115777
-6.07259e-05
-8.07401e-05
0.00688606
0.00361599
0.00839155
0.0017107
0.00950153
0.00153185
0.0103318
0.00161979
0.0109756
0.00133173
0.0114773
0.000973862
0.011861
0.000717831
0.0121504
0.000543538
0.0123665
0.000413326
0.0125267
0.000311478
0.0126442
0.000231922
0.0127294
0.000170619
0.0127906
0.000124036
0.012834
8.9125e-05
0.0128645
6.33175e-05
0.0128858
4.44982e-05
0.0129004
3.09518e-05
0.0129103
2.13216e-05
0.0129171
1.45541e-05
0.0129216
9.85002e-06
0.0129247
6.61296e-06
0.0129267
4.40645e-06
0.012928
2.91548e-06
0.0129288
1.91629e-06
0.0129294
1.25175e-06
0.0129298
8.12947e-07
0.01293
5.25126e-07
0.0129301
3.37533e-07
0.0129302
2.1598e-07
0.0129303
1.3766e-07
0.0129303
8.74562e-08
0.0129304
5.54344e-08
0.0129304
3.51021e-08
0.0129304
2.22472e-08
0.0129304
1.41505e-08
0.0129304
9.06807e-09
0.0129304
5.88612e-09
0.0129304
3.8978e-09
0.0129304
2.65578e-09
0.0129304
1.87903e-09
0.0129304
1.39108e-09
0.0129304
1.08218e-09
0.0129304
8.83754e-10
0.0129304
7.53706e-10
0.0129304
6.65694e-10
0.0129304
6.03868e-10
0.0129304
5.58128e-10
0.0129304
5.22606e-10
0.0129304
4.93315e-10
0.0129304
4.68103e-10
0.0129304
4.45267e-10
0.0129304
4.24106e-10
0.0129304
4.03896e-10
0.0129304
3.84474e-10
0.0129304
3.65146e-10
0.0129304
3.45586e-10
0.0129304
3.2513e-10
0.0129304
3.03752e-10
0.0129304
2.81109e-10
0.0129304
2.57229e-10
0.0129304
2.31551e-10
0.0129304
2.03794e-10
0.0129304
1.73185e-10
0.0129304
1.39329e-10
0.0129304
1.01222e-10
0.0129304
5.79325e-11
0.0129304
7.48693e-12
0.0129304
-5.26345e-11
0.0129304
-1.26944e-10
0.0129304
-2.21961e-10
0.0129304
-3.48391e-10
0.0129304
-5.22516e-10
0.0129304
-7.70104e-10
0.0129304
-1.13004e-09
0.0129304
-1.66229e-09
0.0129304
-2.45664e-09
0.0129304
-3.64733e-09
0.0129304
-5.43098e-09
0.0129304
-8.09296e-09
0.0129304
-1.20385e-08
0.0129304
-1.78347e-08
0.0129304
-2.62541e-08
0.0129303
-3.83272e-08
0.0129303
-5.53795e-08
0.0129303
-7.90651e-08
0.0129302
-1.11353e-07
0.0129301
-1.54485e-07
0.01293
-2.10853e-07
0.0129299
-2.82988e-07
0.0129297
-3.73455e-07
0.0129295
-4.82129e-07
0.0129291
-5.90607e-07
0.0129287
-6.53923e-07
0.0129282
-8.71946e-07
0.0129276
-2.59419e-06
0.0129276
-6.03708e-06
0.0129275
3.89933e-06
0.0129219
4.06908e-05
0.0129251
-6.38408e-05
-9.07512e-05
0.00746011
0.00115589
0.00886168
0.000309131
0.00978151
0.000612013
0.0105386
0.000862709
0.0111541
0.000716276
0.011626
0.000501881
0.0119798
0.000364054
0.0122453
0.000278043
0.0124447
0.00021389
0.0125937
0.000162544
0.0127038
0.000121806
0.0127843
9.0122e-05
0.0128425
6.58646e-05
0.012884
4.75609e-05
0.0129134
3.39424e-05
0.0129339
2.39537e-05
0.0129482
1.67252e-05
0.0129579
1.15619e-05
0.0129646
7.91763e-06
0.012969
5.37459e-06
0.012972
3.61826e-06
0.012974
2.41719e-06
0.0129753
1.60312e-06
0.0129762
1.05606e-06
0.0129768
6.91264e-07
0.0129771
4.4982e-07
0.0129774
2.91093e-07
0.0129775
1.87427e-07
0.0129776
1.20122e-07
0.0129777
7.66771e-08
0.0129777
4.87801e-08
0.0129777
3.09581e-08
0.0129777
1.96246e-08
0.0129777
1.24493e-08
0.0129778
7.92404e-09
0.0129778
5.08035e-09
0.0129778
3.29829e-09
0.0129778
2.18403e-09
0.0129778
1.48779e-09
0.0129778
1.05251e-09
0.0129778
7.79359e-10
0.0129778
6.06843e-10
0.0129778
4.96445e-10
0.0129778
4.24516e-10
0.0129778
3.76223e-10
0.0129778
3.42644e-10
0.0129778
3.18077e-10
0.0129778
2.99222e-10
0.0129778
2.83821e-10
0.0129778
2.70675e-10
0.0129778
2.58817e-10
0.0129778
2.47874e-10
0.0129778
2.37443e-10
0.0129778
2.27455e-10
0.0129778
2.17525e-10
0.0129778
2.07486e-10
0.0129778
1.96969e-10
0.0129778
1.85987e-10
0.0129778
1.7436e-10
0.0129778
1.6213e-10
0.0129778
1.48992e-10
0.0129778
1.34808e-10
0.0129778
1.19149e-10
0.0129778
1.01813e-10
0.0129778
8.22401e-11
0.0129778
5.9926e-11
0.0129778
3.3762e-11
0.0129778
2.35202e-12
0.0129778
-3.68382e-11
0.0129778
-8.74347e-11
0.0129778
-1.55388e-10
0.0129778
-2.49701e-10
0.0129778
-3.84682e-10
0.0129778
-5.81816e-10
0.0129778
-8.7411e-10
0.0129778
-1.31067e-09
0.0129778
-1.96476e-09
0.0129778
-2.94298e-09
0.0129778
-4.39941e-09
0.0129777
-6.55119e-09
0.0129777
-9.70014e-09
0.0129777
-1.42535e-08
0.0129777
-2.0749e-08
0.0129777
-2.98676e-08
0.0129776
-4.24472e-08
0.0129776
-5.9461e-08
0.0129775
-8.19914e-08
0.0129774
-1.11162e-07
0.0129773
-1.48229e-07
0.0129771
-1.94709e-07
0.0129769
-2.50112e-07
0.0129766
-2.95355e-07
0.0129762
-2.70039e-07
0.0129756
-2.98543e-07
0.0129747
-1.65565e-06
0.0129739
-5.24516e-06
0.012976
1.8225e-06
0.0129781
3.85383e-05
0.0129663
-5.2059e-05
-8.10169e-05
0.00704366
-0.000887777
0.00768658
-0.000333788
0.00818616
0.000112435
0.00876363
0.000285234
0.00926029
0.000219617
0.00962394
0.000138233
0.00988902
9.89698e-05
0.010089
7.81102e-05
0.0102415
6.13943e-05
0.0103569
4.70802e-05
0.0104432
3.54726e-05
0.010507
2.63903e-05
0.0105534
1.93963e-05
0.0105869
1.40836e-05
0.0106108
1.0102e-05
0.0106276
7.16278e-06
0.0106393
5.0227e-06
0.0106473
3.48609e-06
0.0106529
2.39604e-06
0.0106566
1.63211e-06
0.0106591
1.10226e-06
0.0106608
7.38611e-07
0.0106619
4.91234e-07
0.0106626
3.24475e-07
0.0106631
2.12923e-07
0.0106634
1.38888e-07
0.0106636
9.00802e-08
0.0106638
5.81258e-08
0.0106638
3.73274e-08
0.0106639
2.38729e-08
0.0106639
1.52138e-08
0.0106639
9.67111e-09
0.010664
6.13918e-09
0.010664
3.89922e-09
0.010664
2.48401e-09
0.010664
1.59341e-09
0.010664
1.03453e-09
0.010664
6.84749e-10
0.010664
4.66052e-10
0.010664
3.29345e-10
0.010664
2.43638e-10
0.010664
1.89634e-10
0.010664
1.55217e-10
0.010664
1.32935e-10
0.010664
1.18112e-10
0.010664
1.07924e-10
0.010664
1.00572e-10
0.010664
9.50057e-11
0.010664
9.05169e-11
0.010664
8.67188e-11
0.010664
8.33142e-11
0.010664
8.01816e-11
0.010664
7.72087e-11
0.010664
7.43751e-11
0.010664
7.15695e-11
0.010664
6.87311e-11
0.010664
6.57483e-11
0.010664
6.26289e-11
0.010664
5.93335e-11
0.010664
5.58776e-11
0.010664
5.21759e-11
0.010664
4.81812e-11
0.010664
4.37654e-11
0.010664
3.88638e-11
0.010664
3.33098e-11
0.010664
2.69439e-11
0.010664
1.94248e-11
0.010664
1.03121e-11
0.010664
-1.18177e-12
0.010664
-1.61933e-11
0.010664
-3.65606e-11
0.010664
-6.50697e-11
0.010664
-1.06129e-10
0.010664
-1.66351e-10
0.010664
-2.55859e-10
0.010664
-3.89557e-10
0.010664
-5.8964e-10
0.010664
-8.88123e-10
0.010664
-1.33109e-09
0.010664
-1.98273e-09
0.010664
-2.93178e-09
0.0106639
-4.29607e-09
0.0106639
-6.2298e-09
0.0106639
-8.92327e-09
0.0106639
-1.26073e-08
0.0106638
-1.75384e-08
0.0106638
-2.39945e-08
0.0106637
-3.22571e-08
0.0106636
-4.27666e-08
0.0106635
-5.65629e-08
0.0106633
-7.47742e-08
0.0106631
-8.71385e-08
0.0106628
-3.89976e-08
0.0106625
8.04775e-08
0.0106613
-4.49889e-07
0.0106589
-2.90389e-06
0.0106617
-9.69059e-07
0.0106781
2.21669e-05
0.0106492
-2.3204e-05
-4.20249e-05
0.00411222
0.00377843
0.00389087
0.0041761
0.00439572
0.00453395
0.00463292
0.00471103
0.00477243
0.00481951
0.00485498
0.00488137
0.00490077
0.00491485
0.00492495
0.00493212
0.00493714
0.00494062
0.00494302
0.00494465
0.00494575
0.00494649
0.00494698
0.00494731
0.00494752
0.00494766
0.00494775
0.00494781
0.00494784
0.00494787
0.00494788
0.00494789
0.0049479
0.0049479
0.00494791
0.00494791
0.00494791
0.00494791
0.00494791
0.00494791
0.00494791
0.00494791
0.00494791
0.00494791
0.00494791
0.00494791
0.00494791
0.00494791
0.00494791
0.00494791
0.00494791
0.00494791
0.00494791
0.00494791
0.00494791
0.00494791
0.00494791
0.00494791
0.00494791
0.00494791
0.00494791
0.00494791
0.00494791
0.00494791
0.00494791
0.00494791
0.00494791
0.00494791
0.00494791
0.00494791
0.00494791
0.00494791
0.00494791
0.00494791
0.00494791
0.00494791
0.00494791
0.00494791
0.00494791
0.0049479
0.0049479
0.0049479
0.00494789
0.00494788
0.00494787
0.00494785
0.00494783
0.00494779
0.00494775
0.00494769
0.00494762
0.00494753
0.00494749
0.00494757
0.00494712
0.00494422
0.00494325
0.00496542
0.00494221
)
;

boundaryField
{
    inlet
    {
        type            calculated;
        value           nonuniform List<scalar> 
40
(
-0.005
-0.005
-0.005
-0.005
-0.005
-0.005
-0.005
-0.005
-0.005
-0.005
-0.005
-0.005
-0.005
-0.005
-0.005
-0.005
-0.005
-0.005
-0.005
-0.005
-0.005
-0.005
-0.005
-0.005
-0.005
-0.005
-0.005
-0.005
-0.005
-0.005
-0.005
-0.005
-0.005
-0.005
-0.005
-0.005
-0.005
-0.005
-0.005
-0.005
)
;
    }
    outlet
    {
        type            calculated;
        value           nonuniform List<scalar> 
40
(
0.0049002
0.0106103
0.0129566
0.0129351
0.0115962
0.0097081
0.00776798
0.00604121
0.00463162
0.00354738
0.00274948
0.00218228
0.00179027
0.00152567
0.00135077
0.00123743
0.00116564
0.00112171
0.00109675
0.00108549
0.00108549
0.00109674
0.0011217
0.00116563
0.00123742
0.00135076
0.00152566
0.00179025
0.00218226
0.00274946
0.00354736
0.00463159
0.00604118
0.00776796
0.00970807
0.0115962
0.0129351
0.0129566
0.0106102
0.00490019
)
;
    }
    lowerWall
    {
        type            calculated;
        value           uniform 0;
    }
    upperWall
    {
        type            calculated;
        value           uniform 0;
    }
    frontAndBack
    {
        type            empty;
    }
}


// ************************************************************************* //
