/*--------------------------------*- C++ -*----------------------------------*\
| =========                 |                                                 |
| \\      /  F ield         | foam-extend: Open Source CFD                    |
|  \\    /   O peration     | Version:     5.0                                |
|   \\  /    A nd           | Web:         http://www.foam-extend.org         |
|    \\/     M anipulation  |                                                 |
\*---------------------------------------------------------------------------*/
FoamFile
{
    version     2.0;
    format      ascii;
    class       volVectorField;
    location    "0.015";
    object      U;
}
// * * * * * * * * * * * * * * * * * * * * * * * * * * * * * * * * * * * * * //

dimensions      [0 1 -1 0 0 0 0];

internalField   nonuniform List<vector> 
4000
(
(0.452988 0.0259156 0)
(0.845337 0.0119094 0)
(0.77409 -0.000582683 0)
(0.800884 -0.00689379 0)
(0.857002 -0.00580783 0)
(0.895561 -0.0035559 0)
(0.91868 -0.00242925 0)
(0.935528 -0.00191795 0)
(0.949096 -0.00153918 0)
(0.959779 -0.00120425 0)
(0.967918 -0.00092035 0)
(0.974002 -0.000692224 0)
(0.978494 -0.000513014 0)
(0.981771 -0.000375511 0)
(0.984134 -0.000271117 0)
(0.985818 -0.000193513 0)
(0.987005 -0.000136421 0)
(0.987833 -9.52035e-05 0)
(0.988404 -6.57127e-05 0)
(0.988795 -4.49635e-05 0)
(0.98906 -3.04701e-05 0)
(0.989238 -2.04935e-05 0)
(0.989357 -1.36661e-05 0)
(0.989435 -9.05409e-06 0)
(0.989487 -5.95261e-06 0)
(0.989521 -3.8907e-06 0)
(0.989543 -2.52583e-06 0)
(0.989557 -1.63086e-06 0)
(0.989566 -1.04612e-06 0)
(0.989572 -6.67567e-07 0)
(0.989576 -4.22993e-07 0)
(0.989578 -2.66402e-07 0)
(0.98958 -1.66372e-07 0)
(0.989581 -1.02928e-07 0)
(0.989581 -6.2818e-08 0)
(0.989582 -3.75594e-08 0)
(0.989582 -2.1748e-08 0)
(0.989582 -1.19206e-08 0)
(0.989582 -5.85928e-09 0)
(0.989582 -2.04445e-09 0)
(0.989582 2.29174e-10 0)
(0.989582 1.53119e-09 0)
(0.989582 2.38729e-09 0)
(0.989582 2.85637e-09 0)
(0.989582 3.10968e-09 0)
(0.989582 3.23346e-09 0)
(0.989582 3.278e-09 0)
(0.989582 3.27335e-09 0)
(0.989582 3.23107e-09 0)
(0.989582 3.16651e-09 0)
(0.989582 3.28054e-09 0)
(0.989582 3.11971e-09 0)
(0.989582 2.75759e-09 0)
(0.989582 3.15938e-09 0)
(0.989582 3.12804e-09 0)
(0.989582 2.78563e-09 0)
(0.989582 2.72428e-09 0)
(0.989582 2.55407e-09 0)
(0.989582 2.52773e-09 0)
(0.989582 2.57243e-09 0)
(0.989582 2.51407e-09 0)
(0.989582 2.33226e-09 0)
(0.989582 2.26187e-09 0)
(0.989582 2.16775e-09 0)
(0.989582 2.08024e-09 0)
(0.989582 1.99927e-09 0)
(0.989582 1.93177e-09 0)
(0.989582 1.89411e-09 0)
(0.989582 1.90558e-09 0)
(0.989582 1.99958e-09 0)
(0.989582 2.22939e-09 0)
(0.989582 2.67587e-09 0)
(0.989582 3.46337e-09 0)
(0.989582 4.77861e-09 0)
(0.989582 6.90949e-09 0)
(0.989582 1.02585e-08 0)
(0.989582 1.5457e-08 0)
(0.989582 2.33682e-08 0)
(0.989582 3.52618e-08 0)
(0.989581 5.28202e-08 0)
(0.989581 7.8458e-08 0)
(0.98958 1.15119e-07 0)
(0.989579 1.66886e-07 0)
(0.989578 2.38236e-07 0)
(0.989576 3.34979e-07 0)
(0.989573 4.62363e-07 0)
(0.989569 6.26821e-07 0)
(0.989564 8.32684e-07 0)
(0.989556 1.08807e-06 0)
(0.989546 1.39964e-06 0)
(0.989533 1.72241e-06 0)
(0.989516 1.61642e-06 0)
(0.98951 -1.835e-07 0)
(0.989539 -1.68311e-06 0)
(0.989496 1.99144e-05 0)
(0.988919 8.52777e-05 0)
(0.988394 -7.79461e-06 0)
(0.992815 -0.00063371 0)
(0.988932 0.00069381 0)
(0.984635 0.00119073 0)
(0.739169 0.00932995 0)
(1.61078 0.00847717 0)
(1.6136 -0.0141668 0)
(1.68477 -0.0260787 0)
(1.80198 -0.0213939 0)
(1.89451 -0.0144615 0)
(1.95627 -0.0104225 0)
(2.00078 -0.00804908 0)
(2.03504 -0.00624814 0)
(2.06138 -0.00477312 0)
(2.08123 -0.00359226 0)
(2.09596 -0.00266786 0)
(2.10675 -0.00195684 0)
(2.11457 -0.00141788 0)
(2.12016 -0.00101504 0)
(2.12411 -0.000718381 0)
(2.12688 -0.000502918 0)
(2.1288 -0.000348486 0)
(2.13012 -0.000239161 0)
(2.13101 -0.000162669 0)
(2.13162 -0.000109712 0)
(2.13202 -7.34156e-05 0)
(2.13229 -4.87642e-05 0)
(2.13247 -3.21667e-05 0)
(2.13259 -2.10787e-05 0)
(2.13266 -1.37274e-05 0)
(2.13271 -8.88714e-06 0)
(2.13274 -5.72065e-06 0)
(2.13276 -3.66188e-06 0)
(2.13277 -2.33102e-06 0)
(2.13278 -1.47511e-06 0)
(2.13279 -9.27774e-07 0)
(2.13279 -5.79504e-07 0)
(2.13279 -3.58838e-07 0)
(2.13279 -2.19837e-07 0)
(2.1328 -1.32409e-07 0)
(2.1328 -7.7884e-08 0)
(2.1328 -4.40394e-08 0)
(2.1328 -2.32463e-08 0)
(2.1328 -1.02348e-08 0)
(2.1328 -2.51624e-09 0)
(2.1328 1.89543e-09 0)
(2.1328 4.72502e-09 0)
(2.1328 6.24412e-09 0)
(2.1328 7.02968e-09 0)
(2.1328 7.37674e-09 0)
(2.1328 7.45676e-09 0)
(2.1328 7.37428e-09 0)
(2.1328 7.17649e-09 0)
(2.1328 6.9191e-09 0)
(2.1328 6.87227e-09 0)
(2.1328 6.64458e-09 0)
(2.1328 6.1138e-09 0)
(2.1328 6.52149e-09 0)
(2.1328 6.00111e-09 0)
(2.1328 5.22893e-09 0)
(2.1328 5.04642e-09 0)
(2.1328 4.46298e-09 0)
(2.1328 4.29115e-09 0)
(2.1328 4.31868e-09 0)
(2.1328 3.96411e-09 0)
(2.1328 3.34161e-09 0)
(2.1328 3.02325e-09 0)
(2.1328 2.60662e-09 0)
(2.1328 2.20265e-09 0)
(2.1328 1.81529e-09 0)
(2.1328 1.46615e-09 0)
(2.1328 1.20951e-09 0)
(2.1328 1.1135e-09 0)
(2.1328 1.29507e-09 0)
(2.1328 1.94052e-09 0)
(2.1328 3.33712e-09 0)
(2.1328 5.9213e-09 0)
(2.1328 1.03657e-08 0)
(2.1328 1.76874e-08 0)
(2.1328 2.93721e-08 0)
(2.1328 4.76616e-08 0)
(2.1328 7.58114e-08 0)
(2.1328 1.18436e-07 0)
(2.1328 1.8205e-07 0)
(2.13279 2.75654e-07 0)
(2.13279 4.11283e-07 0)
(2.13279 6.04699e-07 0)
(2.13279 8.75714e-07 0)
(2.13278 1.24827e-06 0)
(2.13278 1.74964e-06 0)
(2.13277 2.4093e-06 0)
(2.13275 3.25742e-06 0)
(2.13273 4.3312e-06 0)
(2.13271 5.6924e-06 0)
(2.13268 7.36596e-06 0)
(2.13264 8.62099e-06 0)
(2.13261 6.44915e-06 0)
(2.13261 3.34529e-06 0)
(2.13241 5.0074e-05 0)
(2.13148 0.000205481 0)
(2.13142 -1.59005e-05 0)
(2.139 -0.00156848 0)
(2.12599 0.00191158 0)
(2.12874 0.00316279 0)
(0.716374 -0.117658 0)
(1.79177 -0.0463676 0)
(1.91051 -0.0505699 0)
(2.02574 -0.0610718 0)
(2.16891 -0.050751 0)
(2.2851 -0.0363553 0)
(2.36686 -0.0265247 0)
(2.42654 -0.0201461 0)
(2.47177 -0.0154103 0)
(2.50594 -0.0116683 0)
(2.53137 -0.00872286 0)
(2.55004 -0.00643785 0)
(2.5636 -0.0046941 0)
(2.57332 -0.00338233 0)
(2.58023 -0.00240915 0)
(2.58509 -0.00169718 0)
(2.58846 -0.00118317 0)
(2.59078 -0.000816706 0)
(2.59237 -0.00055853 0)
(2.59344 -0.000378657 0)
(2.59416 -0.000254621 0)
(2.59464 -0.000169906 0)
(2.59496 -0.000112561 0)
(2.59517 -7.40656e-05 0)
(2.59531 -4.84222e-05 0)
(2.5954 -3.14649e-05 0)
(2.59545 -2.03259e-05 0)
(2.59549 -1.30558e-05 0)
(2.59551 -8.33918e-06 0)
(2.59553 -5.29617e-06 0)
(2.59554 -3.34321e-06 0)
(2.59554 -2.09656e-06 0)
(2.59555 -1.30472e-06 0)
(2.59555 -8.03912e-07 0)
(2.59555 -4.88941e-07 0)
(2.59555 -2.91292e-07 0)
(2.59555 -1.68239e-07 0)
(2.59555 -9.20203e-08 0)
(2.59555 -4.52534e-08 0)
(2.59555 -1.62499e-08 0)
(2.59555 9.62995e-10 0)
(2.59555 1.08382e-08 0)
(2.59555 1.69657e-08 0)
(2.59555 2.02314e-08 0)
(2.59555 2.18649e-08 0)
(2.59555 2.25196e-08 0)
(2.59555 2.25877e-08 0)
(2.59555 2.2297e-08 0)
(2.59555 2.17744e-08 0)
(2.59555 2.11621e-08 0)
(2.59555 2.05956e-08 0)
(2.59555 2.03919e-08 0)
(2.59555 2.00504e-08 0)
(2.59555 1.92766e-08 0)
(2.59555 1.78878e-08 0)
(2.59555 1.70189e-08 0)
(2.59555 1.64012e-08 0)
(2.59555 1.52577e-08 0)
(2.59555 1.46866e-08 0)
(2.59555 1.43384e-08 0)
(2.59555 1.33639e-08 0)
(2.59555 1.21396e-08 0)
(2.59555 1.11929e-08 0)
(2.59555 1.01141e-08 0)
(2.59555 9.05645e-09 0)
(2.59555 8.01668e-09 0)
(2.59555 7.05025e-09 0)
(2.59555 6.26942e-09 0)
(2.59555 5.83821e-09 0)
(2.59555 6.01637e-09 0)
(2.59555 7.23502e-09 0)
(2.59555 1.01447e-08 0)
(2.59555 1.57564e-08 0)
(2.59555 2.56133e-08 0)
(2.59555 4.20661e-08 0)
(2.59555 6.85888e-08 0)
(2.59555 1.10392e-07 0)
(2.59555 1.751e-07 0)
(2.59555 2.73624e-07 0)
(2.59555 4.21437e-07 0)
(2.59555 6.40094e-07 0)
(2.59555 9.58787e-07 0)
(2.59555 1.41614e-06 0)
(2.59554 2.06162e-06 0)
(2.59554 2.95628e-06 0)
(2.59553 4.17205e-06 0)
(2.59552 5.7896e-06 0)
(2.5955 7.89487e-06 0)
(2.59548 1.05792e-05 0)
(2.59545 1.39343e-05 0)
(2.5954 1.78969e-05 0)
(2.59535 2.13831e-05 0)
(2.5953 2.16996e-05 0)
(2.59526 2.85381e-05 0)
(2.59504 0.0001127 0)
(2.59419 0.000297411 0)
(2.59452 -0.000168223 0)
(2.60217 -0.00209916 0)
(2.5824 0.00309471 0)
(2.59862 0.00458586 0)
(0.585118 -0.233167 0)
(1.67843 -0.124492 0)
(1.84556 -0.103825 0)
(1.97949 -0.101272 0)
(2.13023 -0.0825239 0)
(2.25241 -0.0611043 0)
(2.34043 -0.0453184 0)
(2.40554 -0.0342589 0)
(2.45476 -0.0259558 0)
(2.49165 -0.0194986 0)
(2.51887 -0.0144841 0)
(2.5387 -0.0106303 0)
(2.55299 -0.00771115 0)
(2.56318 -0.00552969 0)
(2.57038 -0.00392122 0)
(2.5754 -0.00275114 0)
(2.57887 -0.00191072 0)
(2.58125 -0.00131436 0)
(2.58287 -0.000896009 0)
(2.58396 -0.000605672 0)
(2.58469 -0.000406166 0)
(2.58517 -0.000270349 0)
(2.58549 -0.000178685 0)
(2.5857 -0.00011732 0)
(2.58584 -7.65454e-05 0)
(2.58593 -4.96462e-05 0)
(2.58598 -3.20138e-05 0)
(2.58602 -2.05296e-05 0)
(2.58604 -1.3093e-05 0)
(2.58606 -8.30379e-06 0)
(2.58607 -5.23541e-06 0)
(2.58607 -3.27982e-06 0)
(2.58608 -2.0395e-06 0)
(2.58608 -1.25618e-06 0)
(2.58608 -7.64167e-07 0)
(2.58608 -4.55955e-07 0)
(2.58608 -2.64332e-07 0)
(2.58608 -1.45816e-07 0)
(2.58608 -7.31343e-08 0)
(2.58608 -2.84856e-08 0)
(2.58608 -1.8808e-09 0)
(2.58608 1.35369e-08 0)
(2.58608 2.27349e-08 0)
(2.58608 2.76251e-08 0)
(2.58608 3.00043e-08 0)
(2.58608 3.0875e-08 0)
(2.58608 3.08462e-08 0)
(2.58608 3.02725e-08 0)
(2.58608 2.93666e-08 0)
(2.58608 2.83394e-08 0)
(2.58608 2.7193e-08 0)
(2.58608 2.70046e-08 0)
(2.58608 2.67895e-08 0)
(2.58608 2.40941e-08 0)
(2.58608 2.20143e-08 0)
(2.58608 2.1441e-08 0)
(2.58608 2.02482e-08 0)
(2.58608 1.88151e-08 0)
(2.58608 1.75776e-08 0)
(2.58608 1.6217e-08 0)
(2.58608 1.4662e-08 0)
(2.58608 1.30759e-08 0)
(2.58608 1.12357e-08 0)
(2.58608 9.37641e-09 0)
(2.58608 7.53542e-09 0)
(2.58608 5.70428e-09 0)
(2.58608 3.97113e-09 0)
(2.58608 2.50701e-09 0)
(2.58608 1.57181e-09 0)
(2.58608 1.57375e-09 0)
(2.58608 3.19074e-09 0)
(2.58608 7.44755e-09 0)
(2.58608 1.59441e-08 0)
(2.58608 3.11244e-08 0)
(2.58608 5.6719e-08 0)
(2.58608 9.82965e-08 0)
(2.58608 1.64181e-07 0)
(2.58608 2.66612e-07 0)
(2.58608 4.23262e-07 0)
(2.58608 6.59285e-07 0)
(2.58608 1.00999e-06 0)
(2.58608 1.52359e-06 0)
(2.58607 2.26455e-06 0)
(2.58607 3.31636e-06 0)
(2.58606 4.78377e-06 0)
(2.58606 6.79234e-06 0)
(2.58604 9.48615e-06 0)
(2.58603 1.30211e-05 0)
(2.586 1.75618e-05 0)
(2.58597 2.32717e-05 0)
(2.58592 3.01852e-05 0)
(2.58587 3.7488e-05 0)
(2.58581 4.33298e-05 0)
(2.58577 5.8183e-05 0)
(2.58558 0.000145806 0)
(2.58479 0.000302366 0)
(2.58522 -0.000214379 0)
(2.59269 -0.00191156 0)
(2.56893 0.00321368 0)
(2.59498 0.00437037 0)
(0.445189 -0.309187 0)
(1.46892 -0.194945 0)
(1.60952 -0.159479 0)
(1.72786 -0.142885 0)
(1.87157 -0.114566 0)
(1.98897 -0.0862029 0)
(2.07429 -0.0646668 0)
(2.1382 -0.0489008 0)
(2.18682 -0.0368977 0)
(2.22327 -0.0275923 0)
(2.25006 -0.0204086 0)
(2.26952 -0.0149189 0)
(2.28349 -0.0107818 0)
(2.29341 -0.00770458 0)
(2.30038 -0.0054457 0)
(2.30523 -0.00380919 0)
(2.30857 -0.00263822 0)
(2.31086 -0.00181016 0)
(2.3124 -0.0012311 0)
(2.31344 -0.000830382 0)
(2.31413 -0.000555748 0)
(2.31459 -0.000369231 0)
(2.31489 -0.000243624 0)
(2.31509 -0.000159704 0)
(2.31522 -0.000104045 0)
(2.3153 -6.73878e-05 0)
(2.31536 -4.3398e-05 0)
(2.31539 -2.77951e-05 0)
(2.31541 -1.77053e-05 0)
(2.31543 -1.12159e-05 0)
(2.31543 -7.06346e-06 0)
(2.31544 -4.4198e-06 0)
(2.31544 -2.74478e-06 0)
(2.31545 -1.68792e-06 0)
(2.31545 -1.02468e-06 0)
(2.31545 -6.09886e-07 0)
(2.31545 -3.52204e-07 0)
(2.31545 -1.92984e-07 0)
(2.31545 -9.53044e-08 0)
(2.31545 -3.60325e-08 0)
(2.31545 -4.00042e-10 0)
(2.31545 2.06323e-08 0)
(2.31545 3.25115e-08 0)
(2.31545 3.88701e-08 0)
(2.31545 4.18929e-08 0)
(2.31545 4.29048e-08 0)
(2.31545 4.27206e-08 0)
(2.31545 4.18209e-08 0)
(2.31545 4.05042e-08 0)
(2.31545 3.90343e-08 0)
(2.31545 3.7475e-08 0)
(2.31545 3.70612e-08 0)
(2.31545 3.62813e-08 0)
(2.31545 3.19441e-08 0)
(2.31545 2.9725e-08 0)
(2.31545 2.92992e-08 0)
(2.31545 2.74566e-08 0)
(2.31545 2.58129e-08 0)
(2.31545 2.36484e-08 0)
(2.31545 2.09569e-08 0)
(2.31545 1.89951e-08 0)
(2.31545 1.71588e-08 0)
(2.31545 1.42651e-08 0)
(2.31545 1.1566e-08 0)
(2.31545 8.87527e-09 0)
(2.31545 6.17904e-09 0)
(2.31545 3.59745e-09 0)
(2.31545 1.35451e-09 0)
(2.31545 -1.95468e-10 0)
(2.31545 -4.94961e-10 0)
(2.31545 1.36702e-09 0)
(2.31545 6.78268e-09 0)
(2.31545 1.79247e-08 0)
(2.31545 3.81204e-08 0)
(2.31545 7.24495e-08 0)
(2.31545 1.28548e-07 0)
(2.31545 2.17811e-07 0)
(2.31545 3.57033e-07 0)
(2.31545 5.70612e-07 0)
(2.31545 8.93407e-07 0)
(2.31545 1.3745e-06 0)
(2.31544 2.08139e-06 0)
(2.31544 3.1048e-06 0)
(2.31544 4.56325e-06 0)
(2.31543 6.60665e-06 0)
(2.31542 9.41688e-06 0)
(2.31541 1.32048e-05 0)
(2.3154 1.82019e-05 0)
(2.31537 2.46526e-05 0)
(2.31534 3.2807e-05 0)
(2.3153 4.28124e-05 0)
(2.31524 5.40458e-05 0)
(2.31518 6.47466e-05 0)
(2.31516 8.34042e-05 0)
(2.31501 0.000164538 0)
(2.3142 0.000300196 0)
(2.31461 -0.000169941 0)
(2.32243 -0.00156272 0)
(2.29649 0.00280537 0)
(2.32787 0.00359627 0)
(0.331568 -0.341701 0)
(1.26292 -0.244141 0)
(1.33613 -0.205727 0)
(1.4135 -0.17921 0)
(1.53685 -0.143237 0)
(1.64063 -0.109186 0)
(1.71652 -0.0827265 0)
(1.77424 -0.0627225 0)
(1.81873 -0.0472782 0)
(1.85229 -0.0352766 0)
(1.87696 -0.0260237 0)
(1.89487 -0.0189742 0)
(1.9077 -0.0136766 0)
(1.91679 -0.00974835 0)
(1.92316 -0.00687365 0)
(1.92758 -0.00479713 0)
(1.93062 -0.00331547 0)
(1.93269 -0.00227039 0)
(1.93409 -0.00154133 0)
(1.93503 -0.00103791 0)
(1.93565 -0.000693579 0)
(1.93607 -0.000460153 0)
(1.93634 -0.000303219 0)
(1.93652 -0.000198529 0)
(1.93663 -0.000129194 0)
(1.9367 -8.35872e-05 0)
(1.93675 -5.3778e-05 0)
(1.93678 -3.44108e-05 0)
(1.9368 -2.18992e-05 0)
(1.93681 -1.38606e-05 0)
(1.93682 -8.72193e-06 0)
(1.93683 -5.45276e-06 0)
(1.93683 -3.38293e-06 0)
(1.93683 -2.07788e-06 0)
(1.93683 -1.25928e-06 0)
(1.93683 -7.48271e-07 0)
(1.93683 -4.30888e-07 0)
(1.93683 -2.34911e-07 0)
(1.93683 -1.14677e-07 0)
(1.93683 -4.22972e-08 0)
(1.93683 1.44551e-09 0)
(1.93683 2.75465e-08 0)
(1.93683 4.17668e-08 0)
(1.93683 4.93927e-08 0)
(1.93683 5.29423e-08 0)
(1.93683 5.40298e-08 0)
(1.93683 5.36553e-08 0)
(1.93683 5.24167e-08 0)
(1.93683 5.06932e-08 0)
(1.93683 4.87907e-08 0)
(1.93683 4.68755e-08 0)
(1.93683 4.59699e-08 0)
(1.93683 4.42546e-08 0)
(1.93683 3.90606e-08 0)
(1.93683 3.68402e-08 0)
(1.93683 3.61303e-08 0)
(1.93683 3.37274e-08 0)
(1.93683 3.16682e-08 0)
(1.93683 2.86143e-08 0)
(1.93683 2.49119e-08 0)
(1.93683 2.24302e-08 0)
(1.93683 2.0121e-08 0)
(1.93683 1.63196e-08 0)
(1.93683 1.27825e-08 0)
(1.93683 9.23367e-09 0)
(1.93683 5.66295e-09 0)
(1.93683 2.2202e-09 0)
(1.93683 -8.31779e-10 0)
(1.93683 -3.04691e-09 0)
(1.93683 -3.72447e-09 0)
(1.93683 -1.75137e-09 0)
(1.93683 4.6033e-09 0)
(1.93683 1.8035e-08 0)
(1.93683 4.26804e-08 0)
(1.93683 8.48549e-08 0)
(1.93683 1.5409e-07 0)
(1.93683 2.64609e-07 0)
(1.93683 4.37409e-07 0)
(1.93683 7.0311e-07 0)
(1.93683 1.10558e-06 0)
(1.93683 1.70673e-06 0)
(1.93683 2.59207e-06 0)
(1.93683 3.87701e-06 0)
(1.93683 5.71302e-06 0)
(1.93682 8.29268e-06 0)
(1.93681 1.1851e-05 0)
(1.9368 1.66619e-05 0)
(1.93679 2.30267e-05 0)
(1.93677 3.12626e-05 0)
(1.93674 4.16908e-05 0)
(1.9367 5.4527e-05 0)
(1.93665 6.91892e-05 0)
(1.9366 8.3597e-05 0)
(1.9366 0.000103616 0)
(1.93648 0.000174982 0)
(1.93561 0.00029232 0)
(1.93603 -9.96493e-05 0)
(1.94447 -0.00119933 0)
(1.9173 0.0021337 0)
(1.95083 0.00259544 0)
(0.253365 -0.340462 0)
(1.10389 -0.2692 0)
(1.09786 -0.237013 0)
(1.12191 -0.206528 0)
(1.21595 -0.166252 0)
(1.29991 -0.128418 0)
(1.36162 -0.0982664 0)
(1.40958 -0.0748275 0)
(1.44734 -0.0564648 0)
(1.47618 -0.0421112 0)
(1.49743 -0.0310249 0)
(1.51289 -0.0225869 0)
(1.52396 -0.0162525 0)
(1.5318 -0.0115636 0)
(1.53728 -0.00813929 0)
(1.54108 -0.00567085 0)
(1.54369 -0.0039131 0)
(1.54546 -0.00267565 0)
(1.54666 -0.00181395 0)
(1.54746 -0.00121993 0)
(1.54799 -0.000814254 0)
(1.54834 -0.000539627 0)
(1.54857 -0.000355232 0)
(1.54872 -0.000232368 0)
(1.54882 -0.000151083 0)
(1.54888 -9.76694e-05 0)
(1.54892 -6.27908e-05 0)
(1.54895 -4.01488e-05 0)
(1.54896 -2.55328e-05 0)
(1.54897 -1.61494e-05 0)
(1.54898 -1.01556e-05 0)
(1.54898 -6.34425e-06 0)
(1.54898 -3.93243e-06 0)
(1.54899 -2.41297e-06 0)
(1.54899 -1.4601e-06 0)
(1.54899 -8.66065e-07 0)
(1.54899 -4.97182e-07 0)
(1.54899 -2.69541e-07 0)
(1.54899 -1.29997e-07 0)
(1.54899 -4.60941e-08 0)
(1.54899 4.52566e-09 0)
(1.54899 3.4657e-08 0)
(1.54899 5.0988e-08 0)
(1.54899 5.96586e-08 0)
(1.54899 6.36028e-08 0)
(1.54899 6.46962e-08 0)
(1.54899 6.41002e-08 0)
(1.54899 6.25162e-08 0)
(1.54899 6.03945e-08 0)
(1.54899 5.80729e-08 0)
(1.54899 5.57841e-08 0)
(1.54899 5.41614e-08 0)
(1.54899 5.1563e-08 0)
(1.54899 4.61794e-08 0)
(1.54899 4.37272e-08 0)
(1.54899 4.24394e-08 0)
(1.54899 3.95152e-08 0)
(1.54899 3.68386e-08 0)
(1.54899 3.3119e-08 0)
(1.54899 2.87975e-08 0)
(1.54899 2.56428e-08 0)
(1.54899 2.25987e-08 0)
(1.54899 1.80776e-08 0)
(1.54899 1.37317e-08 0)
(1.54899 9.33933e-09 0)
(1.54899 4.90798e-09 0)
(1.54899 6.11561e-10 0)
(1.54899 -3.25488e-09 0)
(1.54899 -6.16551e-09 0)
(1.54899 -7.29381e-09 0)
(1.54899 -5.35331e-09 0)
(1.54899 1.68237e-09 0)
(1.54899 1.69631e-08 0)
(1.54899 4.53305e-08 0)
(1.54899 9.41783e-08 0)
(1.54899 1.74682e-07 0)
(1.54899 3.03539e-07 0)
(1.54899 5.05433e-07 0)
(1.54899 8.1642e-07 0)
(1.54899 1.28829e-06 0)
(1.54899 1.99422e-06 0)
(1.54899 3.0356e-06 0)
(1.54898 4.54959e-06 0)
(1.54898 6.71675e-06 0)
(1.54898 9.76722e-06 0)
(1.54897 1.39826e-05 0)
(1.54896 1.96909e-05 0)
(1.54895 2.72524e-05 0)
(1.54893 3.70401e-05 0)
(1.54891 4.94157e-05 0)
(1.54887 6.4588e-05 0)
(1.54883 8.18429e-05 0)
(1.5488 9.85808e-05 0)
(1.54882 0.000118497 0)
(1.54873 0.000180496 0)
(1.5478 0.000281105 0)
(1.54827 -4.09083e-05 0)
(1.55738 -0.000912723 0)
(1.52943 0.00143292 0)
(1.5633 0.00166232 0)
(0.207218 -0.316752 0)
(1.0014 -0.273099 0)
(0.92283 -0.252356 0)
(0.892218 -0.223227 0)
(0.953033 -0.182222 0)
(1.01383 -0.142831 0)
(1.05847 -0.110448 0)
(1.09433 -0.0845796 0)
(1.12357 -0.063989 0)
(1.14632 -0.0477616 0)
(1.16324 -0.0351796 0)
(1.17559 -0.0255942 0)
(1.18444 -0.018397 0)
(1.1907 -0.0130737 0)
(1.19508 -0.00919056 0)
(1.19811 -0.00639527 0)
(1.20018 -0.00440766 0)
(1.20159 -0.00301035 0)
(1.20254 -0.00203868 0)
(1.20317 -0.0013697 0)
(1.20359 -0.000913377 0)
(1.20387 -0.000604802 0)
(1.20405 -0.000397822 0)
(1.20417 -0.000260037 0)
(1.20424 -0.000168958 0)
(1.20429 -0.000109154 0)
(1.20432 -7.01317e-05 0)
(1.20434 -4.48169e-05 0)
(1.20436 -2.84857e-05 0)
(1.20437 -1.80067e-05 0)
(1.20437 -1.13167e-05 0)
(1.20437 -7.06476e-06 0)
(1.20438 -4.37521e-06 0)
(1.20438 -2.68199e-06 0)
(1.20438 -1.62046e-06 0)
(1.20438 -9.59014e-07 0)
(1.20438 -5.48458e-07 0)
(1.20438 -2.95249e-07 0)
(1.20438 -1.40202e-07 0)
(1.20438 -4.68996e-08 0)
(1.20438 9.17259e-09 0)
(1.20438 4.23229e-08 0)
(1.20438 6.03619e-08 0)
(1.20438 6.98041e-08 0)
(1.20438 7.3987e-08 0)
(1.20438 7.5005e-08 0)
(1.20438 7.41518e-08 0)
(1.20438 7.22148e-08 0)
(1.20438 6.97006e-08 0)
(1.20438 6.6969e-08 0)
(1.20438 6.42948e-08 0)
(1.20438 6.18824e-08 0)
(1.20438 5.84708e-08 0)
(1.20438 5.31815e-08 0)
(1.20438 5.04162e-08 0)
(1.20438 4.84397e-08 0)
(1.20438 4.49967e-08 0)
(1.20438 4.16453e-08 0)
(1.20438 3.73777e-08 0)
(1.20438 3.25988e-08 0)
(1.20438 2.87582e-08 0)
(1.20438 2.49196e-08 0)
(1.20438 1.97613e-08 0)
(1.20438 1.46395e-08 0)
(1.20438 9.43083e-09 0)
(1.20438 4.16321e-09 0)
(1.20438 -9.72985e-10 0)
(1.20438 -5.64986e-09 0)
(1.20438 -9.2824e-09 0)
(1.20438 -1.0946e-08 0)
(1.20438 -9.20611e-09 0)
(1.20438 -1.79667e-09 0)
(1.20438 1.48028e-08 0)
(1.20438 4.60095e-08 0)
(1.20438 1.00099e-07 0)
(1.20438 1.89587e-07 0)
(1.20438 3.332e-07 0)
(1.20438 5.58646e-07 0)
(1.20438 9.06438e-07 0)
(1.20438 1.43487e-06 0)
(1.20438 2.22641e-06 0)
(1.20438 3.3955e-06 0)
(1.20437 5.09721e-06 0)
(1.20437 7.53603e-06 0)
(1.20437 1.09728e-05 0)
(1.20436 1.57266e-05 0)
(1.20436 2.21684e-05 0)
(1.20435 3.07019e-05 0)
(1.20433 4.1735e-05 0)
(1.20431 5.56341e-05 0)
(1.20429 7.25289e-05 0)
(1.20425 9.1451e-05 0)
(1.20424 0.000109262 0)
(1.20429 0.000128153 0)
(1.20422 0.000181436 0)
(1.20323 0.000263913 0)
(1.20378 -8.45321e-06 0)
(1.21348 -0.000716239 0)
(1.18494 0.000828459 0)
(1.21834 0.000920646 0)
(0.18526 -0.280682 0)
(0.948371 -0.26126 0)
(0.812688 -0.253473 0)
(0.733292 -0.229402 0)
(0.761217 -0.19077 0)
(0.798054 -0.151918 0)
(0.824371 -0.118789 0)
(0.846846 -0.0915758 0)
(0.866465 -0.0695333 0)
(0.882246 -0.0519915 0)
(0.894181 -0.0383191 0)
(0.902936 -0.0278759 0)
(0.909234 -0.0200264 0)
(0.913694 -0.0142208 0)
(0.91681 -0.00998815 0)
(0.91896 -0.00694389 0)
(0.920429 -0.0047814 0)
(0.921424 -0.00326271 0)
(0.922091 -0.00220773 0)
(0.922535 -0.00148211 0)
(0.922829 -0.000987613 0)
(0.923022 -0.000653515 0)
(0.923148 -0.000429594 0)
(0.92323 -0.000280639 0)
(0.923283 -0.000182244 0)
(0.923317 -0.000117677 0)
(0.923339 -7.55693e-05 0)
(0.923353 -4.8269e-05 0)
(0.923361 -3.06657e-05 0)
(0.923367 -1.93749e-05 0)
(0.92337 -1.21694e-05 0)
(0.923373 -7.59221e-06 0)
(0.923374 -4.69786e-06 0)
(0.923375 -2.87649e-06 0)
(0.923375 -1.73506e-06 0)
(0.923375 -1.02396e-06 0)
(0.923376 -5.82827e-07 0)
(0.923376 -3.10919e-07 0)
(0.923376 -1.44598e-07 0)
(0.923376 -4.44647e-08 0)
(0.923376 1.54882e-08 0)
(0.923376 5.06951e-08 0)
(0.923376 6.98873e-08 0)
(0.923376 7.97836e-08 0)
(0.923376 8.40263e-08 0)
(0.923376 8.48754e-08 0)
(0.923376 8.37229e-08 0)
(0.923376 8.14213e-08 0)
(0.923376 7.85167e-08 0)
(0.923376 7.53795e-08 0)
(0.923376 7.22964e-08 0)
(0.923376 6.91425e-08 0)
(0.923376 6.50262e-08 0)
(0.923376 5.98323e-08 0)
(0.923376 5.67437e-08 0)
(0.923376 5.41174e-08 0)
(0.923376 5.01582e-08 0)
(0.923376 4.61215e-08 0)
(0.923376 4.13401e-08 0)
(0.923376 3.61582e-08 0)
(0.923376 3.17089e-08 0)
(0.923376 2.71255e-08 0)
(0.923376 2.13439e-08 0)
(0.923376 1.54838e-08 0)
(0.923376 9.493e-09 0)
(0.923376 3.41839e-09 0)
(0.923376 -2.53936e-09 0)
(0.923376 -8.02446e-09 0)
(0.923376 -1.24117e-08 0)
(0.923376 -1.4706e-08 0)
(0.923376 -1.33592e-08 0)
(0.923376 -5.92754e-09 0)
(0.923376 1.13847e-08 0)
(0.923376 4.44237e-08 0)
(0.923376 1.02121e-07 0)
(0.923376 1.97987e-07 0)
(0.923376 3.52265e-07 0)
(0.923376 5.94921e-07 0)
(0.923376 9.69799e-07 0)
(0.923376 1.54006e-06 0)
(0.923375 2.39515e-06 0)
(0.923375 3.65926e-06 0)
(0.923374 5.50092e-06 0)
(0.923372 8.14244e-06 0)
(0.92337 1.18674e-05 0)
(0.923366 1.7022e-05 0)
(0.923361 2.40069e-05 0)
(0.923354 3.32526e-05 0)
(0.923345 4.518e-05 0)
(0.923332 6.01267e-05 0)
(0.923314 7.8089e-05 0)
(0.923291 9.77818e-05 0)
(0.923289 0.000115587 0)
(0.923372 0.000132739 0)
(0.92332 0.000177394 0)
(0.922289 0.000239325 0)
(0.922934 -1.99555e-06 0)
(0.933059 -0.000592043 0)
(0.904051 0.000364501 0)
(0.936734 0.000391586 0)
(0.17941 -0.239897 0)
(0.931848 -0.239344 0)
(0.75649 -0.243513 0)
(0.637777 -0.226306 0)
(0.636166 -0.192205 0)
(0.650044 -0.155636 0)
(0.658099 -0.123118 0)
(0.666782 -0.0956167 0)
(0.676271 -0.0729167 0)
(0.684597 -0.0546525 0)
(0.691142 -0.0403307 0)
(0.696009 -0.0293502 0)
(0.699536 -0.0210829 0)
(0.702036 -0.0149646 0)
(0.70378 -0.0105044 0)
(0.70498 -0.00729795 0)
(0.705794 -0.00502173 0)
(0.706342 -0.00342433 0)
(0.706707 -0.00231556 0)
(0.706948 -0.00155353 0)
(0.707107 -0.0010346 0)
(0.707211 -0.000684232 0)
(0.707278 -0.000449557 0)
(0.707322 -0.000293538 0)
(0.70735 -0.000190536 0)
(0.707367 -0.000122978 0)
(0.707379 -7.89404e-05 0)
(0.707386 -5.04018e-05 0)
(0.70739 -3.20073e-05 0)
(0.707393 -2.02132e-05 0)
(0.707395 -1.26888e-05 0)
(0.707396 -7.91087e-06 0)
(0.707397 -4.89052e-06 0)
(0.707397 -2.99037e-06 0)
(0.707397 -1.80004e-06 0)
(0.707398 -1.0586e-06 0)
(0.707398 -5.98894e-07 0)
(0.707398 -3.15707e-07 0)
(0.707398 -1.42673e-07 0)
(0.707398 -3.85127e-08 0)
(0.707398 2.36251e-08 0)
(0.707398 5.98746e-08 0)
(0.707398 7.96051e-08 0)
(0.707398 8.96052e-08 0)
(0.707398 9.37112e-08 0)
(0.707398 9.42874e-08 0)
(0.707398 9.27876e-08 0)
(0.707398 9.01056e-08 0)
(0.707398 8.68097e-08 0)
(0.707398 8.32701e-08 0)
(0.707398 7.97601e-08 0)
(0.707398 7.59449e-08 0)
(0.707398 7.12464e-08 0)
(0.707398 6.60841e-08 0)
(0.707398 6.26553e-08 0)
(0.707398 5.94336e-08 0)
(0.707398 5.49831e-08 0)
(0.707398 5.03073e-08 0)
(0.707398 4.50444e-08 0)
(0.707398 3.94818e-08 0)
(0.707398 3.44748e-08 0)
(0.707398 2.92063e-08 0)
(0.707398 2.28285e-08 0)
(0.707398 1.62729e-08 0)
(0.707398 9.53829e-09 0)
(0.707398 2.68833e-09 0)
(0.707398 -4.07101e-09 0)
(0.707398 -1.03657e-08 0)
(0.707398 -1.55474e-08 0)
(0.707398 -1.85778e-08 0)
(0.707398 -1.78365e-08 0)
(0.707398 -1.0768e-08 0)
(0.707398 6.59534e-09 0)
(0.707398 4.03687e-08 0)
(0.707398 9.98942e-08 0)
(0.707398 1.99307e-07 0)
(0.707398 3.59801e-07 0)
(0.707398 6.1277e-07 0)
(0.707398 1.00416e-06 0)
(0.707398 1.60021e-06 0)
(0.707398 2.49478e-06 0)
(0.707397 3.81829e-06 0)
(0.707397 5.74776e-06 0)
(0.707396 8.51673e-06 0)
(0.707395 1.24227e-05 0)
(0.707393 1.78283e-05 0)
(0.707391 2.51498e-05 0)
(0.707387 3.48282e-05 0)
(0.707382 4.72768e-05 0)
(0.707376 6.27785e-05 0)
(0.707366 8.11633e-05 0)
(0.707354 0.000100813 0)
(0.707367 0.000117755 0)
(0.707474 0.000132576 0)
(0.707437 0.000168384 0)
(0.706373 0.000208332 0)
(0.707105 -1.42116e-05 0)
(0.717518 -0.000516117 0)
(0.688105 4.17408e-05 0)
(0.720123 5.11564e-05 0)
(0.183032 -0.199479 0)
(0.938839 -0.212038 0)
(0.739556 -0.225788 0)
(0.591733 -0.215747 0)
(0.565517 -0.187336 0)
(0.558693 -0.154286 0)
(0.549531 -0.123504 0)
(0.544712 -0.0966644 0)
(0.543983 -0.0740695 0)
(0.544756 -0.055675 0)
(0.545747 -0.041152 0)
(0.546579 -0.029969 0)
(0.547221 -0.0215312 0)
(0.54768 -0.0152804 0)
(0.547993 -0.0107222 0)
(0.548201 -0.00744568 0)
(0.548333 -0.00512068 0)
(0.548416 -0.00348996 0)
(0.548467 -0.00235871 0)
(0.548498 -0.00158169 0)
(0.548517 -0.00105285 0)
(0.548528 -0.000695994 0)
(0.548534 -0.000457094 0)
(0.548538 -0.000298341 0)
(0.54854 -0.000193582 0)
(0.548541 -0.000124898 0)
(0.548542 -8.01445e-05 0)
(0.548542 -5.11519e-05 0)
(0.548542 -3.24709e-05 0)
(0.548542 -2.04967e-05 0)
(0.548542 -1.28594e-05 0)
(0.548542 -8.01109e-06 0)
(0.548542 -4.94712e-06 0)
(0.548542 -3.01996e-06 0)
(0.548542 -1.81314e-06 0)
(0.548542 -1.06157e-06 0)
(0.548542 -5.95835e-07 0)
(0.548542 -3.09128e-07 0)
(0.548542 -1.34145e-07 0)
(0.548542 -2.88956e-08 0)
(0.548542 3.36539e-08 0)
(0.548542 6.98922e-08 0)
(0.548542 8.95141e-08 0)
(0.548542 9.92486e-08 0)
(0.548542 1.0301e-07 0)
(0.548542 1.03203e-07 0)
(0.548542 1.01304e-07 0)
(0.548542 9.82237e-08 0)
(0.548542 9.45341e-08 0)
(0.548542 9.05967e-08 0)
(0.548542 8.66545e-08 0)
(0.548542 8.22636e-08 0)
(0.548542 7.70939e-08 0)
(0.548542 7.18908e-08 0)
(0.548542 6.81086e-08 0)
(0.548542 6.43458e-08 0)
(0.548542 5.94417e-08 0)
(0.548542 5.41975e-08 0)
(0.548542 4.84888e-08 0)
(0.548542 4.25581e-08 0)
(0.548542 3.70295e-08 0)
(0.548542 3.11351e-08 0)
(0.548542 2.41975e-08 0)
(0.548542 1.69927e-08 0)
(0.548542 9.55608e-09 0)
(0.548542 1.96462e-09 0)
(0.548542 -5.57532e-09 0)
(0.548542 -1.26822e-08 0)
(0.548542 -1.87015e-08 0)
(0.548542 -2.25794e-08 0)
(0.548542 -2.26675e-08 0)
(0.548542 -1.63679e-08 0)
(0.548542 3.5142e-10 0)
(0.548542 3.37075e-08 0)
(0.548542 9.31962e-08 0)
(0.548542 1.93188e-07 0)
(0.548542 3.55239e-07 0)
(0.548542 6.11292e-07 0)
(0.548542 1.00811e-06 0)
(0.548543 1.61313e-06 0)
(0.548543 2.52197e-06 0)
(0.548543 3.86751e-06 0)
(0.548543 5.83013e-06 0)
(0.548543 8.64771e-06 0)
(0.548543 1.26229e-05 0)
(0.548543 1.81231e-05 0)
(0.548542 2.5567e-05 0)
(0.548542 3.53907e-05 0)
(0.548542 4.79829e-05 0)
(0.548542 6.35547e-05 0)
(0.54854 8.17606e-05 0)
(0.548539 0.00010068 0)
(0.548567 0.000116113 0)
(0.548694 0.000128178 0)
(0.548667 0.000155027 0)
(0.547576 0.000173417 0)
(0.548379 -3.61014e-05 0)
(0.558959 -0.000467109 0)
(0.529204 -0.000160758 0)
(0.560716 -0.000142815 0)
(0.191356 -0.162305 0)
(0.958824 -0.182822 0)
(0.747979 -0.20322 0)
(0.580417 -0.199635 0)
(0.534955 -0.177193 0)
(0.510388 -0.148401 0)
(0.485674 -0.12019 0)
(0.468158 -0.0948105 0)
(0.457579 -0.0730148 0)
(0.450922 -0.0550544 0)
(0.446398 -0.0407667 0)
(0.443185 -0.0297151 0)
(0.440927 -0.0213576 0)
(0.439329 -0.0151576 0)
(0.438201 -0.010634 0)
(0.437409 -0.00738201 0)
(0.436852 -0.00507479 0)
(0.436466 -0.00345733 0)
(0.436201 -0.0023357 0)
(0.43602 -0.00156562 0)
(0.435897 -0.00104176 0)
(0.435815 -0.000688411 0)
(0.43576 -0.000451958 0)
(0.435724 -0.000294892 0)
(0.4357 -0.000191283 0)
(0.435684 -0.000123377 0)
(0.435674 -7.91432e-05 0)
(0.435667 -5.04957e-05 0)
(0.435663 -3.2042e-05 0)
(0.43566 -2.02164e-05 0)
(0.435659 -1.26755e-05 0)
(0.435658 -7.88946e-06 0)
(0.435657 -4.86557e-06 0)
(0.435656 -2.96401e-06 0)
(0.435656 -1.7736e-06 0)
(0.435656 -1.03243e-06 0)
(0.435656 -5.73407e-07 0)
(0.435656 -2.91053e-07 0)
(0.435656 -1.18959e-07 0)
(0.435656 -1.56017e-08 0)
(0.435656 4.55596e-08 0)
(0.435656 8.07176e-08 0)
(0.435656 9.95752e-08 0)
(0.435655 1.08668e-07 0)
(0.435655 1.11873e-07 0)
(0.435655 1.11572e-07 0)
(0.435655 1.09221e-07 0)
(0.435655 1.05723e-07 0)
(0.435655 1.01639e-07 0)
(0.435655 9.73108e-08 0)
(0.435655 9.29437e-08 0)
(0.435655 8.80583e-08 0)
(0.435655 8.25099e-08 0)
(0.435655 7.7206e-08 0)
(0.435655 7.30656e-08 0)
(0.435655 6.8814e-08 0)
(0.435655 6.35e-08 0)
(0.435655 5.77637e-08 0)
(0.435655 5.16482e-08 0)
(0.435655 4.53628e-08 0)
(0.435655 3.93455e-08 0)
(0.435655 3.28821e-08 0)
(0.435655 2.54259e-08 0)
(0.435655 1.76211e-08 0)
(0.435655 9.52721e-09 0)
(0.435656 1.23082e-09 0)
(0.435656 -7.06658e-09 0)
(0.435656 -1.49867e-08 0)
(0.435656 -2.18863e-08 0)
(0.435656 -2.67237e-08 0)
(0.435656 -2.78678e-08 0)
(0.435656 -2.27478e-08 0)
(0.435656 -7.37725e-09 0)
(0.435656 2.43934e-08 0)
(0.435656 8.19528e-08 0)
(0.435656 1.79512e-07 0)
(0.435656 3.3839e-07 0)
(0.435656 5.9019e-07 0)
(0.435656 9.81173e-07 0)
(0.435657 1.5781e-06 0)
(0.435657 2.47559e-06 0)
(0.435657 3.80522e-06 0)
(0.435658 5.74552e-06 0)
(0.435659 8.53181e-06 0)
(0.43566 1.24629e-05 0)
(0.435661 1.79001e-05 0)
(0.435664 2.5252e-05 0)
(0.435667 3.49358e-05 0)
(0.435671 4.73032e-05 0)
(0.435677 6.24864e-05 0)
(0.435684 7.99763e-05 0)
(0.435692 9.76155e-05 0)
(0.435734 0.000111116 0)
(0.435878 0.000120228 0)
(0.435856 0.000138423 0)
(0.434742 0.000137599 0)
(0.435595 -5.98336e-05 0)
(0.446254 -0.000429583 0)
(0.416218 -0.000270712 0)
(0.447399 -0.000233632 0)
(0.201294 -0.129668 0)
(0.984284 -0.153989 0)
(0.770596 -0.178124 0)
(0.590995 -0.179684 0)
(0.531345 -0.162874 0)
(0.492229 -0.138614 0)
(0.453955 -0.113535 0)
(0.424903 -0.0902466 0)
(0.405132 -0.06985 0)
(0.391398 -0.0528375 0)
(0.381552 -0.0391991 0)
(0.374445 -0.0286017 0)
(0.369366 -0.0205686 0)
(0.365761 -0.0145999 0)
(0.363222 -0.0102421 0)
(0.36145 -0.00710833 0)
(0.36022 -0.00488513 0)
(0.359377 -0.00332713 0)
(0.358801 -0.00224701 0)
(0.358413 -0.00150569 0)
(0.358152 -0.00100157 0)
(0.357979 -0.000661654 0)
(0.357864 -0.000434266 0)
(0.357788 -0.00028327 0)
(0.357739 -0.000183694 0)
(0.357707 -0.00011845 0)
(0.357687 -7.59605e-05 0)
(0.357673 -4.84489e-05 0)
(0.357665 -3.07309e-05 0)
(0.357659 -1.93789e-05 0)
(0.357656 -1.21414e-05 0)
(0.357654 -7.54877e-06 0)
(0.357653 -4.64766e-06 0)
(0.357652 -2.82366e-06 0)
(0.357651 -1.68215e-06 0)
(0.357651 -9.71666e-07 0)
(0.357651 -5.31924e-07 0)
(0.35765 -2.61697e-07 0)
(0.35765 -9.72695e-08 0)
(0.35765 1.25797e-09 0)
(0.35765 5.92557e-08 0)
(0.35765 9.22779e-08 0)
(0.35765 1.09727e-07 0)
(0.35765 1.17808e-07 0)
(0.35765 1.20251e-07 0)
(0.35765 1.19345e-07 0)
(0.35765 1.16492e-07 0)
(0.35765 1.1256e-07 0)
(0.35765 1.08082e-07 0)
(0.35765 1.03374e-07 0)
(0.35765 9.86005e-08 0)
(0.35765 9.32939e-08 0)
(0.35765 8.7441e-08 0)
(0.35765 8.19951e-08 0)
(0.35765 7.75019e-08 0)
(0.35765 7.28123e-08 0)
(0.35765 6.71343e-08 0)
(0.35765 6.09797e-08 0)
(0.35765 5.44996e-08 0)
(0.35765 4.78777e-08 0)
(0.35765 4.14064e-08 0)
(0.35765 3.44297e-08 0)
(0.35765 2.64991e-08 0)
(0.35765 1.81454e-08 0)
(0.35765 9.44239e-09 0)
(0.35765 4.81093e-10 0)
(0.35765 -8.54708e-09 0)
(0.35765 -1.72778e-08 0)
(0.35765 -2.50961e-08 0)
(0.35765 -3.09996e-08 0)
(0.35765 -3.3419e-08 0)
(0.35765 -2.988e-08 0)
(0.35765 -1.65494e-08 0)
(0.35765 1.24876e-08 0)
(0.35765 6.62552e-08 0)
(0.357651 1.58415e-07 0)
(0.357651 3.09459e-07 0)
(0.357651 5.49769e-07 0)
(0.357651 9.2382e-07 0)
(0.357651 1.4958e-06 0)
(0.357652 2.35669e-06 0)
(0.357653 3.633e-06 0)
(0.357654 5.49635e-06 0)
(0.357655 8.1727e-06 0)
(0.357658 1.19485e-05 0)
(0.357661 1.71686e-05 0)
(0.357666 2.42199e-05 0)
(0.357672 3.34893e-05 0)
(0.357681 4.52836e-05 0)
(0.357693 5.9658e-05 0)
(0.357707 7.59716e-05 0)
(0.357725 9.19229e-05 0)
(0.357777 0.000103277 0)
(0.357935 0.000109496 0)
(0.357915 0.000119874 0)
(0.356779 0.000103662 0)
(0.357663 -7.97968e-05 0)
(0.368342 -0.000393948 0)
(0.338084 -0.000314665 0)
(0.369082 -0.00025795 0)
(0.211045 -0.101838 0)
(1.01038 -0.126858 0)
(0.799339 -0.152158 0)
(0.613503 -0.157303 0)
(0.543991 -0.145396 0)
(0.493405 -0.125595 0)
(0.443683 -0.103959 0)
(0.404476 -0.0832312 0)
(0.376387 -0.0647307 0)
(0.356135 -0.0491179 0)
(0.341335 -0.0365091 0)
(0.330565 -0.026668 0)
(0.322824 -0.0191891 0)
(0.317319 -0.0136238 0)
(0.313445 -0.00955746 0)
(0.310743 -0.0066323 0)
(0.308875 -0.00455701 0)
(0.307596 -0.00310292 0)
(0.306727 -0.00209505 0)
(0.306142 -0.0014035 0)
(0.30575 -0.000933355 0)
(0.30549 -0.00061644 0)
(0.305319 -0.000404494 0)
(0.305207 -0.000263787 0)
(0.305133 -0.000171019 0)
(0.305086 -0.000110249 0)
(0.305055 -7.06814e-05 0)
(0.305036 -4.50663e-05 0)
(0.305023 -2.85724e-05 0)
(0.305015 -1.80066e-05 0)
(0.30501 -1.12712e-05 0)
(0.305007 -6.99789e-06 0)
(0.305005 -4.29896e-06 0)
(0.305004 -2.60241e-06 0)
(0.305003 -1.541e-06 0)
(0.305002 -8.80654e-07 0)
(0.305002 -4.72258e-07 0)
(0.305002 -2.21611e-07 0)
(0.305002 -6.94322e-08 0)
(0.305002 2.14502e-08 0)
(0.305002 7.4584e-08 0)
(0.305002 1.04459e-07 0)
(0.305002 1.19887e-07 0)
(0.305002 1.26604e-07 0)
(0.305002 1.28087e-07 0)
(0.305002 1.26476e-07 0)
(0.305002 1.23075e-07 0)
(0.305002 1.18696e-07 0)
(0.305002 1.13828e-07 0)
(0.305002 1.08757e-07 0)
(0.305002 1.03603e-07 0)
(0.305002 9.79403e-08 0)
(0.305002 9.18425e-08 0)
(0.305002 8.62322e-08 0)
(0.305002 8.14019e-08 0)
(0.305002 7.63238e-08 0)
(0.305002 7.03284e-08 0)
(0.305002 6.38243e-08 0)
(0.305002 5.7024e-08 0)
(0.305002 5.00902e-08 0)
(0.305002 4.32034e-08 0)
(0.305002 3.57686e-08 0)
(0.305002 2.74105e-08 0)
(0.305002 1.85615e-08 0)
(0.305002 9.30055e-09 0)
(0.305002 -2.81487e-10 0)
(0.305002 -1.00089e-08 0)
(0.305002 -1.95417e-08 0)
(0.305002 -2.83089e-08 0)
(0.305002 -3.53742e-08 0)
(0.305002 -3.92725e-08 0)
(0.305002 -3.76921e-08 0)
(0.305002 -2.70567e-08 0)
(0.305002 -1.84694e-09 0)
(0.305002 4.63509e-08 0)
(0.305002 1.30274e-07 0)
(0.305002 2.69022e-07 0)
(0.305002 4.90915e-07 0)
(0.305003 8.37398e-07 0)
(0.305003 1.36829e-06 0)
(0.305004 2.16839e-06 0)
(0.305005 3.35556e-06 0)
(0.305007 5.08964e-06 0)
(0.305009 7.5809e-06 0)
(0.305012 1.10953e-05 0)
(0.305017 1.5952e-05 0)
(0.305024 2.25056e-05 0)
(0.305033 3.11041e-05 0)
(0.305047 4.20052e-05 0)
(0.305064 5.51979e-05 0)
(0.305085 6.99552e-05 0)
(0.30511 8.3943e-05 0)
(0.305173 9.31255e-05 0)
(0.305341 9.67524e-05 0)
(0.305319 0.000100639 0)
(0.304162 7.3718e-05 0)
(0.305063 -9.26591e-05 0)
(0.315727 -0.000355167 0)
(0.2853 -0.000314642 0)
(0.316221 -0.000243495 0)
(0.219687 -0.0785013 0)
(1.03433 -0.102032 0)
(0.828854 -0.126387 0)
(0.640787 -0.133563 0)
(0.564852 -0.125632 0)
(0.505541 -0.109984 0)
(0.446449 -0.0919084 0)
(0.398577 -0.074066 0)
(0.363199 -0.0578578 0)
(0.337138 -0.04403 0)
(0.317875 -0.0327869 0)
(0.303778 -0.0239748 0)
(0.293611 -0.0172612 0)
(0.286369 -0.0122583 0)
(0.28127 -0.00859998 0)
(0.277717 -0.00596745 0)
(0.275264 -0.00409961 0)
(0.273586 -0.00279095 0)
(0.272447 -0.00188404 0)
(0.271681 -0.00126188 0)
(0.27117 -0.000839003 0)
(0.270831 -0.000554013 0)
(0.270607 -0.000363457 0)
(0.270461 -0.000236977 0)
(0.270366 -0.000153603 0)
(0.270304 -9.89978e-05 0)
(0.270264 -6.34496e-05 0)
(0.270239 -4.04396e-05 0)
(0.270223 -2.56252e-05 0)
(0.270212 -1.61364e-05 0)
(0.270206 -1.00883e-05 0)
(0.270202 -6.25151e-06 0)
(0.270199 -3.82868e-06 0)
(0.270198 -2.30601e-06 0)
(0.270197 -1.35374e-06 0)
(0.270196 -7.61629e-07 0)
(0.270196 -3.95802e-07 0)
(0.270195 -1.71666e-07 0)
(0.270195 -3.59976e-08 0)
(0.270195 4.46267e-08 0)
(0.270195 9.13191e-08 0)
(0.270195 1.17108e-07 0)
(0.270195 1.29952e-07 0)
(0.270195 1.34982e-07 0)
(0.270195 1.35328e-07 0)
(0.270195 1.3292e-07 0)
(0.270195 1.28934e-07 0)
(0.270195 1.24099e-07 0)
(0.270195 1.1885e-07 0)
(0.270195 1.13435e-07 0)
(0.270195 1.07935e-07 0)
(0.270195 1.01975e-07 0)
(0.270195 9.56804e-08 0)
(0.270195 8.98999e-08 0)
(0.270195 8.47572e-08 0)
(0.270195 7.93399e-08 0)
(0.270195 7.30735e-08 0)
(0.270195 6.62834e-08 0)
(0.270195 5.92086e-08 0)
(0.270195 5.1994e-08 0)
(0.270195 4.47351e-08 0)
(0.270195 3.68978e-08 0)
(0.270195 2.81614e-08 0)
(0.270195 1.88729e-08 0)
(0.270195 9.10876e-09 0)
(0.270195 -1.04522e-09 0)
(0.270195 -1.14345e-08 0)
(0.270195 -2.17526e-08 0)
(0.270195 -3.1488e-08 0)
(0.270195 -3.97947e-08 0)
(0.270195 -4.53514e-08 0)
(0.270195 -4.60706e-08 0)
(0.270195 -3.87293e-08 0)
(0.270195 -1.83524e-08 0)
(0.270195 2.26338e-08 0)
(0.270195 9.56942e-08 0)
(0.270196 2.18011e-07 0)
(0.270196 4.15056e-07 0)
(0.270196 7.24096e-07 0)
(0.270197 1.19891e-06 0)
(0.270198 1.91574e-06 0)
(0.270199 2.98051e-06 0)
(0.270201 4.5368e-06 0)
(0.270204 6.77332e-06 0)
(0.270208 9.92832e-06 0)
(0.270215 1.42865e-05 0)
(0.270223 2.01619e-05 0)
(0.270236 2.78567e-05 0)
(0.270253 3.75793e-05 0)
(0.270275 4.92689e-05 0)
(0.270302 6.21684e-05 0)
(0.270334 7.40322e-05 0)
(0.270405 8.11639e-05 0)
(0.270581 8.26934e-05 0)
(0.270554 8.17497e-05 0)
(0.269378 4.905e-05 0)
(0.270283 -9.69809e-05 0)
(0.280916 -0.000311264 0)
(0.250365 -0.000287297 0)
(0.281278 -0.000209454 0)
(0.226855 -0.0590347 0)
(1.05471 -0.079632 0)
(0.855862 -0.101403 0)
(0.66803 -0.109207 0)
(0.588223 -0.104287 0)
(0.522509 -0.0923618 0)
(0.455996 -0.0778238 0)
(0.40098 -0.0630753 0)
(0.359444 -0.0494646 0)
(0.328397 -0.0377395 0)
(0.305266 -0.0281487 0)
(0.288265 -0.0206035 0)
(0.275971 -0.014842 0)
(0.267204 -0.0105431 0)
(0.261029 -0.00739727 0)
(0.256726 -0.00513274 0)
(0.253756 -0.00352583 0)
(0.251727 -0.0024 0)
(0.250351 -0.00161988 0)
(0.249426 -0.00108478 0)
(0.248808 -0.000721133 0)
(0.248399 -0.000476102 0)
(0.24813 -0.00031229 0)
(0.247954 -0.000203577 0)
(0.247839 -0.000131927 0)
(0.247765 -8.50056e-05 0)
(0.247718 -5.44632e-05 0)
(0.247687 -3.46953e-05 0)
(0.247668 -2.19696e-05 0)
(0.247655 -1.38192e-05 0)
(0.247647 -8.62469e-06 0)
(0.247643 -5.32974e-06 0)
(0.247639 -3.24941e-06 0)
(0.247638 -1.94231e-06 0)
(0.247636 -1.12526e-06 0)
(0.247636 -6.17625e-07 0)
(0.247635 -3.04437e-07 0)
(0.247635 -1.13036e-07 0)
(0.247635 2.30451e-09 0)
(0.247635 7.03325e-08 0)
(0.247634 1.09174e-07 0)
(0.247634 1.3004e-07 0)
(0.247634 1.39801e-07 0)
(0.247634 1.4286e-07 0)
(0.247634 1.41915e-07 0)
(0.247634 1.38636e-07 0)
(0.247634 1.34035e-07 0)
(0.247634 1.28743e-07 0)
(0.247634 1.23128e-07 0)
(0.247634 1.17394e-07 0)
(0.247634 1.11585e-07 0)
(0.247634 1.0538e-07 0)
(0.247634 9.89306e-08 0)
(0.247634 9.29871e-08 0)
(0.247634 8.75646e-08 0)
(0.247634 8.18572e-08 0)
(0.247634 7.53661e-08 0)
(0.247634 6.83486e-08 0)
(0.247634 6.10462e-08 0)
(0.247634 5.35874e-08 0)
(0.247634 4.60044e-08 0)
(0.247634 3.78214e-08 0)
(0.247634 2.87587e-08 0)
(0.247634 1.90887e-08 0)
(0.247634 8.87958e-09 0)
(0.247634 -1.79253e-09 0)
(0.247634 -1.27995e-08 0)
(0.247634 -2.38767e-08 0)
(0.247634 -3.45858e-08 0)
(0.247634 -4.41929e-08 0)
(0.247634 -5.15561e-08 0)
(0.247635 -5.48673e-08 0)
(0.247635 -5.13437e-08 0)
(0.247635 -3.66879e-08 0)
(0.247635 -4.3718e-09 0)
(0.247635 5.54845e-08 0)
(0.247635 1.57673e-07 0)
(0.247635 3.24116e-07 0)
(0.247636 5.86868e-07 0)
(0.247637 9.92185e-07 0)
(0.247638 1.6056e-06 0)
(0.247639 2.51816e-06 0)
(0.247642 3.85321e-06 0)
(0.247645 5.77269e-06 0)
(0.24765 8.48071e-06 0)
(0.247658 1.22204e-05 0)
(0.247668 1.72578e-05 0)
(0.247683 2.38446e-05 0)
(0.247703 3.21424e-05 0)
(0.24773 4.20609e-05 0)
(0.247761 5.28731e-05 0)
(0.2478 6.25424e-05 0)
(0.247877 6.78439e-05 0)
(0.248058 6.78858e-05 0)
(0.248025 6.39203e-05 0)
(0.246833 3.0137e-05 0)
(0.247735 -9.27057e-05 0)
(0.25833 -0.000262076 0)
(0.227694 -0.000244325 0)
(0.258636 -0.000167975 0)
(0.232477 -0.0427138 0)
(1.071 -0.0594587 0)
(0.878531 -0.0774431 0)
(0.692179 -0.084705 0)
(0.610253 -0.0819002 0)
(0.540024 -0.0732315 0)
(0.467864 -0.0621286 0)
(0.407209 -0.0505941 0)
(0.360704 -0.0398059 0)
(0.325581 -0.0304359 0)
(0.299259 -0.0227325 0)
(0.27985 -0.0166531 0)
(0.265786 -0.012002 0)
(0.255746 -0.00852776 0)
(0.248671 -0.00598382 0)
(0.243741 -0.00415198 0)
(0.24034 -0.00285193 0)
(0.238016 -0.00194109 0)
(0.236441 -0.00130999 0)
(0.235383 -0.000877153 0)
(0.234677 -0.000583034 0)
(0.23421 -0.000384874 0)
(0.233902 -0.000252412 0)
(0.233701 -0.000164514 0)
(0.233571 -0.000106588 0)
(0.233486 -6.86577e-05 0)
(0.233432 -4.39693e-05 0)
(0.233397 -2.79911e-05 0)
(0.233375 -1.77055e-05 0)
(0.233361 -1.11183e-05 0)
(0.233352 -6.92021e-06 0)
(0.233346 -4.25757e-06 0)
(0.233343 -2.57676e-06 0)
(0.23334 -1.52105e-06 0)
(0.233339 -8.61608e-07 0)
(0.233338 -4.52393e-07 0)
(0.233338 -2.00491e-07 0)
(0.233337 -4.71633e-08 0)
(0.233337 4.45772e-08 0)
(0.233337 9.801e-08 0)
(0.233337 1.27798e-07 0)
(0.233337 1.43031e-07 0)
(0.233337 1.49288e-07 0)
(0.233337 1.50141e-07 0)
(0.233337 1.47782e-07 0)
(0.233337 1.43574e-07 0)
(0.233337 1.38341e-07 0)
(0.233337 1.32598e-07 0)
(0.233337 1.26637e-07 0)
(0.233337 1.20614e-07 0)
(0.233337 1.14537e-07 0)
(0.233337 1.08136e-07 0)
(0.233337 1.01569e-07 0)
(0.233337 9.54809e-08 0)
(0.233337 8.98167e-08 0)
(0.233337 8.38688e-08 0)
(0.233337 7.71992e-08 0)
(0.233337 7.00092e-08 0)
(0.233337 6.2527e-08 0)
(0.233337 5.48655e-08 0)
(0.233337 4.70101e-08 0)
(0.233337 3.85399e-08 0)
(0.233337 2.92051e-08 0)
(0.233337 1.92141e-08 0)
(0.233337 8.62186e-09 0)
(0.233337 -2.50935e-09 0)
(0.233337 -1.40823e-08 0)
(0.233337 -2.58817e-08 0)
(0.233337 -3.75539e-08 0)
(0.233337 -4.8496e-08 0)
(0.233337 -5.77761e-08 0)
(0.233337 -6.39132e-08 0)
(0.233337 -6.46386e-08 0)
(0.233337 -5.64481e-08 0)
(0.233337 -3.40354e-08 0)
(0.233337 1.06259e-08 0)
(0.233338 8.95322e-08 0)
(0.233338 2.20453e-07 0)
(0.233338 4.29345e-07 0)
(0.233339 7.53653e-07 0)
(0.233341 1.2464e-06 0)
(0.233342 1.98121e-06 0)
(0.233345 3.05779e-06 0)
(0.233349 4.60691e-06 0)
(0.233355 6.79314e-06 0)
(0.233363 9.8119e-06 0)
(0.233375 1.38758e-05 0)
(0.233392 1.91828e-05 0)
(0.233415 2.58517e-05 0)
(0.233445 3.37841e-05 0)
(0.233481 4.23417e-05 0)
(0.233524 4.98092e-05 0)
(0.233606 5.35488e-05 0)
(0.233789 5.27454e-05 0)
(0.233751 4.75192e-05 0)
(0.232544 1.67707e-05 0)
(0.23344 -8.06905e-05 0)
(0.244001 -0.000208349 0)
(0.213306 -0.000193353 0)
(0.244292 -0.000125916 0)
(0.236607 -0.0288077 0)
(1.08312 -0.0411196 0)
(0.895934 -0.0544866 0)
(0.7114 -0.0603013 0)
(0.628458 -0.0588617 0)
(0.555212 -0.0530196 0)
(0.478999 -0.0452189 0)
(0.414169 -0.0369588 0)
(0.363919 -0.0291512 0)
(0.32569 -0.0223265 0)
(0.29692 -0.0166935 0)
(0.275653 -0.0122372 0)
(0.26022 -0.00882281 0)
(0.249195 -0.00627011 0)
(0.241422 -0.00440004 0)
(0.236006 -0.00305307 0)
(0.23227 -0.00209703 0)
(0.229717 -0.0014272 0)
(0.227988 -0.000963108 0)
(0.226827 -0.000644829 0)
(0.226053 -0.000428569 0)
(0.22554 -0.000282874 0)
(0.225203 -0.000185489 0)
(0.224982 -0.000120871 0)
(0.224839 -7.82886e-05 0)
(0.224746 -5.04055e-05 0)
(0.224687 -3.22569e-05 0)
(0.224648 -2.05112e-05 0)
(0.224624 -1.295e-05 0)
(0.224609 -8.10749e-06 0)
(0.224599 -5.0214e-06 0)
(0.224593 -3.06417e-06 0)
(0.224589 -1.82898e-06 0)
(0.224587 -1.05361e-06 0)
(0.224585 -5.69845e-07 0)
(0.224584 -2.70312e-07 0)
(0.224584 -8.66804e-08 0)
(0.224583 2.42719e-08 0)
(0.224583 8.97795e-08 0)
(0.224583 1.27013e-07 0)
(0.224583 1.46787e-07 0)
(0.224583 1.55823e-07 0)
(0.224583 1.58248e-07 0)
(0.224583 1.56715e-07 0)
(0.224583 1.52851e-07 0)
(0.224583 1.4768e-07 0)
(0.224583 1.41811e-07 0)
(0.224583 1.35632e-07 0)
(0.224583 1.2935e-07 0)
(0.224583 1.23072e-07 0)
(0.224583 1.16771e-07 0)
(0.224583 1.10221e-07 0)
(0.224583 1.03572e-07 0)
(0.224583 9.73645e-08 0)
(0.224583 9.15013e-08 0)
(0.224583 8.53628e-08 0)
(0.224583 7.85608e-08 0)
(0.224583 7.12503e-08 0)
(0.224583 6.36368e-08 0)
(0.224583 5.58179e-08 0)
(0.224583 4.77454e-08 0)
(0.224583 3.90476e-08 0)
(0.224583 2.94975e-08 0)
(0.224583 1.92486e-08 0)
(0.224583 8.33859e-09 0)
(0.224583 -3.18732e-09 0)
(0.224583 -1.52667e-08 0)
(0.224583 -2.77396e-08 0)
(0.224583 -4.03465e-08 0)
(0.224583 -5.26309e-08 0)
(0.224583 -6.38953e-08 0)
(0.224583 -7.30246e-08 0)
(0.224583 -7.83245e-08 0)
(0.224583 -7.71765e-08 0)
(0.224583 -6.56393e-08 0)
(0.224583 -3.77574e-08 0)
(0.224584 1.53427e-08 0)
(0.224584 1.0679e-07 0)
(0.224585 2.55727e-07 0)
(0.224585 4.89755e-07 0)
(0.224587 8.4791e-07 0)
(0.224589 1.38438e-06 0)
(0.224592 2.17247e-06 0)
(0.224596 3.30827e-06 0)
(0.224603 4.91249e-06 0)
(0.224612 7.12817e-06 0)
(0.224625 1.01101e-05 0)
(0.224643 1.40008e-05 0)
(0.224668 1.88807e-05 0)
(0.2247 2.4663e-05 0)
(0.224739 3.08504e-05 0)
(0.224786 3.61442e-05 0)
(0.224872 3.85894e-05 0)
(0.225057 3.75343e-05 0)
(0.225014 3.25927e-05 0)
(0.223795 8.20763e-06 0)
(0.224684 -6.23373e-05 0)
(0.235216 -0.000151163 0)
(0.204485 -0.000138938 0)
(0.235514 -8.64268e-05 0)
(0.239339 -0.0166047 0)
(1.09115 -0.0241302 0)
(0.907662 -0.0323437 0)
(0.724655 -0.0360788 0)
(0.641311 -0.0354447 0)
(0.566235 -0.0320861 0)
(0.48741 -0.0274635 0)
(0.419825 -0.0225029 0)
(0.36707 -0.0177793 0)
(0.326745 -0.0136323 0)
(0.296317 -0.0102001 0)
(0.273787 -0.0074804 0)
(0.257421 -0.0053947 0)
(0.245724 -0.00383445 0)
(0.237475 -0.00269103 0)
(0.231726 -0.00186728 0)
(0.227761 -0.00128254 0)
(0.225052 -0.000872855 0)
(0.223218 -0.000589005 0)
(0.221986 -0.000394336 0)
(0.221165 -0.000262065 0)
(0.220621 -0.000172952 0)
(0.220264 -0.000113385 0)
(0.22003 -7.38598e-05 0)
(0.219878 -4.78116e-05 0)
(0.21978 -3.07534e-05 0)
(0.219717 -1.96492e-05 0)
(0.219676 -1.24615e-05 0)
(0.219651 -7.83369e-06 0)
(0.219634 -4.86942e-06 0)
(0.219624 -2.98017e-06 0)
(0.219618 -1.78212e-06 0)
(0.219614 -1.02641e-06 0)
(0.219611 -5.52634e-07 0)
(0.21961 -2.57843e-07 0)
(0.219609 -7.6264e-08 0)
(0.219608 3.39753e-08 0)
(0.219608 9.94021e-08 0)
(0.219607 1.36756e-07 0)
(0.219607 1.56625e-07 0)
(0.219607 1.65694e-07 0)
(0.219607 1.68132e-07 0)
(0.219607 1.665e-07 0)
(0.219607 1.62461e-07 0)
(0.219607 1.57042e-07 0)
(0.219607 1.50894e-07 0)
(0.219607 1.444e-07 0)
(0.219607 1.37808e-07 0)
(0.219607 1.31238e-07 0)
(0.219607 1.24743e-07 0)
(0.219607 1.18264e-07 0)
(0.219607 1.1161e-07 0)
(0.219607 1.04914e-07 0)
(0.219607 9.86182e-08 0)
(0.219607 9.26017e-08 0)
(0.219607 8.63228e-08 0)
(0.219607 7.94346e-08 0)
(0.219607 7.20537e-08 0)
(0.219607 6.43581e-08 0)
(0.219607 5.64301e-08 0)
(0.219607 4.81979e-08 0)
(0.219607 3.93338e-08 0)
(0.219607 2.96277e-08 0)
(0.219607 1.9186e-08 0)
(0.219607 8.02715e-09 0)
(0.219607 -3.82376e-09 0)
(0.219607 -1.6342e-08 0)
(0.219607 -2.94274e-08 0)
(0.219607 -4.29215e-08 0)
(0.219607 -5.65256e-08 0)
(0.219607 -6.97947e-08 0)
(0.219607 -8.20083e-08 0)
(0.219607 -9.20906e-08 0)
(0.219607 -9.83772e-08 0)
(0.219607 -9.83975e-08 0)
(0.219608 -8.84273e-08 0)
(0.219608 -6.2957e-08 0)
(0.219608 -1.38576e-08 0)
(0.219609 7.06763e-08 0)
(0.21961 2.07637e-07 0)
(0.219611 4.21002e-07 0)
(0.219613 7.44018e-07 0)
(0.219616 1.2216e-06 0)
(0.219621 1.91256e-06 0)
(0.219628 2.89065e-06 0)
(0.219637 4.24313e-06 0)
(0.219651 6.06411e-06 0)
(0.219671 8.43937e-06 0)
(0.219697 1.14153e-05 0)
(0.219731 1.49324e-05 0)
(0.219772 1.86754e-05 0)
(0.219821 2.18351e-05 0)
(0.219909 2.32095e-05 0)
(0.220095 2.2379e-05 0)
(0.220048 1.8919e-05 0)
(0.218821 3.32084e-06 0)
(0.219705 -3.93388e-05 0)
(0.230217 -9.16297e-05 0)
(0.199465 -8.34548e-05 0)
(0.230527 -5.02107e-05 0)
(0.240707 -0.00542203 0)
(1.09514 -0.00795503 0)
(0.913545 -0.0107235 0)
(0.731396 -0.0120093 0)
(0.647936 -0.011836 0)
(0.571997 -0.0107409 0)
(0.491894 -0.00921027 0)
(0.422941 -0.00755634 0)
(0.368931 -0.00597501 0)
(0.327553 -0.00458353 0)
(0.296286 -0.00343025 0)
(0.273118 -0.00251578 0)
(0.25628 -0.00181461 0)
(0.244242 -0.00128999 0)
(0.235751 -0.000905442 0)
(0.229834 -0.000628329 0)
(0.225753 -0.000431588 0)
(0.222965 -0.000293756 0)
(0.221077 -0.000198245 0)
(0.21981 -0.000132727 0)
(0.218965 -8.81951e-05 0)
(0.218405 -5.81828e-05 0)
(0.218037 -3.81129e-05 0)
(0.217797 -2.47891e-05 0)
(0.217641 -1.60036e-05 0)
(0.21754 -1.02459e-05 0)
(0.217475 -6.4945e-06 0)
(0.217433 -4.06388e-06 0)
(0.217407 -2.49732e-06 0)
(0.21739 -1.49295e-06 0)
(0.217379 -8.5247e-07 0)
(0.217373 -4.46467e-07 0)
(0.217369 -1.90966e-07 0)
(0.217366 -3.17826e-08 0)
(0.217364 6.59259e-08 0)
(0.217363 1.24503e-07 0)
(0.217363 1.58232e-07 0)
(0.217362 1.76227e-07 0)
(0.217362 1.84271e-07 0)
(0.217362 1.86083e-07 0)
(0.217362 1.84043e-07 0)
(0.217362 1.7966e-07 0)
(0.217362 1.73851e-07 0)
(0.217362 1.67256e-07 0)
(0.217362 1.60269e-07 0)
(0.217362 1.53156e-07 0)
(0.217362 1.46062e-07 0)
(0.217362 1.39091e-07 0)
(0.217362 1.32271e-07 0)
(0.217362 1.25601e-07 0)
(0.217362 1.18991e-07 0)
(0.217362 1.12278e-07 0)
(0.217362 1.05569e-07 0)
(0.217362 9.92222e-08 0)
(0.217362 9.31e-08 0)
(0.217362 8.6731e-08 0)
(0.217362 7.98028e-08 0)
(0.217362 7.24004e-08 0)
(0.217362 6.4672e-08 0)
(0.217362 5.66857e-08 0)
(0.217362 4.83529e-08 0)
(0.217362 3.93849e-08 0)
(0.217362 2.95841e-08 0)
(0.217362 1.90173e-08 0)
(0.217362 7.6817e-09 0)
(0.217362 -4.41937e-09 0)
(0.217362 -1.73008e-08 0)
(0.217362 -3.0925e-08 0)
(0.217362 -4.5239e-08 0)
(0.217362 -6.01087e-08 0)
(0.217362 -7.53531e-08 0)
(0.217362 -9.0664e-08 0)
(0.217362 -1.05611e-07 0)
(0.217362 -1.19526e-07 0)
(0.217362 -1.31475e-07 0)
(0.217362 -1.40063e-07 0)
(0.217363 -1.43293e-07 0)
(0.217363 -1.38255e-07 0)
(0.217364 -1.20806e-07 0)
(0.217364 -8.50248e-08 0)
(0.217366 -2.26543e-08 0)
(0.217368 7.76989e-08 0)
(0.217371 2.31332e-07 0)
(0.217376 4.58211e-07 0)
(0.217383 7.83251e-07 0)
(0.217393 1.23587e-06 0)
(0.217407 1.84772e-06 0)
(0.217427 2.64754e-06 0)
(0.217454 3.65012e-06 0)
(0.217489 4.83407e-06 0)
(0.217531 6.09172e-06 0)
(0.217581 7.14893e-06 0)
(0.21767 7.60045e-06 0)
(0.217857 7.30132e-06 0)
(0.217808 6.07796e-06 0)
(0.216577 7.3263e-07 0)
(0.217457 -1.35211e-05 0)
(0.22796 -3.07592e-05 0)
(0.197198 -2.78592e-05 0)
(0.228278 -1.64799e-05 0)
(0.240707 0.00542297 0)
(1.09514 0.00795346 0)
(0.913545 0.0107203 0)
(0.731396 0.0120055 0)
(0.647936 0.0118342 0)
(0.571997 0.0107411 0)
(0.491894 0.0092095 0)
(0.422941 0.00755475 0)
(0.368931 0.00597466 0)
(0.327553 0.00458453 0)
(0.296286 0.00343273 0)
(0.273118 0.00251885 0)
(0.25628 0.00181665 0)
(0.244242 0.00129111 0)
(0.235751 0.000905919 0)
(0.229834 0.000628508 0)
(0.225753 0.000431638 0)
(0.222965 0.000293673 0)
(0.221077 0.000198119 0)
(0.21981 0.000132624 0)
(0.218964 8.81526e-05 0)
(0.218405 5.82162e-05 0)
(0.218037 3.82249e-05 0)
(0.217797 2.49737e-05 0)
(0.21764 1.62514e-05 0)
(0.21754 1.05486e-05 0)
(0.217475 6.84327e-06 0)
(0.217433 4.44976e-06 0)
(0.217407 2.91208e-06 0)
(0.21739 1.92906e-06 0)
(0.217379 1.30329e-06 0)
(0.217373 9.06182e-07 0)
(0.217369 6.54507e-07 0)
(0.217366 4.94733e-07 0)
(0.217364 3.92641e-07 0)
(0.217363 3.26531e-07 0)
(0.217363 2.82725e-07 0)
(0.217362 2.52677e-07 0)
(0.217362 2.31052e-07 0)
(0.217362 2.14603e-07 0)
(0.217362 2.01352e-07 0)
(0.217362 1.90107e-07 0)
(0.217362 1.80117e-07 0)
(0.217362 1.70982e-07 0)
(0.217362 1.62456e-07 0)
(0.217362 1.54415e-07 0)
(0.217362 1.46763e-07 0)
(0.217362 1.39456e-07 0)
(0.217362 1.3243e-07 0)
(0.217362 1.2563e-07 0)
(0.217362 1.18939e-07 0)
(0.217362 1.1221e-07 0)
(0.217362 1.05526e-07 0)
(0.217362 9.91657e-08 0)
(0.217362 9.29869e-08 0)
(0.217362 8.65778e-08 0)
(0.217362 7.96559e-08 0)
(0.217362 7.22798e-08 0)
(0.217362 6.45684e-08 0)
(0.217362 5.6576e-08 0)
(0.217362 4.8203e-08 0)
(0.217362 3.91943e-08 0)
(0.217362 2.93621e-08 0)
(0.217362 1.87395e-08 0)
(0.217362 7.30236e-09 0)
(0.217362 -4.96912e-09 0)
(0.217362 -1.81303e-08 0)
(0.217362 -3.22071e-08 0)
(0.217362 -4.72534e-08 0)
(0.217362 -6.33027e-08 0)
(0.217362 -8.04417e-08 0)
(0.217362 -9.8781e-08 0)
(0.217362 -1.18544e-07 0)
(0.217362 -1.40077e-07 0)
(0.217362 -1.64001e-07 0)
(0.217362 -1.91288e-07 0)
(0.217362 -2.23504e-07 0)
(0.217363 -2.63034e-07 0)
(0.217363 -3.13504e-07 0)
(0.217364 -3.80226e-07 0)
(0.217366 -4.70887e-07 0)
(0.217368 -5.96254e-07 0)
(0.217371 -7.71059e-07 0)
(0.217376 -1.01472e-06 0)
(0.217383 -1.3518e-06 0)
(0.217393 -1.81139e-06 0)
(0.217407 -2.42484e-06 0)
(0.217427 -3.22065e-06 0)
(0.217454 -4.21462e-06 0)
(0.217489 -5.38649e-06 0)
(0.217531 -6.62712e-06 0)
(0.217581 -7.66028e-06 0)
(0.21767 -8.08011e-06 0)
(0.217857 -7.74191e-06 0)
(0.217808 -6.47098e-06 0)
(0.216576 -1.07365e-06 0)
(0.217457 1.32411e-05 0)
(0.22796 3.0544e-05 0)
(0.197198 2.76899e-05 0)
(0.228278 1.63413e-05 0)
(0.239339 0.0166057 0)
(1.09114 0.0241287 0)
(0.907662 0.0323405 0)
(0.724655 0.036075 0)
(0.641312 0.0354429 0)
(0.566235 0.0320865 0)
(0.48741 0.0274628 0)
(0.419825 0.0225012 0)
(0.36707 0.017779 0)
(0.326745 0.0136333 0)
(0.296316 0.0102027 0)
(0.273786 0.00748353 0)
(0.257421 0.00539673 0)
(0.245723 0.00383555 0)
(0.237475 0.00269148 0)
(0.231726 0.00186744 0)
(0.227761 0.00128259 0)
(0.225052 0.000872767 0)
(0.223218 0.000588876 0)
(0.221986 0.000394231 0)
(0.221165 0.000262019 0)
(0.220621 0.000172982 0)
(0.220263 0.000113494 0)
(0.22003 7.40415e-05 0)
(0.219878 4.80566e-05 0)
(0.21978 3.10533e-05 0)
(0.219717 1.99951e-05 0)
(0.219676 1.28444e-05 0)
(0.219651 8.24544e-06 0)
(0.219634 5.30249e-06 0)
(0.219624 3.42792e-06 0)
(0.219618 2.23874e-06 0)
(0.219614 1.48686e-06 0)
(0.219611 1.01251e-06 0)
(0.219609 7.13374e-07 0)
(0.219608 5.2431e-07 0)
(0.219608 4.04066e-07 0)
(0.219608 3.2667e-07 0)
(0.219607 2.75824e-07 0)
(0.219607 2.4141e-07 0)
(0.219607 2.17151e-07 0)
(0.219607 1.99189e-07 0)
(0.219607 1.85124e-07 0)
(0.219607 1.73536e-07 0)
(0.219607 1.63543e-07 0)
(0.219607 1.54637e-07 0)
(0.219607 1.46481e-07 0)
(0.219607 1.38891e-07 0)
(0.219607 1.31708e-07 0)
(0.219607 1.24828e-07 0)
(0.219607 1.18105e-07 0)
(0.219607 1.11404e-07 0)
(0.219607 1.04781e-07 0)
(0.219607 9.845e-08 0)
(0.219607 9.22639e-08 0)
(0.219607 8.58646e-08 0)
(0.219607 7.8995e-08 0)
(0.219607 7.16924e-08 0)
(0.219607 6.40477e-08 0)
(0.219607 5.61025e-08 0)
(0.219607 4.775e-08 0)
(0.219607 3.87644e-08 0)
(0.219607 2.89655e-08 0)
(0.219607 1.83584e-08 0)
(0.219607 6.89745e-09 0)
(0.219607 -5.4602e-09 0)
(0.219607 -1.881e-08 0)
(0.219607 -3.32411e-08 0)
(0.219607 -4.89126e-08 0)
(0.219607 -6.60234e-08 0)
(0.219607 -8.4925e-08 0)
(0.219607 -1.06141e-07 0)
(0.219607 -1.30542e-07 0)
(0.219607 -1.59472e-07 0)
(0.219607 -1.95093e-07 0)
(0.219607 -2.40708e-07 0)
(0.219608 -3.01401e-07 0)
(0.219608 -3.84777e-07 0)
(0.219608 -5.02133e-07 0)
(0.219609 -6.69854e-07 0)
(0.219611 -9.11355e-07 0)
(0.219613 -1.25926e-06 0)
(0.219616 -1.75793e-06 0)
(0.219621 -2.46564e-06 0)
(0.219627 -3.4558e-06 0)
(0.219637 -4.81533e-06 0)
(0.219651 -6.63801e-06 0)
(0.21967 -9.00942e-06 0)
(0.219696 -1.1977e-05 0)
(0.219731 -1.54823e-05 0)
(0.219772 -1.92079e-05 0)
(0.21982 -2.23432e-05 0)
(0.219908 -2.36858e-05 0)
(0.220095 -2.28162e-05 0)
(0.220048 -1.93088e-05 0)
(0.218821 -3.65903e-06 0)
(0.219704 3.90614e-05 0)
(0.230217 9.14166e-05 0)
(0.199465 8.32871e-05 0)
(0.230527 5.00732e-05 0)
(0.236607 0.0288087 0)
(1.08312 0.0411181 0)
(0.895934 0.0544834 0)
(0.7114 0.0602972 0)
(0.628458 0.0588598 0)
(0.555212 0.05302 0)
(0.478999 0.045218 0)
(0.41417 0.0369572 0)
(0.36392 0.0291509 0)
(0.32569 0.0223275 0)
(0.29692 0.0166962 0)
(0.275652 0.0122404 0)
(0.260219 0.0088248 0)
(0.249194 0.00627117 0)
(0.241422 0.00440044 0)
(0.236005 0.00305321 0)
(0.232269 0.00209707 0)
(0.229717 0.0014271 0)
(0.227988 0.000962973 0)
(0.226827 0.000644719 0)
(0.226052 0.000428518 0)
(0.225539 0.000282899 0)
(0.225202 0.000185592 0)
(0.224982 0.000121047 0)
(0.224838 7.8528e-05 0)
(0.224746 5.06997e-05 0)
(0.224686 3.2597e-05 0)
(0.224648 2.08882e-05 0)
(0.224624 1.33558e-05 0)
(0.224609 8.53454e-06 0)
(0.224599 5.46304e-06 0)
(0.224593 3.51465e-06 0)
(0.224589 2.28328e-06 0)
(0.224587 1.50738e-06 0)
(0.224585 1.01935e-06 0)
(0.224584 7.12428e-07 0)
(0.224584 5.18927e-07 0)
(0.224583 3.9617e-07 0)
(0.224583 3.17348e-07 0)
(0.224583 2.65753e-07 0)
(0.224583 2.30988e-07 0)
(0.224583 2.06638e-07 0)
(0.224583 1.88719e-07 0)
(0.224583 1.74829e-07 0)
(0.224583 1.63482e-07 0)
(0.224583 1.53797e-07 0)
(0.224583 1.4521e-07 0)
(0.224583 1.37396e-07 0)
(0.224583 1.30112e-07 0)
(0.224583 1.23203e-07 0)
(0.224583 1.165e-07 0)
(0.224583 1.09872e-07 0)
(0.224583 1.03348e-07 0)
(0.224583 9.70878e-08 0)
(0.224583 9.09438e-08 0)
(0.224583 8.46035e-08 0)
(0.224583 7.78321e-08 0)
(0.224583 7.06495e-08 0)
(0.224583 6.3121e-08 0)
(0.224583 5.52766e-08 0)
(0.224583 4.70057e-08 0)
(0.224583 3.81071e-08 0)
(0.224583 2.84073e-08 0)
(0.224583 1.7888e-08 0)
(0.224583 6.48325e-09 0)
(0.224583 -5.87239e-09 0)
(0.224583 -1.93131e-08 0)
(0.224583 -3.39885e-08 0)
(0.224583 -5.01591e-08 0)
(0.224583 -6.81826e-08 0)
(0.224583 -8.86648e-08 0)
(0.224583 -1.12526e-07 0)
(0.224583 -1.41256e-07 0)
(0.224583 -1.77161e-07 0)
(0.224583 -2.23878e-07 0)
(0.224583 -2.86946e-07 0)
(0.224583 -3.74822e-07 0)
(0.224584 -5.00119e-07 0)
(0.224584 -6.8148e-07 0)
(0.224585 -9.45908e-07 0)
(0.224586 -1.33189e-06 0)
(0.224588 -1.89301e-06 0)
(0.224591 -2.70202e-06 0)
(0.224595 -3.8545e-06 0)
(0.224602 -5.47083e-06 0)
(0.224611 -7.69366e-06 0)
(0.224624 -1.06775e-05 0)
(0.224642 -1.45647e-05 0)
(0.224667 -1.94368e-05 0)
(0.224699 -2.52073e-05 0)
(0.224738 -3.13769e-05 0)
(0.224785 -3.66458e-05 0)
(0.22487 -3.90589e-05 0)
(0.225056 -3.7965e-05 0)
(0.225013 -3.29763e-05 0)
(0.223794 -8.54028e-06 0)
(0.224683 6.20648e-05 0)
(0.235215 0.000150954 0)
(0.204484 0.000138773 0)
(0.235513 8.62916e-05 0)
(0.232476 0.0427149 0)
(1.071 0.0594573 0)
(0.87853 0.0774399 0)
(0.692179 0.0847007 0)
(0.610253 0.0818982 0)
(0.540024 0.0732321 0)
(0.467864 0.0621277 0)
(0.407209 0.0505924 0)
(0.360705 0.0398057 0)
(0.325581 0.0304369 0)
(0.299259 0.0227353 0)
(0.279849 0.0166565 0)
(0.265784 0.012004 0)
(0.255745 0.00852874 0)
(0.24867 0.00598415 0)
(0.24374 0.00415208 0)
(0.240339 0.00285196 0)
(0.238015 0.00194098 0)
(0.236441 0.00130985 0)
(0.235383 0.000877036 0)
(0.234677 0.000582977 0)
(0.234209 0.000384891 0)
(0.233902 0.000252507 0)
(0.233701 0.000164682 0)
(0.23357 0.00010682 0)
(0.233485 6.89439e-05 0)
(0.233431 4.4301e-05 0)
(0.233396 2.83595e-05 0)
(0.233374 1.81025e-05 0)
(0.23336 1.15364e-05 0)
(0.233351 7.35283e-06 0)
(0.233346 4.69894e-06 0)
(0.233342 3.02196e-06 0)
(0.23334 1.96578e-06 0)
(0.233339 1.30217e-06 0)
(0.233338 8.85712e-07 0)
(0.233337 6.24134e-07 0)
(0.233337 4.59241e-07 0)
(0.233337 3.5445e-07 0)
(0.233337 2.86927e-07 0)
(0.233337 2.42445e-07 0)
(0.233337 2.1221e-07 0)
(0.233337 1.90763e-07 0)
(0.233337 1.74791e-07 0)
(0.233337 1.62241e-07 0)
(0.233337 1.51888e-07 0)
(0.233337 1.42954e-07 0)
(0.233337 1.34986e-07 0)
(0.233337 1.2766e-07 0)
(0.233337 1.20777e-07 0)
(0.233337 1.14143e-07 0)
(0.233337 1.07632e-07 0)
(0.233337 1.01248e-07 0)
(0.233337 9.51015e-08 0)
(0.233337 8.90482e-08 0)
(0.233337 8.28154e-08 0)
(0.233337 7.61876e-08 0)
(0.233337 6.91709e-08 0)
(0.233337 6.18076e-08 0)
(0.233337 5.41177e-08 0)
(0.233337 4.59886e-08 0)
(0.233337 3.72409e-08 0)
(0.233337 2.77065e-08 0)
(0.233337 1.73483e-08 0)
(0.233337 6.08137e-09 0)
(0.233337 -6.1808e-09 0)
(0.233337 -1.96086e-08 0)
(0.233337 -3.4408e-08 0)
(0.233337 -5.0934e-08 0)
(0.233337 -6.96924e-08 0)
(0.233337 -9.15259e-08 0)
(0.233337 -1.17723e-07 0)
(0.233337 -1.50353e-07 0)
(0.233337 -1.92616e-07 0)
(0.233337 -2.49519e-07 0)
(0.233337 -3.28685e-07 0)
(0.233337 -4.41701e-07 0)
(0.233337 -6.05834e-07 0)
(0.233338 -8.46555e-07 0)
(0.233339 -1.20073e-06 0)
(0.23334 -1.72084e-06 0)
(0.233342 -2.47993e-06 0)
(0.233344 -3.57717e-06 0)
(0.233348 -5.14286e-06 0)
(0.233354 -7.34121e-06 0)
(0.233362 -1.03673e-05 0)
(0.233374 -1.44333e-05 0)
(0.233391 -1.97372e-05 0)
(0.233414 -2.6399e-05 0)
(0.233443 -3.43197e-05 0)
(0.233479 -4.28588e-05 0)
(0.233522 -5.03008e-05 0)
(0.233604 -5.40084e-05 0)
(0.233788 -5.31665e-05 0)
(0.23375 -4.78936e-05 0)
(0.232542 -1.70952e-05 0)
(0.233438 8.04253e-05 0)
(0.243999 0.000208146 0)
(0.213305 0.000193193 0)
(0.24429 0.000125784 0)
(0.226855 0.0590359 0)
(1.05471 0.0796308 0)
(0.855861 0.1014 0)
(0.66803 0.109203 0)
(0.588223 0.104285 0)
(0.522509 0.0923627 0)
(0.455996 0.0778228 0)
(0.400979 0.0630735 0)
(0.359444 0.0494646 0)
(0.328396 0.0377406 0)
(0.305264 0.0281517 0)
(0.288264 0.0206071 0)
(0.275969 0.0148439 0)
(0.267203 0.0105439 0)
(0.261028 0.0073975 0)
(0.256725 0.00513279 0)
(0.253756 0.00352585 0)
(0.251726 0.00239987 0)
(0.25035 0.00161972 0)
(0.249425 0.00108465 0)
(0.248808 0.000721069 0)
(0.248399 0.00047611 0)
(0.248129 0.000312375 0)
(0.247953 0.000203736 0)
(0.247839 0.000132149 0)
(0.247765 8.52814e-05 0)
(0.247717 5.47842e-05 0)
(0.247686 3.50526e-05 0)
(0.247667 2.23551e-05 0)
(0.247655 1.42256e-05 0)
(0.247647 9.04544e-06 0)
(0.247642 5.75914e-06 0)
(0.247639 3.68264e-06 0)
(0.247637 2.37512e-06 0)
(0.247636 1.55406e-06 0)
(0.247635 1.03936e-06 0)
(0.247635 7.16743e-07 0)
(0.247635 5.14086e-07 0)
(0.247634 3.86043e-07 0)
(0.247634 3.04283e-07 0)
(0.247634 2.51141e-07 0)
(0.247634 2.15686e-07 0)
(0.247634 1.91137e-07 0)
(0.247634 1.73359e-07 0)
(0.247634 1.59793e-07 0)
(0.247634 1.48904e-07 0)
(0.247634 1.39721e-07 0)
(0.247634 1.31674e-07 0)
(0.247634 1.24371e-07 0)
(0.247634 1.17569e-07 0)
(0.247634 1.11058e-07 0)
(0.247634 1.04708e-07 0)
(0.247634 9.85017e-08 0)
(0.247634 9.25127e-08 0)
(0.247634 8.65982e-08 0)
(0.247634 8.05202e-08 0)
(0.247634 7.40806e-08 0)
(0.247634 6.72748e-08 0)
(0.247634 6.01252e-08 0)
(0.247634 5.26429e-08 0)
(0.247634 4.47153e-08 0)
(0.247634 3.61817e-08 0)
(0.247634 2.68792e-08 0)
(0.247634 1.67555e-08 0)
(0.247634 5.70924e-09 0)
(0.247634 -6.3654e-09 0)
(0.247634 -1.96714e-08 0)
(0.247634 -3.44654e-08 0)
(0.247634 -5.11875e-08 0)
(0.247634 -7.04765e-08 0)
(0.247634 -9.33888e-08 0)
(0.247634 -1.21543e-07 0)
(0.247634 -1.5753e-07 0)
(0.247634 -2.05353e-07 0)
(0.247634 -2.71248e-07 0)
(0.247634 -3.64706e-07 0)
(0.247634 -5.00123e-07 0)
(0.247635 -6.98935e-07 0)
(0.247635 -9.92726e-07 0)
(0.247636 -1.42719e-06 0)
(0.247637 -2.06735e-06 0)
(0.247638 -3.0037e-06 0)
(0.247641 -4.35906e-06 0)
(0.247644 -6.29492e-06 0)
(0.247649 -9.01506e-06 0)
(0.247656 -1.27621e-05 0)
(0.247667 -1.7802e-05 0)
(0.247682 -2.43862e-05 0)
(0.247702 -3.26775e-05 0)
(0.247728 -4.25842e-05 0)
(0.24776 -5.33773e-05 0)
(0.247798 -6.30209e-05 0)
(0.247875 -6.82904e-05 0)
(0.248056 -6.82945e-05 0)
(0.248023 -6.42828e-05 0)
(0.246831 -3.04513e-05 0)
(0.247733 9.24497e-05 0)
(0.258328 0.000261881 0)
(0.227692 0.00024417 0)
(0.258633 0.000167847 0)
(0.219687 0.0785025 0)
(1.03432 0.102031 0)
(0.828852 0.126383 0)
(0.640786 0.133558 0)
(0.564852 0.12563 0)
(0.50554 0.109985 0)
(0.446448 0.0919073 0)
(0.398575 0.074064 0)
(0.363199 0.057858 0)
(0.337136 0.0440311 0)
(0.317872 0.0327901 0)
(0.303776 0.0239786 0)
(0.293608 0.017263 0)
(0.286367 0.012259 0)
(0.281269 0.0086001 0)
(0.277716 0.00596744 0)
(0.275263 0.00409962 0)
(0.273585 0.0027908 0)
(0.272447 0.00188387 0)
(0.271681 0.00126175 0)
(0.271169 0.000838933 0)
(0.27083 0.000554014 0)
(0.270606 0.000363533 0)
(0.27046 0.000237124 0)
(0.270365 0.000153813 0)
(0.270303 9.92613e-05 0)
(0.270264 6.37576e-05 0)
(0.270238 4.07832e-05 0)
(0.270222 2.59967e-05 0)
(0.270212 1.65284e-05 0)
(0.270205 1.04945e-05 0)
(0.270201 6.66618e-06 0)
(0.270199 4.24716e-06 0)
(0.270197 2.72413e-06 0)
(0.270196 1.76803e-06 0)
(0.270196 1.16908e-06 0)
(0.270195 7.94121e-07 0)
(0.270195 5.59103e-07 0)
(0.270195 4.11158e-07 0)
(0.270195 3.17241e-07 0)
(0.270195 2.56733e-07 0)
(0.270195 2.16871e-07 0)
(0.270195 1.89733e-07 0)
(0.270195 1.70482e-07 0)
(0.270195 1.56119e-07 0)
(0.270195 1.44843e-07 0)
(0.270195 1.35519e-07 0)
(0.270195 1.27477e-07 0)
(0.270195 1.20262e-07 0)
(0.270195 1.136e-07 0)
(0.270195 1.07262e-07 0)
(0.270195 1.01118e-07 0)
(0.270195 9.51295e-08 0)
(0.270195 8.93406e-08 0)
(0.270195 8.36114e-08 0)
(0.270195 7.77344e-08 0)
(0.270195 7.15268e-08 0)
(0.270195 6.4976e-08 0)
(0.270195 5.80874e-08 0)
(0.270195 5.0865e-08 0)
(0.270195 4.31972e-08 0)
(0.270195 3.49401e-08 0)
(0.270195 2.59354e-08 0)
(0.270195 1.61198e-08 0)
(0.270195 5.37738e-09 0)
(0.270195 -6.41394e-09 0)
(0.270195 -1.94851e-08 0)
(0.270195 -3.41368e-08 0)
(0.270195 -5.0882e-08 0)
(0.270195 -7.04746e-08 0)
(0.270195 -9.41546e-08 0)
(0.270195 -1.23826e-07 0)
(0.270195 -1.62526e-07 0)
(0.270195 -2.14949e-07 0)
(0.270195 -2.88386e-07 0)
(0.270195 -3.93929e-07 0)
(0.270195 -5.48382e-07 0)
(0.270195 -7.76748e-07 0)
(0.270195 -1.11584e-06 0)
(0.270196 -1.61892e-06 0)
(0.270197 -2.36172e-06 0)
(0.270198 -3.44964e-06 0)
(0.2702 -5.02579e-06 0)
(0.270203 -7.27843e-06 0)
(0.270207 -1.04455e-05 0)
(0.270213 -1.48112e-05 0)
(0.270222 -2.06893e-05 0)
(0.270234 -2.8382e-05 0)
(0.270251 -3.80985e-05 0)
(0.270273 -4.9776e-05 0)
(0.2703 -6.26561e-05 0)
(0.270332 -7.44941e-05 0)
(0.270403 -8.15944e-05 0)
(0.270578 -8.30868e-05 0)
(0.270551 -8.20978e-05 0)
(0.269376 -4.93518e-05 0)
(0.270281 9.6736e-05 0)
(0.280913 0.000311077 0)
(0.250363 0.000287149 0)
(0.281276 0.000209332 0)
(0.211044 0.10184 0)
(1.01038 0.126857 0)
(0.799337 0.152155 0)
(0.613502 0.157298 0)
(0.543991 0.145394 0)
(0.493403 0.125596 0)
(0.443681 0.103958 0)
(0.404471 0.0832292 0)
(0.376385 0.064731 0)
(0.356131 0.0491191 0)
(0.341329 0.0365125 0)
(0.330562 0.0266718 0)
(0.322821 0.0191906 0)
(0.317317 0.0136244 0)
(0.313443 0.00955745 0)
(0.310741 0.00663222 0)
(0.308874 0.00455699 0)
(0.307595 0.00310274 0)
(0.306726 0.00209487 0)
(0.306141 0.00140336 0)
(0.305749 0.000933278 0)
(0.305489 0.000616434 0)
(0.305318 0.00040456 0)
(0.305206 0.000263923 0)
(0.305132 0.000171216 0)
(0.305085 0.000110498 0)
(0.305054 7.09744e-05 0)
(0.305035 4.5394e-05 0)
(0.305022 2.89275e-05 0)
(0.305014 1.83817e-05 0)
(0.305009 1.16602e-05 0)
(0.305006 7.39515e-06 0)
(0.305004 4.7e-06 0)
(0.305003 3.00315e-06 0)
(0.305002 1.93811e-06 0)
(0.305002 1.27118e-06 0)
(0.305002 8.5401e-07 0)
(0.305002 5.92917e-07 0)
(0.305001 4.28968e-07 0)
(0.305001 3.25308e-07 0)
(0.305001 2.58934e-07 0)
(0.305001 2.156e-07 0)
(0.305001 1.86464e-07 0)
(0.305001 1.66114e-07 0)
(0.305001 1.512e-07 0)
(0.305001 1.39704e-07 0)
(0.305001 1.30357e-07 0)
(0.305001 1.22407e-07 0)
(0.305001 1.1535e-07 0)
(0.305001 1.08886e-07 0)
(0.305001 1.02772e-07 0)
(0.305001 9.68777e-08 0)
(0.305001 9.1147e-08 0)
(0.305001 8.56002e-08 0)
(0.305001 8.01015e-08 0)
(0.305001 7.447e-08 0)
(0.305001 6.85369e-08 0)
(0.305001 6.22841e-08 0)
(0.305001 5.5703e-08 0)
(0.305001 4.87915e-08 0)
(0.305001 4.14404e-08 0)
(0.305001 3.35205e-08 0)
(0.305001 2.4879e-08 0)
(0.305001 1.54441e-08 0)
(0.305001 5.08882e-09 0)
(0.305001 -6.32238e-09 0)
(0.305001 -1.90431e-08 0)
(0.305001 -3.34094e-08 0)
(0.305001 -4.99937e-08 0)
(0.305001 -6.96435e-08 0)
(0.305001 -9.37479e-08 0)
(0.305001 -1.24441e-07 0)
(0.305001 -1.65125e-07 0)
(0.305001 -2.2105e-07 0)
(0.305001 -3.00359e-07 0)
(0.305001 -4.15436e-07 0)
(0.305001 -5.85021e-07 0)
(0.305001 -8.36987e-07 0)
(0.305002 -1.21236e-06 0)
(0.305002 -1.77044e-06 0)
(0.305003 -2.59558e-06 0)
(0.305004 -3.80514e-06 0)
(0.305005 -5.5585e-06 0)
(0.305007 -8.06554e-06 0)
(0.305011 -1.15918e-05 0)
(0.305015 -1.64561e-05 0)
(0.305022 -2.30126e-05 0)
(0.305031 -3.16095e-05 0)
(0.305044 -4.25048e-05 0)
(0.305062 -5.56851e-05 0)
(0.305082 -7.04228e-05 0)
(0.305108 -8.43854e-05 0)
(0.30517 -9.35372e-05 0)
(0.305338 -9.7128e-05 0)
(0.305316 -0.000100971 0)
(0.30416 -7.40052e-05 0)
(0.30506 9.24269e-05 0)
(0.315724 0.00035499 0)
(0.285297 0.000314501 0)
(0.316218 0.000243379 0)
(0.201294 0.129669 0)
(0.984283 0.153988 0)
(0.770594 0.178122 0)
(0.590994 0.179678 0)
(0.531344 0.162872 0)
(0.492226 0.138616 0)
(0.453951 0.113534 0)
(0.424895 0.0902445 0)
(0.405128 0.0698504 0)
(0.391391 0.0528392 0)
(0.38154 0.0392024 0)
(0.374441 0.0286049 0)
(0.369362 0.0205697 0)
(0.365758 0.0146002 0)
(0.36322 0.010242 0)
(0.361448 0.00710817 0)
(0.360219 0.00488503 0)
(0.359375 0.00332692 0)
(0.3588 0.00224681 0)
(0.358412 0.00150554 0)
(0.358151 0.00100148 0)
(0.357978 0.00066164 0)
(0.357863 0.000434323 0)
(0.357787 0.000283394 0)
(0.357738 0.000183877 0)
(0.357706 0.000118684 0)
(0.357686 7.62368e-05 0)
(0.357672 4.87587e-05 0)
(0.357664 3.10672e-05 0)
(0.357659 1.97348e-05 0)
(0.357655 1.25106e-05 0)
(0.357653 7.92603e-06 0)
(0.357652 5.02865e-06 0)
(0.357651 3.2044e-06 0)
(0.35765 2.05948e-06 0)
(0.35765 1.34271e-06 0)
(0.35765 8.94602e-07 0)
(0.35765 6.1443e-07 0)
(0.35765 4.38811e-07 0)
(0.35765 3.28092e-07 0)
(0.35765 2.57517e-07 0)
(0.35765 2.11748e-07 0)
(0.35765 1.81262e-07 0)
(0.35765 1.60227e-07 0)
(0.35765 1.4503e-07 0)
(0.35765 1.33492e-07 0)
(0.35765 1.24245e-07 0)
(0.35765 1.16479e-07 0)
(0.35765 1.09651e-07 0)
(0.35765 1.03443e-07 0)
(0.35765 9.76032e-08 0)
(0.35765 9.20018e-08 0)
(0.35765 8.65682e-08 0)
(0.35765 8.13044e-08 0)
(0.35765 7.60796e-08 0)
(0.35765 7.07364e-08 0)
(0.35765 6.51192e-08 0)
(0.35765 5.92061e-08 0)
(0.35765 5.29771e-08 0)
(0.35765 4.6426e-08 0)
(0.35765 3.94467e-08 0)
(0.35765 3.19234e-08 0)
(0.35765 2.3709e-08 0)
(0.35765 1.47266e-08 0)
(0.35765 4.8409e-09 0)
(0.35765 -6.09326e-09 0)
(0.35765 -1.83461e-08 0)
(0.35765 -3.22799e-08 0)
(0.35765 -4.85112e-08 0)
(0.35765 -6.79568e-08 0)
(0.35765 -9.21169e-08 0)
(0.35765 -1.23296e-07 0)
(0.35765 -1.65165e-07 0)
(0.35765 -2.23381e-07 0)
(0.35765 -3.06715e-07 0)
(0.35765 -4.28495e-07 0)
(0.35765 -6.08874e-07 0)
(0.35765 -8.77816e-07 0)
(0.35765 -1.2794e-06 0)
(0.35765 -1.87732e-06 0)
(0.35765 -2.76217e-06 0)
(0.357651 -4.05996e-06 0)
(0.357652 -5.94188e-06 0)
(0.357654 -8.63355e-06 0)
(0.357656 -1.2421e-05 0)
(0.357659 -1.76487e-05 0)
(0.357663 -2.47031e-05 0)
(0.35767 -3.39713e-05 0)
(0.357678 -4.57597e-05 0)
(0.35769 -6.01216e-05 0)
(0.357704 -7.64159e-05 0)
(0.357722 -9.23425e-05 0)
(0.357774 -0.000103667 0)
(0.357932 -0.000109851 0)
(0.357911 -0.000120187 0)
(0.356776 -0.000103933 0)
(0.35766 7.95788e-05 0)
(0.368339 0.000393783 0)
(0.33808 0.000314533 0)
(0.369078 0.00025784 0)
(0.191356 0.162307 0)
(0.958823 0.182822 0)
(0.747976 0.203218 0)
(0.580415 0.199628 0)
(0.534953 0.177191 0)
(0.510383 0.148405 0)
(0.485668 0.12019 0)
(0.468144 0.0948085 0)
(0.45757 0.0730155 0)
(0.450909 0.0550576 0)
(0.446371 0.0407695 0)
(0.44318 0.0297165 0)
(0.440923 0.0213583 0)
(0.439327 0.0151577 0)
(0.438199 0.0106339 0)
(0.437406 0.00738176 0)
(0.436851 0.00507451 0)
(0.436465 0.00345707 0)
(0.4362 0.00233548 0)
(0.436019 0.00156547 0)
(0.435896 0.00104167 0)
(0.435814 0.000688392 0)
(0.435759 0.000452006 0)
(0.435722 0.000295004 0)
(0.435698 0.000191451 0)
(0.435683 0.000123594 0)
(0.435673 7.94012e-05 0)
(0.435666 5.07857e-05 0)
(0.435662 3.23574e-05 0)
(0.435659 2.05506e-05 0)
(0.435658 1.30225e-05 0)
(0.435657 8.24423e-06 0)
(0.435656 5.22401e-06 0)
(0.435656 3.32224e-06 0)
(0.435655 2.12865e-06 0)
(0.435655 1.38151e-06 0)
(0.435655 9.14584e-07 0)
(0.435655 6.22851e-07 0)
(0.435655 4.40218e-07 0)
(0.435655 3.25321e-07 0)
(0.435655 2.52331e-07 0)
(0.435655 2.05236e-07 0)
(0.435655 1.74094e-07 0)
(0.435655 1.52812e-07 0)
(0.435655 1.37615e-07 0)
(0.435655 1.26223e-07 0)
(0.435655 1.17206e-07 0)
(0.435655 1.09715e-07 0)
(0.435655 1.03188e-07 0)
(0.435655 9.7294e-08 0)
(0.435655 9.17782e-08 0)
(0.435655 8.65117e-08 0)
(0.435655 8.14136e-08 0)
(0.435655 7.64723e-08 0)
(0.435655 7.15629e-08 0)
(0.435655 6.6549e-08 0)
(0.435655 6.12873e-08 0)
(0.435655 5.5754e-08 0)
(0.435655 4.99205e-08 0)
(0.435655 4.37775e-08 0)
(0.435655 3.72229e-08 0)
(0.435655 3.01536e-08 0)
(0.435655 2.24287e-08 0)
(0.435655 1.3969e-08 0)
(0.435655 4.63412e-09 0)
(0.435655 -5.7267e-09 0)
(0.435655 -1.73939e-08 0)
(0.435655 -3.07457e-08 0)
(0.435655 -4.64264e-08 0)
(0.435655 -6.53964e-08 0)
(0.435655 -8.92252e-08 0)
(0.435655 -1.20324e-07 0)
(0.435655 -1.62527e-07 0)
(0.435655 -2.21744e-07 0)
(0.435655 -3.07125e-07 0)
(0.435655 -4.32572e-07 0)
(0.435655 -6.19085e-07 0)
(0.435655 -8.97881e-07 0)
(0.435655 -1.31485e-06 0)
(0.435655 -1.93631e-06 0)
(0.435655 -2.8565e-06 0)
(0.435655 -4.20654e-06 0)
(0.435656 -6.1646e-06 0)
(0.435656 -8.96562e-06 0)
(0.435657 -1.2908e-05 0)
(0.435659 -1.83526e-05 0)
(0.435661 -2.57078e-05 0)
(0.435664 -3.53907e-05 0)
(0.435669 -4.77522e-05 0)
(0.435674 -6.29227e-05 0)
(0.435681 -8.0394e-05 0)
(0.435689 -9.80096e-05 0)
(0.43573 -0.000111481 0)
(0.435874 -0.000120561 0)
(0.435852 -0.000138715 0)
(0.434738 -0.000137852 0)
(0.435591 5.96312e-05 0)
(0.44625 0.000429429 0)
(0.416214 0.000270589 0)
(0.447395 0.00023353 0)
(0.183032 0.199481 0)
(0.938839 0.212038 0)
(0.739553 0.225786 0)
(0.59173 0.21574 0)
(0.565512 0.187334 0)
(0.558686 0.154291 0)
(0.549523 0.123504 0)
(0.544693 0.0966633 0)
(0.543965 0.0740699 0)
(0.544747 0.0556784 0)
(0.545734 0.0411543 0)
(0.546575 0.0299685 0)
(0.547217 0.0215313 0)
(0.547677 0.0152803 0)
(0.547992 0.0107221 0)
(0.548199 0.00744536 0)
(0.548332 0.00512022 0)
(0.548415 0.00348966 0)
(0.548466 0.00235848 0)
(0.548497 0.00158153 0)
(0.548516 0.00105276 0)
(0.548527 0.000695971 0)
(0.548533 0.000457134 0)
(0.548537 0.000298442 0)
(0.548539 0.000193735 0)
(0.54854 0.000125098 0)
(0.54854 8.03828e-05 0)
(0.548541 5.14204e-05 0)
(0.548541 3.27635e-05 0)
(0.548541 2.08072e-05 0)
(0.548541 1.3182e-05 0)
(0.548541 8.341e-06 0)
(0.548541 5.28058e-06 0)
(0.548541 3.35324e-06 0)
(0.548541 2.14352e-06 0)
(0.548541 1.38631e-06 0)
(0.548541 9.13183e-07 0)
(0.548541 6.17723e-07 0)
(0.548541 4.32927e-07 0)
(0.548541 3.16855e-07 0)
(0.548541 2.43308e-07 0)
(0.548541 1.9604e-07 0)
(0.548542 1.64962e-07 0)
(0.548542 1.43888e-07 0)
(0.548542 1.28983e-07 0)
(0.548542 1.17928e-07 0)
(0.548542 1.09271e-07 0)
(0.548542 1.02151e-07 0)
(0.548542 9.59951e-08 0)
(0.548542 9.04721e-08 0)
(0.548542 8.53282e-08 0)
(0.548542 8.04373e-08 0)
(0.548542 7.5712e-08 0)
(0.548542 7.11313e-08 0)
(0.548542 6.65768e-08 0)
(0.548542 6.19311e-08 0)
(0.548542 5.70628e-08 0)
(0.548542 5.19478e-08 0)
(0.548542 4.65512e-08 0)
(0.548542 4.0862e-08 0)
(0.548542 3.4783e-08 0)
(0.548542 2.82228e-08 0)
(0.548542 2.10479e-08 0)
(0.548542 1.31793e-08 0)
(0.548542 4.4747e-09 0)
(0.548542 -5.21785e-09 0)
(0.548541 -1.61822e-08 0)
(0.548541 -2.88021e-08 0)
(0.548541 -4.37323e-08 0)
(0.548541 -6.19495e-08 0)
(0.548541 -8.50501e-08 0)
(0.548541 -1.15483e-07 0)
(0.548541 -1.5714e-07 0)
(0.548541 -2.16016e-07 0)
(0.548541 -3.01387e-07 0)
(0.548541 -4.27337e-07 0)
(0.548541 -6.15129e-07 0)
(0.548541 -8.96353e-07 0)
(0.548541 -1.31743e-06 0)
(0.548541 -1.9454e-06 0)
(0.548541 -2.8755e-06 0)
(0.548541 -4.24024e-06 0)
(0.54854 -6.21964e-06 0)
(0.54854 -9.05124e-06 0)
(0.54854 -1.30373e-05 0)
(0.54854 -1.85447e-05 0)
(0.54854 -2.5992e-05 0)
(0.548539 -3.5815e-05 0)
(0.548539 -4.84012e-05 0)
(0.548539 -6.39605e-05 0)
(0.548537 -8.21487e-05 0)
(0.548535 -0.000101045 0)
(0.548563 -0.000116452 0)
(0.54869 -0.000128486 0)
(0.548663 -0.000155297 0)
(0.547572 -0.00017365 0)
(0.548374 3.59157e-05 0)
(0.558955 0.000466969 0)
(0.5292 0.000160645 0)
(0.560712 0.000142721 0)
(0.17941 0.239899 0)
(0.931847 0.239344 0)
(0.756487 0.243511 0)
(0.637774 0.226299 0)
(0.636154 0.192204 0)
(0.650036 0.155642 0)
(0.658091 0.123119 0)
(0.666762 0.0956183 0)
(0.67623 0.072916 0)
(0.684588 0.0546531 0)
(0.691135 0.0403325 0)
(0.696006 0.029349 0)
(0.699532 0.0210826 0)
(0.702034 0.0149644 0)
(0.703779 0.0105042 0)
(0.704978 0.00729756 0)
(0.705793 0.0050212 0)
(0.706341 0.003424 0)
(0.706706 0.00231532 0)
(0.706947 0.00155337 0)
(0.707106 0.00103451 0)
(0.70721 0.000684206 0)
(0.707277 0.00044959 0)
(0.70732 0.000293627 0)
(0.707348 0.000190674 0)
(0.707366 0.000123159 0)
(0.707378 7.91575e-05 0)
(0.707385 5.0647e-05 0)
(0.707389 3.22752e-05 0)
(0.707392 2.04979e-05 0)
(0.707394 1.29847e-05 0)
(0.707395 8.21363e-06 0)
(0.707396 5.1967e-06 0)
(0.707396 3.29637e-06 0)
(0.707397 2.10345e-06 0)
(0.707397 1.35672e-06 0)
(0.707397 8.90185e-07 0)
(0.707397 5.98934e-07 0)
(0.707397 4.1689e-07 0)
(0.707397 3.02684e-07 0)
(0.707397 2.30461e-07 0)
(0.707397 1.8419e-07 0)
(0.707397 1.53905e-07 0)
(0.707397 1.33498e-07 0)
(0.707397 1.19178e-07 0)
(0.707397 1.08654e-07 0)
(0.707397 1.00488e-07 0)
(0.707397 9.38304e-08 0)
(0.707397 8.8116e-08 0)
(0.707397 8.30195e-08 0)
(0.707397 7.82937e-08 0)
(0.707397 7.38178e-08 0)
(0.707397 6.95012e-08 0)
(0.707397 6.53172e-08 0)
(0.707397 6.11548e-08 0)
(0.707397 5.69141e-08 0)
(0.707397 5.24753e-08 0)
(0.707397 4.78152e-08 0)
(0.707397 4.2895e-08 0)
(0.707397 3.77031e-08 0)
(0.707397 3.21482e-08 0)
(0.707397 2.615e-08 0)
(0.707397 1.95833e-08 0)
(0.707397 1.23718e-08 0)
(0.707397 4.37502e-09 0)
(0.707397 -4.5564e-09 0)
(0.707397 -1.47025e-08 0)
(0.707397 -2.64419e-08 0)
(0.707397 -4.04221e-08 0)
(0.707397 -5.76087e-08 0)
(0.707397 -7.95814e-08 0)
(0.707397 -1.08758e-07 0)
(0.707397 -1.48979e-07 0)
(0.707397 -2.06155e-07 0)
(0.707397 -2.89431e-07 0)
(0.707397 -4.12678e-07 0)
(0.707397 -5.96825e-07 0)
(0.707397 -8.7295e-07 0)
(0.707396 -1.28669e-06 0)
(0.707396 -1.90391e-06 0)
(0.707396 -2.81816e-06 0)
(0.707395 -4.15949e-06 0)
(0.707395 -6.1046e-06 0)
(0.707394 -8.88674e-06 0)
(0.707392 -1.2803e-05 0)
(0.70739 -1.82156e-05 0)
(0.707388 -2.55403e-05 0)
(0.707384 -3.52182e-05 0)
(0.707379 -4.76608e-05 0)
(0.707372 -6.31505e-05 0)
(0.707362 -8.15187e-05 0)
(0.70735 -0.000101148 0)
(0.707363 -0.000118065 0)
(0.70747 -0.000132856 0)
(0.707432 -0.000168629 0)
(0.706368 -0.000208543 0)
(0.7071 1.40437e-05 0)
(0.717513 0.000515991 0)
(0.6881 -4.18422e-05 0)
(0.720118 -5.12422e-05 0)
(0.18526 0.280684 0)
(0.94837 0.261261 0)
(0.812685 0.253472 0)
(0.733288 0.229397 0)
(0.76119 0.19077 0)
(0.798046 0.151923 0)
(0.824365 0.118791 0)
(0.846827 0.0915799 0)
(0.866454 0.0695312 0)
(0.882237 0.0519887 0)
(0.894178 0.0383207 0)
(0.902933 0.0278744 0)
(0.909232 0.0200258 0)
(0.913692 0.0142203 0)
(0.916808 0.00998783 0)
(0.918959 0.00694345 0)
(0.920428 0.00478087 0)
(0.921423 0.00326236 0)
(0.92209 0.00220749 0)
(0.922534 0.00148195 0)
(0.922828 0.000987523 0)
(0.923021 0.000653488 0)
(0.923147 0.000429622 0)
(0.923229 0.000280716 0)
(0.923282 0.000182367 0)
(0.923316 0.000117839 0)
(0.923338 7.57636e-05 0)
(0.923351 4.84895e-05 0)
(0.92336 3.09073e-05 0)
(0.923366 1.96319e-05 0)
(0.923369 1.24364e-05 0)
(0.923371 7.86563e-06 0)
(0.923373 4.97451e-06 0)
(0.923374 3.15297e-06 0)
(0.923374 2.00929e-06 0)
(0.923375 1.29328e-06 0)
(0.923375 8.45942e-07 0)
(0.923375 5.66721e-07 0)
(0.923375 3.92276e-07 0)
(0.923375 2.82935e-07 0)
(0.923375 2.13895e-07 0)
(0.923375 1.69772e-07 0)
(0.923375 1.41e-07 0)
(0.923375 1.21712e-07 0)
(0.923375 1.08266e-07 0)
(0.923375 9.84621e-08 0)
(0.923375 9.09166e-08 0)
(0.923375 8.48125e-08 0)
(0.923375 7.96072e-08 0)
(0.923375 7.49905e-08 0)
(0.923375 7.07271e-08 0)
(0.923375 6.67038e-08 0)
(0.923375 6.283e-08 0)
(0.923375 5.90769e-08 0)
(0.923375 5.53416e-08 0)
(0.923375 5.15403e-08 0)
(0.923375 4.75649e-08 0)
(0.923375 4.33943e-08 0)
(0.923375 3.89878e-08 0)
(0.923375 3.43344e-08 0)
(0.923375 2.93494e-08 0)
(0.923375 2.39635e-08 0)
(0.923375 1.8061e-08 0)
(0.923375 1.15703e-08 0)
(0.923375 4.35608e-09 0)
(0.923375 -3.72403e-09 0)
(0.923375 -1.29393e-08 0)
(0.923375 -2.36526e-08 0)
(0.923375 -3.64867e-08 0)
(0.923375 -5.23691e-08 0)
(0.923375 -7.28191e-08 0)
(0.923375 -1.00156e-07 0)
(0.923375 -1.3806e-07 0)
(0.923375 -1.92197e-07 0)
(0.923375 -2.7132e-07 0)
(0.923375 -3.887e-07 0)
(0.923375 -5.64348e-07 0)
(0.923374 -8.27952e-07 0)
(0.923374 -1.22308e-06 0)
(0.923374 -1.81255e-06 0)
(0.923373 -2.68554e-06 0)
(0.923372 -3.96592e-06 0)
(0.923371 -5.82193e-06 0)
(0.923369 -8.47562e-06 0)
(0.923367 -1.22101e-05 0)
(0.923363 -1.73713e-05 0)
(0.923358 -2.43594e-05 0)
(0.923351 -3.36046e-05 0)
(0.923341 -4.55261e-05 0)
(0.923328 -6.04616e-05 0)
(0.92331 -7.84088e-05 0)
(0.923287 -9.80826e-05 0)
(0.923284 -0.000115865 0)
(0.923367 -0.00013299 0)
(0.923316 -0.000177612 0)
(0.922284 -0.000239514 0)
(0.922929 1.84653e-06 0)
(0.933054 0.000591931 0)
(0.904046 -0.00036459 0)
(0.936729 -0.000391662 0)
(0.207219 0.316754 0)
(1.0014 0.2731 0)
(0.922827 0.252356 0)
(0.892214 0.223226 0)
(0.952969 0.182221 0)
(1.01382 0.142832 0)
(1.05847 0.11045 0)
(1.09432 0.084584 0)
(1.12358 0.0639865 0)
(1.1463 0.0477581 0)
(1.16324 0.0351804 0)
(1.17558 0.0255927 0)
(1.18444 0.0183962 0)
(1.1907 0.0130731 0)
(1.19508 0.00919016 0)
(1.19811 0.00639482 0)
(1.20018 0.00440716 0)
(1.20159 0.00301002 0)
(1.20254 0.00203845 0)
(1.20317 0.00136955 0)
(1.20359 0.00091329 0)
(1.20387 0.000604775 0)
(1.20405 0.000397846 0)
(1.20417 0.000260103 0)
(1.20424 0.000169065 0)
(1.20429 0.000109297 0)
(1.20432 7.03021e-05 0)
(1.20434 4.50114e-05 0)
(1.20436 2.86997e-05 0)
(1.20436 1.82342e-05 0)
(1.20437 1.15526e-05 0)
(1.20437 7.30668e-06 0)
(1.20437 4.62003e-06 0)
(1.20438 2.92678e-06 0)
(1.20438 1.86334e-06 0)
(1.20438 1.19744e-06 0)
(1.20438 7.81358e-07 0)
(1.20438 5.21662e-07 0)
(1.20438 3.59461e-07 0)
(1.20438 2.57861e-07 0)
(1.20438 1.93786e-07 0)
(1.20438 1.52917e-07 0)
(1.20438 1.26349e-07 0)
(1.20438 1.08616e-07 0)
(1.20438 9.63234e-08 0)
(1.20438 8.74217e-08 0)
(1.20438 8.06196e-08 0)
(1.20438 7.51561e-08 0)
(1.20438 7.05249e-08 0)
(1.20438 6.64387e-08 0)
(1.20438 6.26795e-08 0)
(1.20438 5.91441e-08 0)
(1.20438 5.57455e-08 0)
(1.20438 5.24549e-08 0)
(1.20438 4.9179e-08 0)
(1.20438 4.58489e-08 0)
(1.20438 4.23684e-08 0)
(1.20438 3.87195e-08 0)
(1.20438 3.48615e-08 0)
(1.20438 3.0785e-08 0)
(1.20438 2.64129e-08 0)
(1.20438 2.16866e-08 0)
(1.20438 1.65013e-08 0)
(1.20438 1.0792e-08 0)
(1.20438 4.43197e-09 0)
(1.20438 -2.71024e-09 0)
(1.20438 -1.08862e-08 0)
(1.20438 -2.04328e-08 0)
(1.20438 -3.19315e-08 0)
(1.20438 -4.62452e-08 0)
(1.20438 -6.4791e-08 0)
(1.20438 -8.97242e-08 0)
(1.20438 -1.24466e-07 0)
(1.20438 -1.74274e-07 0)
(1.20438 -2.47269e-07 0)
(1.20438 -3.5575e-07 0)
(1.20438 -5.18252e-07 0)
(1.20438 -7.62237e-07 0)
(1.20438 -1.12797e-06 0)
(1.20438 -1.67346e-06 0)
(1.20437 -2.48095e-06 0)
(1.20437 -3.66456e-06 0)
(1.20437 -5.37916e-06 0)
(1.20437 -7.82898e-06 0)
(1.20437 -1.12745e-05 0)
(1.20436 -1.60344e-05 0)
(1.20435 -2.24791e-05 0)
(1.20434 -3.10121e-05 0)
(1.20433 -4.20397e-05 0)
(1.20431 -5.59286e-05 0)
(1.20428 -7.28099e-05 0)
(1.20425 -9.1715e-05 0)
(1.20423 -0.000109505 0)
(1.20429 -0.000128372 0)
(1.20422 -0.000181627 0)
(1.20323 -0.000264077 0)
(1.20378 8.32387e-06 0)
(1.21347 0.000716142 0)
(1.18494 -0.000828534 0)
(1.21834 -0.000920712 0)
(0.253365 0.340464 0)
(1.10389 0.269201 0)
(1.09786 0.237015 0)
(1.12191 0.206533 0)
(1.21592 0.166252 0)
(1.2999 0.128414 0)
(1.36162 0.098268 0)
(1.40957 0.0748305 0)
(1.44736 0.0564638 0)
(1.47615 0.0421085 0)
(1.49743 0.0310236 0)
(1.51289 0.0225853 0)
(1.52396 0.0162516 0)
(1.5318 0.011563 0)
(1.53728 0.00813888 0)
(1.54108 0.00567042 0)
(1.54369 0.00391265 0)
(1.54546 0.00267534 0)
(1.54666 0.00181374 0)
(1.54746 0.00121979 0)
(1.54799 0.000814175 0)
(1.54834 0.000539601 0)
(1.54857 0.000355251 0)
(1.54872 0.000232425 0)
(1.54882 0.000151175 0)
(1.54888 9.77912e-05 0)
(1.54892 6.29368e-05 0)
(1.54894 4.03162e-05 0)
(1.54896 2.57173e-05 0)
(1.54897 1.63454e-05 0)
(1.54898 1.03588e-05 0)
(1.54898 6.55262e-06 0)
(1.54898 4.14311e-06 0)
(1.54899 2.62389e-06 0)
(1.54899 1.6694e-06 0)
(1.54899 1.07154e-06 0)
(1.54899 6.97894e-07 0)
(1.54899 4.6467e-07 0)
(1.54899 3.19024e-07 0)
(1.54899 2.27838e-07 0)
(1.54899 1.70385e-07 0)
(1.54899 1.33802e-07 0)
(1.54899 1.10081e-07 0)
(1.54899 9.43097e-08 0)
(1.54899 8.34319e-08 0)
(1.54899 7.56033e-08 0)
(1.54899 6.96604e-08 0)
(1.54899 6.4919e-08 0)
(1.54899 6.09224e-08 0)
(1.54899 5.74138e-08 0)
(1.54899 5.41973e-08 0)
(1.54899 5.11822e-08 0)
(1.54899 4.82881e-08 0)
(1.54899 4.54887e-08 0)
(1.54899 4.27013e-08 0)
(1.54899 3.98707e-08 0)
(1.54899 3.69136e-08 0)
(1.54899 3.38153e-08 0)
(1.54899 3.05373e-08 0)
(1.54899 2.70724e-08 0)
(1.54899 2.33523e-08 0)
(1.54899 1.9329e-08 0)
(1.54899 1.49099e-08 0)
(1.54899 1.00383e-08 0)
(1.54899 4.59948e-09 0)
(1.54899 -1.52354e-09 0)
(1.54899 -8.55792e-09 0)
(1.54899 -1.68055e-08 0)
(1.54899 -2.679e-08 0)
(1.54899 -3.92864e-08 0)
(1.54899 -5.55689e-08 0)
(1.54899 -7.75706e-08 0)
(1.54899 -1.08359e-07 0)
(1.54899 -1.52637e-07 0)
(1.54899 -2.1767e-07 0)
(1.54899 -3.14447e-07 0)
(1.54899 -4.59506e-07 0)
(1.54899 -6.77323e-07 0)
(1.54899 -1.00374e-06 0)
(1.54899 -1.49032e-06 0)
(1.54898 -2.21003e-06 0)
(1.54898 -3.26399e-06 0)
(1.54898 -4.78922e-06 0)
(1.54898 -6.96603e-06 0)
(1.54897 -1.00242e-05 0)
(1.54897 -1.4245e-05 0)
(1.54896 -1.9956e-05 0)
(1.54894 -2.7517e-05 0)
(1.54893 -3.72997e-05 0)
(1.5489 -4.96664e-05 0)
(1.54887 -6.48271e-05 0)
(1.54882 -8.20673e-05 0)
(1.54879 -9.87875e-05 0)
(1.54882 -0.000118683 0)
(1.54873 -0.000180658 0)
(1.54779 -0.000281243 0)
(1.54826 4.07994e-05 0)
(1.55737 0.000912642 0)
(1.52942 -0.00143298 0)
(1.56329 -0.00166237 0)
(0.331568 0.341702 0)
(1.26292 0.244142 0)
(1.33613 0.205729 0)
(1.4135 0.179218 0)
(1.53684 0.143237 0)
(1.64062 0.10918 0)
(1.71652 0.0827274 0)
(1.77423 0.0627236 0)
(1.81875 0.047279 0)
(1.85228 0.0352755 0)
(1.87697 0.0260204 0)
(1.89487 0.0189726 0)
(1.9077 0.0136757 0)
(1.91679 0.00974775 0)
(1.92316 0.00687325 0)
(1.92758 0.00479676 0)
(1.93062 0.00331509 0)
(1.93269 0.00227013 0)
(1.93409 0.00154115 0)
(1.93503 0.00103779 0)
(1.93565 0.000693511 0)
(1.93607 0.000460131 0)
(1.93634 0.000303235 0)
(1.93651 0.000198577 0)
(1.93663 0.000129271 0)
(1.9367 8.36878e-05 0)
(1.93675 5.38992e-05 0)
(1.93678 3.45498e-05 0)
(1.9368 2.20522e-05 0)
(1.93681 1.40233e-05 0)
(1.93682 8.89106e-06 0)
(1.93683 5.62593e-06 0)
(1.93683 3.55773e-06 0)
(1.93683 2.25301e-06 0)
(1.93683 1.43288e-06 0)
(1.93683 9.18969e-07 0)
(1.93683 5.97686e-07 0)
(1.93683 3.97111e-07 0)
(1.93683 2.71857e-07 0)
(1.93683 1.93466e-07 0)
(1.93683 1.44115e-07 0)
(1.93683 1.12738e-07 0)
(1.93683 9.24417e-08 0)
(1.93683 7.89959e-08 0)
(1.93683 6.97664e-08 0)
(1.93683 6.31638e-08 0)
(1.93683 5.81837e-08 0)
(1.93683 5.42367e-08 0)
(1.93683 5.09281e-08 0)
(1.93683 4.80381e-08 0)
(1.93683 4.53975e-08 0)
(1.93683 4.29303e-08 0)
(1.93683 4.05653e-08 0)
(1.93683 3.82809e-08 0)
(1.93683 3.6006e-08 0)
(1.93683 3.36982e-08 0)
(1.93683 3.12877e-08 0)
(1.93683 2.87637e-08 0)
(1.93683 2.60917e-08 0)
(1.93683 2.32673e-08 0)
(1.93683 2.0232e-08 0)
(1.93683 1.69484e-08 0)
(1.93683 1.33374e-08 0)
(1.93683 9.35227e-09 0)
(1.93683 4.89323e-09 0)
(1.93683 -1.39027e-10 0)
(1.93683 -5.94104e-09 0)
(1.93683 -1.27714e-08 0)
(1.93683 -2.10821e-08 0)
(1.93683 -3.15384e-08 0)
(1.93683 -4.52355e-08 0)
(1.93683 -6.38331e-08 0)
(1.93683 -8.99625e-08 0)
(1.93683 -1.27645e-07 0)
(1.93683 -1.83092e-07 0)
(1.93683 -2.65685e-07 0)
(1.93683 -3.8952e-07 0)
(1.93683 -5.75422e-07 0)
(1.93683 -8.53837e-07 0)
(1.93683 -1.26846e-06 0)
(1.93683 -1.88102e-06 0)
(1.93683 -2.77682e-06 0)
(1.93683 -4.07115e-06 0)
(1.93682 -5.91528e-06 0)
(1.93682 -8.50146e-06 0)
(1.93681 -1.20644e-05 0)
(1.9368 -1.68776e-05 0)
(1.93678 -2.3242e-05 0)
(1.93676 -3.14736e-05 0)
(1.93673 -4.18945e-05 0)
(1.93669 -5.47212e-05 0)
(1.93664 -6.93712e-05 0)
(1.93659 -8.37643e-05 0)
(1.93659 -0.000103766 0)
(1.93648 -0.000175113 0)
(1.9356 -0.00029243 0)
(1.93602 9.95617e-05 0)
(1.94447 0.00119926 0)
(1.9173 -0.00213374 0)
(1.95082 -0.00259548 0)
(0.445189 0.309189 0)
(1.46892 0.194947 0)
(1.60953 0.159481 0)
(1.72786 0.142892 0)
(1.87158 0.114566 0)
(1.98897 0.0861968 0)
(2.0743 0.0646669 0)
(2.1382 0.0489003 0)
(2.18684 0.0368991 0)
(2.22327 0.0275926 0)
(2.25007 0.0204051 0)
(2.26952 0.0149175 0)
(2.28349 0.010781 0)
(2.29341 0.00770405 0)
(2.30038 0.00544538 0)
(2.30523 0.0038089 0)
(2.30857 0.00263793 0)
(2.31085 0.00180995 0)
(2.3124 0.00123096 0)
(2.31344 0.000830287 0)
(2.31413 0.000555695 0)
(2.31459 0.000369214 0)
(2.31489 0.000243637 0)
(2.31509 0.000159742 0)
(2.31522 0.000104106 0)
(2.3153 6.74663e-05 0)
(2.31535 4.34935e-05 0)
(2.31539 2.79043e-05 0)
(2.31541 1.78249e-05 0)
(2.31542 1.13433e-05 0)
(2.31543 7.19639e-06 0)
(2.31544 4.55591e-06 0)
(2.31544 2.88207e-06 0)
(2.31544 1.82538e-06 0)
(2.31545 1.16072e-06 0)
(2.31545 7.44002e-07 0)
(2.31545 4.83361e-07 0)
(2.31545 3.20597e-07 0)
(2.31545 2.18948e-07 0)
(2.31545 1.5535e-07 0)
(2.31545 1.15342e-07 0)
(2.31545 8.99451e-08 0)
(2.31545 7.35577e-08 0)
(2.31545 6.27428e-08 0)
(2.31545 5.53564e-08 0)
(2.31545 5.01063e-08 0)
(2.31545 4.61732e-08 0)
(2.31545 4.30784e-08 0)
(2.31545 4.04993e-08 0)
(2.31545 3.82586e-08 0)
(2.31545 3.62181e-08 0)
(2.31545 3.43178e-08 0)
(2.31545 3.24988e-08 0)
(2.31545 3.07448e-08 0)
(2.31545 2.89981e-08 0)
(2.31545 2.7228e-08 0)
(2.31545 2.53788e-08 0)
(2.31545 2.34439e-08 0)
(2.31545 2.13947e-08 0)
(2.31545 1.92294e-08 0)
(2.31545 1.6901e-08 0)
(2.31545 1.43819e-08 0)
(2.31545 1.16084e-08 0)
(2.31545 8.5444e-09 0)
(2.31545 5.1082e-09 0)
(2.31545 1.22062e-09 0)
(2.31545 -3.27884e-09 0)
(2.31545 -8.59889e-09 0)
(2.31545 -1.51076e-08 0)
(2.31545 -2.33428e-08 0)
(2.31545 -3.41904e-08 0)
(2.31545 -4.8994e-08 0)
(2.31545 -6.98809e-08 0)
(2.31545 -1.00088e-07 0)
(2.31545 -1.44615e-07 0)
(2.31545 -2.10991e-07 0)
(2.31545 -3.10517e-07 0)
(2.31545 -4.59837e-07 0)
(2.31545 -6.83232e-07 0)
(2.31545 -1.01544e-06 0)
(2.31544 -1.50539e-06 0)
(2.31544 -2.22042e-06 0)
(2.31544 -3.2512e-06 0)
(2.31544 -4.71604e-06 0)
(2.31543 -6.7646e-06 0)
(2.31542 -9.57854e-06 0)
(2.31541 -1.33685e-05 0)
(2.31539 -1.83652e-05 0)
(2.31537 -2.48125e-05 0)
(2.31534 -3.29612e-05 0)
(2.31529 -4.29593e-05 0)
(2.31523 -5.41835e-05 0)
(2.31518 -6.48728e-05 0)
(2.31515 -8.35168e-05 0)
(2.315 -0.000164637 0)
(2.31419 -0.000300277 0)
(2.31461 0.000169875 0)
(2.32243 0.00156267 0)
(2.29649 -0.0028054 0)
(2.32786 -0.0035963 0)
(0.585118 0.233168 0)
(1.67843 0.124493 0)
(1.84556 0.103827 0)
(1.9795 0.101278 0)
(2.13025 0.0825246 0)
(2.25241 0.0610996 0)
(2.34044 0.045318 0)
(2.40554 0.0342575 0)
(2.45477 0.0259567 0)
(2.49166 0.0194995 0)
(2.51887 0.0144815 0)
(2.5387 0.0106291 0)
(2.55299 0.00771053 0)
(2.56319 0.00552933 0)
(2.57038 0.00392102 0)
(2.5754 0.00275096 0)
(2.57887 0.00191053 0)
(2.58125 0.00131422 0)
(2.58287 0.00089591 0)
(2.58396 0.000605607 0)
(2.58469 0.000406129 0)
(2.58517 0.000270338 0)
(2.58549 0.000178694 0)
(2.5857 0.000117347 0)
(2.58584 7.65885e-05 0)
(2.58592 4.97013e-05 0)
(2.58598 3.20812e-05 0)
(2.58602 2.06065e-05 0)
(2.58604 1.31771e-05 0)
(2.58606 8.39361e-06 0)
(2.58606 5.32946e-06 0)
(2.58607 3.37628e-06 0)
(2.58607 2.13683e-06 0)
(2.58608 1.35364e-06 0)
(2.58608 8.60592e-07 0)
(2.58608 5.51236e-07 0)
(2.58608 3.57627e-07 0)
(2.58608 2.36677e-07 0)
(2.58608 1.61132e-07 0)
(2.58608 1.13881e-07 0)
(2.58608 8.41845e-08 0)
(2.58608 6.53676e-08 0)
(2.58608 5.32617e-08 0)
(2.58608 4.53088e-08 0)
(2.58608 3.99093e-08 0)
(2.58608 3.6101e-08 0)
(2.58608 3.3271e-08 0)
(2.58608 3.10632e-08 0)
(2.58608 2.92359e-08 0)
(2.58608 2.76581e-08 0)
(2.58608 2.62262e-08 0)
(2.58608 2.48973e-08 0)
(2.58608 2.3627e-08 0)
(2.58608 2.24048e-08 0)
(2.58608 2.1188e-08 0)
(2.58608 1.99562e-08 0)
(2.58608 1.86686e-08 0)
(2.58608 1.73224e-08 0)
(2.58608 1.58963e-08 0)
(2.58608 1.43912e-08 0)
(2.58608 1.27724e-08 0)
(2.58608 1.10219e-08 0)
(2.58608 9.0924e-09 0)
(2.58608 6.95916e-09 0)
(2.58608 4.56082e-09 0)
(2.58608 1.84029e-09 0)
(2.58608 -1.32259e-09 0)
(2.58608 -5.08141e-09 0)
(2.58608 -9.71076e-09 0)
(2.58608 -1.56079e-08 0)
(2.58608 -2.34275e-08 0)
(2.58608 -3.41629e-08 0)
(2.58608 -4.93872e-08 0)
(2.58608 -7.14798e-08 0)
(2.58608 -1.04115e-07 0)
(2.58608 -1.52804e-07 0)
(2.58608 -2.25801e-07 0)
(2.58608 -3.35217e-07 0)
(2.58608 -4.98668e-07 0)
(2.58608 -7.41235e-07 0)
(2.58608 -1.0981e-06 0)
(2.58607 -1.6174e-06 0)
(2.58607 -2.36354e-06 0)
(2.58607 -3.41985e-06 0)
(2.58606 -4.8909e-06 0)
(2.58605 -6.9021e-06 0)
(2.58604 -9.5974e-06 0)
(2.58602 -1.31321e-05 0)
(2.586 -1.76703e-05 0)
(2.58596 -2.33763e-05 0)
(2.58592 -3.02849e-05 0)
(2.58586 -3.75812e-05 0)
(2.5858 -4.3415e-05 0)
(2.58576 -5.82585e-05 0)
(2.58557 -0.000145873 0)
(2.58479 -0.000302418 0)
(2.58521 0.000214334 0)
(2.59268 0.00191153 0)
(2.56893 -0.00321369 0)
(2.59497 -0.00437039 0)
(0.716375 0.117659 0)
(1.79177 0.0463682 0)
(1.91052 0.0505712 0)
(2.02574 0.0610751 0)
(2.16895 0.0507517 0)
(2.2851 0.0363527 0)
(2.36687 0.0265243 0)
(2.42655 0.0201447 0)
(2.47178 0.0154105 0)
(2.50595 0.0116692 0)
(2.53137 0.00872138 0)
(2.55005 0.00643709 0)
(2.5636 0.00469378 0)
(2.57333 0.00338216 0)
(2.58023 0.00240908 0)
(2.58509 0.00169711 0)
(2.58846 0.00118308 0)
(2.59078 0.000816639 0)
(2.59237 0.000558486 0)
(2.59344 0.000378631 0)
(2.59416 0.00025461 0)
(2.59464 0.000169909 0)
(2.59496 0.000112576 0)
(2.59517 7.40902e-05 0)
(2.59531 4.84562e-05 0)
(2.59539 3.15061e-05 0)
(2.59545 2.03739e-05 0)
(2.59549 1.31094e-05 0)
(2.59551 8.39706e-06 0)
(2.59553 5.35746e-06 0)
(2.59554 3.40716e-06 0)
(2.59554 2.162e-06 0)
(2.59555 1.3707e-06 0)
(2.59555 8.7e-07 0)
(2.59555 5.54397e-07 0)
(2.59555 3.56154e-07 0)
(2.59555 2.31971e-07 0)
(2.59555 1.54338e-07 0)
(2.59555 1.05834e-07 0)
(2.59555 7.55017e-08 0)
(2.59555 5.64567e-08 0)
(2.59555 4.44139e-08 0)
(2.59555 3.66934e-08 0)
(2.59555 3.16491e-08 0)
(2.59555 2.825e-08 0)
(2.59555 2.58755e-08 0)
(2.59555 2.41296e-08 0)
(2.59555 2.27826e-08 0)
(2.59555 2.16781e-08 0)
(2.59555 2.0732e-08 0)
(2.59555 1.98775e-08 0)
(2.59555 1.90877e-08 0)
(2.59555 1.83345e-08 0)
(2.59555 1.76121e-08 0)
(2.59555 1.68937e-08 0)
(2.59555 1.61672e-08 0)
(2.59555 1.54069e-08 0)
(2.59555 1.46128e-08 0)
(2.59555 1.37717e-08 0)
(2.59555 1.28857e-08 0)
(2.59555 1.19333e-08 0)
(2.59555 1.09041e-08 0)
(2.59555 9.76817e-09 0)
(2.59555 8.51078e-09 0)
(2.59555 7.09271e-09 0)
(2.59555 5.47801e-09 0)
(2.59555 3.58953e-09 0)
(2.59555 1.3291e-09 0)
(2.59555 -1.4796e-09 0)
(2.59555 -5.09053e-09 0)
(2.59555 -9.91973e-09 0)
(2.59555 -1.65994e-08 0)
(2.59555 -2.61299e-08 0)
(2.59555 -4.00177e-08 0)
(2.59555 -6.05799e-08 0)
(2.59555 -9.12759e-08 0)
(2.59555 -1.37266e-07 0)
(2.59555 -2.06087e-07 0)
(2.59555 -3.08641e-07 0)
(2.59555 -4.60358e-07 0)
(2.59555 -6.82721e-07 0)
(2.59555 -1.00488e-06 0)
(2.59554 -1.46544e-06 0)
(2.59554 -2.11373e-06 0)
(2.59553 -3.01071e-06 0)
(2.59552 -4.22826e-06 0)
(2.59551 -5.847e-06 0)
(2.5955 -7.95239e-06 0)
(2.59547 -1.06355e-05 0)
(2.59544 -1.39887e-05 0)
(2.5954 -1.79488e-05 0)
(2.59535 -2.14317e-05 0)
(2.5953 -2.17438e-05 0)
(2.59526 -2.85768e-05 0)
(2.59504 -0.000112735 0)
(2.59418 -0.000297437 0)
(2.59451 0.0001682 0)
(2.60217 0.00209914 0)
(2.5824 -0.00309471 0)
(2.59861 -0.00458586 0)
(0.73917 -0.00932973 0)
(1.61079 -0.00847694 0)
(1.6136 0.0141674 0)
(1.68477 0.0260796 0)
(1.80201 0.0213942 0)
(1.89451 0.014461 0)
(1.95627 0.0104222 0)
(2.00078 0.00804836 0)
(2.03505 0.00624816 0)
(2.06138 0.00477359 0)
(2.08124 0.00359159 0)
(2.09597 0.00266754 0)
(2.10675 0.00195675 0)
(2.11457 0.00141784 0)
(2.12016 0.00101504 0)
(2.12411 0.000718368 0)
(2.12688 0.000502883 0)
(2.1288 0.000348458 0)
(2.13012 0.000239141 0)
(2.13101 0.000162655 0)
(2.13162 0.000109704 0)
(2.13202 7.34122e-05 0)
(2.13229 4.87654e-05 0)
(2.13247 3.21716e-05 0)
(2.13258 2.10876e-05 0)
(2.13266 1.37396e-05 0)
(2.13271 8.90187e-06 0)
(2.13274 5.73781e-06 0)
(2.13276 3.68091e-06 0)
(2.13277 2.35151e-06 0)
(2.13278 1.4969e-06 0)
(2.13279 9.50318e-07 0)
(2.13279 6.02382e-07 0)
(2.13279 3.81886e-07 0)
(2.13279 2.42706e-07 0)
(2.13279 1.55178e-07 0)
(2.1328 1.00294e-07 0)
(2.1328 6.59614e-08 0)
(2.1328 4.45069e-08 0)
(2.1328 3.10978e-08 0)
(2.1328 2.26909e-08 0)
(2.1328 1.73906e-08 0)
(2.1328 1.40088e-08 0)
(2.1328 1.1815e-08 0)
(2.1328 1.03509e-08 0)
(2.1328 9.34058e-09 0)
(2.1328 8.60768e-09 0)
(2.1328 8.04999e-09 0)
(2.1328 7.59783e-09 0)
(2.1328 7.21396e-09 0)
(2.1328 6.86881e-09 0)
(2.1328 6.55092e-09 0)
(2.1328 6.2484e-09 0)
(2.1328 5.95946e-09 0)
(2.1328 5.67263e-09 0)
(2.1328 5.38263e-09 0)
(2.1328 5.07841e-09 0)
(2.1328 4.76073e-09 0)
(2.1328 4.42477e-09 0)
(2.1328 4.07226e-09 0)
(2.1328 3.69425e-09 0)
(2.1328 3.28666e-09 0)
(2.1328 2.83654e-09 0)
(2.1328 2.338e-09 0)
(2.1328 1.77415e-09 0)
(2.1328 1.12973e-09 0)
(2.1328 3.70884e-10 0)
(2.1328 -5.45214e-10 0)
(2.1328 -1.69633e-09 0)
(2.1328 -3.19377e-09 0)
(2.1328 -5.2194e-09 0)
(2.1328 -8.04859e-09 0)
(2.1328 -1.21184e-08 0)
(2.1328 -1.80844e-08 0)
(2.1328 -2.69506e-08 0)
(2.1328 -4.02061e-08 0)
(2.1328 -6.00656e-08 0)
(2.13279 -8.97434e-08 0)
(2.13279 -1.33864e-07 0)
(2.13279 -1.98921e-07 0)
(2.13279 -2.93884e-07 0)
(2.13279 -4.30787e-07 0)
(2.13279 -6.25377e-07 0)
(2.13279 -8.97381e-07 0)
(2.13278 -1.27074e-06 0)
(2.13277 -1.77268e-06 0)
(2.13276 -2.43273e-06 0)
(2.13275 -3.28077e-06 0)
(2.13273 -4.35388e-06 0)
(2.13271 -5.71419e-06 0)
(2.13267 -7.38669e-06 0)
(2.13264 -8.64035e-06 0)
(2.13261 -6.46666e-06 0)
(2.1326 -3.36017e-06 0)
(2.13241 -5.00883e-05 0)
(2.13148 -0.00020549 0)
(2.13141 1.5891e-05 0)
(2.13899 0.00156847 0)
(2.12599 -0.00191157 0)
(2.12873 -0.00316279 0)
(0.452988 -0.0259155 0)
(0.845338 -0.0119094 0)
(0.774092 0.000582889 0)
(0.800884 0.00689369 0)
(0.857008 0.00580793 0)
(0.895562 0.0035561 0)
(0.918684 0.00242914 0)
(0.93553 0.00191771 0)
(0.949097 0.00153915 0)
(0.959781 0.0012044 0)
(0.967919 0.000920188 0)
(0.974003 0.000692155 0)
(0.978494 0.00051301 0)
(0.981771 0.000375516 0)
(0.984134 0.000271127 0)
(0.985818 0.000193519 0)
(0.987005 0.000136419 0)
(0.987833 9.52015e-05 0)
(0.988404 6.57121e-05 0)
(0.988795 4.49641e-05 0)
(0.989059 3.04716e-05 0)
(0.989237 2.0496e-05 0)
(0.989356 1.36695e-05 0)
(0.989435 9.05802e-06 0)
(0.989487 5.95752e-06 0)
(0.989521 3.89664e-06 0)
(0.989543 2.53206e-06 0)
(0.989557 1.63772e-06 0)
(0.989566 1.05342e-06 0)
(0.989572 6.75169e-07 0)
(0.989576 4.30935e-07 0)
(0.989578 2.7454e-07 0)
(0.989579 1.74598e-07 0)
(0.98958 1.11209e-07 0)
(0.989581 7.10645e-08 0)
(0.989581 4.58088e-08 0)
(0.989582 2.99312e-08 0)
(0.989582 2.00038e-08 0)
(0.989582 1.37918e-08 0)
(0.989582 9.91767e-09 0)
(0.989582 7.49164e-09 0)
(0.989582 5.97095e-09 0)
(0.989582 5.00656e-09 0)
(0.989582 4.38885e-09 0)
(0.989582 3.98237e-09 0)
(0.989582 3.70802e-09 0)
(0.989582 3.51316e-09 0)
(0.989582 3.3689e-09 0)
(0.989582 3.25407e-09 0)
(0.989582 3.15865e-09 0)
(0.989582 3.0734e-09 0)
(0.989582 2.99584e-09 0)
(0.989582 2.92202e-09 0)
(0.989582 2.85226e-09 0)
(0.989582 2.78282e-09 0)
(0.989582 2.71308e-09 0)
(0.989582 2.63933e-09 0)
(0.989582 2.56282e-09 0)
(0.989582 2.48174e-09 0)
(0.989582 2.39756e-09 0)
(0.989582 2.3072e-09 0)
(0.989582 2.21055e-09 0)
(0.989582 2.10325e-09 0)
(0.989582 1.98464e-09 0)
(0.989582 1.84912e-09 0)
(0.989582 1.69333e-09 0)
(0.989582 1.50654e-09 0)
(0.989582 1.27754e-09 0)
(0.989582 9.82605e-10 0)
(0.989582 5.91154e-10 0)
(0.989582 4.92771e-11 0)
(0.989582 -7.19218e-10 0)
(0.989582 -1.84147e-09 0)
(0.989582 -3.49882e-09 0)
(0.989582 -5.97927e-09 0)
(0.989582 -9.68713e-09 0)
(0.989582 -1.52464e-08 0)
(0.989581 -2.35117e-08 0)
(0.989581 -3.57606e-08 0)
(0.989581 -5.36639e-08 0)
(0.98958 -7.96359e-08 0)
(0.98958 -1.16625e-07 0)
(0.989579 -1.68708e-07 0)
(0.989577 -2.40329e-07 0)
(0.989575 -3.3731e-07 0)
(0.989572 -4.64892e-07 0)
(0.989568 -6.29538e-07 0)
(0.989562 -8.35479e-07 0)
(0.989555 -1.0908e-06 0)
(0.989545 -1.40229e-06 0)
(0.989531 -1.72498e-06 0)
(0.989515 -1.61884e-06 0)
(0.989509 1.81357e-07 0)
(0.989538 1.68149e-06 0)
(0.989494 -1.99164e-05 0)
(0.988918 -8.52781e-05 0)
(0.988392 7.79321e-06 0)
(0.992813 0.000633708 0)
(0.988931 -0.000693807 0)
(0.984633 -0.00119072 0)
)
;

boundaryField
{
    inlet
    {
        type            fixedValue;
        value           uniform (1 0 0);
    }
    outlet
    {
        type            zeroGradient;
    }
    lowerWall
    {
        type            fixedValue;
        value           uniform (0 0 0);
    }
    upperWall
    {
        type            fixedValue;
        value           uniform (0 0 0);
    }
    frontAndBack
    {
        type            empty;
    }
}


// ************************************************************************* //
