/*--------------------------------*- C++ -*----------------------------------*\
| =========                 |                                                 |
| \\      /  F ield         | foam-extend: Open Source CFD                    |
|  \\    /   O peration     | Version:     5.0                                |
|   \\  /    A nd           | Web:         http://www.foam-extend.org         |
|    \\/     M anipulation  |                                                 |
\*---------------------------------------------------------------------------*/
FoamFile
{
    version     2.0;
    format      ascii;
    class       volVectorField;
    location    "0.03";
    object      currentDensity;
}
// * * * * * * * * * * * * * * * * * * * * * * * * * * * * * * * * * * * * * //

dimensions      [0 -2 0 0 0 1 0];

internalField   nonuniform List<vector> 
4000
(
(0 0 5.23735)
(0 0 4.23484)
(0 0 1.84684)
(0 0 -0.41541)
(0 0 -3.10681)
(0 0 -5.08862)
(0 0 -6.69396)
(0 0 -8.23099)
(0 0 -9.64315)
(0 0 -10.8701)
(0 0 -11.9387)
(0 0 -12.8672)
(0 0 -13.6664)
(0 0 -14.3473)
(0 0 -14.9196)
(0 0 -15.3908)
(0 0 -15.7763)
(0 0 -16.0875)
(0 0 -16.3352)
(0 0 -16.5291)
(0 0 -16.6792)
(0 0 -16.7952)
(0 0 -16.8835)
(0 0 -16.9502)
(0 0 -16.9999)
(0 0 -17.0367)
(0 0 -17.0638)
(0 0 -17.0835)
(0 0 -17.0978)
(0 0 -17.1081)
(0 0 -17.1154)
(0 0 -17.1206)
(0 0 -17.1242)
(0 0 -17.1268)
(0 0 -17.1286)
(0 0 -17.1298)
(0 0 -17.1307)
(0 0 -17.1312)
(0 0 -17.1316)
(0 0 -17.1319)
(0 0 -17.1321)
(0 0 -17.1322)
(0 0 -17.1323)
(0 0 -17.1324)
(0 0 -17.1324)
(0 0 -17.1324)
(0 0 -17.1324)
(0 0 -17.1325)
(0 0 -17.1325)
(0 0 -17.1325)
(0 0 -17.1325)
(0 0 -17.1325)
(0 0 -17.1325)
(0 0 -17.1325)
(0 0 -17.1325)
(0 0 -17.1325)
(0 0 -17.1325)
(0 0 -17.1325)
(0 0 -17.1325)
(0 0 -17.1325)
(0 0 -17.1325)
(0 0 -17.1325)
(0 0 -17.1325)
(0 0 -17.1325)
(0 0 -17.1325)
(0 0 -17.1325)
(0 0 -17.1325)
(0 0 -17.1325)
(0 0 -17.1325)
(0 0 -17.1325)
(0 0 -17.1325)
(0 0 -17.1324)
(0 0 -17.1324)
(0 0 -17.1324)
(0 0 -17.1323)
(0 0 -17.1323)
(0 0 -17.1322)
(0 0 -17.1321)
(0 0 -17.1319)
(0 0 -17.1316)
(0 0 -17.1313)
(0 0 -17.1308)
(0 0 -17.1301)
(0 0 -17.129)
(0 0 -17.1273)
(0 0 -17.1247)
(0 0 -17.1208)
(0 0 -17.1146)
(0 0 -17.1048)
(0 0 -17.0894)
(0 0 -17.065)
(0 0 -17.0254)
(0 0 -16.9624)
(0 0 -16.8697)
(0 0 -16.7297)
(0 0 -16.4832)
(0 0 -16.0718)
(0 0 -15.5283)
(0 0 -15.2929)
(0 0 -15.386)
(0 0 8.66832)
(0 0 1.54938)
(0 0 -5.73414)
(0 0 -11.5177)
(0 0 -18.3431)
(0 0 -23.9735)
(0 0 -28.5389)
(0 0 -32.6683)
(0 0 -36.4074)
(0 0 -39.6396)
(0 0 -42.419)
(0 0 -44.8025)
(0 0 -46.8242)
(0 0 -48.5173)
(0 0 -49.929)
(0 0 -51.0799)
(0 0 -52.0155)
(0 0 -52.7634)
(0 0 -53.3513)
(0 0 -53.8091)
(0 0 -54.1622)
(0 0 -54.4329)
(0 0 -54.6379)
(0 0 -54.7917)
(0 0 -54.9061)
(0 0 -54.9904)
(0 0 -55.0521)
(0 0 -55.0969)
(0 0 -55.1292)
(0 0 -55.1524)
(0 0 -55.1689)
(0 0 -55.1805)
(0 0 -55.1886)
(0 0 -55.1944)
(0 0 -55.1983)
(0 0 -55.201)
(0 0 -55.2029)
(0 0 -55.2042)
(0 0 -55.2051)
(0 0 -55.2057)
(0 0 -55.2061)
(0 0 -55.2064)
(0 0 -55.2066)
(0 0 -55.2067)
(0 0 -55.2068)
(0 0 -55.2068)
(0 0 -55.2069)
(0 0 -55.2069)
(0 0 -55.2069)
(0 0 -55.2069)
(0 0 -55.207)
(0 0 -55.207)
(0 0 -55.207)
(0 0 -55.207)
(0 0 -55.2069)
(0 0 -55.2069)
(0 0 -55.2069)
(0 0 -55.2069)
(0 0 -55.2069)
(0 0 -55.207)
(0 0 -55.207)
(0 0 -55.207)
(0 0 -55.207)
(0 0 -55.207)
(0 0 -55.207)
(0 0 -55.207)
(0 0 -55.207)
(0 0 -55.2069)
(0 0 -55.2069)
(0 0 -55.2069)
(0 0 -55.2069)
(0 0 -55.2069)
(0 0 -55.2068)
(0 0 -55.2067)
(0 0 -55.2066)
(0 0 -55.2065)
(0 0 -55.2063)
(0 0 -55.206)
(0 0 -55.2057)
(0 0 -55.2051)
(0 0 -55.2044)
(0 0 -55.2033)
(0 0 -55.2017)
(0 0 -55.1993)
(0 0 -55.1957)
(0 0 -55.1903)
(0 0 -55.1818)
(0 0 -55.1686)
(0 0 -55.1479)
(0 0 -55.1152)
(0 0 -55.0629)
(0 0 -54.9783)
(0 0 -54.8447)
(0 0 -54.6448)
(0 0 -54.33)
(0 0 -53.7869)
(0 0 -52.9661)
(0 0 -51.9799)
(0 0 -51.4038)
(0 0 -50.9536)
(0 0 10.7637)
(0 0 -2.18303)
(0 0 -13.8019)
(0 0 -22.0345)
(0 0 -31.5723)
(0 0 -39.8788)
(0 0 -46.7054)
(0 0 -52.7137)
(0 0 -58.0486)
(0 0 -62.6283)
(0 0 -66.5124)
(0 0 -69.8089)
(0 0 -72.5635)
(0 0 -74.8217)
(0 0 -76.695)
(0 0 -78.2085)
(0 0 -79.4226)
(0 0 -80.3874)
(0 0 -81.1316)
(0 0 -81.7081)
(0 0 -82.1504)
(0 0 -82.4869)
(0 0 -82.7397)
(0 0 -82.9284)
(0 0 -83.0678)
(0 0 -83.1701)
(0 0 -83.245)
(0 0 -83.2986)
(0 0 -83.3371)
(0 0 -83.3645)
(0 0 -83.3839)
(0 0 -83.3975)
(0 0 -83.4071)
(0 0 -83.4138)
(0 0 -83.4184)
(0 0 -83.4216)
(0 0 -83.4238)
(0 0 -83.4253)
(0 0 -83.4263)
(0 0 -83.427)
(0 0 -83.4274)
(0 0 -83.4278)
(0 0 -83.428)
(0 0 -83.4281)
(0 0 -83.4282)
(0 0 -83.4283)
(0 0 -83.4283)
(0 0 -83.4283)
(0 0 -83.4283)
(0 0 -83.4284)
(0 0 -83.4284)
(0 0 -83.4284)
(0 0 -83.4284)
(0 0 -83.4284)
(0 0 -83.4284)
(0 0 -83.4284)
(0 0 -83.4284)
(0 0 -83.4284)
(0 0 -83.4284)
(0 0 -83.4284)
(0 0 -83.4284)
(0 0 -83.4284)
(0 0 -83.4284)
(0 0 -83.4284)
(0 0 -83.4284)
(0 0 -83.4284)
(0 0 -83.4284)
(0 0 -83.4284)
(0 0 -83.4284)
(0 0 -83.4283)
(0 0 -83.4283)
(0 0 -83.4283)
(0 0 -83.4282)
(0 0 -83.4281)
(0 0 -83.428)
(0 0 -83.4279)
(0 0 -83.4276)
(0 0 -83.4273)
(0 0 -83.4269)
(0 0 -83.4262)
(0 0 -83.4253)
(0 0 -83.4241)
(0 0 -83.4222)
(0 0 -83.4194)
(0 0 -83.4153)
(0 0 -83.4091)
(0 0 -83.3996)
(0 0 -83.3848)
(0 0 -83.3616)
(0 0 -83.3251)
(0 0 -83.2669)
(0 0 -83.1729)
(0 0 -83.0252)
(0 0 -82.8031)
(0 0 -82.4458)
(0 0 -81.8325)
(0 0 -80.9478)
(0 0 -79.8509)
(0 0 -78.7766)
(0 0 -77.1957)
(0 0 12.8637)
(0 0 -3.68793)
(0 0 -17.6064)
(0 0 -27.0989)
(0 0 -38.174)
(0 0 -48.0241)
(0 0 -56.2473)
(0 0 -63.4213)
(0 0 -69.6807)
(0 0 -75.0754)
(0 0 -79.5902)
(0 0 -83.4172)
(0 0 -86.5807)
(0 0 -89.165)
(0 0 -91.2671)
(0 0 -92.9494)
(0 0 -94.2833)
(0 0 -95.3316)
(0 0 -96.1349)
(0 0 -96.7625)
(0 0 -97.2356)
(0 0 -97.5928)
(0 0 -97.8595)
(0 0 -98.0572)
(0 0 -98.2025)
(0 0 -98.3086)
(0 0 -98.3856)
(0 0 -98.4408)
(0 0 -98.4803)
(0 0 -98.5083)
(0 0 -98.5281)
(0 0 -98.542)
(0 0 -98.5517)
(0 0 -98.5584)
(0 0 -98.563)
(0 0 -98.5662)
(0 0 -98.5684)
(0 0 -98.5699)
(0 0 -98.571)
(0 0 -98.5716)
(0 0 -98.5721)
(0 0 -98.5724)
(0 0 -98.5726)
(0 0 -98.5727)
(0 0 -98.5728)
(0 0 -98.5729)
(0 0 -98.5729)
(0 0 -98.573)
(0 0 -98.573)
(0 0 -98.573)
(0 0 -98.573)
(0 0 -98.573)
(0 0 -98.573)
(0 0 -98.573)
(0 0 -98.573)
(0 0 -98.573)
(0 0 -98.573)
(0 0 -98.573)
(0 0 -98.573)
(0 0 -98.573)
(0 0 -98.573)
(0 0 -98.573)
(0 0 -98.573)
(0 0 -98.573)
(0 0 -98.573)
(0 0 -98.573)
(0 0 -98.573)
(0 0 -98.573)
(0 0 -98.573)
(0 0 -98.573)
(0 0 -98.573)
(0 0 -98.5729)
(0 0 -98.5729)
(0 0 -98.5728)
(0 0 -98.5727)
(0 0 -98.5725)
(0 0 -98.5723)
(0 0 -98.572)
(0 0 -98.5715)
(0 0 -98.5709)
(0 0 -98.5699)
(0 0 -98.5686)
(0 0 -98.5667)
(0 0 -98.564)
(0 0 -98.5599)
(0 0 -98.5537)
(0 0 -98.5443)
(0 0 -98.5297)
(0 0 -98.5073)
(0 0 -98.4719)
(0 0 -98.4156)
(0 0 -98.325)
(0 0 -98.1829)
(0 0 -97.969)
(0 0 -97.6218)
(0 0 -97.0199)
(0 0 -96.1665)
(0 0 -95.0399)
(0 0 -93.5046)
(0 0 -91.048)
(0 0 15.3178)
(0 0 -2.29334)
(0 0 -16.1714)
(0 0 -25.53)
(0 0 -37.0173)
(0 0 -47.3077)
(0 0 -55.9865)
(0 0 -63.6018)
(0 0 -70.2152)
(0 0 -75.9782)
(0 0 -80.7095)
(0 0 -84.7793)
(0 0 -88.1146)
(0 0 -90.8174)
(0 0 -92.9952)
(0 0 -94.7271)
(0 0 -96.0904)
(0 0 -97.1543)
(0 0 -97.9549)
(0 0 -98.5992)
(0 0 -99.0735)
(0 0 -99.4296)
(0 0 -99.6942)
(0 0 -99.8894)
(0 0 -100.032)
(0 0 -100.136)
(0 0 -100.211)
(0 0 -100.265)
(0 0 -100.303)
(0 0 -100.331)
(0 0 -100.35)
(0 0 -100.363)
(0 0 -100.372)
(0 0 -100.379)
(0 0 -100.383)
(0 0 -100.386)
(0 0 -100.389)
(0 0 -100.39)
(0 0 -100.391)
(0 0 -100.392)
(0 0 -100.392)
(0 0 -100.392)
(0 0 -100.393)
(0 0 -100.393)
(0 0 -100.393)
(0 0 -100.393)
(0 0 -100.393)
(0 0 -100.393)
(0 0 -100.393)
(0 0 -100.393)
(0 0 -100.393)
(0 0 -100.393)
(0 0 -100.393)
(0 0 -100.393)
(0 0 -100.393)
(0 0 -100.393)
(0 0 -100.393)
(0 0 -100.393)
(0 0 -100.393)
(0 0 -100.393)
(0 0 -100.393)
(0 0 -100.393)
(0 0 -100.393)
(0 0 -100.393)
(0 0 -100.393)
(0 0 -100.393)
(0 0 -100.393)
(0 0 -100.393)
(0 0 -100.393)
(0 0 -100.393)
(0 0 -100.393)
(0 0 -100.393)
(0 0 -100.393)
(0 0 -100.393)
(0 0 -100.393)
(0 0 -100.392)
(0 0 -100.392)
(0 0 -100.392)
(0 0 -100.391)
(0 0 -100.391)
(0 0 -100.39)
(0 0 -100.389)
(0 0 -100.387)
(0 0 -100.384)
(0 0 -100.38)
(0 0 -100.374)
(0 0 -100.366)
(0 0 -100.352)
(0 0 -100.331)
(0 0 -100.298)
(0 0 -100.246)
(0 0 -100.161)
(0 0 -100.029)
(0 0 -99.8315)
(0 0 -99.5091)
(0 0 -98.9362)
(0 0 -98.1292)
(0 0 -97.0234)
(0 0 -95.156)
(0 0 -92.4344)
(0 0 18.1127)
(0 0 1.52535)
(0 0 -10.4735)
(0 0 -18.3324)
(0 0 -29.1508)
(0 0 -38.8935)
(0 0 -47.1626)
(0 0 -54.5433)
(0 0 -61.029)
(0 0 -66.6352)
(0 0 -71.3119)
(0 0 -75.2584)
(0 0 -78.4963)
(0 0 -81.1239)
(0 0 -83.2309)
(0 0 -84.8989)
(0 0 -86.2055)
(0 0 -87.2204)
(0 0 -87.9925)
(0 0 -88.5918)
(0 0 -89.0384)
(0 0 -89.3726)
(0 0 -89.6202)
(0 0 -89.8022)
(0 0 -89.9351)
(0 0 -90.0314)
(0 0 -90.1008)
(0 0 -90.1504)
(0 0 -90.1857)
(0 0 -90.2106)
(0 0 -90.2281)
(0 0 -90.2403)
(0 0 -90.2489)
(0 0 -90.2547)
(0 0 -90.2588)
(0 0 -90.2616)
(0 0 -90.2635)
(0 0 -90.2648)
(0 0 -90.2657)
(0 0 -90.2663)
(0 0 -90.2667)
(0 0 -90.2669)
(0 0 -90.2671)
(0 0 -90.2672)
(0 0 -90.2673)
(0 0 -90.2674)
(0 0 -90.2674)
(0 0 -90.2674)
(0 0 -90.2674)
(0 0 -90.2674)
(0 0 -90.2675)
(0 0 -90.2674)
(0 0 -90.2675)
(0 0 -90.2674)
(0 0 -90.2674)
(0 0 -90.2674)
(0 0 -90.2675)
(0 0 -90.2675)
(0 0 -90.2675)
(0 0 -90.2675)
(0 0 -90.2675)
(0 0 -90.2675)
(0 0 -90.2675)
(0 0 -90.2675)
(0 0 -90.2675)
(0 0 -90.2675)
(0 0 -90.2675)
(0 0 -90.2675)
(0 0 -90.2675)
(0 0 -90.2675)
(0 0 -90.2674)
(0 0 -90.2674)
(0 0 -90.2674)
(0 0 -90.2673)
(0 0 -90.2672)
(0 0 -90.2671)
(0 0 -90.2669)
(0 0 -90.2666)
(0 0 -90.2662)
(0 0 -90.2656)
(0 0 -90.2648)
(0 0 -90.2636)
(0 0 -90.2619)
(0 0 -90.2595)
(0 0 -90.2559)
(0 0 -90.2507)
(0 0 -90.2427)
(0 0 -90.2304)
(0 0 -90.2115)
(0 0 -90.1822)
(0 0 -90.1358)
(0 0 -90.0606)
(0 0 -89.9424)
(0 0 -89.768)
(0 0 -89.4816)
(0 0 -88.9528)
(0 0 -88.2187)
(0 0 -87.2073)
(0 0 -85.0935)
(0 0 -82.531)
(0 0 20.9616)
(0 0 6.81453)
(0 0 -2.1383)
(0 0 -7.44338)
(0 0 -16.7047)
(0 0 -25.1059)
(0 0 -32.2586)
(0 0 -38.7988)
(0 0 -44.6545)
(0 0 -49.7273)
(0 0 -53.9918)
(0 0 -57.5739)
(0 0 -60.5129)
(0 0 -62.8974)
(0 0 -64.8039)
(0 0 -66.3081)
(0 0 -67.4818)
(0 0 -68.3899)
(0 0 -69.0823)
(0 0 -69.6111)
(0 0 -70.006)
(0 0 -70.3007)
(0 0 -70.5184)
(0 0 -70.678)
(0 0 -70.7941)
(0 0 -70.8781)
(0 0 -70.9384)
(0 0 -70.9814)
(0 0 -71.012)
(0 0 -71.0336)
(0 0 -71.0486)
(0 0 -71.0591)
(0 0 -71.0666)
(0 0 -71.0716)
(0 0 -71.0751)
(0 0 -71.0775)
(0 0 -71.0792)
(0 0 -71.0803)
(0 0 -71.081)
(0 0 -71.0815)
(0 0 -71.0818)
(0 0 -71.0821)
(0 0 -71.0822)
(0 0 -71.0823)
(0 0 -71.0824)
(0 0 -71.0824)
(0 0 -71.0824)
(0 0 -71.0825)
(0 0 -71.0825)
(0 0 -71.0825)
(0 0 -71.0825)
(0 0 -71.0824)
(0 0 -71.0825)
(0 0 -71.0825)
(0 0 -71.0825)
(0 0 -71.0825)
(0 0 -71.0825)
(0 0 -71.0825)
(0 0 -71.0825)
(0 0 -71.0825)
(0 0 -71.0825)
(0 0 -71.0825)
(0 0 -71.0825)
(0 0 -71.0825)
(0 0 -71.0825)
(0 0 -71.0825)
(0 0 -71.0825)
(0 0 -71.0825)
(0 0 -71.0825)
(0 0 -71.0825)
(0 0 -71.0825)
(0 0 -71.0825)
(0 0 -71.0824)
(0 0 -71.0824)
(0 0 -71.0823)
(0 0 -71.0822)
(0 0 -71.082)
(0 0 -71.0817)
(0 0 -71.0814)
(0 0 -71.0809)
(0 0 -71.0802)
(0 0 -71.0792)
(0 0 -71.0778)
(0 0 -71.0757)
(0 0 -71.0726)
(0 0 -71.0681)
(0 0 -71.0613)
(0 0 -71.0509)
(0 0 -71.0349)
(0 0 -71.0102)
(0 0 -70.9712)
(0 0 -70.9076)
(0 0 -70.8073)
(0 0 -70.6626)
(0 0 -70.4217)
(0 0 -69.951)
(0 0 -69.3183)
(0 0 -68.4615)
(0 0 -66.1137)
(0 0 -63.835)
(0 0 23.6207)
(0 0 12.5582)
(0 0 7.19334)
(0 0 5.06203)
(0 0 -2.04971)
(0 0 -8.56193)
(0 0 -14.0737)
(0 0 -19.3307)
(0 0 -24.1512)
(0 0 -28.3777)
(0 0 -31.9496)
(0 0 -34.9583)
(0 0 -37.4276)
(0 0 -39.4308)
(0 0 -41.0289)
(0 0 -42.286)
(0 0 -43.2635)
(0 0 -44.0169)
(0 0 -44.5907)
(0 0 -45.0247)
(0 0 -45.3485)
(0 0 -45.5892)
(0 0 -45.7666)
(0 0 -45.8962)
(0 0 -45.9903)
(0 0 -46.0581)
(0 0 -46.1066)
(0 0 -46.1411)
(0 0 -46.1657)
(0 0 -46.1829)
(0 0 -46.1949)
(0 0 -46.2034)
(0 0 -46.2093)
(0 0 -46.2133)
(0 0 -46.2161)
(0 0 -46.218)
(0 0 -46.2193)
(0 0 -46.2201)
(0 0 -46.2207)
(0 0 -46.2211)
(0 0 -46.2214)
(0 0 -46.2216)
(0 0 -46.2217)
(0 0 -46.2217)
(0 0 -46.2218)
(0 0 -46.2218)
(0 0 -46.2218)
(0 0 -46.2219)
(0 0 -46.2219)
(0 0 -46.2219)
(0 0 -46.2219)
(0 0 -46.2217)
(0 0 -46.2219)
(0 0 -46.2219)
(0 0 -46.2219)
(0 0 -46.2219)
(0 0 -46.2219)
(0 0 -46.2219)
(0 0 -46.2219)
(0 0 -46.2219)
(0 0 -46.2219)
(0 0 -46.2219)
(0 0 -46.2219)
(0 0 -46.2219)
(0 0 -46.2219)
(0 0 -46.2219)
(0 0 -46.2219)
(0 0 -46.2219)
(0 0 -46.2219)
(0 0 -46.2219)
(0 0 -46.2219)
(0 0 -46.2219)
(0 0 -46.2219)
(0 0 -46.2218)
(0 0 -46.2217)
(0 0 -46.2217)
(0 0 -46.2215)
(0 0 -46.2213)
(0 0 -46.221)
(0 0 -46.2206)
(0 0 -46.2201)
(0 0 -46.2193)
(0 0 -46.2181)
(0 0 -46.2165)
(0 0 -46.214)
(0 0 -46.2104)
(0 0 -46.2051)
(0 0 -46.1969)
(0 0 -46.1844)
(0 0 -46.1652)
(0 0 -46.1349)
(0 0 -46.0848)
(0 0 -46.0059)
(0 0 -45.896)
(0 0 -45.7081)
(0 0 -45.3074)
(0 0 -44.8003)
(0 0 -44.1292)
(0 0 -41.4762)
(0 0 -39.3635)
(0 0 25.9284)
(0 0 17.9484)
(0 0 16.1903)
(0 0 17.416)
(0 0 12.7439)
(0 0 8.42407)
(0 0 4.88409)
(0 0 1.20225)
(0 0 -2.30706)
(0 0 -5.46301)
(0 0 -8.14144)
(0 0 -10.4141)
(0 0 -12.283)
(0 0 -13.7996)
(0 0 -15.0071)
(0 0 -15.9536)
(0 0 -16.6863)
(0 0 -17.2485)
(0 0 -17.6752)
(0 0 -17.9954)
(0 0 -18.2333)
(0 0 -18.4093)
(0 0 -18.5386)
(0 0 -18.6326)
(0 0 -18.7005)
(0 0 -18.7493)
(0 0 -18.7841)
(0 0 -18.8086)
(0 0 -18.8261)
(0 0 -18.8384)
(0 0 -18.847)
(0 0 -18.853)
(0 0 -18.8571)
(0 0 -18.86)
(0 0 -18.8619)
(0 0 -18.8632)
(0 0 -18.8641)
(0 0 -18.8647)
(0 0 -18.8652)
(0 0 -18.8654)
(0 0 -18.8656)
(0 0 -18.8657)
(0 0 -18.8658)
(0 0 -18.8659)
(0 0 -18.8659)
(0 0 -18.8659)
(0 0 -18.8659)
(0 0 -18.8659)
(0 0 -18.8659)
(0 0 -18.8659)
(0 0 -18.866)
(0 0 -18.8658)
(0 0 -18.866)
(0 0 -18.8659)
(0 0 -18.866)
(0 0 -18.866)
(0 0 -18.866)
(0 0 -18.866)
(0 0 -18.866)
(0 0 -18.866)
(0 0 -18.866)
(0 0 -18.866)
(0 0 -18.866)
(0 0 -18.866)
(0 0 -18.866)
(0 0 -18.866)
(0 0 -18.866)
(0 0 -18.866)
(0 0 -18.866)
(0 0 -18.866)
(0 0 -18.866)
(0 0 -18.866)
(0 0 -18.866)
(0 0 -18.8659)
(0 0 -18.8659)
(0 0 -18.8658)
(0 0 -18.8657)
(0 0 -18.8656)
(0 0 -18.8654)
(0 0 -18.8651)
(0 0 -18.8647)
(0 0 -18.8641)
(0 0 -18.8633)
(0 0 -18.8621)
(0 0 -18.8604)
(0 0 -18.8579)
(0 0 -18.8542)
(0 0 -18.8485)
(0 0 -18.8399)
(0 0 -18.8269)
(0 0 -18.8063)
(0 0 -18.7713)
(0 0 -18.7162)
(0 0 -18.6451)
(0 0 -18.5158)
(0 0 -18.1953)
(0 0 -17.833)
(0 0 -17.3635)
(0 0 -14.3337)
(0 0 -12.1432)
(0 0 27.7963)
(0 0 22.5041)
(0 0 23.9716)
(0 0 28.3708)
(0 0 26.1646)
(0 0 24.1218)
(0 0 22.6501)
(0 0 20.7289)
(0 0 18.6662)
(0 0 16.7523)
(0 0 15.0949)
(0 0 13.6739)
(0 0 12.4958)
(0 0 11.5385)
(0 0 10.7787)
(0 0 10.187)
(0 0 9.73244)
(0 0 9.38653)
(0 0 9.1262)
(0 0 8.93316)
(0 0 8.79112)
(0 0 8.68727)
(0 0 8.61114)
(0 0 8.55649)
(0 0 8.51732)
(0 0 8.48946)
(0 0 8.4697)
(0 0 8.45584)
(0 0 8.44605)
(0 0 8.43922)
(0 0 8.43446)
(0 0 8.43118)
(0 0 8.42893)
(0 0 8.42739)
(0 0 8.42633)
(0 0 8.42562)
(0 0 8.42514)
(0 0 8.42481)
(0 0 8.4246)
(0 0 8.42445)
(0 0 8.42435)
(0 0 8.42429)
(0 0 8.42425)
(0 0 8.42422)
(0 0 8.4242)
(0 0 8.42419)
(0 0 8.42418)
(0 0 8.42418)
(0 0 8.42419)
(0 0 8.42419)
(0 0 8.42416)
(0 0 8.42424)
(0 0 8.42417)
(0 0 8.42419)
(0 0 8.42418)
(0 0 8.42417)
(0 0 8.42417)
(0 0 8.42417)
(0 0 8.42417)
(0 0 8.42416)
(0 0 8.42416)
(0 0 8.42416)
(0 0 8.42415)
(0 0 8.42415)
(0 0 8.42415)
(0 0 8.42414)
(0 0 8.42414)
(0 0 8.42414)
(0 0 8.42413)
(0 0 8.42413)
(0 0 8.42413)
(0 0 8.42413)
(0 0 8.42414)
(0 0 8.42415)
(0 0 8.42417)
(0 0 8.42421)
(0 0 8.42426)
(0 0 8.42433)
(0 0 8.42444)
(0 0 8.42459)
(0 0 8.42482)
(0 0 8.42513)
(0 0 8.42559)
(0 0 8.42624)
(0 0 8.42718)
(0 0 8.42853)
(0 0 8.43053)
(0 0 8.4335)
(0 0 8.43792)
(0 0 8.44435)
(0 0 8.45456)
(0 0 8.47341)
(0 0 8.503)
(0 0 8.53293)
(0 0 8.59952)
(0 0 8.83028)
(0 0 9.03171)
(0 0 9.2764)
(0 0 12.7035)
(0 0 14.9566)
(0 0 29.2073)
(0 0 26.0163)
(0 0 30.1158)
(0 0 37.2535)
(0 0 37.3218)
(0 0 37.4716)
(0 0 38.042)
(0 0 37.9074)
(0 0 37.3621)
(0 0 36.7561)
(0 0 36.1943)
(0 0 35.6854)
(0 0 35.2521)
(0 0 34.8987)
(0 0 34.6219)
(0 0 34.4121)
(0 0 34.2564)
(0 0 34.1422)
(0 0 34.0597)
(0 0 34.0019)
(0 0 33.9616)
(0 0 33.9336)
(0 0 33.9141)
(0 0 33.901)
(0 0 33.8921)
(0 0 33.8861)
(0 0 33.8822)
(0 0 33.8796)
(0 0 33.8778)
(0 0 33.8767)
(0 0 33.8759)
(0 0 33.8754)
(0 0 33.8751)
(0 0 33.8749)
(0 0 33.8748)
(0 0 33.8747)
(0 0 33.8746)
(0 0 33.8746)
(0 0 33.8746)
(0 0 33.8746)
(0 0 33.8746)
(0 0 33.8746)
(0 0 33.8746)
(0 0 33.8745)
(0 0 33.8745)
(0 0 33.8746)
(0 0 33.8746)
(0 0 33.8746)
(0 0 33.8746)
(0 0 33.8746)
(0 0 33.8745)
(0 0 33.8746)
(0 0 33.8745)
(0 0 33.8746)
(0 0 33.8746)
(0 0 33.8746)
(0 0 33.8746)
(0 0 33.8745)
(0 0 33.8745)
(0 0 33.8745)
(0 0 33.8745)
(0 0 33.8745)
(0 0 33.8745)
(0 0 33.8745)
(0 0 33.8745)
(0 0 33.8745)
(0 0 33.8745)
(0 0 33.8745)
(0 0 33.8745)
(0 0 33.8745)
(0 0 33.8745)
(0 0 33.8745)
(0 0 33.8745)
(0 0 33.8745)
(0 0 33.8745)
(0 0 33.8745)
(0 0 33.8745)
(0 0 33.8745)
(0 0 33.8745)
(0 0 33.8745)
(0 0 33.8746)
(0 0 33.8746)
(0 0 33.8747)
(0 0 33.8748)
(0 0 33.8749)
(0 0 33.8751)
(0 0 33.8752)
(0 0 33.8754)
(0 0 33.8755)
(0 0 33.8752)
(0 0 33.8747)
(0 0 33.8769)
(0 0 33.88)
(0 0 33.8676)
(0 0 33.869)
(0 0 34.0005)
(0 0 34.0251)
(0 0 33.9998)
(0 0 37.7437)
(0 0 39.5261)
(0 0 30.1955)
(0 0 28.4776)
(0 0 34.5604)
(0 0 43.8489)
(0 0 45.8789)
(0 0 48.0087)
(0 0 50.4735)
(0 0 52.0443)
(0 0 52.9955)
(0 0 53.6948)
(0 0 54.2416)
(0 0 54.66)
(0 0 54.988)
(0 0 55.253)
(0 0 55.4712)
(0 0 55.6528)
(0 0 55.803)
(0 0 55.9256)
(0 0 56.0244)
(0 0 56.1043)
(0 0 56.1675)
(0 0 56.2166)
(0 0 56.2543)
(0 0 56.2831)
(0 0 56.3048)
(0 0 56.321)
(0 0 56.3329)
(0 0 56.3417)
(0 0 56.348)
(0 0 56.3526)
(0 0 56.3558)
(0 0 56.3582)
(0 0 56.3598)
(0 0 56.3609)
(0 0 56.3617)
(0 0 56.3623)
(0 0 56.3627)
(0 0 56.3629)
(0 0 56.3631)
(0 0 56.3632)
(0 0 56.3633)
(0 0 56.3633)
(0 0 56.3634)
(0 0 56.3634)
(0 0 56.3634)
(0 0 56.3634)
(0 0 56.3634)
(0 0 56.3635)
(0 0 56.3635)
(0 0 56.3635)
(0 0 56.3634)
(0 0 56.3635)
(0 0 56.3634)
(0 0 56.3635)
(0 0 56.3635)
(0 0 56.3635)
(0 0 56.3635)
(0 0 56.3635)
(0 0 56.3635)
(0 0 56.3635)
(0 0 56.3635)
(0 0 56.3634)
(0 0 56.3634)
(0 0 56.3634)
(0 0 56.3634)
(0 0 56.3634)
(0 0 56.3634)
(0 0 56.3634)
(0 0 56.3634)
(0 0 56.3634)
(0 0 56.3634)
(0 0 56.3634)
(0 0 56.3634)
(0 0 56.3633)
(0 0 56.3633)
(0 0 56.3633)
(0 0 56.3632)
(0 0 56.3632)
(0 0 56.3631)
(0 0 56.363)
(0 0 56.3628)
(0 0 56.3626)
(0 0 56.3623)
(0 0 56.3618)
(0 0 56.3611)
(0 0 56.3601)
(0 0 56.3584)
(0 0 56.3558)
(0 0 56.3515)
(0 0 56.3444)
(0 0 56.3333)
(0 0 56.3187)
(0 0 56.2951)
(0 0 56.2406)
(0 0 56.1761)
(0 0 56.2)
(0 0 56.0345)
(0 0 55.6902)
(0 0 59.566)
(0 0 59.419)
(0 0 30.8275)
(0 0 30.0103)
(0 0 37.4442)
(0 0 48.3108)
(0 0 51.9202)
(0 0 55.7337)
(0 0 59.8749)
(0 0 63.0058)
(0 0 65.3679)
(0 0 67.3183)
(0 0 68.942)
(0 0 70.2679)
(0 0 71.3459)
(0 0 72.2211)
(0 0 72.9288)
(0 0 73.4975)
(0 0 73.9502)
(0 0 74.3068)
(0 0 74.5848)
(0 0 74.8003)
(0 0 74.9653)
(0 0 75.0903)
(0 0 75.1842)
(0 0 75.2541)
(0 0 75.3057)
(0 0 75.3436)
(0 0 75.3711)
(0 0 75.3909)
(0 0 75.4052)
(0 0 75.4153)
(0 0 75.4224)
(0 0 75.4275)
(0 0 75.431)
(0 0 75.4334)
(0 0 75.4351)
(0 0 75.4363)
(0 0 75.4371)
(0 0 75.4377)
(0 0 75.438)
(0 0 75.4383)
(0 0 75.4384)
(0 0 75.4386)
(0 0 75.4386)
(0 0 75.4387)
(0 0 75.4387)
(0 0 75.4387)
(0 0 75.4387)
(0 0 75.4388)
(0 0 75.4388)
(0 0 75.4388)
(0 0 75.4388)
(0 0 75.4388)
(0 0 75.4388)
(0 0 75.4388)
(0 0 75.4388)
(0 0 75.4388)
(0 0 75.4388)
(0 0 75.4388)
(0 0 75.4388)
(0 0 75.4388)
(0 0 75.4388)
(0 0 75.4388)
(0 0 75.4388)
(0 0 75.4388)
(0 0 75.4388)
(0 0 75.4387)
(0 0 75.4387)
(0 0 75.4387)
(0 0 75.4387)
(0 0 75.4387)
(0 0 75.4387)
(0 0 75.4387)
(0 0 75.4386)
(0 0 75.4386)
(0 0 75.4386)
(0 0 75.4385)
(0 0 75.4384)
(0 0 75.4383)
(0 0 75.4381)
(0 0 75.4379)
(0 0 75.4375)
(0 0 75.437)
(0 0 75.4364)
(0 0 75.4353)
(0 0 75.4338)
(0 0 75.4316)
(0 0 75.4281)
(0 0 75.4228)
(0 0 75.4143)
(0 0 75.4006)
(0 0 75.3792)
(0 0 75.3482)
(0 0 75.2984)
(0 0 75.2028)
(0 0 75.0726)
(0 0 74.984)
(0 0 74.6141)
(0 0 73.8789)
(0 0 77.703)
(0 0 74.5285)
(0 0 31.1816)
(0 0 30.8026)
(0 0 39.0365)
(0 0 50.9715)
(0 0 55.7669)
(0 0 60.9389)
(0 0 66.5002)
(0 0 71.0011)
(0 0 74.6375)
(0 0 77.738)
(0 0 80.3652)
(0 0 82.5436)
(0 0 84.3304)
(0 0 85.7843)
(0 0 86.9571)
(0 0 87.8939)
(0 0 88.6346)
(0 0 89.2137)
(0 0 89.6619)
(0 0 90.0062)
(0 0 90.2679)
(0 0 90.4649)
(0 0 90.6119)
(0 0 90.7208)
(0 0 90.8008)
(0 0 90.8591)
(0 0 90.9013)
(0 0 90.9316)
(0 0 90.9533)
(0 0 90.9686)
(0 0 90.9795)
(0 0 90.9871)
(0 0 90.9924)
(0 0 90.9961)
(0 0 90.9986)
(0 0 91.0004)
(0 0 91.0016)
(0 0 91.0024)
(0 0 91.0029)
(0 0 91.0033)
(0 0 91.0035)
(0 0 91.0037)
(0 0 91.0038)
(0 0 91.0039)
(0 0 91.0039)
(0 0 91.004)
(0 0 91.004)
(0 0 91.004)
(0 0 91.004)
(0 0 91.004)
(0 0 91.004)
(0 0 91.004)
(0 0 91.004)
(0 0 91.004)
(0 0 91.004)
(0 0 91.004)
(0 0 91.004)
(0 0 91.004)
(0 0 91.004)
(0 0 91.004)
(0 0 91.004)
(0 0 91.004)
(0 0 91.004)
(0 0 91.004)
(0 0 91.004)
(0 0 91.004)
(0 0 91.004)
(0 0 91.004)
(0 0 91.004)
(0 0 91.004)
(0 0 91.0039)
(0 0 91.0039)
(0 0 91.0039)
(0 0 91.0038)
(0 0 91.0038)
(0 0 91.0037)
(0 0 91.0035)
(0 0 91.0033)
(0 0 91.0031)
(0 0 91.0027)
(0 0 91.0022)
(0 0 91.0015)
(0 0 91.0004)
(0 0 90.9989)
(0 0 90.9966)
(0 0 90.9932)
(0 0 90.9881)
(0 0 90.9801)
(0 0 90.9677)
(0 0 90.9478)
(0 0 90.9167)
(0 0 90.8702)
(0 0 90.7957)
(0 0 90.6606)
(0 0 90.4669)
(0 0 90.2665)
(0 0 89.6845)
(0 0 88.5105)
(0 0 92.1617)
(0 0 85.6056)
(0 0 31.3356)
(0 0 31.0584)
(0 0 39.667)
(0 0 52.2545)
(0 0 57.8825)
(0 0 64.0978)
(0 0 70.8148)
(0 0 76.4756)
(0 0 81.2212)
(0 0 85.3411)
(0 0 88.8693)
(0 0 91.8198)
(0 0 94.2523)
(0 0 96.2353)
(0 0 97.8342)
(0 0 99.1089)
(0 0 100.114)
(0 0 100.897)
(0 0 101.502)
(0 0 101.964)
(0 0 102.314)
(0 0 102.577)
(0 0 102.773)
(0 0 102.917)
(0 0 103.023)
(0 0 103.1)
(0 0 103.156)
(0 0 103.196)
(0 0 103.224)
(0 0 103.244)
(0 0 103.259)
(0 0 103.269)
(0 0 103.275)
(0 0 103.28)
(0 0 103.284)
(0 0 103.286)
(0 0 103.287)
(0 0 103.288)
(0 0 103.289)
(0 0 103.29)
(0 0 103.29)
(0 0 103.29)
(0 0 103.29)
(0 0 103.29)
(0 0 103.291)
(0 0 103.291)
(0 0 103.291)
(0 0 103.291)
(0 0 103.291)
(0 0 103.291)
(0 0 103.291)
(0 0 103.291)
(0 0 103.291)
(0 0 103.291)
(0 0 103.291)
(0 0 103.291)
(0 0 103.291)
(0 0 103.291)
(0 0 103.291)
(0 0 103.291)
(0 0 103.291)
(0 0 103.291)
(0 0 103.291)
(0 0 103.291)
(0 0 103.291)
(0 0 103.291)
(0 0 103.291)
(0 0 103.291)
(0 0 103.291)
(0 0 103.291)
(0 0 103.291)
(0 0 103.29)
(0 0 103.29)
(0 0 103.29)
(0 0 103.29)
(0 0 103.29)
(0 0 103.29)
(0 0 103.29)
(0 0 103.289)
(0 0 103.289)
(0 0 103.288)
(0 0 103.287)
(0 0 103.286)
(0 0 103.284)
(0 0 103.281)
(0 0 103.277)
(0 0 103.27)
(0 0 103.26)
(0 0 103.243)
(0 0 103.218)
(0 0 103.178)
(0 0 103.117)
(0 0 103.02)
(0 0 102.848)
(0 0 102.596)
(0 0 102.288)
(0 0 101.496)
(0 0 99.8721)
(0 0 103.299)
(0 0 93.5857)
(0 0 31.3586)
(0 0 30.9726)
(0 0 39.6618)
(0 0 52.5922)
(0 0 58.7617)
(0 0 65.7405)
(0 0 73.3608)
(0 0 79.9667)
(0 0 85.6408)
(0 0 90.6295)
(0 0 94.9349)
(0 0 98.557)
(0 0 101.554)
(0 0 104.001)
(0 0 105.975)
(0 0 107.547)
(0 0 108.785)
(0 0 109.748)
(0 0 110.49)
(0 0 111.057)
(0 0 111.485)
(0 0 111.806)
(0 0 112.044)
(0 0 112.22)
(0 0 112.349)
(0 0 112.442)
(0 0 112.51)
(0 0 112.558)
(0 0 112.592)
(0 0 112.617)
(0 0 112.634)
(0 0 112.646)
(0 0 112.654)
(0 0 112.66)
(0 0 112.664)
(0 0 112.667)
(0 0 112.669)
(0 0 112.67)
(0 0 112.671)
(0 0 112.671)
(0 0 112.672)
(0 0 112.672)
(0 0 112.672)
(0 0 112.672)
(0 0 112.672)
(0 0 112.672)
(0 0 112.672)
(0 0 112.672)
(0 0 112.672)
(0 0 112.672)
(0 0 112.672)
(0 0 112.672)
(0 0 112.672)
(0 0 112.672)
(0 0 112.673)
(0 0 112.673)
(0 0 112.673)
(0 0 112.673)
(0 0 112.673)
(0 0 112.673)
(0 0 112.673)
(0 0 112.672)
(0 0 112.672)
(0 0 112.672)
(0 0 112.672)
(0 0 112.672)
(0 0 112.672)
(0 0 112.672)
(0 0 112.672)
(0 0 112.672)
(0 0 112.672)
(0 0 112.672)
(0 0 112.672)
(0 0 112.672)
(0 0 112.672)
(0 0 112.672)
(0 0 112.672)
(0 0 112.671)
(0 0 112.671)
(0 0 112.67)
(0 0 112.67)
(0 0 112.668)
(0 0 112.667)
(0 0 112.664)
(0 0 112.661)
(0 0 112.655)
(0 0 112.647)
(0 0 112.635)
(0 0 112.616)
(0 0 112.585)
(0 0 112.538)
(0 0 112.465)
(0 0 112.347)
(0 0 112.143)
(0 0 111.837)
(0 0 111.432)
(0 0 110.442)
(0 0 108.396)
(0 0 111.605)
(0 0 99.2702)
(0 0 31.3075)
(0 0 30.7095)
(0 0 39.3124)
(0 0 52.3762)
(0 0 58.8663)
(0 0 66.3752)
(0 0 74.6706)
(0 0 82.0124)
(0 0 88.4282)
(0 0 94.1222)
(0 0 99.0657)
(0 0 103.243)
(0 0 106.709)
(0 0 109.544)
(0 0 111.83)
(0 0 113.651)
(0 0 115.083)
(0 0 116.197)
(0 0 117.054)
(0 0 117.708)
(0 0 118.201)
(0 0 118.571)
(0 0 118.845)
(0 0 119.047)
(0 0 119.195)
(0 0 119.302)
(0 0 119.379)
(0 0 119.434)
(0 0 119.474)
(0 0 119.502)
(0 0 119.521)
(0 0 119.535)
(0 0 119.545)
(0 0 119.551)
(0 0 119.556)
(0 0 119.559)
(0 0 119.561)
(0 0 119.562)
(0 0 119.563)
(0 0 119.564)
(0 0 119.564)
(0 0 119.565)
(0 0 119.565)
(0 0 119.565)
(0 0 119.565)
(0 0 119.565)
(0 0 119.565)
(0 0 119.565)
(0 0 119.565)
(0 0 119.565)
(0 0 119.565)
(0 0 119.565)
(0 0 119.565)
(0 0 119.565)
(0 0 119.565)
(0 0 119.565)
(0 0 119.565)
(0 0 119.565)
(0 0 119.565)
(0 0 119.565)
(0 0 119.565)
(0 0 119.565)
(0 0 119.565)
(0 0 119.565)
(0 0 119.565)
(0 0 119.565)
(0 0 119.565)
(0 0 119.565)
(0 0 119.565)
(0 0 119.565)
(0 0 119.565)
(0 0 119.565)
(0 0 119.565)
(0 0 119.565)
(0 0 119.565)
(0 0 119.565)
(0 0 119.564)
(0 0 119.564)
(0 0 119.564)
(0 0 119.563)
(0 0 119.562)
(0 0 119.561)
(0 0 119.559)
(0 0 119.556)
(0 0 119.552)
(0 0 119.546)
(0 0 119.537)
(0 0 119.523)
(0 0 119.501)
(0 0 119.466)
(0 0 119.412)
(0 0 119.329)
(0 0 119.194)
(0 0 118.962)
(0 0 118.612)
(0 0 118.122)
(0 0 116.961)
(0 0 114.55)
(0 0 117.581)
(0 0 103.255)
(0 0 31.2264)
(0 0 30.3981)
(0 0 38.8526)
(0 0 51.9277)
(0 0 58.5861)
(0 0 66.4407)
(0 0 75.2111)
(0 0 83.0902)
(0 0 90.0601)
(0 0 96.2887)
(0 0 101.72)
(0 0 106.325)
(0 0 110.153)
(0 0 113.288)
(0 0 115.817)
(0 0 117.831)
(0 0 119.414)
(0 0 120.645)
(0 0 121.591)
(0 0 122.312)
(0 0 122.856)
(0 0 123.264)
(0 0 123.566)
(0 0 123.788)
(0 0 123.95)
(0 0 124.068)
(0 0 124.153)
(0 0 124.214)
(0 0 124.257)
(0 0 124.288)
(0 0 124.309)
(0 0 124.324)
(0 0 124.335)
(0 0 124.342)
(0 0 124.347)
(0 0 124.35)
(0 0 124.353)
(0 0 124.354)
(0 0 124.355)
(0 0 124.356)
(0 0 124.356)
(0 0 124.357)
(0 0 124.357)
(0 0 124.357)
(0 0 124.357)
(0 0 124.357)
(0 0 124.357)
(0 0 124.357)
(0 0 124.357)
(0 0 124.357)
(0 0 124.357)
(0 0 124.357)
(0 0 124.357)
(0 0 124.357)
(0 0 124.357)
(0 0 124.357)
(0 0 124.357)
(0 0 124.357)
(0 0 124.357)
(0 0 124.357)
(0 0 124.357)
(0 0 124.357)
(0 0 124.357)
(0 0 124.357)
(0 0 124.357)
(0 0 124.357)
(0 0 124.357)
(0 0 124.357)
(0 0 124.357)
(0 0 124.357)
(0 0 124.357)
(0 0 124.357)
(0 0 124.357)
(0 0 124.357)
(0 0 124.357)
(0 0 124.357)
(0 0 124.356)
(0 0 124.356)
(0 0 124.356)
(0 0 124.355)
(0 0 124.354)
(0 0 124.352)
(0 0 124.35)
(0 0 124.347)
(0 0 124.343)
(0 0 124.336)
(0 0 124.326)
(0 0 124.311)
(0 0 124.287)
(0 0 124.249)
(0 0 124.19)
(0 0 124.099)
(0 0 123.951)
(0 0 123.697)
(0 0 123.311)
(0 0 122.755)
(0 0 121.457)
(0 0 118.76)
(0 0 121.665)
(0 0 105.951)
(0 0 31.1466)
(0 0 30.1324)
(0 0 38.4551)
(0 0 51.4891)
(0 0 58.22)
(0 0 66.2796)
(0 0 75.3508)
(0 0 83.5805)
(0 0 90.9189)
(0 0 97.5071)
(0 0 103.269)
(0 0 108.165)
(0 0 112.24)
(0 0 115.579)
(0 0 118.275)
(0 0 120.421)
(0 0 122.107)
(0 0 123.418)
(0 0 124.426)
(0 0 125.193)
(0 0 125.772)
(0 0 126.205)
(0 0 126.526)
(0 0 126.762)
(0 0 126.934)
(0 0 127.059)
(0 0 127.15)
(0 0 127.214)
(0 0 127.26)
(0 0 127.292)
(0 0 127.315)
(0 0 127.331)
(0 0 127.342)
(0 0 127.35)
(0 0 127.355)
(0 0 127.359)
(0 0 127.361)
(0 0 127.363)
(0 0 127.364)
(0 0 127.365)
(0 0 127.365)
(0 0 127.366)
(0 0 127.366)
(0 0 127.366)
(0 0 127.366)
(0 0 127.366)
(0 0 127.366)
(0 0 127.366)
(0 0 127.366)
(0 0 127.366)
(0 0 127.366)
(0 0 127.366)
(0 0 127.366)
(0 0 127.366)
(0 0 127.366)
(0 0 127.366)
(0 0 127.366)
(0 0 127.366)
(0 0 127.366)
(0 0 127.366)
(0 0 127.366)
(0 0 127.366)
(0 0 127.366)
(0 0 127.366)
(0 0 127.366)
(0 0 127.366)
(0 0 127.366)
(0 0 127.366)
(0 0 127.366)
(0 0 127.366)
(0 0 127.366)
(0 0 127.366)
(0 0 127.366)
(0 0 127.366)
(0 0 127.366)
(0 0 127.366)
(0 0 127.365)
(0 0 127.365)
(0 0 127.364)
(0 0 127.364)
(0 0 127.363)
(0 0 127.361)
(0 0 127.359)
(0 0 127.356)
(0 0 127.351)
(0 0 127.344)
(0 0 127.333)
(0 0 127.317)
(0 0 127.291)
(0 0 127.251)
(0 0 127.189)
(0 0 127.092)
(0 0 126.936)
(0 0 126.666)
(0 0 126.257)
(0 0 125.654)
(0 0 124.261)
(0 0 121.368)
(0 0 124.196)
(0 0 107.62)
(0 0 31.0965)
(0 0 29.9812)
(0 0 38.2313)
(0 0 51.2277)
(0 0 57.9829)
(0 0 66.1384)
(0 0 75.3556)
(0 0 83.7582)
(0 0 91.2805)
(0 0 98.0493)
(0 0 103.978)
(0 0 109.02)
(0 0 113.221)
(0 0 116.664)
(0 0 119.443)
(0 0 121.656)
(0 0 123.395)
(0 0 124.746)
(0 0 125.785)
(0 0 126.576)
(0 0 127.172)
(0 0 127.618)
(0 0 127.949)
(0 0 128.192)
(0 0 128.369)
(0 0 128.498)
(0 0 128.591)
(0 0 128.657)
(0 0 128.705)
(0 0 128.738)
(0 0 128.761)
(0 0 128.778)
(0 0 128.789)
(0 0 128.797)
(0 0 128.803)
(0 0 128.806)
(0 0 128.809)
(0 0 128.811)
(0 0 128.812)
(0 0 128.812)
(0 0 128.813)
(0 0 128.813)
(0 0 128.814)
(0 0 128.814)
(0 0 128.814)
(0 0 128.814)
(0 0 128.814)
(0 0 128.814)
(0 0 128.814)
(0 0 128.814)
(0 0 128.814)
(0 0 128.814)
(0 0 128.814)
(0 0 128.814)
(0 0 128.814)
(0 0 128.814)
(0 0 128.814)
(0 0 128.814)
(0 0 128.814)
(0 0 128.814)
(0 0 128.814)
(0 0 128.814)
(0 0 128.814)
(0 0 128.814)
(0 0 128.814)
(0 0 128.814)
(0 0 128.814)
(0 0 128.814)
(0 0 128.814)
(0 0 128.814)
(0 0 128.814)
(0 0 128.814)
(0 0 128.814)
(0 0 128.814)
(0 0 128.814)
(0 0 128.813)
(0 0 128.813)
(0 0 128.813)
(0 0 128.812)
(0 0 128.811)
(0 0 128.81)
(0 0 128.809)
(0 0 128.806)
(0 0 128.803)
(0 0 128.798)
(0 0 128.791)
(0 0 128.78)
(0 0 128.763)
(0 0 128.737)
(0 0 128.696)
(0 0 128.631)
(0 0 128.532)
(0 0 128.371)
(0 0 128.094)
(0 0 127.672)
(0 0 127.046)
(0 0 125.604)
(0 0 122.612)
(0 0 125.404)
(0 0 108.419)
(0 0 31.0965)
(0 0 29.9812)
(0 0 38.2313)
(0 0 51.2277)
(0 0 57.9829)
(0 0 66.1385)
(0 0 75.3559)
(0 0 83.7586)
(0 0 91.2809)
(0 0 98.0497)
(0 0 103.979)
(0 0 109.021)
(0 0 113.221)
(0 0 116.664)
(0 0 119.443)
(0 0 121.656)
(0 0 123.395)
(0 0 124.746)
(0 0 125.785)
(0 0 126.576)
(0 0 127.172)
(0 0 127.618)
(0 0 127.949)
(0 0 128.192)
(0 0 128.369)
(0 0 128.498)
(0 0 128.591)
(0 0 128.657)
(0 0 128.705)
(0 0 128.738)
(0 0 128.761)
(0 0 128.778)
(0 0 128.789)
(0 0 128.797)
(0 0 128.803)
(0 0 128.806)
(0 0 128.809)
(0 0 128.811)
(0 0 128.812)
(0 0 128.812)
(0 0 128.813)
(0 0 128.813)
(0 0 128.814)
(0 0 128.814)
(0 0 128.814)
(0 0 128.814)
(0 0 128.814)
(0 0 128.814)
(0 0 128.814)
(0 0 128.814)
(0 0 128.814)
(0 0 128.814)
(0 0 128.814)
(0 0 128.814)
(0 0 128.814)
(0 0 128.814)
(0 0 128.814)
(0 0 128.814)
(0 0 128.814)
(0 0 128.814)
(0 0 128.814)
(0 0 128.814)
(0 0 128.814)
(0 0 128.814)
(0 0 128.814)
(0 0 128.814)
(0 0 128.814)
(0 0 128.814)
(0 0 128.814)
(0 0 128.814)
(0 0 128.814)
(0 0 128.814)
(0 0 128.814)
(0 0 128.814)
(0 0 128.814)
(0 0 128.813)
(0 0 128.813)
(0 0 128.813)
(0 0 128.812)
(0 0 128.811)
(0 0 128.81)
(0 0 128.809)
(0 0 128.806)
(0 0 128.803)
(0 0 128.798)
(0 0 128.791)
(0 0 128.78)
(0 0 128.763)
(0 0 128.737)
(0 0 128.696)
(0 0 128.631)
(0 0 128.532)
(0 0 128.371)
(0 0 128.094)
(0 0 127.672)
(0 0 127.046)
(0 0 125.604)
(0 0 122.612)
(0 0 125.405)
(0 0 108.419)
(0 0 31.1466)
(0 0 30.1325)
(0 0 38.4551)
(0 0 51.489)
(0 0 58.2199)
(0 0 66.2799)
(0 0 75.3518)
(0 0 83.5819)
(0 0 90.9203)
(0 0 97.5083)
(0 0 103.27)
(0 0 108.165)
(0 0 112.24)
(0 0 115.58)
(0 0 118.275)
(0 0 120.421)
(0 0 122.107)
(0 0 123.418)
(0 0 124.426)
(0 0 125.193)
(0 0 125.772)
(0 0 126.205)
(0 0 126.525)
(0 0 126.762)
(0 0 126.934)
(0 0 127.059)
(0 0 127.149)
(0 0 127.214)
(0 0 127.26)
(0 0 127.292)
(0 0 127.315)
(0 0 127.331)
(0 0 127.342)
(0 0 127.35)
(0 0 127.355)
(0 0 127.359)
(0 0 127.361)
(0 0 127.363)
(0 0 127.364)
(0 0 127.365)
(0 0 127.365)
(0 0 127.366)
(0 0 127.366)
(0 0 127.366)
(0 0 127.366)
(0 0 127.366)
(0 0 127.366)
(0 0 127.366)
(0 0 127.366)
(0 0 127.366)
(0 0 127.366)
(0 0 127.366)
(0 0 127.366)
(0 0 127.366)
(0 0 127.366)
(0 0 127.366)
(0 0 127.366)
(0 0 127.366)
(0 0 127.366)
(0 0 127.366)
(0 0 127.366)
(0 0 127.366)
(0 0 127.366)
(0 0 127.366)
(0 0 127.366)
(0 0 127.366)
(0 0 127.366)
(0 0 127.366)
(0 0 127.366)
(0 0 127.366)
(0 0 127.366)
(0 0 127.366)
(0 0 127.366)
(0 0 127.366)
(0 0 127.366)
(0 0 127.366)
(0 0 127.365)
(0 0 127.365)
(0 0 127.364)
(0 0 127.364)
(0 0 127.363)
(0 0 127.361)
(0 0 127.359)
(0 0 127.356)
(0 0 127.351)
(0 0 127.344)
(0 0 127.333)
(0 0 127.317)
(0 0 127.292)
(0 0 127.251)
(0 0 127.189)
(0 0 127.092)
(0 0 126.936)
(0 0 126.666)
(0 0 126.257)
(0 0 125.654)
(0 0 124.261)
(0 0 121.368)
(0 0 124.196)
(0 0 107.62)
(0 0 31.2265)
(0 0 30.3983)
(0 0 38.8526)
(0 0 51.9276)
(0 0 58.586)
(0 0 66.4411)
(0 0 75.2127)
(0 0 83.0925)
(0 0 90.0624)
(0 0 96.2907)
(0 0 101.722)
(0 0 106.326)
(0 0 110.154)
(0 0 113.288)
(0 0 115.817)
(0 0 117.831)
(0 0 119.414)
(0 0 120.645)
(0 0 121.591)
(0 0 122.312)
(0 0 122.856)
(0 0 123.263)
(0 0 123.565)
(0 0 123.788)
(0 0 123.95)
(0 0 124.068)
(0 0 124.153)
(0 0 124.214)
(0 0 124.257)
(0 0 124.288)
(0 0 124.309)
(0 0 124.324)
(0 0 124.335)
(0 0 124.342)
(0 0 124.347)
(0 0 124.35)
(0 0 124.353)
(0 0 124.354)
(0 0 124.355)
(0 0 124.356)
(0 0 124.356)
(0 0 124.357)
(0 0 124.357)
(0 0 124.357)
(0 0 124.357)
(0 0 124.357)
(0 0 124.357)
(0 0 124.357)
(0 0 124.357)
(0 0 124.357)
(0 0 124.357)
(0 0 124.357)
(0 0 124.357)
(0 0 124.357)
(0 0 124.357)
(0 0 124.357)
(0 0 124.357)
(0 0 124.357)
(0 0 124.357)
(0 0 124.357)
(0 0 124.357)
(0 0 124.357)
(0 0 124.357)
(0 0 124.357)
(0 0 124.357)
(0 0 124.357)
(0 0 124.357)
(0 0 124.357)
(0 0 124.357)
(0 0 124.357)
(0 0 124.357)
(0 0 124.357)
(0 0 124.357)
(0 0 124.357)
(0 0 124.357)
(0 0 124.357)
(0 0 124.357)
(0 0 124.356)
(0 0 124.356)
(0 0 124.355)
(0 0 124.354)
(0 0 124.352)
(0 0 124.35)
(0 0 124.347)
(0 0 124.343)
(0 0 124.336)
(0 0 124.326)
(0 0 124.311)
(0 0 124.287)
(0 0 124.249)
(0 0 124.19)
(0 0 124.099)
(0 0 123.951)
(0 0 123.697)
(0 0 123.311)
(0 0 122.755)
(0 0 121.457)
(0 0 118.76)
(0 0 121.665)
(0 0 105.951)
(0 0 31.3076)
(0 0 30.7097)
(0 0 39.3125)
(0 0 52.376)
(0 0 58.8662)
(0 0 66.3758)
(0 0 74.673)
(0 0 82.0157)
(0 0 88.4314)
(0 0 94.125)
(0 0 99.0679)
(0 0 103.244)
(0 0 106.71)
(0 0 109.544)
(0 0 111.831)
(0 0 113.651)
(0 0 115.083)
(0 0 116.197)
(0 0 117.054)
(0 0 117.708)
(0 0 118.201)
(0 0 118.57)
(0 0 118.845)
(0 0 119.047)
(0 0 119.194)
(0 0 119.302)
(0 0 119.379)
(0 0 119.434)
(0 0 119.474)
(0 0 119.502)
(0 0 119.521)
(0 0 119.535)
(0 0 119.544)
(0 0 119.551)
(0 0 119.556)
(0 0 119.559)
(0 0 119.561)
(0 0 119.562)
(0 0 119.563)
(0 0 119.564)
(0 0 119.564)
(0 0 119.565)
(0 0 119.565)
(0 0 119.565)
(0 0 119.565)
(0 0 119.565)
(0 0 119.565)
(0 0 119.565)
(0 0 119.565)
(0 0 119.565)
(0 0 119.565)
(0 0 119.565)
(0 0 119.565)
(0 0 119.565)
(0 0 119.565)
(0 0 119.565)
(0 0 119.565)
(0 0 119.565)
(0 0 119.565)
(0 0 119.565)
(0 0 119.565)
(0 0 119.565)
(0 0 119.565)
(0 0 119.565)
(0 0 119.565)
(0 0 119.565)
(0 0 119.565)
(0 0 119.565)
(0 0 119.565)
(0 0 119.565)
(0 0 119.565)
(0 0 119.565)
(0 0 119.565)
(0 0 119.565)
(0 0 119.565)
(0 0 119.565)
(0 0 119.565)
(0 0 119.564)
(0 0 119.564)
(0 0 119.563)
(0 0 119.562)
(0 0 119.561)
(0 0 119.559)
(0 0 119.556)
(0 0 119.552)
(0 0 119.546)
(0 0 119.537)
(0 0 119.523)
(0 0 119.501)
(0 0 119.466)
(0 0 119.412)
(0 0 119.329)
(0 0 119.195)
(0 0 118.962)
(0 0 118.612)
(0 0 118.122)
(0 0 116.961)
(0 0 114.551)
(0 0 117.582)
(0 0 103.255)
(0 0 31.3587)
(0 0 30.9728)
(0 0 39.6619)
(0 0 52.5921)
(0 0 58.7618)
(0 0 65.7414)
(0 0 73.364)
(0 0 79.9712)
(0 0 85.6449)
(0 0 90.6331)
(0 0 94.9377)
(0 0 98.5587)
(0 0 101.555)
(0 0 104.002)
(0 0 105.975)
(0 0 107.547)
(0 0 108.785)
(0 0 109.748)
(0 0 110.49)
(0 0 111.056)
(0 0 111.484)
(0 0 111.805)
(0 0 112.044)
(0 0 112.22)
(0 0 112.348)
(0 0 112.442)
(0 0 112.509)
(0 0 112.558)
(0 0 112.592)
(0 0 112.617)
(0 0 112.634)
(0 0 112.646)
(0 0 112.654)
(0 0 112.66)
(0 0 112.664)
(0 0 112.667)
(0 0 112.669)
(0 0 112.67)
(0 0 112.671)
(0 0 112.671)
(0 0 112.672)
(0 0 112.672)
(0 0 112.672)
(0 0 112.672)
(0 0 112.672)
(0 0 112.672)
(0 0 112.672)
(0 0 112.672)
(0 0 112.673)
(0 0 112.673)
(0 0 112.673)
(0 0 112.673)
(0 0 112.673)
(0 0 112.673)
(0 0 112.673)
(0 0 112.673)
(0 0 112.673)
(0 0 112.673)
(0 0 112.673)
(0 0 112.673)
(0 0 112.673)
(0 0 112.673)
(0 0 112.673)
(0 0 112.673)
(0 0 112.673)
(0 0 112.673)
(0 0 112.673)
(0 0 112.673)
(0 0 112.673)
(0 0 112.673)
(0 0 112.672)
(0 0 112.672)
(0 0 112.672)
(0 0 112.672)
(0 0 112.672)
(0 0 112.672)
(0 0 112.672)
(0 0 112.672)
(0 0 112.671)
(0 0 112.671)
(0 0 112.67)
(0 0 112.669)
(0 0 112.667)
(0 0 112.665)
(0 0 112.661)
(0 0 112.656)
(0 0 112.648)
(0 0 112.635)
(0 0 112.616)
(0 0 112.586)
(0 0 112.538)
(0 0 112.465)
(0 0 112.348)
(0 0 112.143)
(0 0 111.837)
(0 0 111.432)
(0 0 110.443)
(0 0 108.397)
(0 0 111.606)
(0 0 99.2703)
(0 0 31.3357)
(0 0 31.0587)
(0 0 39.6671)
(0 0 52.2544)
(0 0 57.883)
(0 0 64.0991)
(0 0 70.8189)
(0 0 76.4812)
(0 0 81.2261)
(0 0 85.3455)
(0 0 88.8727)
(0 0 91.822)
(0 0 94.2529)
(0 0 96.2357)
(0 0 97.8347)
(0 0 99.1092)
(0 0 100.114)
(0 0 100.897)
(0 0 101.501)
(0 0 101.964)
(0 0 102.314)
(0 0 102.577)
(0 0 102.772)
(0 0 102.917)
(0 0 103.023)
(0 0 103.1)
(0 0 103.156)
(0 0 103.195)
(0 0 103.224)
(0 0 103.244)
(0 0 103.258)
(0 0 103.268)
(0 0 103.275)
(0 0 103.28)
(0 0 103.284)
(0 0 103.286)
(0 0 103.287)
(0 0 103.288)
(0 0 103.289)
(0 0 103.29)
(0 0 103.29)
(0 0 103.29)
(0 0 103.29)
(0 0 103.29)
(0 0 103.291)
(0 0 103.291)
(0 0 103.291)
(0 0 103.291)
(0 0 103.291)
(0 0 103.291)
(0 0 103.291)
(0 0 103.291)
(0 0 103.291)
(0 0 103.291)
(0 0 103.291)
(0 0 103.291)
(0 0 103.291)
(0 0 103.291)
(0 0 103.291)
(0 0 103.291)
(0 0 103.291)
(0 0 103.291)
(0 0 103.291)
(0 0 103.291)
(0 0 103.291)
(0 0 103.291)
(0 0 103.291)
(0 0 103.291)
(0 0 103.291)
(0 0 103.291)
(0 0 103.291)
(0 0 103.291)
(0 0 103.291)
(0 0 103.291)
(0 0 103.29)
(0 0 103.29)
(0 0 103.29)
(0 0 103.29)
(0 0 103.29)
(0 0 103.289)
(0 0 103.288)
(0 0 103.288)
(0 0 103.286)
(0 0 103.284)
(0 0 103.281)
(0 0 103.277)
(0 0 103.27)
(0 0 103.26)
(0 0 103.244)
(0 0 103.218)
(0 0 103.178)
(0 0 103.118)
(0 0 103.021)
(0 0 102.849)
(0 0 102.596)
(0 0 102.288)
(0 0 101.496)
(0 0 99.8724)
(0 0 103.299)
(0 0 93.5859)
(0 0 31.1817)
(0 0 30.8029)
(0 0 39.0366)
(0 0 50.9716)
(0 0 55.7683)
(0 0 60.9409)
(0 0 66.5052)
(0 0 71.0079)
(0 0 74.6431)
(0 0 77.743)
(0 0 80.369)
(0 0 82.546)
(0 0 84.3312)
(0 0 85.7847)
(0 0 86.9576)
(0 0 87.8943)
(0 0 88.6345)
(0 0 89.2135)
(0 0 89.6619)
(0 0 90.0059)
(0 0 90.2673)
(0 0 90.4642)
(0 0 90.6112)
(0 0 90.7201)
(0 0 90.8002)
(0 0 90.8586)
(0 0 90.9008)
(0 0 90.9312)
(0 0 90.953)
(0 0 90.9684)
(0 0 90.9793)
(0 0 90.987)
(0 0 90.9923)
(0 0 90.996)
(0 0 90.9986)
(0 0 91.0004)
(0 0 91.0016)
(0 0 91.0024)
(0 0 91.0029)
(0 0 91.0033)
(0 0 91.0036)
(0 0 91.0037)
(0 0 91.0039)
(0 0 91.0039)
(0 0 91.004)
(0 0 91.004)
(0 0 91.004)
(0 0 91.004)
(0 0 91.0041)
(0 0 91.0041)
(0 0 91.0041)
(0 0 91.0041)
(0 0 91.0041)
(0 0 91.0041)
(0 0 91.0041)
(0 0 91.0041)
(0 0 91.0041)
(0 0 91.0041)
(0 0 91.0041)
(0 0 91.0041)
(0 0 91.0041)
(0 0 91.0041)
(0 0 91.0041)
(0 0 91.0041)
(0 0 91.0041)
(0 0 91.0041)
(0 0 91.0041)
(0 0 91.0041)
(0 0 91.0041)
(0 0 91.0041)
(0 0 91.0041)
(0 0 91.004)
(0 0 91.004)
(0 0 91.004)
(0 0 91.0039)
(0 0 91.0038)
(0 0 91.0037)
(0 0 91.0035)
(0 0 91.0033)
(0 0 91.0029)
(0 0 91.0024)
(0 0 91.0017)
(0 0 91.0007)
(0 0 90.9992)
(0 0 90.9969)
(0 0 90.9935)
(0 0 90.9884)
(0 0 90.9805)
(0 0 90.9681)
(0 0 90.9482)
(0 0 90.917)
(0 0 90.8706)
(0 0 90.7961)
(0 0 90.661)
(0 0 90.4673)
(0 0 90.267)
(0 0 89.6849)
(0 0 88.5109)
(0 0 92.1621)
(0 0 85.6059)
(0 0 30.8275)
(0 0 30.0104)
(0 0 37.4441)
(0 0 48.311)
(0 0 51.923)
(0 0 55.7365)
(0 0 59.8804)
(0 0 63.0136)
(0 0 65.3736)
(0 0 67.3235)
(0 0 68.946)
(0 0 70.2705)
(0 0 71.3467)
(0 0 72.2214)
(0 0 72.9293)
(0 0 73.4977)
(0 0 73.95)
(0 0 74.3065)
(0 0 74.5848)
(0 0 74.7999)
(0 0 74.9646)
(0 0 75.0895)
(0 0 75.1834)
(0 0 75.2533)
(0 0 75.3051)
(0 0 75.343)
(0 0 75.3706)
(0 0 75.3905)
(0 0 75.4048)
(0 0 75.415)
(0 0 75.4222)
(0 0 75.4273)
(0 0 75.4309)
(0 0 75.4334)
(0 0 75.4351)
(0 0 75.4363)
(0 0 75.4371)
(0 0 75.4377)
(0 0 75.438)
(0 0 75.4383)
(0 0 75.4385)
(0 0 75.4386)
(0 0 75.4387)
(0 0 75.4387)
(0 0 75.4388)
(0 0 75.4388)
(0 0 75.4388)
(0 0 75.4388)
(0 0 75.4388)
(0 0 75.4388)
(0 0 75.4388)
(0 0 75.4388)
(0 0 75.4388)
(0 0 75.4388)
(0 0 75.4388)
(0 0 75.4388)
(0 0 75.4388)
(0 0 75.4388)
(0 0 75.4388)
(0 0 75.4388)
(0 0 75.4388)
(0 0 75.4388)
(0 0 75.4388)
(0 0 75.4388)
(0 0 75.4388)
(0 0 75.4388)
(0 0 75.4388)
(0 0 75.4388)
(0 0 75.4388)
(0 0 75.4388)
(0 0 75.4388)
(0 0 75.4388)
(0 0 75.4388)
(0 0 75.4388)
(0 0 75.4387)
(0 0 75.4387)
(0 0 75.4386)
(0 0 75.4385)
(0 0 75.4383)
(0 0 75.4381)
(0 0 75.4378)
(0 0 75.4373)
(0 0 75.4367)
(0 0 75.4357)
(0 0 75.4342)
(0 0 75.4319)
(0 0 75.4285)
(0 0 75.4231)
(0 0 75.4147)
(0 0 75.401)
(0 0 75.3796)
(0 0 75.3486)
(0 0 75.2989)
(0 0 75.2032)
(0 0 75.073)
(0 0 74.9845)
(0 0 74.6146)
(0 0 73.8794)
(0 0 77.7035)
(0 0 74.5289)
(0 0 30.1955)
(0 0 28.4775)
(0 0 34.56)
(0 0 43.8492)
(0 0 45.8828)
(0 0 48.0121)
(0 0 50.4783)
(0 0 52.0526)
(0 0 53.0002)
(0 0 53.6999)
(0 0 54.2451)
(0 0 54.6624)
(0 0 54.9885)
(0 0 55.2529)
(0 0 55.4715)
(0 0 55.6528)
(0 0 55.8025)
(0 0 55.9251)
(0 0 56.0243)
(0 0 56.1038)
(0 0 56.1666)
(0 0 56.2156)
(0 0 56.2534)
(0 0 56.2823)
(0 0 56.304)
(0 0 56.3203)
(0 0 56.3323)
(0 0 56.3412)
(0 0 56.3476)
(0 0 56.3523)
(0 0 56.3556)
(0 0 56.358)
(0 0 56.3597)
(0 0 56.3609)
(0 0 56.3617)
(0 0 56.3623)
(0 0 56.3627)
(0 0 56.3629)
(0 0 56.3631)
(0 0 56.3632)
(0 0 56.3633)
(0 0 56.3634)
(0 0 56.3634)
(0 0 56.3635)
(0 0 56.3635)
(0 0 56.3635)
(0 0 56.3635)
(0 0 56.3635)
(0 0 56.3635)
(0 0 56.3635)
(0 0 56.3635)
(0 0 56.3635)
(0 0 56.3635)
(0 0 56.3635)
(0 0 56.3635)
(0 0 56.3635)
(0 0 56.3635)
(0 0 56.3635)
(0 0 56.3635)
(0 0 56.3635)
(0 0 56.3635)
(0 0 56.3635)
(0 0 56.3635)
(0 0 56.3635)
(0 0 56.3635)
(0 0 56.3635)
(0 0 56.3635)
(0 0 56.3635)
(0 0 56.3635)
(0 0 56.3635)
(0 0 56.3635)
(0 0 56.3635)
(0 0 56.3635)
(0 0 56.3635)
(0 0 56.3635)
(0 0 56.3635)
(0 0 56.3635)
(0 0 56.3634)
(0 0 56.3634)
(0 0 56.3633)
(0 0 56.3631)
(0 0 56.3629)
(0 0 56.3626)
(0 0 56.3622)
(0 0 56.3615)
(0 0 56.3605)
(0 0 56.3588)
(0 0 56.3562)
(0 0 56.352)
(0 0 56.3449)
(0 0 56.3338)
(0 0 56.3192)
(0 0 56.2956)
(0 0 56.2412)
(0 0 56.1767)
(0 0 56.2005)
(0 0 56.035)
(0 0 55.6907)
(0 0 59.5665)
(0 0 59.4194)
(0 0 29.2072)
(0 0 26.0159)
(0 0 30.1149)
(0 0 37.2539)
(0 0 37.3233)
(0 0 37.4747)
(0 0 38.0427)
(0 0 37.9154)
(0 0 37.3635)
(0 0 36.7603)
(0 0 36.1963)
(0 0 35.6871)
(0 0 35.2515)
(0 0 34.8979)
(0 0 34.6218)
(0 0 34.4119)
(0 0 34.2556)
(0 0 34.1414)
(0 0 34.0593)
(0 0 34.0012)
(0 0 33.9605)
(0 0 33.9323)
(0 0 33.913)
(0 0 33.9)
(0 0 33.8912)
(0 0 33.8853)
(0 0 33.8815)
(0 0 33.879)
(0 0 33.8773)
(0 0 33.8763)
(0 0 33.8756)
(0 0 33.8752)
(0 0 33.875)
(0 0 33.8748)
(0 0 33.8747)
(0 0 33.8747)
(0 0 33.8746)
(0 0 33.8746)
(0 0 33.8746)
(0 0 33.8746)
(0 0 33.8746)
(0 0 33.8746)
(0 0 33.8746)
(0 0 33.8746)
(0 0 33.8746)
(0 0 33.8746)
(0 0 33.8746)
(0 0 33.8746)
(0 0 33.8746)
(0 0 33.8746)
(0 0 33.8746)
(0 0 33.8746)
(0 0 33.8746)
(0 0 33.8746)
(0 0 33.8746)
(0 0 33.8746)
(0 0 33.8746)
(0 0 33.8746)
(0 0 33.8746)
(0 0 33.8746)
(0 0 33.8746)
(0 0 33.8746)
(0 0 33.8746)
(0 0 33.8746)
(0 0 33.8746)
(0 0 33.8746)
(0 0 33.8746)
(0 0 33.8746)
(0 0 33.8746)
(0 0 33.8746)
(0 0 33.8747)
(0 0 33.8747)
(0 0 33.8747)
(0 0 33.8747)
(0 0 33.8747)
(0 0 33.8747)
(0 0 33.8747)
(0 0 33.8748)
(0 0 33.8748)
(0 0 33.8748)
(0 0 33.8749)
(0 0 33.875)
(0 0 33.8751)
(0 0 33.8752)
(0 0 33.8753)
(0 0 33.8755)
(0 0 33.8757)
(0 0 33.8759)
(0 0 33.876)
(0 0 33.8757)
(0 0 33.8752)
(0 0 33.8774)
(0 0 33.8805)
(0 0 33.8682)
(0 0 33.8696)
(0 0 34.0011)
(0 0 34.0257)
(0 0 34.0004)
(0 0 37.7443)
(0 0 39.5266)
(0 0 27.7961)
(0 0 22.5033)
(0 0 23.9701)
(0 0 28.3691)
(0 0 26.1631)
(0 0 24.1218)
(0 0 22.6389)
(0 0 20.7351)
(0 0 18.6601)
(0 0 16.7543)
(0 0 15.093)
(0 0 13.674)
(0 0 12.4933)
(0 0 11.5368)
(0 0 10.7781)
(0 0 10.1862)
(0 0 9.731)
(0 0 9.38518)
(0 0 9.12537)
(0 0 8.9321)
(0 0 8.78961)
(0 0 8.68541)
(0 0 8.60979)
(0 0 8.5553)
(0 0 8.51629)
(0 0 8.48854)
(0 0 8.46893)
(0 0 8.45513)
(0 0 8.44549)
(0 0 8.43879)
(0 0 8.43415)
(0 0 8.43096)
(0 0 8.42878)
(0 0 8.42729)
(0 0 8.42628)
(0 0 8.42559)
(0 0 8.42513)
(0 0 8.42483)
(0 0 8.42462)
(0 0 8.42448)
(0 0 8.42439)
(0 0 8.42433)
(0 0 8.42429)
(0 0 8.42427)
(0 0 8.42425)
(0 0 8.42424)
(0 0 8.42423)
(0 0 8.42422)
(0 0 8.42422)
(0 0 8.42422)
(0 0 8.42422)
(0 0 8.42422)
(0 0 8.42421)
(0 0 8.42421)
(0 0 8.42421)
(0 0 8.42421)
(0 0 8.42421)
(0 0 8.42422)
(0 0 8.42422)
(0 0 8.42422)
(0 0 8.42422)
(0 0 8.42423)
(0 0 8.42423)
(0 0 8.42423)
(0 0 8.42424)
(0 0 8.42425)
(0 0 8.42425)
(0 0 8.42426)
(0 0 8.42427)
(0 0 8.42428)
(0 0 8.42429)
(0 0 8.42431)
(0 0 8.42433)
(0 0 8.42436)
(0 0 8.4244)
(0 0 8.42445)
(0 0 8.42452)
(0 0 8.42461)
(0 0 8.42474)
(0 0 8.42492)
(0 0 8.42516)
(0 0 8.4255)
(0 0 8.42598)
(0 0 8.42665)
(0 0 8.42761)
(0 0 8.42899)
(0 0 8.43101)
(0 0 8.43401)
(0 0 8.43844)
(0 0 8.44489)
(0 0 8.45511)
(0 0 8.47397)
(0 0 8.50358)
(0 0 8.53352)
(0 0 8.60012)
(0 0 8.83089)
(0 0 9.03233)
(0 0 9.27702)
(0 0 12.7042)
(0 0 14.9573)
(0 0 25.9282)
(0 0 17.9472)
(0 0 16.188)
(0 0 17.4125)
(0 0 12.7396)
(0 0 8.42083)
(0 0 4.85463)
(0 0 1.20502)
(0 0 -2.32959)
(0 0 -5.46442)
(0 0 -8.15171)
(0 0 -10.4165)
(0 0 -12.2876)
(0 0 -13.8026)
(0 0 -15.0086)
(0 0 -15.9551)
(0 0 -16.6886)
(0 0 -17.2506)
(0 0 -17.6768)
(0 0 -17.9969)
(0 0 -18.2352)
(0 0 -18.4112)
(0 0 -18.5401)
(0 0 -18.6339)
(0 0 -18.7017)
(0 0 -18.7503)
(0 0 -18.7849)
(0 0 -18.8095)
(0 0 -18.8268)
(0 0 -18.839)
(0 0 -18.8474)
(0 0 -18.8533)
(0 0 -18.8573)
(0 0 -18.8601)
(0 0 -18.862)
(0 0 -18.8633)
(0 0 -18.8641)
(0 0 -18.8647)
(0 0 -18.8651)
(0 0 -18.8654)
(0 0 -18.8656)
(0 0 -18.8657)
(0 0 -18.8658)
(0 0 -18.8658)
(0 0 -18.8659)
(0 0 -18.8659)
(0 0 -18.8659)
(0 0 -18.8659)
(0 0 -18.8659)
(0 0 -18.8659)
(0 0 -18.8659)
(0 0 -18.8659)
(0 0 -18.8659)
(0 0 -18.8659)
(0 0 -18.8659)
(0 0 -18.8659)
(0 0 -18.8659)
(0 0 -18.8659)
(0 0 -18.8659)
(0 0 -18.8659)
(0 0 -18.8659)
(0 0 -18.8659)
(0 0 -18.8659)
(0 0 -18.8659)
(0 0 -18.8659)
(0 0 -18.8659)
(0 0 -18.8659)
(0 0 -18.8659)
(0 0 -18.8659)
(0 0 -18.8658)
(0 0 -18.8658)
(0 0 -18.8658)
(0 0 -18.8658)
(0 0 -18.8657)
(0 0 -18.8657)
(0 0 -18.8656)
(0 0 -18.8655)
(0 0 -18.8653)
(0 0 -18.8651)
(0 0 -18.8648)
(0 0 -18.8644)
(0 0 -18.8638)
(0 0 -18.8629)
(0 0 -18.8617)
(0 0 -18.86)
(0 0 -18.8574)
(0 0 -18.8537)
(0 0 -18.848)
(0 0 -18.8393)
(0 0 -18.8263)
(0 0 -18.8057)
(0 0 -18.7707)
(0 0 -18.7156)
(0 0 -18.6444)
(0 0 -18.5151)
(0 0 -18.1947)
(0 0 -17.8323)
(0 0 -17.3629)
(0 0 -14.3331)
(0 0 -12.1425)
(0 0 23.6206)
(0 0 12.5564)
(0 0 7.19026)
(0 0 5.05714)
(0 0 -2.05609)
(0 0 -8.56752)
(0 0 -14.0895)
(0 0 -19.3323)
(0 0 -24.1675)
(0 0 -28.3825)
(0 0 -31.9647)
(0 0 -34.9645)
(0 0 -37.435)
(0 0 -39.4356)
(0 0 -41.0317)
(0 0 -42.2887)
(0 0 -43.2669)
(0 0 -44.02)
(0 0 -44.5938)
(0 0 -45.027)
(0 0 -45.3511)
(0 0 -45.5915)
(0 0 -45.7685)
(0 0 -45.8978)
(0 0 -45.9916)
(0 0 -46.0592)
(0 0 -46.1076)
(0 0 -46.142)
(0 0 -46.1663)
(0 0 -46.1834)
(0 0 -46.1954)
(0 0 -46.2037)
(0 0 -46.2095)
(0 0 -46.2135)
(0 0 -46.2162)
(0 0 -46.218)
(0 0 -46.2193)
(0 0 -46.2201)
(0 0 -46.2207)
(0 0 -46.2211)
(0 0 -46.2213)
(0 0 -46.2215)
(0 0 -46.2216)
(0 0 -46.2217)
(0 0 -46.2218)
(0 0 -46.2218)
(0 0 -46.2218)
(0 0 -46.2218)
(0 0 -46.2218)
(0 0 -46.2218)
(0 0 -46.2218)
(0 0 -46.2218)
(0 0 -46.2218)
(0 0 -46.2218)
(0 0 -46.2218)
(0 0 -46.2218)
(0 0 -46.2218)
(0 0 -46.2218)
(0 0 -46.2218)
(0 0 -46.2218)
(0 0 -46.2218)
(0 0 -46.2218)
(0 0 -46.2218)
(0 0 -46.2218)
(0 0 -46.2218)
(0 0 -46.2218)
(0 0 -46.2218)
(0 0 -46.2218)
(0 0 -46.2218)
(0 0 -46.2218)
(0 0 -46.2217)
(0 0 -46.2217)
(0 0 -46.2216)
(0 0 -46.2216)
(0 0 -46.2215)
(0 0 -46.2214)
(0 0 -46.2212)
(0 0 -46.221)
(0 0 -46.2207)
(0 0 -46.2203)
(0 0 -46.2197)
(0 0 -46.2189)
(0 0 -46.2177)
(0 0 -46.216)
(0 0 -46.2136)
(0 0 -46.21)
(0 0 -46.2045)
(0 0 -46.1963)
(0 0 -46.1838)
(0 0 -46.1646)
(0 0 -46.1343)
(0 0 -46.0842)
(0 0 -46.0053)
(0 0 -45.8954)
(0 0 -45.7075)
(0 0 -45.3067)
(0 0 -44.7996)
(0 0 -44.1286)
(0 0 -41.4755)
(0 0 -39.3628)
(0 0 20.9616)
(0 0 6.81234)
(0 0 -2.14207)
(0 0 -7.4495)
(0 0 -16.7129)
(0 0 -25.1136)
(0 0 -32.2737)
(0 0 -38.8098)
(0 0 -44.6761)
(0 0 -49.7365)
(0 0 -54.015)
(0 0 -57.5861)
(0 0 -60.5237)
(0 0 -62.9046)
(0 0 -64.8085)
(0 0 -66.3124)
(0 0 -67.4868)
(0 0 -68.3943)
(0 0 -69.0885)
(0 0 -69.6144)
(0 0 -70.0094)
(0 0 -70.3034)
(0 0 -70.5206)
(0 0 -70.6798)
(0 0 -70.7957)
(0 0 -70.8794)
(0 0 -70.9395)
(0 0 -70.9823)
(0 0 -71.0127)
(0 0 -71.0341)
(0 0 -71.0491)
(0 0 -71.0596)
(0 0 -71.0668)
(0 0 -71.0718)
(0 0 -71.0752)
(0 0 -71.0776)
(0 0 -71.0792)
(0 0 -71.0803)
(0 0 -71.081)
(0 0 -71.0815)
(0 0 -71.0818)
(0 0 -71.082)
(0 0 -71.0822)
(0 0 -71.0823)
(0 0 -71.0823)
(0 0 -71.0824)
(0 0 -71.0824)
(0 0 -71.0824)
(0 0 -71.0824)
(0 0 -71.0824)
(0 0 -71.0824)
(0 0 -71.0824)
(0 0 -71.0825)
(0 0 -71.0825)
(0 0 -71.0825)
(0 0 -71.0825)
(0 0 -71.0825)
(0 0 -71.0825)
(0 0 -71.0824)
(0 0 -71.0824)
(0 0 -71.0824)
(0 0 -71.0824)
(0 0 -71.0824)
(0 0 -71.0824)
(0 0 -71.0824)
(0 0 -71.0824)
(0 0 -71.0824)
(0 0 -71.0824)
(0 0 -71.0824)
(0 0 -71.0823)
(0 0 -71.0823)
(0 0 -71.0823)
(0 0 -71.0822)
(0 0 -71.0822)
(0 0 -71.0821)
(0 0 -71.0819)
(0 0 -71.0817)
(0 0 -71.0815)
(0 0 -71.0811)
(0 0 -71.0806)
(0 0 -71.0798)
(0 0 -71.0788)
(0 0 -71.0774)
(0 0 -71.0752)
(0 0 -71.0722)
(0 0 -71.0676)
(0 0 -71.0608)
(0 0 -71.0503)
(0 0 -71.0343)
(0 0 -71.0096)
(0 0 -70.9706)
(0 0 -70.907)
(0 0 -70.8067)
(0 0 -70.6619)
(0 0 -70.421)
(0 0 -69.9503)
(0 0 -69.3176)
(0 0 -68.4608)
(0 0 -66.113)
(0 0 -63.8343)
(0 0 18.113)
(0 0 1.52276)
(0 0 -10.4778)
(0 0 -18.3396)
(0 0 -29.1605)
(0 0 -38.9028)
(0 0 -47.182)
(0 0 -54.5573)
(0 0 -61.0681)
(0 0 -66.6497)
(0 0 -71.3567)
(0 0 -75.2812)
(0 0 -78.5113)
(0 0 -81.1345)
(0 0 -83.2383)
(0 0 -84.9058)
(0 0 -86.2128)
(0 0 -87.2266)
(0 0 -88.0049)
(0 0 -88.5968)
(0 0 -89.0428)
(0 0 -89.376)
(0 0 -89.6229)
(0 0 -89.8044)
(0 0 -89.9369)
(0 0 -90.0329)
(0 0 -90.1019)
(0 0 -90.1513)
(0 0 -90.1864)
(0 0 -90.2112)
(0 0 -90.2285)
(0 0 -90.2407)
(0 0 -90.2491)
(0 0 -90.255)
(0 0 -90.259)
(0 0 -90.2617)
(0 0 -90.2636)
(0 0 -90.2648)
(0 0 -90.2657)
(0 0 -90.2663)
(0 0 -90.2667)
(0 0 -90.2669)
(0 0 -90.2671)
(0 0 -90.2672)
(0 0 -90.2673)
(0 0 -90.2673)
(0 0 -90.2674)
(0 0 -90.2674)
(0 0 -90.2674)
(0 0 -90.2674)
(0 0 -90.2674)
(0 0 -90.2674)
(0 0 -90.2674)
(0 0 -90.2674)
(0 0 -90.2674)
(0 0 -90.2674)
(0 0 -90.2674)
(0 0 -90.2674)
(0 0 -90.2674)
(0 0 -90.2674)
(0 0 -90.2674)
(0 0 -90.2674)
(0 0 -90.2674)
(0 0 -90.2674)
(0 0 -90.2674)
(0 0 -90.2674)
(0 0 -90.2674)
(0 0 -90.2673)
(0 0 -90.2673)
(0 0 -90.2673)
(0 0 -90.2673)
(0 0 -90.2672)
(0 0 -90.2672)
(0 0 -90.2671)
(0 0 -90.267)
(0 0 -90.2668)
(0 0 -90.2666)
(0 0 -90.2663)
(0 0 -90.2659)
(0 0 -90.2653)
(0 0 -90.2644)
(0 0 -90.2632)
(0 0 -90.2616)
(0 0 -90.2591)
(0 0 -90.2555)
(0 0 -90.2502)
(0 0 -90.2422)
(0 0 -90.2299)
(0 0 -90.211)
(0 0 -90.1817)
(0 0 -90.1352)
(0 0 -90.0601)
(0 0 -89.9418)
(0 0 -89.7674)
(0 0 -89.481)
(0 0 -88.9522)
(0 0 -88.2181)
(0 0 -87.2066)
(0 0 -85.0929)
(0 0 -82.5303)
(0 0 15.3186)
(0 0 -2.29626)
(0 0 -16.1762)
(0 0 -25.5379)
(0 0 -37.0283)
(0 0 -47.3181)
(0 0 -56.0051)
(0 0 -63.6257)
(0 0 -70.2941)
(0 0 -75.9971)
(0 0 -80.8062)
(0 0 -84.8206)
(0 0 -88.1333)
(0 0 -90.8331)
(0 0 -93.0072)
(0 0 -94.7381)
(0 0 -96.1009)
(0 0 -97.1625)
(0 0 -97.9812)
(0 0 -98.6063)
(0 0 -99.0792)
(0 0 -99.4339)
(0 0 -99.6976)
(0 0 -99.8921)
(0 0 -100.035)
(0 0 -100.138)
(0 0 -100.213)
(0 0 -100.266)
(0 0 -100.304)
(0 0 -100.331)
(0 0 -100.35)
(0 0 -100.364)
(0 0 -100.373)
(0 0 -100.379)
(0 0 -100.384)
(0 0 -100.387)
(0 0 -100.389)
(0 0 -100.39)
(0 0 -100.391)
(0 0 -100.392)
(0 0 -100.392)
(0 0 -100.392)
(0 0 -100.393)
(0 0 -100.393)
(0 0 -100.393)
(0 0 -100.393)
(0 0 -100.393)
(0 0 -100.393)
(0 0 -100.393)
(0 0 -100.393)
(0 0 -100.393)
(0 0 -100.393)
(0 0 -100.393)
(0 0 -100.393)
(0 0 -100.393)
(0 0 -100.393)
(0 0 -100.393)
(0 0 -100.393)
(0 0 -100.393)
(0 0 -100.393)
(0 0 -100.393)
(0 0 -100.393)
(0 0 -100.393)
(0 0 -100.393)
(0 0 -100.393)
(0 0 -100.393)
(0 0 -100.393)
(0 0 -100.393)
(0 0 -100.393)
(0 0 -100.393)
(0 0 -100.393)
(0 0 -100.393)
(0 0 -100.393)
(0 0 -100.393)
(0 0 -100.392)
(0 0 -100.392)
(0 0 -100.392)
(0 0 -100.392)
(0 0 -100.391)
(0 0 -100.391)
(0 0 -100.39)
(0 0 -100.388)
(0 0 -100.387)
(0 0 -100.384)
(0 0 -100.38)
(0 0 -100.374)
(0 0 -100.365)
(0 0 -100.352)
(0 0 -100.33)
(0 0 -100.297)
(0 0 -100.245)
(0 0 -100.161)
(0 0 -100.029)
(0 0 -99.831)
(0 0 -99.5085)
(0 0 -98.9356)
(0 0 -98.1286)
(0 0 -97.0228)
(0 0 -95.1554)
(0 0 -92.4338)
(0 0 12.8649)
(0 0 -3.69107)
(0 0 -17.6115)
(0 0 -27.1072)
(0 0 -38.1859)
(0 0 -48.0351)
(0 0 -56.2728)
(0 0 -63.4481)
(0 0 -69.7191)
(0 0 -75.0909)
(0 0 -79.6333)
(0 0 -83.4409)
(0 0 -86.5995)
(0 0 -89.189)
(0 0 -91.287)
(0 0 -92.9674)
(0 0 -94.2985)
(0 0 -95.3415)
(0 0 -96.1502)
(0 0 -96.771)
(0 0 -97.2429)
(0 0 -97.5985)
(0 0 -97.8641)
(0 0 -98.0608)
(0 0 -98.2053)
(0 0 -98.3107)
(0 0 -98.387)
(0 0 -98.4419)
(0 0 -98.4811)
(0 0 -98.5089)
(0 0 -98.5286)
(0 0 -98.5423)
(0 0 -98.5519)
(0 0 -98.5586)
(0 0 -98.5632)
(0 0 -98.5664)
(0 0 -98.5685)
(0 0 -98.57)
(0 0 -98.571)
(0 0 -98.5716)
(0 0 -98.5721)
(0 0 -98.5724)
(0 0 -98.5726)
(0 0 -98.5727)
(0 0 -98.5728)
(0 0 -98.5729)
(0 0 -98.5729)
(0 0 -98.5729)
(0 0 -98.573)
(0 0 -98.573)
(0 0 -98.573)
(0 0 -98.573)
(0 0 -98.573)
(0 0 -98.573)
(0 0 -98.573)
(0 0 -98.573)
(0 0 -98.573)
(0 0 -98.573)
(0 0 -98.573)
(0 0 -98.573)
(0 0 -98.573)
(0 0 -98.573)
(0 0 -98.573)
(0 0 -98.573)
(0 0 -98.573)
(0 0 -98.5729)
(0 0 -98.5729)
(0 0 -98.5729)
(0 0 -98.5729)
(0 0 -98.5729)
(0 0 -98.5728)
(0 0 -98.5728)
(0 0 -98.5727)
(0 0 -98.5726)
(0 0 -98.5725)
(0 0 -98.5723)
(0 0 -98.5721)
(0 0 -98.5717)
(0 0 -98.5713)
(0 0 -98.5706)
(0 0 -98.5697)
(0 0 -98.5683)
(0 0 -98.5664)
(0 0 -98.5637)
(0 0 -98.5596)
(0 0 -98.5534)
(0 0 -98.544)
(0 0 -98.5295)
(0 0 -98.5069)
(0 0 -98.4715)
(0 0 -98.4152)
(0 0 -98.3246)
(0 0 -98.1824)
(0 0 -97.9686)
(0 0 -97.6214)
(0 0 -97.0194)
(0 0 -96.1661)
(0 0 -95.0395)
(0 0 -93.5041)
(0 0 -91.0475)
(0 0 10.7642)
(0 0 -2.18628)
(0 0 -13.807)
(0 0 -22.0428)
(0 0 -31.5845)
(0 0 -39.8896)
(0 0 -46.7512)
(0 0 -52.7652)
(0 0 -58.068)
(0 0 -62.639)
(0 0 -66.5308)
(0 0 -69.8219)
(0 0 -72.5792)
(0 0 -74.8622)
(0 0 -76.7297)
(0 0 -78.2394)
(0 0 -79.4457)
(0 0 -80.3989)
(0 0 -81.1438)
(0 0 -81.7198)
(0 0 -82.1607)
(0 0 -82.4951)
(0 0 -82.7463)
(0 0 -82.9334)
(0 0 -83.0716)
(0 0 -83.1729)
(0 0 -83.2466)
(0 0 -83.2998)
(0 0 -83.3379)
(0 0 -83.3651)
(0 0 -83.3844)
(0 0 -83.3979)
(0 0 -83.4074)
(0 0 -83.414)
(0 0 -83.4186)
(0 0 -83.4217)
(0 0 -83.4239)
(0 0 -83.4253)
(0 0 -83.4263)
(0 0 -83.427)
(0 0 -83.4275)
(0 0 -83.4278)
(0 0 -83.428)
(0 0 -83.4281)
(0 0 -83.4282)
(0 0 -83.4282)
(0 0 -83.4283)
(0 0 -83.4283)
(0 0 -83.4283)
(0 0 -83.4283)
(0 0 -83.4283)
(0 0 -83.4283)
(0 0 -83.4283)
(0 0 -83.4283)
(0 0 -83.4283)
(0 0 -83.4283)
(0 0 -83.4283)
(0 0 -83.4283)
(0 0 -83.4283)
(0 0 -83.4283)
(0 0 -83.4283)
(0 0 -83.4283)
(0 0 -83.4283)
(0 0 -83.4283)
(0 0 -83.4283)
(0 0 -83.4283)
(0 0 -83.4283)
(0 0 -83.4283)
(0 0 -83.4283)
(0 0 -83.4282)
(0 0 -83.4282)
(0 0 -83.4282)
(0 0 -83.4281)
(0 0 -83.428)
(0 0 -83.4279)
(0 0 -83.4277)
(0 0 -83.4275)
(0 0 -83.4271)
(0 0 -83.4267)
(0 0 -83.426)
(0 0 -83.4251)
(0 0 -83.4238)
(0 0 -83.422)
(0 0 -83.4192)
(0 0 -83.4151)
(0 0 -83.4089)
(0 0 -83.3993)
(0 0 -83.3845)
(0 0 -83.3613)
(0 0 -83.3248)
(0 0 -83.2665)
(0 0 -83.1725)
(0 0 -83.0249)
(0 0 -82.8027)
(0 0 -82.4455)
(0 0 -81.8321)
(0 0 -80.9475)
(0 0 -79.8506)
(0 0 -78.7762)
(0 0 -77.1953)
(0 0 8.66811)
(0 0 1.54649)
(0 0 -5.73852)
(0 0 -11.525)
(0 0 -18.3541)
(0 0 -23.9815)
(0 0 -28.5672)
(0 0 -32.6998)
(0 0 -36.4149)
(0 0 -39.6458)
(0 0 -42.4252)
(0 0 -44.8086)
(0 0 -46.8346)
(0 0 -48.5352)
(0 0 -49.944)
(0 0 -51.0964)
(0 0 -52.0276)
(0 0 -52.7709)
(0 0 -53.3573)
(0 0 -53.8148)
(0 0 -54.168)
(0 0 -54.4377)
(0 0 -54.6418)
(0 0 -54.7948)
(0 0 -54.9085)
(0 0 -54.9923)
(0 0 -55.0536)
(0 0 -55.0981)
(0 0 -55.1301)
(0 0 -55.153)
(0 0 -55.1693)
(0 0 -55.1808)
(0 0 -55.1889)
(0 0 -55.1946)
(0 0 -55.1985)
(0 0 -55.2012)
(0 0 -55.203)
(0 0 -55.2043)
(0 0 -55.2052)
(0 0 -55.2058)
(0 0 -55.2061)
(0 0 -55.2064)
(0 0 -55.2066)
(0 0 -55.2067)
(0 0 -55.2068)
(0 0 -55.2068)
(0 0 -55.2069)
(0 0 -55.2069)
(0 0 -55.2069)
(0 0 -55.2069)
(0 0 -55.2069)
(0 0 -55.2069)
(0 0 -55.2069)
(0 0 -55.2069)
(0 0 -55.2069)
(0 0 -55.2069)
(0 0 -55.2069)
(0 0 -55.2069)
(0 0 -55.2069)
(0 0 -55.2069)
(0 0 -55.2069)
(0 0 -55.2069)
(0 0 -55.2069)
(0 0 -55.2069)
(0 0 -55.2069)
(0 0 -55.2069)
(0 0 -55.2069)
(0 0 -55.2069)
(0 0 -55.2069)
(0 0 -55.2068)
(0 0 -55.2068)
(0 0 -55.2068)
(0 0 -55.2067)
(0 0 -55.2067)
(0 0 -55.2065)
(0 0 -55.2064)
(0 0 -55.2062)
(0 0 -55.2059)
(0 0 -55.2055)
(0 0 -55.205)
(0 0 -55.2042)
(0 0 -55.2031)
(0 0 -55.2015)
(0 0 -55.1991)
(0 0 -55.1955)
(0 0 -55.1901)
(0 0 -55.1817)
(0 0 -55.1685)
(0 0 -55.1477)
(0 0 -55.115)
(0 0 -55.0627)
(0 0 -54.9781)
(0 0 -54.8444)
(0 0 -54.6446)
(0 0 -54.3298)
(0 0 -53.7867)
(0 0 -52.9659)
(0 0 -51.9797)
(0 0 -51.4035)
(0 0 -50.9533)
(0 0 5.23703)
(0 0 4.23348)
(0 0 1.84488)
(0 0 -0.418884)
(0 0 -3.11246)
(0 0 -5.09213)
(0 0 -6.69862)
(0 0 -8.23474)
(0 0 -9.64413)
(0 0 -10.8725)
(0 0 -11.9393)
(0 0 -12.8687)
(0 0 -13.6707)
(0 0 -14.3523)
(0 0 -14.9234)
(0 0 -15.3953)
(0 0 -15.7803)
(0 0 -16.0904)
(0 0 -16.337)
(0 0 -16.5307)
(0 0 -16.6813)
(0 0 -16.797)
(0 0 -16.885)
(0 0 -16.9513)
(0 0 -17.0008)
(0 0 -17.0375)
(0 0 -17.0644)
(0 0 -17.084)
(0 0 -17.0982)
(0 0 -17.1083)
(0 0 -17.1156)
(0 0 -17.1207)
(0 0 -17.1244)
(0 0 -17.1269)
(0 0 -17.1286)
(0 0 -17.1299)
(0 0 -17.1307)
(0 0 -17.1313)
(0 0 -17.1317)
(0 0 -17.1319)
(0 0 -17.1321)
(0 0 -17.1322)
(0 0 -17.1323)
(0 0 -17.1324)
(0 0 -17.1324)
(0 0 -17.1324)
(0 0 -17.1324)
(0 0 -17.1325)
(0 0 -17.1325)
(0 0 -17.1325)
(0 0 -17.1325)
(0 0 -17.1325)
(0 0 -17.1325)
(0 0 -17.1325)
(0 0 -17.1325)
(0 0 -17.1325)
(0 0 -17.1325)
(0 0 -17.1325)
(0 0 -17.1325)
(0 0 -17.1325)
(0 0 -17.1325)
(0 0 -17.1325)
(0 0 -17.1325)
(0 0 -17.1325)
(0 0 -17.1325)
(0 0 -17.1325)
(0 0 -17.1325)
(0 0 -17.1325)
(0 0 -17.1324)
(0 0 -17.1324)
(0 0 -17.1324)
(0 0 -17.1324)
(0 0 -17.1324)
(0 0 -17.1323)
(0 0 -17.1323)
(0 0 -17.1322)
(0 0 -17.1321)
(0 0 -17.132)
(0 0 -17.1318)
(0 0 -17.1316)
(0 0 -17.1312)
(0 0 -17.1307)
(0 0 -17.13)
(0 0 -17.1289)
(0 0 -17.1272)
(0 0 -17.1247)
(0 0 -17.1207)
(0 0 -17.1145)
(0 0 -17.1047)
(0 0 -17.0893)
(0 0 -17.0649)
(0 0 -17.0253)
(0 0 -16.9623)
(0 0 -16.8696)
(0 0 -16.7296)
(0 0 -16.4832)
(0 0 -16.0717)
(0 0 -15.5282)
(0 0 -15.2929)
(0 0 -15.3859)
)
;

boundaryField
{
    inlet
    {
        type            extrapolatedCalculated;
        value           nonuniform List<vector> 
40
(
(0 0 5.23735)
(0 0 8.66832)
(0 0 10.7637)
(0 0 12.8637)
(0 0 15.3178)
(0 0 18.1127)
(0 0 20.9616)
(0 0 23.6207)
(0 0 25.9284)
(0 0 27.7963)
(0 0 29.2073)
(0 0 30.1955)
(0 0 30.8275)
(0 0 31.1816)
(0 0 31.3356)
(0 0 31.3586)
(0 0 31.3075)
(0 0 31.2264)
(0 0 31.1466)
(0 0 31.0965)
(0 0 31.0965)
(0 0 31.1466)
(0 0 31.2265)
(0 0 31.3076)
(0 0 31.3587)
(0 0 31.3357)
(0 0 31.1817)
(0 0 30.8275)
(0 0 30.1955)
(0 0 29.2072)
(0 0 27.7961)
(0 0 25.9282)
(0 0 23.6206)
(0 0 20.9616)
(0 0 18.113)
(0 0 15.3186)
(0 0 12.8649)
(0 0 10.7642)
(0 0 8.66811)
(0 0 5.23703)
)
;
    }
    outlet
    {
        type            extrapolatedCalculated;
        value           nonuniform List<vector> 
40
(
(0 0 -15.386)
(0 0 -50.9536)
(0 0 -77.1957)
(0 0 -91.048)
(0 0 -92.4344)
(0 0 -82.531)
(0 0 -63.835)
(0 0 -39.3635)
(0 0 -12.1432)
(0 0 14.9566)
(0 0 39.5261)
(0 0 59.419)
(0 0 74.5285)
(0 0 85.6056)
(0 0 93.5857)
(0 0 99.2702)
(0 0 103.255)
(0 0 105.951)
(0 0 107.62)
(0 0 108.419)
(0 0 108.419)
(0 0 107.62)
(0 0 105.951)
(0 0 103.255)
(0 0 99.2703)
(0 0 93.5859)
(0 0 85.6059)
(0 0 74.5289)
(0 0 59.4194)
(0 0 39.5266)
(0 0 14.9573)
(0 0 -12.1425)
(0 0 -39.3628)
(0 0 -63.8343)
(0 0 -82.5303)
(0 0 -92.4338)
(0 0 -91.0475)
(0 0 -77.1953)
(0 0 -50.9533)
(0 0 -15.3859)
)
;
    }
    lowerWall
    {
        type            extrapolatedCalculated;
        value           nonuniform List<vector> 
100
(
(0 0 5.23735)
(0 0 4.23484)
(0 0 1.84684)
(0 0 -0.41541)
(0 0 -3.10681)
(0 0 -5.08862)
(0 0 -6.69396)
(0 0 -8.23099)
(0 0 -9.64315)
(0 0 -10.8701)
(0 0 -11.9387)
(0 0 -12.8672)
(0 0 -13.6664)
(0 0 -14.3473)
(0 0 -14.9196)
(0 0 -15.3908)
(0 0 -15.7763)
(0 0 -16.0875)
(0 0 -16.3352)
(0 0 -16.5291)
(0 0 -16.6792)
(0 0 -16.7952)
(0 0 -16.8835)
(0 0 -16.9502)
(0 0 -16.9999)
(0 0 -17.0367)
(0 0 -17.0638)
(0 0 -17.0835)
(0 0 -17.0978)
(0 0 -17.1081)
(0 0 -17.1154)
(0 0 -17.1206)
(0 0 -17.1242)
(0 0 -17.1268)
(0 0 -17.1286)
(0 0 -17.1298)
(0 0 -17.1307)
(0 0 -17.1312)
(0 0 -17.1316)
(0 0 -17.1319)
(0 0 -17.1321)
(0 0 -17.1322)
(0 0 -17.1323)
(0 0 -17.1324)
(0 0 -17.1324)
(0 0 -17.1324)
(0 0 -17.1324)
(0 0 -17.1325)
(0 0 -17.1325)
(0 0 -17.1325)
(0 0 -17.1325)
(0 0 -17.1325)
(0 0 -17.1325)
(0 0 -17.1325)
(0 0 -17.1325)
(0 0 -17.1325)
(0 0 -17.1325)
(0 0 -17.1325)
(0 0 -17.1325)
(0 0 -17.1325)
(0 0 -17.1325)
(0 0 -17.1325)
(0 0 -17.1325)
(0 0 -17.1325)
(0 0 -17.1325)
(0 0 -17.1325)
(0 0 -17.1325)
(0 0 -17.1325)
(0 0 -17.1325)
(0 0 -17.1325)
(0 0 -17.1325)
(0 0 -17.1324)
(0 0 -17.1324)
(0 0 -17.1324)
(0 0 -17.1323)
(0 0 -17.1323)
(0 0 -17.1322)
(0 0 -17.1321)
(0 0 -17.1319)
(0 0 -17.1316)
(0 0 -17.1313)
(0 0 -17.1308)
(0 0 -17.1301)
(0 0 -17.129)
(0 0 -17.1273)
(0 0 -17.1247)
(0 0 -17.1208)
(0 0 -17.1146)
(0 0 -17.1048)
(0 0 -17.0894)
(0 0 -17.065)
(0 0 -17.0254)
(0 0 -16.9624)
(0 0 -16.8697)
(0 0 -16.7297)
(0 0 -16.4832)
(0 0 -16.0718)
(0 0 -15.5283)
(0 0 -15.2929)
(0 0 -15.386)
)
;
    }
    upperWall
    {
        type            extrapolatedCalculated;
        value           nonuniform List<vector> 
100
(
(0 0 5.23703)
(0 0 4.23348)
(0 0 1.84488)
(0 0 -0.418884)
(0 0 -3.11246)
(0 0 -5.09213)
(0 0 -6.69862)
(0 0 -8.23474)
(0 0 -9.64413)
(0 0 -10.8725)
(0 0 -11.9393)
(0 0 -12.8687)
(0 0 -13.6707)
(0 0 -14.3523)
(0 0 -14.9234)
(0 0 -15.3953)
(0 0 -15.7803)
(0 0 -16.0904)
(0 0 -16.337)
(0 0 -16.5307)
(0 0 -16.6813)
(0 0 -16.797)
(0 0 -16.885)
(0 0 -16.9513)
(0 0 -17.0008)
(0 0 -17.0375)
(0 0 -17.0644)
(0 0 -17.084)
(0 0 -17.0982)
(0 0 -17.1083)
(0 0 -17.1156)
(0 0 -17.1207)
(0 0 -17.1244)
(0 0 -17.1269)
(0 0 -17.1286)
(0 0 -17.1299)
(0 0 -17.1307)
(0 0 -17.1313)
(0 0 -17.1317)
(0 0 -17.1319)
(0 0 -17.1321)
(0 0 -17.1322)
(0 0 -17.1323)
(0 0 -17.1324)
(0 0 -17.1324)
(0 0 -17.1324)
(0 0 -17.1324)
(0 0 -17.1325)
(0 0 -17.1325)
(0 0 -17.1325)
(0 0 -17.1325)
(0 0 -17.1325)
(0 0 -17.1325)
(0 0 -17.1325)
(0 0 -17.1325)
(0 0 -17.1325)
(0 0 -17.1325)
(0 0 -17.1325)
(0 0 -17.1325)
(0 0 -17.1325)
(0 0 -17.1325)
(0 0 -17.1325)
(0 0 -17.1325)
(0 0 -17.1325)
(0 0 -17.1325)
(0 0 -17.1325)
(0 0 -17.1325)
(0 0 -17.1325)
(0 0 -17.1324)
(0 0 -17.1324)
(0 0 -17.1324)
(0 0 -17.1324)
(0 0 -17.1324)
(0 0 -17.1323)
(0 0 -17.1323)
(0 0 -17.1322)
(0 0 -17.1321)
(0 0 -17.132)
(0 0 -17.1318)
(0 0 -17.1316)
(0 0 -17.1312)
(0 0 -17.1307)
(0 0 -17.13)
(0 0 -17.1289)
(0 0 -17.1272)
(0 0 -17.1247)
(0 0 -17.1207)
(0 0 -17.1145)
(0 0 -17.1047)
(0 0 -17.0893)
(0 0 -17.0649)
(0 0 -17.0253)
(0 0 -16.9623)
(0 0 -16.8696)
(0 0 -16.7296)
(0 0 -16.4832)
(0 0 -16.0717)
(0 0 -15.5282)
(0 0 -15.2929)
(0 0 -15.3859)
)
;
    }
    frontAndBack
    {
        type            empty;
    }
}


// ************************************************************************* //
