/*--------------------------------*- C++ -*----------------------------------*\
| =========                 |                                                 |
| \\      /  F ield         | foam-extend: Open Source CFD                    |
|  \\    /   O peration     | Version:     5.0                                |
|   \\  /    A nd           | Web:         http://www.foam-extend.org         |
|    \\/     M anipulation  |                                                 |
\*---------------------------------------------------------------------------*/
FoamFile
{
    version     2.0;
    format      ascii;
    class       volScalarField;
    location    "0.055";
    object      alpha1;
}
// * * * * * * * * * * * * * * * * * * * * * * * * * * * * * * * * * * * * * //

dimensions      [0 0 0 0 0 0 0];

internalField   nonuniform List<scalar> 
4000
(
1
1
0.996319
0.958074
0.806809
0.999954
0.999953
1
0.289109
1
1
0.486706
0.99993
0.99993
0.999926
0.992843
0.893783
0.885348
0.754793
1
0.0233962
0.999912
0.999912
1
0
0.999913
0.999918
1
0
0.999925
1
0.769388
0.594105
1
0.880392
0.466035
1
1
0.192374
0.999966
0.999972
1
0
1
0
0.922122
0.940734
0.976974
1
0.591884
0
1
0.515093
1
0
0.998639
0.997892
0.808971
1
0
0.999997
0.999998
0.998252
0.996569
1
0
1
1
0.97952
0.412668
1
1
1
1
1
1
1
0.880054
0.865717
1
0
1
0.876618
0
1
1
0
1
0.249894
1
0
1
0
0.995067
1
1
1
0.172165
0
1
0.999957
0.999908
0.999914
1
0
0.999896
0.9999
1
0
0.750776
1
0
0.995848
0.955955
0.957628
1
0
0.985258
1
0
0.96044
0.999826
1
0.200465
0
0.99763
0.594325
1
0
0.99948
1
0.0864351
0
1
0.805361
0
1
1
0.0408989
1
0.137963
0.691852
0.00677666
0
0.00882252
0.956842
0.969515
1
0.00463281
0.392364
0
1
0.0431277
0.409748
0
0.99999
0.976565
1
0
0.00996655
0
0.998972
0.988485
0.828017
1
0
1
1
0.969504
1
0
1
1
1
1
0.281311
0
1
0.992521
1
0.255224
0.0754913
1
0
1
1
0
1
1
1
0
1
0
0.980681
1
0
1
0
0
0.940269
0.999953
0.999914
0.999919
1
1
0
0.999898
0.999892
0.976754
1
0
0.999868
0.987176
0.975823
0.579616
1
0.609483
0
0.999836
1
0.988011
0.999841
1
0.362083
0
0.589636
1
0
0.999154
0.992932
1
0
1
0
1
0
0.981923
0.874038
1
0
1
0
0
0
0.998962
0.969458
0
1
0.00289367
0
0.999984
1
0.0296234
0
0.730335
0.93681
0.148076
1
0.108331
0.0257639
0
0.99828
0.972369
1
1
0
1
1
1
0.183706
0.537589
0
0.961224
0.059101
1
0
1
0
1
1
0
0.91867
0
1
0
1
0
0
0.998782
1
0.24364
0
0.535039
1
1
0.149119
0
0.991375
1
0
1
0.99975
1
1
0
1
0
0.999901
0.999899
1
0
0.999881
1
0
1
1
0.730958
0
0.241659
0.999858
1
0.928136
1
0
0.96018
1
0
0
0.989442
1
0.782747
0
0.998872
1
0.515578
0
0
1
0.339127
1
1
0.00665865
0.356221
0
0.99687
0.999978
1
0
0
0
0.884527
1
0
0
0.992002
0.699025
1
1
0
0.493208
1
0
0.918355
1
1
0
1
1
0.611234
0.99986
1
0
1
1
0.328587
0
1
1
0.931999
0.448218
1
0
0
0
1
0
1
1
1
0.419421
1
0
1
0
0
0.896144
1
1
0
1
0
0.999931
0.999929
1
0.560295
0
0
0.999904
0.927084
1
0
1
0
1
1
0
0.999865
0.340386
1
0
0.999871
0.999876
1
0
0.952876
1
0
0
0.999879
1
0
0
0.999894
1
0.998836
0.988582
1
0
0.999945
1
0.0148778
0.595429
0
1
0
0
1
1
0
0.986554
1
0
1
0
0.996732
1
1
0
0.995826
0.858758
0.669356
0.989061
1
1
0.171716
0.224221
0
1
0
1
0.972817
1
0
1
1
0
0.703285
1
0
0.844311
1
0
1
1
0
1
0
1
0.998423
1
0
1
0
1
0
1
1
1
0
1
0
0
0.999933
0.999928
1
1
0
0
1
0.00743885
0
0
1
0
0
0.999868
0.999885
1
1
0
0.997657
0.990818
0.999886
1
0.813848
0
0
0.999886
0.999899
1
0.168151
0.173361
0
0
0.64019
1
0
0
0.855997
1
0
0
1
0
1
0.495322
0
1
0
1
0
0
1
0
0.999992
1
0
1
0.999704
1
0
0.999998
1
0.17051
0
1
1
0
1
0.999002
0.998901
0.897125
1
0
1
0
0
0
1
0
0
1
1
0
1
1
1
0
0.77925
1
0
1
1
0
1
0.999846
0.921182
0
1
1
1
0.217853
0
0
0.999926
0.999924
1
0
0.999901
1
1
0
1
0
0
0
0.999897
1
0.7835
0
1
0.885347
0.540941
1
0.0364543
0
0.385645
0.999895
1
0.0492986
0
0.408324
1
0
0
0
1
0
0.281342
1
0.0773057
0
0
0.999971
1
0
0
1
0
0.991228
0.734434
1
0
1
0
1
0
0.997745
0.999995
1
0
0.999932
1
0
0
1
1
0.806015
0
0.999688
0.998178
0
0
1
0
1
0
0
1
1
0
0.661357
1
0
0
0.754226
1
0
1
0
0.152296
1
0
1
1
0
1
0
1
1
0.999973
1
0.75987
1
0
0.999924
1
1
0
0.300696
0
0.385603
1
1
0
0.351895
0
0.846389
1
0.654064
0
1
1
0
1
0.191958
0
0.999896
1
0
1
0.422192
1
1
0
0
0.111936
0
0.999953
1
0
1
0
0.999974
1
0.219988
0.221389
1
0
0.977747
1
0
0.999992
1
0
0.999837
1
1
0
1
0
1
0
1
0
1
1
1
0
1
1
1
0
0
1
0
1
0
0
1
0
1
1
0
1
0
1
0
1
1
0.92252
0
1
1
0
0.25188
1
0
1
0.381512
0.999973
1
0
0
1
0
0.999926
1
1
0
0.9128
1
0
0
1
0
0
1
1
0
0.999897
1
1
0.182592
1
0
0.999892
1
0
0.257837
0.962579
0.951438
1
0
1
0
0
0
0.961347
0
1
0
0.612423
0.999974
1
0
0.225361
0
1
0
1
0
1
1
0
0.997556
0.859001
1
1
0.454474
0
0.978262
1
1
0
0.990741
1
1
0
1
1
1
0
1
0
1
1
1
0
0
1
0
1
0
0
0
1
1
1
0
0
1
1
0.0582526
0
1
0
1
0
0.135155
0
1
0
0
0
1
0
0.999919
1
1
0
0.905927
1
0
0.926295
1
0
0.945633
0.626913
0.786422
1
0.892096
0.157926
1
0
1
0
1
0
1
0.899059
0
1
1
0.999938
0.22772
0.876827
0.0520794
0
1
1
0
1
0.918048
0
1
0
0.999985
1
1
0
0
1
1
1
0
0.987835
0
1
0
1
1
1
0
1
0
0.882966
1
1
0
0
1
1
0
1
0
0.973559
0
1
0
1
0
1
1
1
0.975592
0
1
0.789258
0
0
1
0
0
1
0.203731
0
0
1
0.79778
0
0.671012
1
1
1
0
1
0
0.999911
0.293123
1
0
0.999911
1
0
0.999928
1
0
0.70518
1
0.999914
0.164239
0
1
0.659625
0
1
0
0.985231
0.16588
0.848837
1
0
0.999943
0
1
0.369538
1
0.963066
0
1
1
0
0
1
0
0
0
0.075657
1
0
1
1
0
0.697555
0
0.999994
1
0.695947
0.82999
0.599237
1
0
1
0.167348
0.989413
0.959286
1
0
1
0
1
1
1
1
1
1
1
0
0.90306
0.299465
1
0
1
0
1
0.810552
1
0
0
1
0.230296
0.827218
0.33938
1
0
0
1
1
1
1
0.876575
0.999957
0.999951
0.999945
0.999938
0.999935
1
0.842783
0.999921
1
1
0
0.729747
0.663498
0.999934
1
0.788743
1
0
0
1
1
0.00964022
0.868264
0
0.765194
1
1
0.641419
0.968892
0
1
0
0
0.18086
1
0
0.392823
1
0
1
0
0.148084
0.461018
1
1
0
1
0.413962
0.270584
1
0
1
0
0.633601
0.999994
0.864554
0.989007
0
1
0
0.703015
1
0.989338
1
1
0.674923
1
0
0.958122
1
0
1
1
1
1
0
1
0.288001
0.564065
0.983304
0
1
1
1
1
0
1
1
0.332978
0.381327
1
0
1
0
1
1
0
0.641791
1
0.999964
0.999962
0.999956
0
0
0
0
0.284039
0.594028
0
0.795861
0.288714
0.590422
1
0.844631
0.488533
1
0
0.940532
0.46019
0
0.0638717
1
1
0
1
0
0
1
0.400167
0.999928
0
1
1
0
0
0
1
0.73459
1
0
0
1
0
1
0
1
0.533857
0.106009
0
0.818569
0.999993
0
0
0
1
0.999996
0.885138
0.983502
0
0.892632
1
0.969721
0.999989
0.999976
0.999996
0.486263
1
1
0.999283
0
1
0.987094
1
0.971188
0
1
0
1
0.584758
0
1
1
1
1
0.920425
0
1
0.394837
0.87535
0
1
1
0
1
0
0
0.990572
1
1
0
0
0
0
0
0.951685
1
1
0.929612
0.914883
0.39248
1
0.99851
0.999938
0
0.888871
1
1
0
1
0.998739
0
0
1
0
0
1
0.694236
0.832241
1
0.473414
1
0
1
1
1
0
1
0
0
0.929607
1
0
1
0
1
1
0.999992
0
1
0
1
0.938594
0.902255
0
1
0
1
0.499234
0
1
0.188825
1
1
0.999967
0
1
1
0
1
1
0
1
0.823409
0
0.573459
0.612414
1
0
1
0
1
1
0.989142
0
1
1
0
1
0.995401
0.980216
0
0
1
0.126443
1
1
0.831338
1
0
0
0.690197
0.940068
1
1
1
1
0.999954
0
1
1
0.921493
1
0
0.408993
1
0
0.468996
1
1
0.9999
0.968185
0
0.163693
1
0.120758
1
0
0
1
0
0.945665
0
0
1
1
0
1
1
0
1
0
1
0.999988
0.99999
0
1
0
1
0
0
0.436349
1
0.999996
0
0
1
0
0
0.234558
1
1
0
1
1
0
1
1
1
0
0.900861
1
1
1
0
1
1
0
0
1
0.999237
0
1
0
0
0
0
1
1
1
1
1
1
0
0.107878
1
1
1
1
0
1
1
1
0
1
0.999967
0.999965
0
0
0.847702
1
0.92884
0.994682
0
0
1
0
0
1
0
0.999922
0.999926
0.999741
0
0.769501
0
1
0
1
0
1
0
1
1
0
1
0
0.999984
0
1
0
0.71787
1
0.99999
0
1
0.582006
0
1
0.937349
0
0.0830767
1
0.999997
0.999997
0
0
0.940195
0.0501659
0
1
1
0
1
0.999586
0
1
1
0.620306
0
0.109989
1
0.999977
0.999912
0
1
0.318129
0
1
1
1
0.735159
0
1
1
0
0
0.817382
0
1
1
1
1
1
0
0
1
1
1
1
0.994499
1
0.999982
0.999977
0.999976
0.999974
0
0.550267
1
1
0.0454635
0.979559
0.985772
0
1
0
1
0
0.544264
1
1
0.999951
0.999951
0
0
1
0
0.963005
1
0
1
0
1
0.999978
0
1
1
0.999984
0
0
1
1
0.999993
0
1
0.999995
0.999996
0
1
0.999997
0
1
0
0
1
0.999998
0.999998
0
0.0707332
1
0.761374
0
0
1
1
1
0
1
1
0
0
1
0.999601
0
1
0
1
0.999934
0
1
0.79526
1
1
0
1
0
1
0
1
0
1
1
1
0.484722
1
1
0
1
1
1
0.999988
0.999988
0.999987
0
0.999983
0
1
0.999981
0
1
0.822239
1
0.997161
0.999975
0
0
0
1
0
1
0
1
0.999969
0.99997
0
0.828674
1
1
0
0.389512
1
0
1
0
0
1
0.999992
0
0
1
0.67041
1
0
0.444053
1
0.999997
0
1
1
0.999998
0.999998
0
0
1
1
0.999999
0.999999
0
1
0
1
0
1
0
1
1
0
0
1
1
0
0.937185
0
1
0
0.995474
1
1
0
1
1
0.929946
1
0
1
0
0.334545
1
1
0.621275
0
1
0
1
0
1
1
1
1
0.69442
0.995463
0.999992
0
1
0.99999
0
1
0.815115
0
0.744999
1
1
0.999988
0.999985
0
1
0
0
1
1
0.999979
0
1
0.999983
0.999984
0
0
1
0
1
0.699548
1
0
1
1
0.999996
0.999997
0
1
0.999997
0.999998
0
0
1
0.999999
0.999999
0
0
1
1
0.999999
0.999999
0.999999
0
1
0.999999
0.999999
1
0
1
1
1
0
1
0
1
1
0
0.318391
0.511635
1
1
1
0
1
1
1
0.587517
0
1
0
0.916063
0
1
0.976073
0.0796314
0.999999
0.377216
0
0.33307
0
1
0.999999
0
1
0
1
0.999999
0
0.975505
0.999797
0
1
0.999997
0
1
1
0.463393
0.488891
0
0
1
0.999996
0.999994
0
1
0.999981
0
0
1
0.824588
0
0.877026
1
0.999995
0.999996
0
0
1
1
0.999999
1
1
0
1
1
1
1
1
1
1
1
1
1
1
1
1
1
1
1
1
1
1
1
0
1
1
1
1
1
1
0
0.0276525
1
1
1
1
1
0
0
0
0.999999
0.567151
0.208638
0.999998
0.999998
0
1
0.998902
0
1
0
1
0.424832
0
1
0
1
1
1
0.999997
0
1
1
0.895881
0.999999
0.999999
0.999999
1
0.999998
1
1
1
1
1
1
0.884716
0
0.649084
0.941322
1
0
1
1
1
0
0.999998
0.999998
0
0
1
1
0
0.5903
1
1
1
0
0.171106
1
1
1
1
1
1
1
1
1
1
1
1
1
1
1
1
1
1
1
1
0
1
1
1
1
1
0
0
0
1
1
0
0.801318
1
0
1
0.999999
0
1
0.999999
0.999998
0.999998
0
1
1
0.999996
0
0
1
0.999995
0.999995
0
0.150863
1
0.999993
0
1
0.246779
1
0.999994
0.999995
0.999994
0
1
1
0.999997
0.999998
0.999999
0
0.18208
1
0.99991
1
1
1
1
1
0
1
0.793024
1
0.757356
0.923189
0
0
0
1
1
1
1
1
0
0
1
0
0
1
1
1
1
1
1
1
1
1
1
1
1
1
1
1
1
1
1
1
1
1
1
1
1
1
0
0
0.174835
1
0
1
1
1
0
1
0.989278
1
1
1
0.999999
0.999999
0
0
1
1
0.999997
0
0.816456
1
0
0
0.451232
1
0.999992
0.999992
0
0
1
0
0.99999
0
0.933093
1
0.999992
0
0
1
1
0.999996
0.999996
0
0
0
0
0.155686
1
0.941839
1
1
1
1
1
0
1
1
1
1
1
1
1
1
1
1
1
1
1
1
1
1
1
1
1
1
1
1
1
1
1
1
1
1
1
1
1
1
1
1
1
1
1
1
1
1
1
1
1
0
0.210039
1
1
0
1
1
0
1
0.78831
1
0
0.999999
0
0
0.339204
0.0412536
1
0.958054
0.999995
0
1
1
1
0
1
1
0
0
0
1
1
1
0
0
1
0.999988
0
1
0.807677
1
0.999993
0.999994
0
0
1
1
1
0
1
1
1
1
1
1
1
1
0
0.966993
1
1
1
1
1
1
1
1
1
1
1
1
1
1
1
1
1
1
1
1
1
1
1
1
1
1
1
1
1
1
1
1
1
1
1
1
1
1
1
1
1
0
0.173802
1
1
1
1
0
1
1
1
0
1
0
1
0.999998
0
0
1
0.999995
0.999993
0.999992
0
1
0
1
0
0.84343
1
0
1
0.999985
0
0
1
0
1
0.981772
0.999414
0
0
1
0.999991
0
0
0.562912
0.616864
1
1
1
0
1
1
1
1
1
0
1
1
0
1
1
1
1
1
1
1
1
1
1
1
1
1
1
1
1
1
1
1
1
1
1
1
1
1
1
1
1
1
1
1
1
1
1
1
1
1
1
1
1
0
1
0.251423
1
1
1
1
0
0.657323
1
1
1
0.999999
0
1
0.999997
0.999994
0
1
0.999993
0.999992
0.99999
0
1
0.56297
0.173162
0.783388
1
1
1
0.999982
0.999982
0
1
0
1
0.982445
0
0.999984
0
1
1
0.99999
0
1
1
1
1
1
1
0.0421166
1
0.975927
0
1
1
0
0
1
1
0
1
1
1
1
1
1
1
1
1
1
1
1
1
1
1
1
1
1
1
1
1
1
1
1
1
1
1
1
1
1
1
1
1
1
1
1
1
1
1
1
0
0
0.504976
0.0513433
1
1
0
1
0.489848
1
0
0.999999
0
1
0.999997
0.999995
0
0.939223
1
0.99999
0.999988
0
1
1
0.624783
1
0.999979
0
1
0
0.999977
0.999977
0
0.198325
1
0
1
0.999979
0.999981
0.999984
0.999986
0.999988
0.99999
0.999992
0.999994
0.999995
0.999997
0.999998
0
1
0
1
0.943501
0
1
0.937171
0
0.301241
1
0
0.0566134
1
1
1
1
1
1
1
1
1
1
1
1
1
1
1
1
1
1
1
1
1
1
1
1
1
1
1
1
1
1
1
1
1
1
1
0
1
0
1
1
0.918058
0
1
1
1
0
0.622175
1
0
1
0
0
1
0
0
0
0.63212
1
0.999987
0.999985
0.999984
0
0.116807
1
0.999977
0.999975
0
1
1
0.433216
0
1
1
1
0
1
0.999974
0.999976
0.99998
0
0.999985
0.999988
0.999985
0.999991
0.999995
0.999997
0.999998
1
1
0
0.012599
1
1
0
1
0.962
0
0.185548
1
0
1
1
1
1
1
1
1
1
1
1
1
1
1
1
1
1
1
1
1
1
1
1
1
1
1
1
1
1
1
1
1
1
1
1
0
1
1
0
1
1
0.99726
1
1
0
0
1
0
1
0
0
0
0
1
0.917589
1
0
0
1
0.999984
0.999981
0.564865
0
1
1
0.992254
0.999966
0
1
1
1
0.99997
0.99997
0.999969
0.999966
0.999965
0.999966
0.99997
0.999974
0.999972
1
0.999976
0.999988
0.999996
0.999995
0.999995
0.999995
0.999997
1
1
1
0
0.429041
1
1
0
1
0.280937
0
0
1
0
1
0
1
1
1
1
1
1
1
1
1
1
1
1
1
1
1
1
1
1
1
1
1
1
1
1
1
1
1
1
1
1
1
1
1
1
1
0
0.97161
0
0
1
1
1
0
0.756455
0
1
0
1
0.28636
0
0.789742
0
0.11415
1
0.104396
0.99998
1
0.883086
0.090122
0.161088
0
0
0.999964
1
0
0.99996
0
0
0
0
0
0
0
0
0.999973
0.99998
0.999983
0.999986
0.999986
0.999991
0.999993
0.999995
0.999998
0
1
1
1
1
0
0
1
1
0
1
1
1
0
1
0
1
0
1
1
0
1
1
1
1
1
1
1
1
1
1
1
1
1
1
1
1
1
1
1
1
1
1
1
1
1
1
1
1
1
1
1
1
1
1
1
0
0
0
1
0
1
0
0
0.999998
1
0
0.993206
1
1
0
0.99998
1
1
0.351545
0
1
1
0
1
1
0.454495
0
1
0.477469
0.626116
0.360195
1
0.967234
0.886126
0.958778
0
0.99998
0.999984
0.999987
1
0
0.999993
0.999995
0.999997
1
0
0.475463
0
0
1
0
1
0
1
0.0102089
0
0
1
0
1
0
1
0
1
0
1
1
1
1
1
1
1
1
1
1
1
1
1
1
1
1
1
1
1
1
1
1
1
1
1
1
1
1
1
1
1
1
0
0.948265
0
0.740526
1
1
1
0.913183
0
0.702541
0.999999
0.999998
0.999997
0.993849
1
0
1
0
0.999986
1
0
1
0
0.917501
1
0.925434
0
1
0
0.430987
1
1
1
1
1
0.512673
0.212885
0
1
0
0.999982
0.999986
0.999989
0.999985
0.999993
0.999995
0.999997
1
1
0
0
1
0
1
0
1
0
0
0.761062
1
0
0
0
1
0
1
0
1
1
1
1
1
1
1
1
1
1
1
1
1
1
1
1
1
1
1
1
1
1
1
1
1
1
1
1
1
1
1
1
1
0
1
1
1
1
1
1
0
1
1
0
0.999998
0.999996
1
1
0
1
0
0.999988
1
0
0.999985
0.999983
0.999981
1
0.928891
0
0.989045
0.995854
0.999975
0.999974
0.999974
0.999974
0.999975
1
1
0.800095
0.750051
0.0476703
0
0.999984
0.999986
0.999988
1
0
0.999994
0.999996
1
1
1
0.976319
0
1
0
1
1
1
0.968651
1
0
0
0.803436
1
0
1
0
1
1
1
1
1
1
1
1
1
1
1
1
1
1
1
1
1
1
1
1
1
1
1
1
1
1
1
1
1
1
1
1
1
1
0
1
1
1
1
0
0.157071
1
1
0.930152
0.295411
0
0.999997
0.999996
1
0
1
0
0
1
0
0.999987
0.999985
0.903391
0
1
1
0
0.964597
0
0
0.999979
0.999979
0
0
0.996727
1
1
0
1
0
0.999986
0.999988
1
0
0.999994
0.999996
1
1
1
1
1
0
1
1
0.995901
0.829559
1
0
0
0.99824
1
0
1
0
1
1
1
1
1
1
1
1
1
1
1
1
1
1
1
1
1
1
1
1
1
1
1
1
1
1
1
1
1
1
1
1
1
1
1
0
1
1
1
0.721831
1
1
1
0.485089
1
0.861789
0
0.999997
0.999996
1
0
1
0
0
0.105943
0.999988
0.999987
0.999986
1
1
0.830512
0
0.999594
0.932677
1
1
0
0.99998
1
0.807479
0
0.984588
1
0.5135
0.964183
0
0.999985
0.999987
1
0
0.999993
0.999996
1
1
1
0.141702
0
1
1
1
1
0
1
0
1
1
1
0
1
0
1
1
1
1
1
1
1
1
1
1
1
1
1
1
1
1
1
1
1
1
1
1
1
1
1
1
1
1
1
1
1
1
1
1
1
0
1
1
1
1
1
1
1
0.459489
0
1
0
0.999997
1
1
0
1
0
0
0.99999
0.999988
0.999987
0.999986
0.999984
1
0.901893
0
0.992436
0.999981
0.999981
0.99998
0.99998
0.99998
0.99998
1
0.381957
0
1
0.886071
0.966262
0
0.999984
0.999986
1
0
0.999993
0.999996
1
0
1
0
0
1
1
1
0
1
0
1
0
1
1
0
1
0
1
1
1
1
1
1
1
1
1
1
1
1
1
1
1
1
1
1
1
1
1
1
1
1
1
1
1
1
1
1
1
1
1
1
1
0
1
1
1
1
1
1
1
1
0
1
0.999999
0.999997
1
1
0
1
0.99469
0
0.999989
0.999988
0.999986
0.999985
0.999983
1
1
0
0
0.99998
0.99998
0.999979
0.999979
0.999979
0.999979
0.99998
0.999981
1
1
0.832413
0.968035
0
0.999983
0.999985
0.999987
0.999982
0.999992
0.999995
1
1
0
0.160263
1
1
1
0
1
0
1
0
0
0.997968
1
0
1
0
1
1
1
1
1
1
1
1
1
1
1
1
1
1
1
1
1
1
1
1
1
1
1
1
1
1
1
1
1
1
1
1
1
1
1
0
0
1
1
1
0
0.455464
1
1
0
1
0
0.999996
1
1
0
1
0
0
0.999987
0.999986
0.999985
0.999983
0.999982
1
0.943717
0
0.82138
0.908888
0.999977
0.999977
0.999977
0.999977
0.999977
0.999949
0.996339
1
1
0.494398
0.971618
0
0.999981
0.999983
0
1
0
0.999995
0.999998
1
1
1
1
0
1
0
0
1
0.516935
0
0.890179
0.936127
1
0
1
0
1
1
1
1
1
1
1
1
1
1
1
1
1
1
1
1
1
1
1
1
1
1
1
1
1
1
1
1
1
1
1
1
1
0.982027
1
1
1
0
1
1
0
1
1
1
1
1
0.949108
0
0.999994
0.999992
0.999993
1
0
0
0.999983
0.999984
0.999982
0.99998
0.999979
0.674001
0.966023
0.998546
1
1
0
0.999973
0.999972
0.999972
0.999973
0.999894
1
0.754876
1
0.560173
0.977402
0
0.999978
0.999981
1
0
0.99999
0.999994
0.999997
1
1
1
0.291325
1
0
0.926031
0.992247
1
0.0655838
0
0.962917
0.967189
1
0
1
0
1
1
1
1
1
1
1
1
1
1
1
1
1
1
1
1
1
1
1
1
1
1
1
1
1
1
1
1
1
1
1
1
1
0.270752
0.220221
1
0
1
0.878413
1
0
1
1
1
0.946647
0.206397
0
0.999995
0.999993
0.999991
0.999989
1
0.997754
0
1
0
0.999978
0.999975
0.999973
1
1
0
0.923423
0.999966
0.999966
0.999965
0.999965
0.999965
0.999965
0.999966
0.999964
0.802215
1
0.0249268
0.99255
0
0.999974
1
0
0.999984
0.999988
0.999993
0.999997
1
1
1
1
0.764465
1
1
1
1
0.338421
0.99383
0.994659
1
0
0.906393
1
0
1
1
1
1
1
1
1
1
1
1
1
1
1
1
1
1
1
1
1
1
1
1
1
1
1
1
1
1
1
1
1
1
1
1
0
1
0
0.940905
1
0
0
1
1
1
1
0
0.44079
0.999996
0.999995
0.999993
0.999993
1
0.518126
0
0.796513
0.999987
0.999986
0.999985
0.999984
1
0.684839
1
0
0.99998
0.99998
0.99998
0.99998
0.99998
0.99998
0.999981
0.998258
1
1
0.347673
1
0
0.999988
1
0
1
0.999948
0.99965
1
)
;

boundaryField
{
    inlet
    {
        type            zeroGradient;
    }
    outlet
    {
        type            zeroGradient;
    }
    lowerWall
    {
        type            zeroGradient;
    }
    upperWall
    {
        type            zeroGradient;
    }
    frontAndBack
    {
        type            empty;
    }
}


// ************************************************************************* //
