/*--------------------------------*- C++ -*----------------------------------*\
| =========                 |                                                 |
| \\      /  F ield         | foam-extend: Open Source CFD                    |
|  \\    /   O peration     | Version:     5.0                                |
|   \\  /    A nd           | Web:         http://www.foam-extend.org         |
|    \\/     M anipulation  |                                                 |
\*---------------------------------------------------------------------------*/
FoamFile
{
    version     2.0;
    format      ascii;
    class       volVectorField;
    location    "0.055";
    object      bodyForce;
}
// * * * * * * * * * * * * * * * * * * * * * * * * * * * * * * * * * * * * * //

dimensions      [0 1 -2 0 0 0 0];

internalField   nonuniform List<vector> 
4000
(
(3403.65 -0 0)
(7302.15 -0 0)
(9691.86 -0 0)
(11791.2 -0 0)
(15435.8 -0 0)
(18483 -0 0)
(19810.5 -0 0)
(15311.2 -0 0)
(18467.6 -0 0)
(21872.7 -0 0)
(21572.2 -0 0)
(22444.7 -0 0)
(25686.9 -0 0)
(30139.9 -0 0)
(33538.2 -0 0)
(31748.7 -0 0)
(30309.7 -0 0)
(29458.6 -0 0)
(30358 -0 0)
(30890.5 -0 0)
(29479.4 -0 0)
(28491.7 -0 0)
(29684.9 -0 0)
(27279 -0 0)
(29965.9 -0 0)
(30232 -0 0)
(29810.8 -0 0)
(19419.5 -0 0)
(21133.1 -0 0)
(24356.7 -0 0)
(24809.3 -0 0)
(22038.4 -0 0)
(20524.1 -0 0)
(20676.6 -0 0)
(20642.4 -0 0)
(21511.1 -0 0)
(19346.2 -0 0)
(16996.4 -0 0)
(15759.8 -0 0)
(15687.3 -0 0)
(19046.2 -0 0)
(9427.97 -0 0)
(8557.26 -0 0)
(5920.77 -0 0)
(6645.57 -0 0)
(8601.35 -0 0)
(11092 -0 0)
(10800.8 -0 0)
(3470.38 -0 0)
(2142.22 -0 0)
(3690.29 -0 0)
(2819.3 -0 0)
(5556.74 -0 0)
(4219.8 -0 0)
(3409.46 -0 0)
(4091.04 -0 0)
(6193.86 -0 0)
(4090.88 -0 0)
(246.271 -0 0)
(2260.53 -0 0)
(854.66 -0 0)
(-857.571 0 0)
(1207.33 -0 0)
(7682.45 -0 0)
(3398.04 -0 0)
(4207.83 -0 0)
(1666.69 -0 0)
(2854.73 -0 0)
(130.963 -0 0)
(-644.677 0 0)
(214.314 -0 0)
(233.6 -0 0)
(882.276 -0 0)
(4646.31 -0 0)
(6003.94 -0 0)
(2308.59 -0 0)
(-1455.06 0 0)
(-4001.97 0 0)
(-3415.57 0 0)
(-10026 0 0)
(-7031.96 0 0)
(-5669.94 0 0)
(-2366.63 0 0)
(402.605 -0 0)
(1160.84 -0 0)
(-8475.41 0 0)
(-3954.43 0 0)
(-6592.32 0 0)
(-3386.98 0 0)
(-7988.73 0 0)
(-760.245 0 0)
(-1414.36 0 0)
(-846.239 0 0)
(181.239 -0 0)
(-4397.89 0 0)
(-8041.91 0 0)
(-21393.7 0 0)
(-19849.7 0 0)
(-22991.2 0 0)
(-24178.4 0 0)
(8047.5 -0 0)
(16374 -0 0)
(21983.5 -0 0)
(24016.1 -0 0)
(29979.4 -0 0)
(36640.3 -0 0)
(40189.9 -0 0)
(28656.9 -0 0)
(38168.9 -0 0)
(43054.7 -0 0)
(34828.9 -0 0)
(43967.3 -0 0)
(50383.7 -0 0)
(58422.7 -0 0)
(65125.4 -0 0)
(54566.1 -0 0)
(57705.9 -0 0)
(60571.4 -0 0)
(55372 -0 0)
(63972.2 -0 0)
(63562.1 -0 0)
(62006.9 -0 0)
(53013.9 -0 0)
(45503.7 -0 0)
(55153.8 -0 0)
(54079.1 -0 0)
(54349.2 -0 0)
(36736.2 -0 0)
(42378.3 -0 0)
(48132.7 -0 0)
(37799.1 -0 0)
(34174.9 -0 0)
(40754.9 -0 0)
(41454.7 -0 0)
(30098.5 -0 0)
(39547.5 -0 0)
(38290.3 -0 0)
(37064.2 -0 0)
(32672.8 -0 0)
(21931 -0 0)
(26405.2 -0 0)
(12460.1 -0 0)
(16145.5 -0 0)
(14725.8 -0 0)
(17034.4 -0 0)
(21986.1 -0 0)
(23831.4 -0 0)
(10504.3 -0 0)
(4909.41 -0 0)
(7005.23 -0 0)
(10536.6 -0 0)
(-1012.46 0 0)
(10533.3 -0 0)
(12348.5 -0 0)
(13375.3 -0 0)
(16405.8 -0 0)
(16256.4 -0 0)
(2934.24 -0 0)
(-4990.31 0 0)
(1778.11 -0 0)
(4306.05 -0 0)
(4468.32 -0 0)
(6802.49 -0 0)
(14401.7 -0 0)
(2042.54 -0 0)
(8382.46 -0 0)
(9306.15 -0 0)
(12874.6 -0 0)
(10606.2 -0 0)
(-2267.42 0 0)
(5115.11 -0 0)
(7895.01 -0 0)
(10449.5 -0 0)
(13058 -0 0)
(1838.07 -0 0)
(-4176.38 0 0)
(2600.81 -0 0)
(3854.78 -0 0)
(-1026.78 0 0)
(-13593.1 0 0)
(-18097.8 0 0)
(-7150.08 0 0)
(-105.801 0 0)
(5214.57 -0 0)
(8890.68 -0 0)
(-9104.91 0 0)
(-674.863 0 0)
(211.93 -0 0)
(2923.73 -0 0)
(-8798.06 0 0)
(1917.69 -0 0)
(4663.5 -0 0)
(6297.23 -0 0)
(5105.25 -0 0)
(-12743.3 0 0)
(-18879 0 0)
(-34421.7 0 0)
(-30458.8 0 0)
(-35171.9 0 0)
(-34253.4 0 0)
(10120.7 -0 0)
(19723.4 -0 0)
(26356.2 -0 0)
(26902.5 -0 0)
(27874.7 -0 0)
(35606.3 -0 0)
(41154.9 -0 0)
(43233.2 -0 0)
(48141.9 -0 0)
(36486.6 -0 0)
(45705.6 -0 0)
(52210.7 -0 0)
(55774.9 -0 0)
(61918.1 -0 0)
(66424.9 -0 0)
(57985.4 -0 0)
(48679.7 -0 0)
(60626.5 -0 0)
(70661 -0 0)
(75148.2 -0 0)
(73833.1 -0 0)
(74577.5 -0 0)
(62252.8 -0 0)
(51985.4 -0 0)
(58617.2 -0 0)
(61003.1 -0 0)
(44782.1 -0 0)
(47854 -0 0)
(49931 -0 0)
(54160 -0 0)
(38862.8 -0 0)
(46085 -0 0)
(45396.5 -0 0)
(47091.7 -0 0)
(31181.2 -0 0)
(40449.1 -0 0)
(43356.1 -0 0)
(40687.4 -0 0)
(25033.7 -0 0)
(30497.9 -0 0)
(18083.2 -0 0)
(4466.18 -0 0)
(12407.7 -0 0)
(14377.2 -0 0)
(19809.3 -0 0)
(26450.9 -0 0)
(19258.2 -0 0)
(5149.98 -0 0)
(-3292.13 0 0)
(6008.68 -0 0)
(12702.9 -0 0)
(-2332.74 0 0)
(9620.48 -0 0)
(15200.2 -0 0)
(18869 -0 0)
(24933.1 -0 0)
(16646.9 -0 0)
(4806.38 -0 0)
(-2065.96 0 0)
(-5788.83 0 0)
(2234.81 -0 0)
(7955.81 -0 0)
(13539.5 -0 0)
(8694.17 -0 0)
(-2166.53 0 0)
(6935.33 -0 0)
(12376.2 -0 0)
(17024.6 -0 0)
(6172.34 -0 0)
(12425 -0 0)
(14173.5 -0 0)
(17314.4 -0 0)
(20186.1 -0 0)
(12710.8 -0 0)
(1015.71 -0 0)
(9461.53 -0 0)
(13435.2 -0 0)
(13989.6 -0 0)
(8917.15 -0 0)
(-3261.01 0 0)
(450.613 -0 0)
(4980.82 -0 0)
(10880.9 -0 0)
(1378.59 -0 0)
(7859.25 -0 0)
(-6225.34 0 0)
(3831.97 -0 0)
(8523.78 -0 0)
(13201.2 -0 0)
(255.939 -0 0)
(7292.86 -0 0)
(10483.6 -0 0)
(10102.5 -0 0)
(-7467.71 0 0)
(-18043.3 0 0)
(-29083.8 0 0)
(-21943.4 0 0)
(-22496.5 0 0)
(-44236.8 0 0)
(-35855 0 0)
(8880.34 -0 0)
(18279.7 -0 0)
(24501.4 -0 0)
(25866.1 -0 0)
(31430.1 -0 0)
(22354.7 -0 0)
(33170.5 -0 0)
(41854.9 -0 0)
(48013.1 -0 0)
(34221.5 -0 0)
(47547.2 -0 0)
(51002.7 -0 0)
(42630.1 -0 0)
(52901.5 -0 0)
(42761.2 -0 0)
(38560.3 -0 0)
(51946.7 -0 0)
(63694.6 -0 0)
(72282.2 -0 0)
(76273 -0 0)
(76554.1 -0 0)
(79027.4 -0 0)
(59990.9 -0 0)
(70381.8 -0 0)
(73447.3 -0 0)
(55177.5 -0 0)
(42385.1 -0 0)
(52108 -0 0)
(56020.2 -0 0)
(51855 -0 0)
(35556.8 -0 0)
(46406.1 -0 0)
(49926.4 -0 0)
(36633.7 -0 0)
(28733.3 -0 0)
(38680.7 -0 0)
(41241 -0 0)
(30233.1 -0 0)
(32975 -0 0)
(19392.8 -0 0)
(10387.1 -0 0)
(510.283 -0 0)
(8609.73 -0 0)
(12147.2 -0 0)
(18696.7 -0 0)
(24527.2 -0 0)
(11584 -0 0)
(262.374 -0 0)
(9553.75 -0 0)
(12038.1 -0 0)
(15109.9 -0 0)
(-1934.16 0 0)
(9931.85 -0 0)
(18265.3 -0 0)
(23384.6 -0 0)
(27078.3 -0 0)
(22425.6 -0 0)
(8504.63 -0 0)
(17886.8 -0 0)
(20744.9 -0 0)
(4079.09 -0 0)
(11463.2 -0 0)
(16133.5 -0 0)
(6612.72 -0 0)
(-5207.72 0 0)
(3558.21 -0 0)
(9130.04 -0 0)
(15894.7 -0 0)
(20848.2 -0 0)
(24285 -0 0)
(10362.4 -0 0)
(18065.8 -0 0)
(23097.8 -0 0)
(11006.1 -0 0)
(31.6367 -0 0)
(12379.4 -0 0)
(16235 -0 0)
(16180.1 -0 0)
(20091.5 -0 0)
(20480 -0 0)
(1430.02 -0 0)
(9174.14 -0 0)
(6994.83 -0 0)
(10488.6 -0 0)
(-3136.01 0 0)
(4601.56 -0 0)
(11953.2 -0 0)
(14290.4 -0 0)
(17519.8 -0 0)
(19526.9 -0 0)
(4708.23 -0 0)
(8233.74 -0 0)
(-6346.32 0 0)
(-19412.7 0 0)
(-10653.4 0 0)
(-8723.94 0 0)
(-7241.46 0 0)
(-20574.8 0 0)
(-29439.5 0 0)
(-29945.7 0 0)
(5180.02 -0 0)
(13967.4 -0 0)
(21628.5 -0 0)
(24731.9 -0 0)
(21728.9 -0 0)
(17212.7 -0 0)
(26500.5 -0 0)
(36261.6 -0 0)
(41275.9 -0 0)
(30365 -0 0)
(43325.8 -0 0)
(35406 -0 0)
(43299.3 -0 0)
(32752.1 -0 0)
(29227 -0 0)
(44544 -0 0)
(57602 -0 0)
(67868.5 -0 0)
(56325.4 -0 0)
(68316.7 -0 0)
(75904.7 -0 0)
(80083.9 -0 0)
(62111.9 -0 0)
(71845.9 -0 0)
(73951.4 -0 0)
(56665.9 -0 0)
(61846.6 -0 0)
(63343.9 -0 0)
(63922.4 -0 0)
(44639.9 -0 0)
(30917.6 -0 0)
(39441.6 -0 0)
(45354.3 -0 0)
(48108 -0 0)
(50555.4 -0 0)
(49538.7 -0 0)
(28107 -0 0)
(31916.5 -0 0)
(33967 -0 0)
(17090.1 -0 0)
(7642.11 -0 0)
(9729.83 -0 0)
(12153.4 -0 0)
(-1673.28 0 0)
(10922.4 -0 0)
(16620.1 -0 0)
(14738.1 -0 0)
(933.737 -0 0)
(13277.2 -0 0)
(17315.2 -0 0)
(4204.26 -0 0)
(-3576.22 0 0)
(8680.32 -0 0)
(18283.9 -0 0)
(25095.3 -0 0)
(20829.1 -0 0)
(10076.5 -0 0)
(20546.2 -0 0)
(26071.3 -0 0)
(27288.3 -0 0)
(26084.3 -0 0)
(23929.6 -0 0)
(7803.09 -0 0)
(3085.99 -0 0)
(-5348.01 0 0)
(-10458.1 0 0)
(716.534 -0 0)
(11806.3 -0 0)
(19959.1 -0 0)
(25332.4 -0 0)
(26705.3 -0 0)
(13971.7 -0 0)
(20720.9 -0 0)
(16879 -0 0)
(2967.76 -0 0)
(11033 -0 0)
(15331.5 -0 0)
(6545.18 -0 0)
(11268.2 -0 0)
(18225.4 -0 0)
(1993.61 -0 0)
(12564.8 -0 0)
(-858.193 0 0)
(-5328.69 0 0)
(6140.41 -0 0)
(3364.44 -0 0)
(9024.5 -0 0)
(13380.5 -0 0)
(17957.6 -0 0)
(5848.92 -0 0)
(12154 -0 0)
(-4467.51 0 0)
(-154.184 0 0)
(-17066.7 0 0)
(-7925.62 0 0)
(-3483.78 0 0)
(-2607.89 0 0)
(-19974 0 0)
(-25649 0 0)
(-42354.6 0 0)
(466.61 -0 0)
(8240.78 -0 0)
(16914.5 -0 0)
(22732.5 -0 0)
(27276.7 -0 0)
(20718.7 -0 0)
(16016.1 -0 0)
(29707.9 -0 0)
(27878.3 -0 0)
(21920.9 -0 0)
(36837.9 -0 0)
(41463.2 -0 0)
(28766.7 -0 0)
(21730.6 -0 0)
(41166.6 -0 0)
(52951.3 -0 0)
(62741.2 -0 0)
(69943.3 -0 0)
(55502.5 -0 0)
(67320.1 -0 0)
(75283.1 -0 0)
(80685 -0 0)
(78789.9 -0 0)
(62763.3 -0 0)
(52773 -0 0)
(61053.7 -0 0)
(67931.2 -0 0)
(69509.3 -0 0)
(65462.3 -0 0)
(43466.9 -0 0)
(29432.2 -0 0)
(23221 -0 0)
(33081.6 -0 0)
(40719.5 -0 0)
(45577.5 -0 0)
(31160.5 -0 0)
(16280.7 -0 0)
(21823.3 -0 0)
(27286.6 -0 0)
(11440.2 -0 0)
(6083.37 -0 0)
(17239.2 -0 0)
(4148.5 -0 0)
(9176.87 -0 0)
(5977.32 -0 0)
(-2736.79 0 0)
(10253.8 -0 0)
(1573.14 -0 0)
(14803.3 -0 0)
(14709.1 -0 0)
(19020.4 -0 0)
(18767.1 -0 0)
(7137.61 -0 0)
(15961.5 -0 0)
(22189.1 -0 0)
(6171.75 -0 0)
(15970.3 -0 0)
(26293 -0 0)
(33040.6 -0 0)
(14877.1 -0 0)
(23790.2 -0 0)
(25265.3 -0 0)
(8748.09 -0 0)
(-1649.89 0 0)
(9563 -0 0)
(12528.7 -0 0)
(-2467.02 0 0)
(7051.97 -0 0)
(16438.3 -0 0)
(22786.5 -0 0)
(25712.3 -0 0)
(28141.7 -0 0)
(14392.5 -0 0)
(20844.9 -0 0)
(5071.31 -0 0)
(-6377.73 0 0)
(5266.38 -0 0)
(11257.5 -0 0)
(-50.3751 0 0)
(8551.57 -0 0)
(12967 -0 0)
(18118.1 -0 0)
(596.982 -0 0)
(9407.12 -0 0)
(16183.8 -0 0)
(18414.9 -0 0)
(-1403.63 0 0)
(2997.5 -0 0)
(9131.32 -0 0)
(-3584.56 0 0)
(6280.63 -0 0)
(-1176.34 0 0)
(-14862.9 0 0)
(-7183.16 0 0)
(-3033.81 0 0)
(-1154.87 0 0)
(-2966.35 0 0)
(-11437 0 0)
(-22034.9 0 0)
(-47634.6 0 0)
(-1734.52 0 0)
(2006.41 -0 0)
(12312.5 -0 0)
(16652.6 -0 0)
(24800.5 -0 0)
(29367.3 -0 0)
(21906.7 -0 0)
(30819.3 -0 0)
(37861 -0 0)
(25956.3 -0 0)
(24581.8 -0 0)
(35852.1 -0 0)
(26947.6 -0 0)
(21781.9 -0 0)
(44263.6 -0 0)
(56489.5 -0 0)
(65496.3 -0 0)
(69256.8 -0 0)
(58005.5 -0 0)
(67888.8 -0 0)
(70676.6 -0 0)
(76641.4 -0 0)
(80004.1 -0 0)
(63793.8 -0 0)
(51189.4 -0 0)
(59248 -0 0)
(66501 -0 0)
(68341.3 -0 0)
(48421 -0 0)
(34883.2 -0 0)
(34488.5 -0 0)
(41350.1 -0 0)
(27966.3 -0 0)
(19979.7 -0 0)
(22264.2 -0 0)
(27617.3 -0 0)
(13461.4 -0 0)
(11256.4 -0 0)
(21547.2 -0 0)
(8553.09 -0 0)
(6204.51 -0 0)
(19106.5 -0 0)
(20730.6 -0 0)
(21548.6 -0 0)
(6554.76 -0 0)
(-4962.69 0 0)
(8718.22 -0 0)
(14479.9 -0 0)
(20465.7 -0 0)
(19570.8 -0 0)
(22258.7 -0 0)
(19917.8 -0 0)
(23714 -0 0)
(6916.16 -0 0)
(16425.1 -0 0)
(3128.95 -0 0)
(16082 -0 0)
(26061 -0 0)
(32592.1 -0 0)
(11502.8 -0 0)
(20416.8 -0 0)
(21754.4 -0 0)
(6317.5 -0 0)
(-3874.65 0 0)
(10504.9 -0 0)
(17949.9 -0 0)
(8397.06 -0 0)
(-3923 0 0)
(8377.46 -0 0)
(17540.4 -0 0)
(23302.2 -0 0)
(25086.7 -0 0)
(25079.4 -0 0)
(11358.9 -0 0)
(5452.99 -0 0)
(-6469.45 0 0)
(157.131 -0 0)
(8701.86 -0 0)
(12949.2 -0 0)
(-2352.7 0 0)
(3833.36 -0 0)
(11745.5 -0 0)
(-4102.95 0 0)
(7104.78 -0 0)
(14348.7 -0 0)
(15528 -0 0)
(-4931.84 0 0)
(1002.91 -0 0)
(-8439.24 0 0)
(-17237.7 0 0)
(-6451.1 0 0)
(-18948.1 0 0)
(-10574.7 0 0)
(-5700.48 0 0)
(-3228.1 0 0)
(-3254.58 0 0)
(-22510.6 0 0)
(-20678 0 0)
(-29422.1 0 0)
(-49456.1 0 0)
(-2056.18 0 0)
(979.238 -0 0)
(7824.57 -0 0)
(7686.01 -0 0)
(16444.1 -0 0)
(25495.1 -0 0)
(28505.5 -0 0)
(28435.2 -0 0)
(33020.2 -0 0)
(35433.1 -0 0)
(30815.8 -0 0)
(38378.8 -0 0)
(39270.6 -0 0)
(33169.1 -0 0)
(46768 -0 0)
(57066 -0 0)
(63906.5 -0 0)
(71056.2 -0 0)
(69155.8 -0 0)
(58710.1 -0 0)
(67998.1 -0 0)
(73179.7 -0 0)
(74682 -0 0)
(75881.1 -0 0)
(56926.2 -0 0)
(47871.2 -0 0)
(59972 -0 0)
(60738.1 -0 0)
(41713.1 -0 0)
(45858.2 -0 0)
(48794.5 -0 0)
(51803.4 -0 0)
(36439.5 -0 0)
(23215.4 -0 0)
(13341.8 -0 0)
(7442.36 -0 0)
(19404.6 -0 0)
(25092 -0 0)
(28705.7 -0 0)
(14293.5 -0 0)
(22350.6 -0 0)
(25847.3 -0 0)
(27652.7 -0 0)
(28984.8 -0 0)
(14860.2 -0 0)
(-1346.31 0 0)
(10676 -0 0)
(10146.6 -0 0)
(16947.3 -0 0)
(20539.7 -0 0)
(8105.97 -0 0)
(19527.6 -0 0)
(23751.7 -0 0)
(4431.31 -0 0)
(13251.1 -0 0)
(17496.2 -0 0)
(22791.1 -0 0)
(19779.9 -0 0)
(25673.8 -0 0)
(5925.61 -0 0)
(13196.5 -0 0)
(10101.2 -0 0)
(14791.1 -0 0)
(-1426.92 0 0)
(11117.8 -0 0)
(18334.1 -0 0)
(10563.5 -0 0)
(-3733.77 0 0)
(7027.03 -0 0)
(14762.4 -0 0)
(20611.8 -0 0)
(5092.64 -0 0)
(13366.5 -0 0)
(16411.1 -0 0)
(4130.44 -0 0)
(9809.31 -0 0)
(-7001.04 0 0)
(696.67 -0 0)
(6528.51 -0 0)
(8252.45 -0 0)
(11248.8 -0 0)
(-1657.91 0 0)
(-11393.4 0 0)
(1486.08 -0 0)
(7880.32 -0 0)
(-1787.75 0 0)
(-12812.4 0 0)
(-6116.02 0 0)
(-20006.6 0 0)
(-29196.1 0 0)
(-25921.1 0 0)
(-17342.4 0 0)
(-12661.5 0 0)
(-10314.9 0 0)
(-14623.9 0 0)
(-12927.9 0 0)
(-33314.1 0 0)
(-32655.4 0 0)
(-48856.3 0 0)
(-61769.4 0 0)
(-3613.68 0 0)
(721.265 -0 0)
(3829.81 -0 0)
(9170.52 -0 0)
(8438.71 -0 0)
(17098 -0 0)
(22882.5 -0 0)
(25015.7 -0 0)
(18566.1 -0 0)
(26533.7 -0 0)
(31287.2 -0 0)
(37876.5 -0 0)
(45348.4 -0 0)
(53147.1 -0 0)
(46554.1 -0 0)
(42561 -0 0)
(57775.1 -0 0)
(65628.7 -0 0)
(58147.2 -0 0)
(67323.5 -0 0)
(71205.9 -0 0)
(71823.3 -0 0)
(74700.9 -0 0)
(73545.3 -0 0)
(57877.7 -0 0)
(61596.5 -0 0)
(62660.5 -0 0)
(44703.2 -0 0)
(46019.1 -0 0)
(49545.1 -0 0)
(54319.6 -0 0)
(46987.8 -0 0)
(32630.2 -0 0)
(35129.8 -0 0)
(20116.6 -0 0)
(10053.8 -0 0)
(22741.8 -0 0)
(28093.1 -0 0)
(31286.2 -0 0)
(28290.2 -0 0)
(15803.9 -0 0)
(23291.9 -0 0)
(26424.8 -0 0)
(29589.9 -0 0)
(12930.4 -0 0)
(-125.726 0 0)
(11001 -0 0)
(16976.1 -0 0)
(3299.31 -0 0)
(11014.6 -0 0)
(11980.8 -0 0)
(19080.2 -0 0)
(10026.5 -0 0)
(-4083.17 0 0)
(7356.05 -0 0)
(15921.3 -0 0)
(20990.2 -0 0)
(15894.9 -0 0)
(9739.8 -0 0)
(-2664.94 0 0)
(4995.85 -0 0)
(7797.03 -0 0)
(11169.9 -0 0)
(-2669.14 0 0)
(8502.56 -0 0)
(15614.2 -0 0)
(18213.8 -0 0)
(-637.976 0 0)
(5007.56 -0 0)
(10915.9 -0 0)
(14898.8 -0 0)
(190.317 -0 0)
(-7876.92 0 0)
(4817.22 -0 0)
(10836.1 -0 0)
(13550.3 -0 0)
(-5004.71 0 0)
(-11762.6 0 0)
(-4043.48 0 0)
(809.218 -0 0)
(4552.98 -0 0)
(6497.12 -0 0)
(-9129.87 0 0)
(-2937.79 0 0)
(2090.74 -0 0)
(2115.86 -0 0)
(-1894.6 0 0)
(-14510 0 0)
(-27565.2 0 0)
(-36383.5 0 0)
(-24020 0 0)
(-18729.9 0 0)
(-29039.3 0 0)
(-20329.2 0 0)
(-19204.1 0 0)
(-29829.6 0 0)
(-42211.1 0 0)
(-47556.5 0 0)
(-58816.7 0 0)
(-86671.4 0 0)
(-5143.2 0 0)
(89.8084 -0 0)
(-485.127 0 0)
(5888.41 -0 0)
(8642.66 -0 0)
(8530.69 -0 0)
(13676.3 -0 0)
(18373.1 -0 0)
(16850.9 -0 0)
(15030.5 -0 0)
(24412.5 -0 0)
(34693.1 -0 0)
(35539.5 -0 0)
(50299.6 -0 0)
(60333.1 -0 0)
(50883 -0 0)
(59755.9 -0 0)
(67044.4 -0 0)
(65873.3 -0 0)
(71718.8 -0 0)
(68362.6 -0 0)
(68732.8 -0 0)
(69281 -0 0)
(58086.7 -0 0)
(63138.8 -0 0)
(64410 -0 0)
(61256.7 -0 0)
(41193.9 -0 0)
(44513.4 -0 0)
(47433.8 -0 0)
(52194.7 -0 0)
(49240.7 -0 0)
(33689 -0 0)
(30023.1 -0 0)
(32606.3 -0 0)
(17551.7 -0 0)
(26461.8 -0 0)
(28436 -0 0)
(27862 -0 0)
(15832.4 -0 0)
(11520.2 -0 0)
(20261.2 -0 0)
(21457.5 -0 0)
(25520.4 -0 0)
(20737.3 -0 0)
(5134.55 -0 0)
(13254.9 -0 0)
(17495.7 -0 0)
(2745.49 -0 0)
(-4089.85 0 0)
(7130.99 -0 0)
(10936.5 -0 0)
(73.0663 -0 0)
(-8553.36 0 0)
(5025.63 -0 0)
(12145.3 -0 0)
(9734.01 -0 0)
(12142.2 -0 0)
(-98.6966 0 0)
(2717.67 -0 0)
(-4148.43 0 0)
(-10116.4 0 0)
(-11377.3 0 0)
(268.637 -0 0)
(7838.88 -0 0)
(10840 -0 0)
(13786.8 -0 0)
(-4286.08 0 0)
(-10181 0 0)
(-227.484 0 0)
(5724.96 -0 0)
(4105.34 -0 0)
(-11010.5 0 0)
(-474.672 0 0)
(4354.87 -0 0)
(7579.33 -0 0)
(-1729.56 0 0)
(-4041.04 0 0)
(-16620.3 0 0)
(-10496.4 0 0)
(-7185.68 0 0)
(-1891.42 0 0)
(-12000.3 0 0)
(-19718.2 0 0)
(-10547.6 0 0)
(-8491.46 0 0)
(-10626.2 0 0)
(-22198.7 0 0)
(-33045.9 0 0)
(-38262.4 0 0)
(-25457.4 0 0)
(-29588.3 0 0)
(-26546 0 0)
(-24003.9 0 0)
(-31022.9 0 0)
(-38745.9 0 0)
(-44050.5 0 0)
(-52774 0 0)
(-65197.8 0 0)
(-87297.6 0 0)
(-6442.09 0 0)
(-472.032 0 0)
(-799.225 0 0)
(1517.96 -0 0)
(3264.1 -0 0)
(7245.52 -0 0)
(4703.08 -0 0)
(10288.4 -0 0)
(14286.2 -0 0)
(19592.3 -0 0)
(18461.6 -0 0)
(32260 -0 0)
(43602.6 -0 0)
(50802.3 -0 0)
(65295.2 -0 0)
(67204 -0 0)
(59022.7 -0 0)
(64255.2 -0 0)
(66335.7 -0 0)
(65216.3 -0 0)
(62073.3 -0 0)
(59750.7 -0 0)
(58240.7 -0 0)
(53261.2 -0 0)
(55313.1 -0 0)
(51051 -0 0)
(43938.5 -0 0)
(34295.8 -0 0)
(39206.6 -0 0)
(42979.3 -0 0)
(43700.3 -0 0)
(42569 -0 0)
(40277.7 -0 0)
(34268.9 -0 0)
(34280.8 -0 0)
(21076.1 -0 0)
(26411.8 -0 0)
(22890.4 -0 0)
(20165.9 -0 0)
(19039.3 -0 0)
(21834.6 -0 0)
(20178.3 -0 0)
(16149.2 -0 0)
(15827 -0 0)
(5522.09 -0 0)
(11313.1 -0 0)
(11998.1 -0 0)
(13648.2 -0 0)
(9479.8 -0 0)
(-1590.81 0 0)
(3834.11 -0 0)
(-2599.93 0 0)
(-2924.69 0 0)
(1079.95 -0 0)
(5079 -0 0)
(7887.53 -0 0)
(7394.97 -0 0)
(-1738.93 0 0)
(-4525.91 0 0)
(-6812.76 0 0)
(-6977.94 0 0)
(-11436.6 0 0)
(-8151.75 0 0)
(-858.815 0 0)
(4258.78 -0 0)
(4115.19 -0 0)
(3883.69 -0 0)
(-10471.8 0 0)
(-6564.98 0 0)
(-8464.26 0 0)
(-5978.58 0 0)
(-7485.48 0 0)
(-11266.1 0 0)
(-5715.92 0 0)
(-4656.89 0 0)
(-5243.79 0 0)
(-6053.52 0 0)
(-17795 0 0)
(-20756.5 0 0)
(-23857.3 0 0)
(-25039.9 0 0)
(-18038.2 0 0)
(-11631.5 0 0)
(-24925.1 0 0)
(-21063.1 0 0)
(-22333.9 0 0)
(-27376.1 0 0)
(-34807.8 0 0)
(-34735.7 0 0)
(-31661 0 0)
(-26776.5 0 0)
(-27929.9 0 0)
(-27882.5 0 0)
(-31167.9 0 0)
(-36600.6 0 0)
(-43042.2 0 0)
(-47289 0 0)
(-49644.9 0 0)
(-58556.9 0 0)
(-47775.3 0 0)
(-7644.91 0 0)
(-1973.92 0 0)
(-1884.46 0 0)
(-1511.09 0 0)
(-660.957 0 0)
(196.968 -0 0)
(124.28 -0 0)
(1784.88 -0 0)
(7617.37 -0 0)
(14860.8 -0 0)
(18675.3 -0 0)
(28516.9 -0 0)
(42582.6 -0 0)
(52819.1 -0 0)
(63135.9 -0 0)
(63635.8 -0 0)
(56904.2 -0 0)
(54390 -0 0)
(53948 -0 0)
(50696.5 -0 0)
(49444.5 -0 0)
(45696.8 -0 0)
(45834 -0 0)
(43258.9 -0 0)
(40161.7 -0 0)
(33428.5 -0 0)
(26463 -0 0)
(21254.2 -0 0)
(21715.6 -0 0)
(26146.8 -0 0)
(22251.3 -0 0)
(22462.2 -0 0)
(25621.4 -0 0)
(21062.5 -0 0)
(22424.6 -0 0)
(13299.9 -0 0)
(12492.8 -0 0)
(5045.41 -0 0)
(6408.41 -0 0)
(7214.31 -0 0)
(15150.7 -0 0)
(8264.89 -0 0)
(365.68 -0 0)
(-988.669 0 0)
(1905.61 -0 0)
(6503.07 -0 0)
(4229.36 -0 0)
(4134.93 -0 0)
(-1646 0 0)
(-4844.23 0 0)
(-3086.62 0 0)
(-6878.71 0 0)
(-7983.16 0 0)
(-3992.06 0 0)
(-1651.03 0 0)
(-3221.81 0 0)
(-4361.49 0 0)
(-9247.38 0 0)
(-12384.7 0 0)
(-14432.3 0 0)
(-16681.1 0 0)
(-20349.7 0 0)
(-17399.7 0 0)
(-9808.18 0 0)
(-6199.33 0 0)
(-7435.92 0 0)
(-9902.07 0 0)
(-13252.3 0 0)
(-12725.8 0 0)
(-14341 0 0)
(-18459.8 0 0)
(-22075.7 0 0)
(-20285 0 0)
(-16156.2 0 0)
(-17092.6 0 0)
(-19260.4 0 0)
(-17973.6 0 0)
(-21751 0 0)
(-29360.2 0 0)
(-36440.1 0 0)
(-38501.3 0 0)
(-28902.3 0 0)
(-22581.1 0 0)
(-29447.2 0 0)
(-34393.8 0 0)
(-40980.6 0 0)
(-44655.2 0 0)
(-47175.4 0 0)
(-40833.9 0 0)
(-35072.9 0 0)
(-32578.1 0 0)
(-32050 0 0)
(-32021 0 0)
(-36755.2 0 0)
(-40273.4 0 0)
(-46202.6 0 0)
(-43498.5 0 0)
(-39703.4 0 0)
(-47029.1 0 0)
(-14675.4 0 0)
(-8839.19 0 0)
(-3623.74 0 0)
(-4648.96 0 0)
(-6208.47 0 0)
(-6997.41 0 0)
(-8471.76 0 0)
(-7940.02 0 0)
(-6216.81 0 0)
(-181.617 0 0)
(7511.07 -0 0)
(14517.8 -0 0)
(24560.1 -0 0)
(38613.6 -0 0)
(45642.8 -0 0)
(51413.7 -0 0)
(50882.5 -0 0)
(51831.3 -0 0)
(43975.6 -0 0)
(35302.8 -0 0)
(31708.1 -0 0)
(30268.3 -0 0)
(27299.8 -0 0)
(30124.4 -0 0)
(37537.7 -0 0)
(27299 -0 0)
(11052.8 -0 0)
(9959.92 -0 0)
(8654.66 -0 0)
(6696.75 -0 0)
(15221.3 -0 0)
(3274.25 -0 0)
(1859.86 -0 0)
(7304.31 -0 0)
(6497.74 -0 0)
(11568.8 -0 0)
(2419.11 -0 0)
(-3643.34 0 0)
(-7494.37 0 0)
(-392.221 0 0)
(-8020.07 0 0)
(489.546 -0 0)
(-5684.9 0 0)
(-11723.9 0 0)
(-12088.9 0 0)
(-9481.64 0 0)
(-5455.76 0 0)
(-4849.53 0 0)
(-6450.61 0 0)
(-15281.7 0 0)
(-9510.61 0 0)
(-13142.1 0 0)
(-15685.6 0 0)
(-16215.9 0 0)
(-16206 0 0)
(-14024.9 0 0)
(-17632.5 0 0)
(-18953.2 0 0)
(-24024.7 0 0)
(-24776.9 0 0)
(-25151.4 0 0)
(-26201.5 0 0)
(-27224.8 0 0)
(-28322.5 0 0)
(-23196.1 0 0)
(-21654 0 0)
(-21734.8 0 0)
(-23457.5 0 0)
(-23606.7 0 0)
(-25492 0 0)
(-26033.7 0 0)
(-31134.1 0 0)
(-31498.5 0 0)
(-28688.9 0 0)
(-28663.8 0 0)
(-30519.1 0 0)
(-31385.6 0 0)
(-29915.7 0 0)
(-33666 0 0)
(-39023.1 0 0)
(-40954.6 0 0)
(-46239.3 0 0)
(-43062.7 0 0)
(-39902.5 0 0)
(-46789.2 0 0)
(-52541.1 0 0)
(-52875.4 0 0)
(-50688.4 0 0)
(-47714.1 0 0)
(-39579.3 0 0)
(-40984.1 0 0)
(-40739 0 0)
(-38318.4 0 0)
(-32351.1 0 0)
(-36081.3 0 0)
(-43884.5 0 0)
(-41401.2 0 0)
(-42725.4 0 0)
(-38725.5 0 0)
(-36639.1 0 0)
(-269.261 0 0)
(-9974.25 0 0)
(-5374.95 0 0)
(-7759.31 0 0)
(-9542.54 0 0)
(-11888.3 0 0)
(-16179.7 0 0)
(-16416.8 0 0)
(-14472.4 0 0)
(-8131.45 0 0)
(-192.746 0 0)
(9206.05 -0 0)
(20470.7 -0 0)
(28813.4 -0 0)
(27859.9 -0 0)
(33504.2 -0 0)
(35931 -0 0)
(44406.2 -0 0)
(31702.6 -0 0)
(17468.1 -0 0)
(16366.5 -0 0)
(20968.1 -0 0)
(7263.58 -0 0)
(12957.8 -0 0)
(24734.3 -0 0)
(15540.1 -0 0)
(-1155.04 0 0)
(773.39 -0 0)
(8041.05 -0 0)
(-1847.38 0 0)
(-1511.11 0 0)
(-12726 0 0)
(-20776.1 0 0)
(-12911.7 0 0)
(-13805 0 0)
(-10340.9 0 0)
(-5418.32 0 0)
(-20966.7 0 0)
(-23519.6 0 0)
(-12177.5 0 0)
(-22248.5 0 0)
(-17879.5 0 0)
(-13520.9 0 0)
(-14655.5 0 0)
(-28298 0 0)
(-20188 0 0)
(-19903.5 0 0)
(-9762.78 0 0)
(-14315.5 0 0)
(-28238.5 0 0)
(-23153.6 0 0)
(-18045.9 0 0)
(-23399.5 0 0)
(-16473.6 0 0)
(-33172.5 0 0)
(-29543.9 0 0)
(-27690.2 0 0)
(-22080.8 0 0)
(-32577.8 0 0)
(-33694.4 0 0)
(-32240.6 0 0)
(-26636 0 0)
(-27181.7 0 0)
(-41607.6 0 0)
(-35702.1 0 0)
(-38029.5 0 0)
(-35512.5 0 0)
(-32351.8 0 0)
(-25138.6 0 0)
(-39014.8 0 0)
(-38893.6 0 0)
(-38791.1 0 0)
(-31129.3 0 0)
(-43873.3 0 0)
(-37240.2 0 0)
(-41690.2 0 0)
(-38016.3 0 0)
(-31192 0 0)
(-40976.3 0 0)
(-37563.6 0 0)
(-47039.1 0 0)
(-42862.4 0 0)
(-51024.7 0 0)
(-54071.5 0 0)
(-56782.4 0 0)
(-60094.6 0 0)
(-52599.8 0 0)
(-38694.3 0 0)
(-37942 0 0)
(-45366 0 0)
(-36273.7 0 0)
(-48160.7 0 0)
(-49531.2 0 0)
(-45355.9 0 0)
(-41860 0 0)
(-33559 0 0)
(-32729.1 0 0)
(-30810 0 0)
(-33544.5 0 0)
(-30074.9 0 0)
(4789.25 -0 0)
(-10996.8 0 0)
(-6970.24 0 0)
(-10559.2 0 0)
(-12519.4 0 0)
(-15640.9 0 0)
(-23614.8 0 0)
(-24170.7 0 0)
(-22380.1 0 0)
(-16317.7 0 0)
(-8286.29 0 0)
(5363.84 -0 0)
(248.249 -0 0)
(8134.07 -0 0)
(10001.1 -0 0)
(15280.3 -0 0)
(19368.1 -0 0)
(28905.3 -0 0)
(9510.85 -0 0)
(16425.5 -0 0)
(12967.5 -0 0)
(1278.55 -0 0)
(-14453 0 0)
(-10741.9 0 0)
(-2415.26 0 0)
(7918.72 -0 0)
(2960.09 -0 0)
(-2508.11 0 0)
(-15868.2 0 0)
(-33049.2 0 0)
(-22467.6 0 0)
(-25528.4 0 0)
(-39644.5 0 0)
(-39578.1 0 0)
(-34239.3 0 0)
(-28046 0 0)
(-15718.3 0 0)
(-23345.6 0 0)
(-41540 0 0)
(-29712.8 0 0)
(-28727.1 0 0)
(-38363 0 0)
(-32124 0 0)
(-23213.5 0 0)
(-36659.2 0 0)
(-47751 0 0)
(-41077.2 0 0)
(-32291 0 0)
(-23589.1 0 0)
(-35663.9 0 0)
(-25672.9 0 0)
(-40361.5 0 0)
(-32385.4 0 0)
(-21595.2 0 0)
(-37270.7 0 0)
(-46129.7 0 0)
(-43029.6 0 0)
(-34603.8 0 0)
(-26120 0 0)
(-37480 0 0)
(-33150.1 0 0)
(-24603 0 0)
(-34312.7 0 0)
(-47067.8 0 0)
(-55032.1 0 0)
(-50303.3 0 0)
(-46120.2 0 0)
(-41063.8 0 0)
(-31437.6 0 0)
(-49167.6 0 0)
(-51725.3 0 0)
(-47625.3 0 0)
(-37791.8 0 0)
(-55417.4 0 0)
(-58251.3 0 0)
(-55382.1 0 0)
(-49273.1 0 0)
(-40355.3 0 0)
(-56449.2 0 0)
(-50616.8 0 0)
(-39558.9 0 0)
(-48548.6 0 0)
(-66082.8 0 0)
(-58886.5 0 0)
(-49179.4 0 0)
(-63576.4 0 0)
(-59214.1 0 0)
(-48028.6 0 0)
(-31201 0 0)
(-31815.3 0 0)
(-38317.2 0 0)
(-42676.9 0 0)
(-57873.7 0 0)
(-55162 0 0)
(-47285.5 0 0)
(-36509.9 0 0)
(-22950.7 0 0)
(-21975.5 0 0)
(-27185.6 0 0)
(-25217 0 0)
(6084.71 -0 0)
(-11782 0 0)
(-12026.7 0 0)
(-20014.7 0 0)
(-24041.1 0 0)
(-27983.3 0 0)
(-29635.9 0 0)
(-30179.1 0 0)
(-29234.4 0 0)
(-25335.9 0 0)
(-19807.5 0 0)
(-8863.22 0 0)
(-20686.1 0 0)
(-12377.4 0 0)
(-7722.05 0 0)
(-3819.94 0 0)
(-266.522 0 0)
(9622.82 -0 0)
(-12749.8 0 0)
(-13538.9 0 0)
(-9711.49 0 0)
(-34818.2 0 0)
(-38788.3 0 0)
(-38858.9 0 0)
(-33248 0 0)
(-26051 0 0)
(-18648.5 0 0)
(-38506.7 0 0)
(-41823.4 0 0)
(-54991.8 0 0)
(-44114.9 0 0)
(-54132.3 0 0)
(-44733.8 0 0)
(-59863.2 0 0)
(-58731.2 0 0)
(-55396.2 0 0)
(-49632.4 0 0)
(-43187.1 0 0)
(-66531.8 0 0)
(-65787.2 0 0)
(-59758.8 0 0)
(-54883.8 0 0)
(-48524.3 0 0)
(-42086.6 0 0)
(-59400.1 0 0)
(-65696.4 0 0)
(-59555.5 0 0)
(-54661.9 0 0)
(-48555.5 0 0)
(-41608.9 0 0)
(-39225 0 0)
(-55637.9 0 0)
(-44719.7 0 0)
(-32693.2 0 0)
(-47382.5 0 0)
(-59954.6 0 0)
(-56448.4 0 0)
(-49941.1 0 0)
(-42067.2 0 0)
(-33999.8 0 0)
(-28069.1 0 0)
(-38675.3 0 0)
(-50513.7 0 0)
(-63887.8 0 0)
(-62253.4 0 0)
(-61793.6 0 0)
(-57742.4 0 0)
(-48750.1 0 0)
(-35933.4 0 0)
(-46149.2 0 0)
(-61055.1 0 0)
(-51047.7 0 0)
(-43277.9 0 0)
(-53859.9 0 0)
(-71724 0 0)
(-69880.8 0 0)
(-62862.8 0 0)
(-55545.9 0 0)
(-69726.2 0 0)
(-62282.6 0 0)
(-47378.4 0 0)
(-56152.2 0 0)
(-73553.7 0 0)
(-68197.2 0 0)
(-59019.5 0 0)
(-51930.5 0 0)
(-65456.7 0 0)
(-61067.6 0 0)
(-48534.6 0 0)
(-35330.6 0 0)
(-45278.1 0 0)
(-40460.6 0 0)
(-54829.3 0 0)
(-60585.9 0 0)
(-52270.4 0 0)
(-43945.6 0 0)
(-31528.3 0 0)
(-23439.7 0 0)
(-9293.82 0 0)
(-11626 0 0)
(6554.94 -0 0)
(-11623.9 0 0)
(-19369.2 0 0)
(-26908.1 0 0)
(-31799.3 0 0)
(-33646.4 0 0)
(-33538.3 0 0)
(-33579.6 0 0)
(-33035 0 0)
(-33125.3 0 0)
(-31918.6 0 0)
(-24406.8 0 0)
(-41595.2 0 0)
(-34092.9 0 0)
(-29120 0 0)
(-26118.2 0 0)
(-23961.6 0 0)
(-17031.7 0 0)
(-13382.9 0 0)
(-31907.5 0 0)
(-29985.5 0 0)
(-48374.1 0 0)
(-47486.3 0 0)
(-65707.6 0 0)
(-68358.9 0 0)
(-64309.4 0 0)
(-59032.6 0 0)
(-57290.4 0 0)
(-78968 0 0)
(-79332.4 0 0)
(-79353.9 0 0)
(-78436.2 0 0)
(-70127.4 0 0)
(-69766.9 0 0)
(-63020.8 0 0)
(-80599.8 0 0)
(-74133.6 0 0)
(-60420.4 0 0)
(-75311.4 0 0)
(-83855.5 0 0)
(-76215.7 0 0)
(-63495.2 0 0)
(-52921.6 0 0)
(-63975.9 0 0)
(-81295.1 0 0)
(-74188.7 0 0)
(-63768.5 0 0)
(-79521.4 0 0)
(-74039.7 0 0)
(-66526.9 0 0)
(-57305 0 0)
(-76231 0 0)
(-68115 0 0)
(-54830.1 0 0)
(-72350.7 0 0)
(-66737.2 0 0)
(-56321.8 0 0)
(-69901.9 0 0)
(-64245.4 0 0)
(-56391.1 0 0)
(-48365.1 0 0)
(-64078.6 0 0)
(-77300.8 0 0)
(-68922 0 0)
(-53306.3 0 0)
(-65098 0 0)
(-78668.2 0 0)
(-72003.8 0 0)
(-65240.2 0 0)
(-58481.4 0 0)
(-78145.4 0 0)
(-74981.6 0 0)
(-65579.5 0 0)
(-63847 0 0)
(-82599.6 0 0)
(-81670.4 0 0)
(-74478.6 0 0)
(-91015.9 0 0)
(-86422.2 0 0)
(-82290.6 0 0)
(-76233.8 0 0)
(-66356.2 0 0)
(-86132.6 0 0)
(-78821.1 0 0)
(-72226.5 0 0)
(-63284.5 0 0)
(-51543 0 0)
(-60956 0 0)
(-43739.1 0 0)
(-52127.3 0 0)
(-39632.3 0 0)
(-48654.3 0 0)
(-44840.9 0 0)
(-59679.2 0 0)
(-57290.9 0 0)
(-47211.6 0 0)
(-40664.9 0 0)
(-29465.8 0 0)
(-20749.2 0 0)
(-23178 0 0)
(7117.67 -0 0)
(-13218.3 0 0)
(-22554.4 0 0)
(-31117.6 0 0)
(-36319.3 0 0)
(-37480.3 0 0)
(-35893.9 0 0)
(-33444.1 0 0)
(-26545.4 0 0)
(-43561.2 0 0)
(-40427.2 0 0)
(-34552.3 0 0)
(-53938.4 0 0)
(-50793.9 0 0)
(-50602.7 0 0)
(-47968.4 0 0)
(-47141 0 0)
(-46173.3 0 0)
(-40606.9 0 0)
(-39461.2 0 0)
(-59277.2 0 0)
(-57656.7 0 0)
(-77711 0 0)
(-76759.2 0 0)
(-97781.2 0 0)
(-100439 0 0)
(-95911.4 0 0)
(-92446.4 0 0)
(-87655 0 0)
(-77173.6 0 0)
(-94775.9 0 0)
(-82176.8 0 0)
(-89691.5 0 0)
(-96118.2 0 0)
(-89908.3 0 0)
(-110421 0 0)
(-107759 0 0)
(-111501 0 0)
(-112248 0 0)
(-103246 0 0)
(-96456.2 0 0)
(-87411.9 0 0)
(-103242 0 0)
(-96203.8 0 0)
(-95191.1 0 0)
(-82893.3 0 0)
(-97723.1 0 0)
(-109530 0 0)
(-99073.4 0 0)
(-90270.4 0 0)
(-80718.4 0 0)
(-101320 0 0)
(-103320 0 0)
(-94851 0 0)
(-83358.3 0 0)
(-72464.4 0 0)
(-88587.6 0 0)
(-98435.1 0 0)
(-92706.1 0 0)
(-86660 0 0)
(-80623.3 0 0)
(-101144 0 0)
(-95441.7 0 0)
(-86315.3 0 0)
(-80512.4 0 0)
(-100908 0 0)
(-102078 0 0)
(-90519.3 0 0)
(-80886 0 0)
(-68000.6 0 0)
(-78714.6 0 0)
(-97749.8 0 0)
(-98731.7 0 0)
(-96973.5 0 0)
(-89749.2 0 0)
(-86109.5 0 0)
(-107808 0 0)
(-112382 0 0)
(-102275 0 0)
(-94169.5 0 0)
(-87266 0 0)
(-75943.3 0 0)
(-97923.3 0 0)
(-94672.9 0 0)
(-87600.9 0 0)
(-82823.7 0 0)
(-77700.5 0 0)
(-68832 0 0)
(-49646.8 0 0)
(-53428.6 0 0)
(-60602.3 0 0)
(-55723.9 0 0)
(-45442.6 0 0)
(-38222.4 0 0)
(-51043.8 0 0)
(-38331.4 0 0)
(-44007.6 0 0)
(-37972.2 0 0)
(-28535.6 0 0)
(-27273.4 0 0)
(8625.28 -0 0)
(-16040.6 0 0)
(-23969.9 0 0)
(-34098.4 0 0)
(-40025.8 0 0)
(-41596.4 0 0)
(-40439.2 0 0)
(-37952.8 0 0)
(-31052 0 0)
(-49492.1 0 0)
(-43198.4 0 0)
(-37094.7 0 0)
(-48562.2 0 0)
(-65078.9 0 0)
(-70367.6 0 0)
(-70208.5 0 0)
(-71823.3 0 0)
(-72972.1 0 0)
(-69340 0 0)
(-71582.8 0 0)
(-73072.7 0 0)
(-95767.3 0 0)
(-106071 0 0)
(-106781 0 0)
(-105607 0 0)
(-129142 0 0)
(-126171 0 0)
(-124738 0 0)
(-116455 0 0)
(-109728 0 0)
(-129775 0 0)
(-123748 0 0)
(-136071 0 0)
(-131426 0 0)
(-130437 0 0)
(-123468 0 0)
(-140585 0 0)
(-146422 0 0)
(-141780 0 0)
(-130424 0 0)
(-122993 0 0)
(-142842 0 0)
(-140596 0 0)
(-135947 0 0)
(-128617 0 0)
(-115194 0 0)
(-135139 0 0)
(-130915 0 0)
(-126574 0 0)
(-122531 0 0)
(-113393 0 0)
(-104699 0 0)
(-127767 0 0)
(-125386 0 0)
(-115427 0 0)
(-108300 0 0)
(-100730 0 0)
(-121426 0 0)
(-120466 0 0)
(-122750 0 0)
(-118152 0 0)
(-114181 0 0)
(-107981 0 0)
(-104779 0 0)
(-102896 0 0)
(-99335.3 0 0)
(-118959 0 0)
(-118264 0 0)
(-115119 0 0)
(-105538 0 0)
(-96879 0 0)
(-99009.9 0 0)
(-105218 0 0)
(-114422 0 0)
(-108664 0 0)
(-104939 0 0)
(-98349.8 0 0)
(-114465 0 0)
(-109496 0 0)
(-102029 0 0)
(-89109.5 0 0)
(-75857.9 0 0)
(-92994.5 0 0)
(-87093.5 0 0)
(-90269.5 0 0)
(-81827.4 0 0)
(-101630 0 0)
(-102458 0 0)
(-95284.2 0 0)
(-86235.3 0 0)
(-75591.6 0 0)
(-63874.5 0 0)
(-56520 0 0)
(-41874.7 0 0)
(-56363.7 0 0)
(-47259 0 0)
(-34546 0 0)
(-44146.7 0 0)
(-33657.7 0 0)
(-28204.3 0 0)
(10691.2 -0 0)
(-14558.6 0 0)
(-24047.1 0 0)
(-35904 0 0)
(-43082.7 0 0)
(-46277.8 0 0)
(-47125.2 0 0)
(-46264.6 0 0)
(-41253.5 0 0)
(-60712.4 0 0)
(-58714.2 0 0)
(-65370.2 0 0)
(-63377.1 0 0)
(-59028.9 0 0)
(-81712 0 0)
(-86504.3 0 0)
(-92449.9 0 0)
(-96544.3 0 0)
(-94856.3 0 0)
(-97235.6 0 0)
(-100567 0 0)
(-101631 0 0)
(-124607 0 0)
(-126494 0 0)
(-129078 0 0)
(-156495 0 0)
(-160600 0 0)
(-162089 0 0)
(-161091 0 0)
(-159770 0 0)
(-155971 0 0)
(-177764 0 0)
(-178533 0 0)
(-178673 0 0)
(-180102 0 0)
(-175811 0 0)
(-176804 0 0)
(-175464 0 0)
(-172621 0 0)
(-170606 0 0)
(-170180 0 0)
(-170068 0 0)
(-167234 0 0)
(-164057 0 0)
(-160117 0 0)
(-156779 0 0)
(-154738 0 0)
(-151080 0 0)
(-148711 0 0)
(-144278 0 0)
(-140376 0 0)
(-136742 0 0)
(-137403 0 0)
(-138287 0 0)
(-136506 0 0)
(-132714 0 0)
(-127793 0 0)
(-122021 0 0)
(-127262 0 0)
(-133492 0 0)
(-127090 0 0)
(-117251 0 0)
(-107452 0 0)
(-99289.1 0 0)
(-88807.6 0 0)
(-98702.3 0 0)
(-111230 0 0)
(-129384 0 0)
(-139833 0 0)
(-136738 0 0)
(-134509 0 0)
(-131449 0 0)
(-129534 0 0)
(-126939 0 0)
(-122503 0 0)
(-118931 0 0)
(-115326 0 0)
(-112617 0 0)
(-108542 0 0)
(-104426 0 0)
(-101957 0 0)
(-91814.8 0 0)
(-80585.4 0 0)
(-99742 0 0)
(-101205 0 0)
(-91752.2 0 0)
(-84042.7 0 0)
(-86699.9 0 0)
(-101867 0 0)
(-91428.3 0 0)
(-93628.2 0 0)
(-85982.8 0 0)
(-78169.5 0 0)
(-69865.8 0 0)
(-60983.7 0 0)
(-62230.7 0 0)
(-54266.2 0 0)
(-48973.2 0 0)
(-35744.1 0 0)
(-28068.6 0 0)
(11383 -0 0)
(-12983.4 0 0)
(-22007 0 0)
(-35054.5 0 0)
(-44051.3 0 0)
(-49849.3 0 0)
(-54051.4 0 0)
(-58120.7 0 0)
(-60521 0 0)
(-61758.5 0 0)
(-63028.6 0 0)
(-63620.9 0 0)
(-59814.7 0 0)
(-55184.8 0 0)
(-60854.5 0 0)
(-72054.8 0 0)
(-88602.7 0 0)
(-110574 0 0)
(-113128 0 0)
(-118244 0 0)
(-123329 0 0)
(-125955 0 0)
(-125618 0 0)
(-145499 0 0)
(-151832 0 0)
(-151098 0 0)
(-168886 0 0)
(-188041 0 0)
(-190408 0 0)
(-192552 0 0)
(-193775 0 0)
(-194876 0 0)
(-194489 0 0)
(-195016 0 0)
(-194783 0 0)
(-192817 0 0)
(-190730 0 0)
(-188053 0 0)
(-185397 0 0)
(-183743 0 0)
(-182246 0 0)
(-180120 0 0)
(-177080 0 0)
(-173022 0 0)
(-168543 0 0)
(-164039 0 0)
(-158829 0 0)
(-153143 0 0)
(-147225 0 0)
(-139824 0 0)
(-130245 0 0)
(-119043 0 0)
(-108031 0 0)
(-96126.9 0 0)
(-109801 0 0)
(-125180 0 0)
(-145746 0 0)
(-143518 0 0)
(-143027 0 0)
(-139747 0 0)
(-135237 0 0)
(-123652 0 0)
(-115592 0 0)
(-108504 0 0)
(-129649 0 0)
(-138958 0 0)
(-139384 0 0)
(-137228 0 0)
(-135195 0 0)
(-125601 0 0)
(-141111 0 0)
(-136284 0 0)
(-130446 0 0)
(-127368 0 0)
(-118655 0 0)
(-110235 0 0)
(-100487 0 0)
(-91175.3 0 0)
(-77064.4 0 0)
(-90660.3 0 0)
(-107201 0 0)
(-96756.5 0 0)
(-83715.1 0 0)
(-70029.4 0 0)
(-81779 0 0)
(-98347.3 0 0)
(-90586.2 0 0)
(-73272.7 0 0)
(-83059.7 0 0)
(-94663.4 0 0)
(-103792 0 0)
(-99584.7 0 0)
(-88708.2 0 0)
(-82536.6 0 0)
(-75592.2 0 0)
(-68439.9 0 0)
(-59514.4 0 0)
(-49871.9 0 0)
(-35546.3 0 0)
(-27773 0 0)
(10192 -0 0)
(-8602.5 0 0)
(-18184.9 0 0)
(-32006.9 0 0)
(-41208.3 0 0)
(-49532.5 0 0)
(-54174.9 0 0)
(-59196.6 0 0)
(-61271 0 0)
(-58521.7 0 0)
(-81815.8 0 0)
(-91083.3 0 0)
(-89817.5 0 0)
(-93161 0 0)
(-97900.5 0 0)
(-106853 0 0)
(-116619 0 0)
(-125120 0 0)
(-130848 0 0)
(-138364 0 0)
(-146043 0 0)
(-153558 0 0)
(-161486 0 0)
(-171327 0 0)
(-177649 0 0)
(-182696 0 0)
(-188299 0 0)
(-191657 0 0)
(-193410 0 0)
(-194783 0 0)
(-194957 0 0)
(-194414 0 0)
(-194089 0 0)
(-194053 0 0)
(-193648 0 0)
(-192169 0 0)
(-189857 0 0)
(-187134 0 0)
(-184506 0 0)
(-182758 0 0)
(-181049 0 0)
(-178882 0 0)
(-176137 0 0)
(-172023 0 0)
(-167632 0 0)
(-163234 0 0)
(-158277 0 0)
(-152954 0 0)
(-147145 0 0)
(-140271 0 0)
(-132244 0 0)
(-123653 0 0)
(-116076 0 0)
(-110348 0 0)
(-102066 0 0)
(-118049 0 0)
(-132182 0 0)
(-122640 0 0)
(-142783 0 0)
(-139096 0 0)
(-134769 0 0)
(-126930 0 0)
(-120924 0 0)
(-124774 0 0)
(-121248 0 0)
(-111945 0 0)
(-130542 0 0)
(-127714 0 0)
(-127570 0 0)
(-124091 0 0)
(-115433 0 0)
(-130689 0 0)
(-126051 0 0)
(-123058 0 0)
(-116237 0 0)
(-110088 0 0)
(-101143 0 0)
(-93748.1 0 0)
(-83592.6 0 0)
(-101062 0 0)
(-114711 0 0)
(-107954 0 0)
(-103378 0 0)
(-93917.3 0 0)
(-88901.6 0 0)
(-109662 0 0)
(-105042 0 0)
(-97065 0 0)
(-85455.9 0 0)
(-101392 0 0)
(-98125.7 0 0)
(-96372.3 0 0)
(-86469.4 0 0)
(-80390.7 0 0)
(-73250.4 0 0)
(-65198.2 0 0)
(-56316.4 0 0)
(-46893.7 0 0)
(-33586.3 0 0)
(-27558.5 0 0)
(7115.21 -0 0)
(-7935.6 0 0)
(-12708.1 0 0)
(-28096.4 0 0)
(-38792.7 0 0)
(-45710.2 0 0)
(-52544.1 0 0)
(-58968.6 0 0)
(-63892.8 0 0)
(-67375.6 0 0)
(-71079.5 0 0)
(-94110.3 0 0)
(-99753.7 0 0)
(-109564 0 0)
(-109341 0 0)
(-116808 0 0)
(-124095 0 0)
(-131382 0 0)
(-138928 0 0)
(-147414 0 0)
(-155498 0 0)
(-162480 0 0)
(-168271 0 0)
(-173350 0 0)
(-176891 0 0)
(-179143 0 0)
(-180410 0 0)
(-180870 0 0)
(-181945 0 0)
(-183317 0 0)
(-183410 0 0)
(-183091 0 0)
(-183082 0 0)
(-183149 0 0)
(-182900 0 0)
(-181727 0 0)
(-179735 0 0)
(-177421 0 0)
(-175278 0 0)
(-173788 0 0)
(-172377 0 0)
(-170659 0 0)
(-168376 0 0)
(-165001 0 0)
(-161286 0 0)
(-157557 0 0)
(-153369 0 0)
(-148779 0 0)
(-143405 0 0)
(-136906 0 0)
(-129615 0 0)
(-121871 0 0)
(-114667 0 0)
(-108994 0 0)
(-100500 0 0)
(-118356 0 0)
(-133054 0 0)
(-131307 0 0)
(-127716 0 0)
(-121541 0 0)
(-113212 0 0)
(-100634 0 0)
(-117069 0 0)
(-111370 0 0)
(-110865 0 0)
(-104635 0 0)
(-94037.7 0 0)
(-79595 0 0)
(-79635.3 0 0)
(-91786.7 0 0)
(-103116 0 0)
(-120143 0 0)
(-111797 0 0)
(-105152 0 0)
(-94967.5 0 0)
(-106852 0 0)
(-101723 0 0)
(-98207.9 0 0)
(-94790.1 0 0)
(-86204.7 0 0)
(-104408 0 0)
(-97661.9 0 0)
(-90093.6 0 0)
(-81280.8 0 0)
(-95780.1 0 0)
(-101625 0 0)
(-96478.2 0 0)
(-89906.8 0 0)
(-75140.6 0 0)
(-89216.9 0 0)
(-77483.7 0 0)
(-68905.6 0 0)
(-77978.2 0 0)
(-70997.9 0 0)
(-64384.1 0 0)
(-56673.6 0 0)
(-48711.6 0 0)
(-40672.9 0 0)
(-29922.1 0 0)
(-27190.3 0 0)
(2445.28 -0 0)
(-8358.83 0 0)
(-7656.61 0 0)
(-22595 0 0)
(-34190.7 0 0)
(-41003 0 0)
(-47596.2 0 0)
(-54487.1 0 0)
(-60319.3 0 0)
(-64286 0 0)
(-69882.2 0 0)
(-71447 0 0)
(-83439 0 0)
(-106823 0 0)
(-110779 0 0)
(-119054 0 0)
(-121803 0 0)
(-129868 0 0)
(-137694 0 0)
(-145195 0 0)
(-151297 0 0)
(-155496 0 0)
(-157986 0 0)
(-159746 0 0)
(-160774 0 0)
(-160958 0 0)
(-160572 0 0)
(-160165 0 0)
(-160771 0 0)
(-162352 0 0)
(-162826 0 0)
(-162967 0 0)
(-163410 0 0)
(-163833 0 0)
(-163926 0 0)
(-163150 0 0)
(-161602 0 0)
(-159786 0 0)
(-158220 0 0)
(-157244 0 0)
(-156350 0 0)
(-155296 0 0)
(-153681 0 0)
(-151249 0 0)
(-148498 0 0)
(-145690 0 0)
(-142426 0 0)
(-138544 0 0)
(-133460 0 0)
(-126911 0 0)
(-119541 0 0)
(-111708 0 0)
(-104143 0 0)
(-98312.3 0 0)
(-90290.4 0 0)
(-107500 0 0)
(-121835 0 0)
(-120110 0 0)
(-114857 0 0)
(-109561 0 0)
(-101910 0 0)
(-107399 0 0)
(-103563 0 0)
(-94919.3 0 0)
(-83263.7 0 0)
(-98264.9 0 0)
(-88535 0 0)
(-109006 0 0)
(-106165 0 0)
(-103196 0 0)
(-94462.3 0 0)
(-112085 0 0)
(-104538 0 0)
(-99443.3 0 0)
(-93396.2 0 0)
(-86845.6 0 0)
(-77522.4 0 0)
(-66221 0 0)
(-82622 0 0)
(-75853 0 0)
(-76721.5 0 0)
(-78331.9 0 0)
(-68887.2 0 0)
(-84287.4 0 0)
(-79339.3 0 0)
(-71970.6 0 0)
(-61346.6 0 0)
(-78073.1 0 0)
(-66403 0 0)
(-79245.6 0 0)
(-71658.9 0 0)
(-68981.6 0 0)
(-68199.2 0 0)
(-57099.7 0 0)
(-51509.5 0 0)
(-44542.8 0 0)
(-37834.4 0 0)
(-31364 0 0)
(-24017.8 0 0)
(-25326.8 0 0)
(-2492.77 0 0)
(-7729.15 0 0)
(-6484.85 0 0)
(-12331.6 0 0)
(-26955.7 0 0)
(-33312.4 0 0)
(-40009.3 0 0)
(-45922.7 0 0)
(-51179.1 0 0)
(-45998.3 0 0)
(-63912.2 0 0)
(-70816 0 0)
(-71866 0 0)
(-95765.6 0 0)
(-107153 0 0)
(-112303 0 0)
(-113579 0 0)
(-121119 0 0)
(-127858 0 0)
(-133250 0 0)
(-136584 0 0)
(-137776 0 0)
(-137342 0 0)
(-136597 0 0)
(-135682 0 0)
(-134327 0 0)
(-132673 0 0)
(-131301 0 0)
(-131084 0 0)
(-132236 0 0)
(-133817 0 0)
(-134443 0 0)
(-135371 0 0)
(-136235 0 0)
(-136795 0 0)
(-136526 0 0)
(-135527 0 0)
(-134183 0 0)
(-133112 0 0)
(-132657 0 0)
(-132339 0 0)
(-131996 0 0)
(-131211 0 0)
(-129902 0 0)
(-128532 0 0)
(-127226 0 0)
(-125506 0 0)
(-122878 0 0)
(-118395 0 0)
(-111654 0 0)
(-103794 0 0)
(-94853.1 0 0)
(-84898.7 0 0)
(-74868.2 0 0)
(-75272.1 0 0)
(-90853.1 0 0)
(-102943 0 0)
(-101719 0 0)
(-98745.1 0 0)
(-94439.8 0 0)
(-87518 0 0)
(-97741.5 0 0)
(-100221 0 0)
(-96978.7 0 0)
(-92997.5 0 0)
(-88997.7 0 0)
(-80702 0 0)
(-102328 0 0)
(-97559.1 0 0)
(-92136.7 0 0)
(-80986.8 0 0)
(-98685.2 0 0)
(-91261.3 0 0)
(-86450.7 0 0)
(-81333.4 0 0)
(-75553.4 0 0)
(-69503.9 0 0)
(-59085.8 0 0)
(-44278 0 0)
(-51732 0 0)
(-45449.9 0 0)
(-56486.8 0 0)
(-73481.6 0 0)
(-66557.4 0 0)
(-57409.5 0 0)
(-46425.7 0 0)
(-37184.9 0 0)
(-50592.5 0 0)
(-65217.9 0 0)
(-58661.8 0 0)
(-54850.5 0 0)
(-49979.4 0 0)
(-50705.8 0 0)
(-41183.6 0 0)
(-36430.9 0 0)
(-30211.7 0 0)
(-24647 0 0)
(-19530.9 0 0)
(-15366.1 0 0)
(-20900.8 0 0)
(-8105.48 0 0)
(-6322.8 0 0)
(-4301.93 0 0)
(-5444.2 0 0)
(-18454.1 0 0)
(-24082.3 0 0)
(-24418.4 0 0)
(-35721.5 0 0)
(-40658.6 0 0)
(-37031.8 0 0)
(-44254.5 0 0)
(-62282.3 0 0)
(-67753.8 0 0)
(-74766.6 0 0)
(-93259.9 0 0)
(-99846.8 0 0)
(-99775.5 0 0)
(-106150 0 0)
(-111240 0 0)
(-114154 0 0)
(-114818 0 0)
(-113371 0 0)
(-110462 0 0)
(-107696 0 0)
(-105210 0 0)
(-102481 0 0)
(-99389.5 0 0)
(-96455 0 0)
(-94688.1 0 0)
(-94487.2 0 0)
(-95775.4 0 0)
(-97286.5 0 0)
(-98609 0 0)
(-99750.3 0 0)
(-100599 0 0)
(-101088 0 0)
(-101157 0 0)
(-100596 0 0)
(-99876.7 0 0)
(-99759.9 0 0)
(-99846.6 0 0)
(-99946.3 0 0)
(-99783.7 0 0)
(-99500.2 0 0)
(-99770.1 0 0)
(-100688 0 0)
(-101752 0 0)
(-102160 0 0)
(-100406 0 0)
(-95536.9 0 0)
(-89660 0 0)
(-83774.3 0 0)
(-77898.3 0 0)
(-74837.6 0 0)
(-68272.4 0 0)
(-66076.3 0 0)
(-64282.6 0 0)
(-60652.6 0 0)
(-76102.8 0 0)
(-72067.8 0 0)
(-64514.3 0 0)
(-84099.6 0 0)
(-81629.6 0 0)
(-79955.1 0 0)
(-77782.9 0 0)
(-71616.9 0 0)
(-62619.4 0 0)
(-82596.3 0 0)
(-77108.9 0 0)
(-70718.8 0 0)
(-59406.1 0 0)
(-75512.2 0 0)
(-72325.7 0 0)
(-68089.6 0 0)
(-63272 0 0)
(-56226.7 0 0)
(-68705 0 0)
(-66506.8 0 0)
(-63477.3 0 0)
(-58504.9 0 0)
(-51892.9 0 0)
(-43156.9 0 0)
(-61181 0 0)
(-54794.3 0 0)
(-47418.4 0 0)
(-37832.4 0 0)
(-23432.2 0 0)
(-31132 0 0)
(-34736.7 0 0)
(-22638.1 0 0)
(-34352.2 0 0)
(-28385.3 0 0)
(-30169 0 0)
(-23925.6 0 0)
(-20046.6 0 0)
(-14690.2 0 0)
(-10084.2 0 0)
(-5873.19 0 0)
(-3857.21 0 0)
(-12656.6 0 0)
(-14580.7 0 0)
(-5509.6 0 0)
(-2259.74 0 0)
(-1245.53 0 0)
(-7568.9 0 0)
(-15218.6 0 0)
(-17393.8 0 0)
(-20592.9 0 0)
(-29600.8 0 0)
(-29169.2 0 0)
(-28665.4 0 0)
(-43859.3 0 0)
(-55856.1 0 0)
(-58458.1 0 0)
(-70488.9 0 0)
(-83138.6 0 0)
(-84879.2 0 0)
(-86927.5 0 0)
(-89901 0 0)
(-90318.9 0 0)
(-88711.3 0 0)
(-85124.8 0 0)
(-79977.8 0 0)
(-75384.9 0 0)
(-71563 0 0)
(-67695.5 0 0)
(-63138.9 0 0)
(-58143.8 0 0)
(-53819 0 0)
(-50922.4 0 0)
(-49947.5 0 0)
(-50832.1 0 0)
(-52712 0 0)
(-55048.9 0 0)
(-57230.2 0 0)
(-58366.7 0 0)
(-58582 0 0)
(-58877.7 0 0)
(-58897.7 0 0)
(-59080.2 0 0)
(-59452.1 0 0)
(-59623.4 0 0)
(-59451.6 0 0)
(-59457.6 0 0)
(-60633.7 0 0)
(-63240.1 0 0)
(-67035.4 0 0)
(-71309.2 0 0)
(-74026.1 0 0)
(-72237.7 0 0)
(-66552.9 0 0)
(-58409.6 0 0)
(-46406 0 0)
(-63994 0 0)
(-62257.8 0 0)
(-58766.8 0 0)
(-54618.1 0 0)
(-51356.7 0 0)
(-49223.4 0 0)
(-46417.8 0 0)
(-36352.2 0 0)
(-47354 0 0)
(-48737.9 0 0)
(-44270.1 0 0)
(-58161.3 0 0)
(-52227.4 0 0)
(-41581.9 0 0)
(-55701.8 0 0)
(-47382.9 0 0)
(-37362.8 0 0)
(-33300.1 0 0)
(-44157.3 0 0)
(-49273.4 0 0)
(-48511.9 0 0)
(-48478.9 0 0)
(-47388.5 0 0)
(-44404.5 0 0)
(-43006.9 0 0)
(-54180 0 0)
(-47214.5 0 0)
(-38937.7 0 0)
(-26130.4 0 0)
(-40169.8 0 0)
(-42400.6 0 0)
(-40813.4 0 0)
(-35015.3 0 0)
(-28131.9 0 0)
(-27538.6 0 0)
(-16592.3 0 0)
(-9472.4 0 0)
(-14893.8 0 0)
(-7413.5 0 0)
(-7333.48 0 0)
(-5948.04 0 0)
(-3107.29 0 0)
(1074.64 -0 0)
(4766.48 -0 0)
(8368.93 -0 0)
(9837.54 -0 0)
(681.359 -0 0)
(-20015.8 0 0)
(-4458.11 0 0)
(-123.561 0 0)
(1787 -0 0)
(-136.982 0 0)
(-5797.37 0 0)
(-9337.65 0 0)
(-12431.3 0 0)
(-16684.3 0 0)
(-20199 0 0)
(-18836.8 0 0)
(-25259.5 0 0)
(-37346 0 0)
(-45040.5 0 0)
(-51895.5 0 0)
(-64165.5 0 0)
(-66586.6 0 0)
(-67865.3 0 0)
(-68004.5 0 0)
(-66622.7 0 0)
(-63674.6 0 0)
(-59062 0 0)
(-52372.6 0 0)
(-46291.4 0 0)
(-41362.5 0 0)
(-36752.5 0 0)
(-31434.1 0 0)
(-25229.5 0 0)
(-18982.9 0 0)
(-13445.9 0 0)
(-9543.25 0 0)
(-8108.1 0 0)
(-8826.37 0 0)
(-10490.3 0 0)
(-12484.2 0 0)
(-13571.7 0 0)
(-13476.7 0 0)
(-13066.8 0 0)
(-13913 0 0)
(-14341.4 0 0)
(-14991 0 0)
(-15211.3 0 0)
(-14825.1 0 0)
(-14458.5 0 0)
(-15131.2 0 0)
(-17496 0 0)
(-21730.6 0 0)
(-27987.7 0 0)
(-36319 0 0)
(-43907.8 0 0)
(-42061.6 0 0)
(-34480.5 0 0)
(-22194 0 0)
(-37069.9 0 0)
(-37425.3 0 0)
(-33907.5 0 0)
(-29352.7 0 0)
(-26874.9 0 0)
(-25200.4 0 0)
(-26717.3 0 0)
(-25411.3 0 0)
(-23321.7 0 0)
(-30003.7 0 0)
(-32739.1 0 0)
(-37026.9 0 0)
(-36754.9 0 0)
(-33413 0 0)
(-29871 0 0)
(-14422.2 0 0)
(-16971.2 0 0)
(-15914.5 0 0)
(-6639.01 0 0)
(-17858.8 0 0)
(-20952.7 0 0)
(-25170.4 0 0)
(-29739.8 0 0)
(-33656 0 0)
(-36553 0 0)
(-38150.8 0 0)
(-33002.3 0 0)
(-26616.1 0 0)
(-14033.3 0 0)
(-21745.2 0 0)
(-21126 0 0)
(-30214.2 0 0)
(-32036.9 0 0)
(-31450.6 0 0)
(-27164.5 0 0)
(-18588.3 0 0)
(-8424.6 0 0)
(2540.16 -0 0)
(11563.9 -0 0)
(13627.8 -0 0)
(12667.1 -0 0)
(13942.2 -0 0)
(16563.6 -0 0)
(19248.8 -0 0)
(22045.2 -0 0)
(24095.5 -0 0)
(18505.4 -0 0)
(-16804.1 0 0)
(-3319.39 0 0)
(1430.83 -0 0)
(4712.3 -0 0)
(5009.55 -0 0)
(1309.46 -0 0)
(-1728.17 0 0)
(-4616.94 0 0)
(-7852.62 0 0)
(-11492.6 0 0)
(-8725.58 0 0)
(-12396.6 0 0)
(-21986.8 0 0)
(-29198.7 0 0)
(-35256.2 0 0)
(-46775 0 0)
(-47310.7 0 0)
(-50900 0 0)
(-45929 0 0)
(-43630.6 0 0)
(-38925.2 0 0)
(-33614.7 0 0)
(-26389.1 0 0)
(-19345.9 0 0)
(-13271.8 0 0)
(-7749.92 0 0)
(-2030.41 0 0)
(4163.84 -0 0)
(10512.5 -0 0)
(16671.6 -0 0)
(22096.9 -0 0)
(25950.4 -0 0)
(27796.1 -0 0)
(28200.4 -0 0)
(27729.2 -0 0)
(27233.8 -0 0)
(27342.1 -0 0)
(28106.5 -0 0)
(28719.7 -0 0)
(28011.2 -0 0)
(27442.6 -0 0)
(27218 -0 0)
(27474.8 -0 0)
(27875.5 -0 0)
(28001.7 -0 0)
(27165.2 -0 0)
(24734.4 -0 0)
(20744.1 -0 0)
(13166.1 -0 0)
(-4184.25 0 0)
(-11841 0 0)
(-7176.14 0 0)
(-2005.13 0 0)
(-4017.15 0 0)
(-6962.32 0 0)
(-2943.83 0 0)
(2801.96 -0 0)
(2754.85 -0 0)
(7544.83 -0 0)
(4570.12 -0 0)
(2645.14 -0 0)
(1755.73 -0 0)
(-1739.4 0 0)
(-1944.33 0 0)
(-3533.67 0 0)
(-9202.96 0 0)
(-7025.13 0 0)
(-4403.61 0 0)
(4636.78 -0 0)
(9425.64 -0 0)
(13714.4 -0 0)
(20550.2 -0 0)
(19190.9 -0 0)
(14259.2 -0 0)
(9367.74 -0 0)
(3409.8 -0 0)
(-2711.46 0 0)
(-6552.08 0 0)
(-7286.87 0 0)
(-4679.46 0 0)
(-3037.43 0 0)
(1967.45 -0 0)
(2688.93 -0 0)
(2919.37 -0 0)
(-3580.09 0 0)
(-8811.76 0 0)
(-11611.9 0 0)
(-9292.75 0 0)
(-3242.66 0 0)
(6356.37 -0 0)
(20138.7 -0 0)
(30455.9 -0 0)
(33257.8 -0 0)
(31730.4 -0 0)
(31538.9 -0 0)
(32512.6 -0 0)
(33918.2 -0 0)
(35255.4 -0 0)
(37293.4 -0 0)
(35419.6 -0 0)
(1845.85 -0 0)
(-2358.93 0 0)
(1803.11 -0 0)
(5634.29 -0 0)
(9399.7 -0 0)
(8291.23 -0 0)
(6637.05 -0 0)
(-747.68 0 0)
(-3375.67 0 0)
(-2933.69 0 0)
(-5697.42 0 0)
(-6091.49 0 0)
(-9346.18 0 0)
(-14296.1 0 0)
(-24975.3 0 0)
(-34280.1 0 0)
(-35630 0 0)
(-34043.7 0 0)
(-30248.5 0 0)
(-37936.2 0 0)
(-26958.7 0 0)
(-19738.8 0 0)
(-11883 0 0)
(-4000.84 0 0)
(3333.94 -0 0)
(10094.1 -0 0)
(16569.5 -0 0)
(22905.4 -0 0)
(29236.9 -0 0)
(35617.9 -0 0)
(41903.8 -0 0)
(47648.8 -0 0)
(52222.2 -0 0)
(55483.2 -0 0)
(57668.8 -0 0)
(59115.8 -0 0)
(60334.4 -0 0)
(61701.6 -0 0)
(63300.9 -0 0)
(64059 -0 0)
(64498.7 -0 0)
(64715.9 -0 0)
(64906.4 -0 0)
(65233.7 -0 0)
(65711.6 -0 0)
(65890 -0 0)
(65134.6 -0 0)
(63307.1 -0 0)
(58196.7 -0 0)
(43905.7 -0 0)
(30161.3 -0 0)
(30048.8 -0 0)
(18394.4 -0 0)
(24150.7 -0 0)
(20981.6 -0 0)
(28377.6 -0 0)
(35087.3 -0 0)
(39538.4 -0 0)
(41822.9 -0 0)
(39242.6 -0 0)
(36827.8 -0 0)
(24426.6 -0 0)
(29455.3 -0 0)
(33027.6 -0 0)
(34064.7 -0 0)
(19661.8 -0 0)
(26874.6 -0 0)
(30522.6 -0 0)
(36702 -0 0)
(40172.2 -0 0)
(45582.6 -0 0)
(49818.3 -0 0)
(51890.7 -0 0)
(44536.1 -0 0)
(41311.7 -0 0)
(37704.1 -0 0)
(33477.7 -0 0)
(30277.3 -0 0)
(29054.1 -0 0)
(28756.3 -0 0)
(27140.9 -0 0)
(26477.6 -0 0)
(27025 -0 0)
(27003.1 -0 0)
(23847.3 -0 0)
(18761.8 -0 0)
(14373 -0 0)
(13401 -0 0)
(16199.4 -0 0)
(23129.5 -0 0)
(36379.5 -0 0)
(47434.3 -0 0)
(51720.6 -0 0)
(50862 -0 0)
(49714.7 -0 0)
(49054 -0 0)
(48861.5 -0 0)
(48221.3 -0 0)
(48361.7 -0 0)
(45519.4 -0 0)
(25647.4 -0 0)
(-1305.46 0 0)
(2338.3 -0 0)
(6648.48 -0 0)
(12496.3 -0 0)
(10805.9 -0 0)
(12365.7 -0 0)
(3181.63 -0 0)
(5771.41 -0 0)
(-715.359 0 0)
(-635.115 0 0)
(4829.83 -0 0)
(2828.13 -0 0)
(-7747.25 0 0)
(-8638.66 0 0)
(-13075.9 0 0)
(-16678.9 0 0)
(-25098.5 0 0)
(-18566.2 0 0)
(-29361.9 0 0)
(-16184.4 0 0)
(-7004.36 0 0)
(1923.22 -0 0)
(10645.9 -0 0)
(18912.3 -0 0)
(26705.1 -0 0)
(34021.5 -0 0)
(40881.1 -0 0)
(47418.2 -0 0)
(53857.3 -0 0)
(60222.1 -0 0)
(66442 -0 0)
(72114.5 -0 0)
(76956.5 -0 0)
(80964.1 -0 0)
(84201 -0 0)
(86864.8 -0 0)
(89226.8 -0 0)
(91524.2 -0 0)
(93561.5 -0 0)
(94990.2 -0 0)
(95975.9 -0 0)
(96665.6 -0 0)
(97302.8 -0 0)
(98019.2 -0 0)
(98598.4 -0 0)
(98666.1 -0 0)
(97926.8 -0 0)
(94624.2 -0 0)
(87307.6 -0 0)
(74369 -0 0)
(72287.7 -0 0)
(52391 -0 0)
(57821.2 -0 0)
(61673.9 -0 0)
(65580.1 -0 0)
(70298 -0 0)
(74021.9 -0 0)
(75575.6 -0 0)
(69085.9 -0 0)
(64490.2 -0 0)
(68538.5 -0 0)
(71991.6 -0 0)
(73353.9 -0 0)
(74416.9 -0 0)
(73245.5 -0 0)
(73585.3 -0 0)
(73912.9 -0 0)
(77309.1 -0 0)
(61682 -0 0)
(72229.5 -0 0)
(77494.7 -0 0)
(80795.8 -0 0)
(81559.8 -0 0)
(63243.7 -0 0)
(66957.4 -0 0)
(68469.9 -0 0)
(68223.9 -0 0)
(66928 -0 0)
(63559.3 -0 0)
(57107.3 -0 0)
(50508 -0 0)
(47779.2 -0 0)
(47990.4 -0 0)
(47336.5 -0 0)
(43565.4 -0 0)
(37957.2 -0 0)
(33740.5 -0 0)
(34674.1 -0 0)
(39920.3 -0 0)
(54221.5 -0 0)
(65439.7 -0 0)
(69798.7 -0 0)
(69031 -0 0)
(67071.8 -0 0)
(64981.2 -0 0)
(63131.5 -0 0)
(60735.1 -0 0)
(59090.4 -0 0)
(54895.1 -0 0)
(45948.8 -0 0)
(-80.0756 0 0)
(5630.65 -0 0)
(10974 -0 0)
(12350.8 -0 0)
(16267 -0 0)
(12586.4 -0 0)
(14484.8 -0 0)
(15631.6 -0 0)
(13597.6 -0 0)
(17543.5 -0 0)
(18037.5 -0 0)
(6059.28 -0 0)
(8016.06 -0 0)
(6863.51 -0 0)
(7195.01 -0 0)
(-3537.48 0 0)
(-4027.66 0 0)
(-13270.9 0 0)
(-6831.86 0 0)
(1295.06 -0 0)
(9271.25 -0 0)
(17801.9 -0 0)
(26482.5 -0 0)
(34979.4 -0 0)
(43198.7 -0 0)
(51009.5 -0 0)
(58311.3 -0 0)
(65152.9 -0 0)
(71736.1 -0 0)
(78229.8 -0 0)
(84622.1 -0 0)
(90688.1 -0 0)
(96238.8 -0 0)
(101211 -0 0)
(105592 -0 0)
(109395 -0 0)
(112739 -0 0)
(115783 -0 0)
(118557 -0 0)
(120802 -0 0)
(122479 -0 0)
(123702 -0 0)
(124702 -0 0)
(125629 -0 0)
(126393 -0 0)
(126867 -0 0)
(126751 -0 0)
(124758 -0 0)
(122552 -0 0)
(112927 -0 0)
(111243 -0 0)
(88762 -0 0)
(95490.8 -0 0)
(98009.2 -0 0)
(99554.9 -0 0)
(102233 -0 0)
(103744 -0 0)
(103288 -0 0)
(104881 -0 0)
(105426 -0 0)
(107607 -0 0)
(109852 -0 0)
(110751 -0 0)
(111470 -0 0)
(112260 -0 0)
(112595 -0 0)
(112061 -0 0)
(114225 -0 0)
(93920.2 -0 0)
(102188 -0 0)
(105482 -0 0)
(107380 -0 0)
(109505 -0 0)
(108590 -0 0)
(107784 -0 0)
(106765 -0 0)
(104660 -0 0)
(102351 -0 0)
(99361 -0 0)
(98098.1 -0 0)
(98144.5 -0 0)
(98550.8 -0 0)
(98803 -0 0)
(97597.2 -0 0)
(94876 -0 0)
(91909.6 -0 0)
(90037.7 -0 0)
(88964.1 -0 0)
(89257.7 -0 0)
(74826.2 -0 0)
(85219.7 -0 0)
(87933.5 -0 0)
(85870.7 -0 0)
(82752.9 -0 0)
(79305.5 -0 0)
(75861.6 -0 0)
(71774.1 -0 0)
(68148.3 -0 0)
(64318.1 -0 0)
(62441.2 -0 0)
(1303.45 -0 0)
(9025.83 -0 0)
(13803.6 -0 0)
(16934.7 -0 0)
(15062.7 -0 0)
(21683 -0 0)
(25679 -0 0)
(25227.9 -0 0)
(26902.8 -0 0)
(29301.6 -0 0)
(18600.3 -0 0)
(19824.4 -0 0)
(24559.9 -0 0)
(23735.1 -0 0)
(27537.4 -0 0)
(23410.5 -0 0)
(7963.35 -0 0)
(11720.9 -0 0)
(16520.5 -0 0)
(22454.7 -0 0)
(28958.6 -0 0)
(36319 -0 0)
(44194 -0 0)
(52192 -0 0)
(60144 -0 0)
(67862.6 -0 0)
(75185.9 -0 0)
(82089.5 -0 0)
(88707.1 -0 0)
(95186.5 -0 0)
(101538 -0 0)
(107645 -0 0)
(113383 -0 0)
(118697 -0 0)
(123554 -0 0)
(127919 -0 0)
(131819 -0 0)
(135332 -0 0)
(138514 -0 0)
(141210 -0 0)
(143330 -0 0)
(144949 -0 0)
(146255 -0 0)
(147389 -0 0)
(148315 -0 0)
(149090 -0 0)
(149415 -0 0)
(148252 -0 0)
(149152 -0 0)
(142387 -0 0)
(141876 -0 0)
(118958 -0 0)
(125254 -0 0)
(127124 -0 0)
(129112 -0 0)
(132075 -0 0)
(135253 -0 0)
(137013 -0 0)
(137198 -0 0)
(137410 -0 0)
(138745 -0 0)
(140306 -0 0)
(141016 -0 0)
(141553 -0 0)
(142265 -0 0)
(142618 -0 0)
(141686 -0 0)
(143441 -0 0)
(121929 -0 0)
(128742 -0 0)
(130398 -0 0)
(125185 -0 0)
(129598 -0 0)
(132357 -0 0)
(133808 -0 0)
(134077 -0 0)
(134127 -0 0)
(133837 -0 0)
(132891 -0 0)
(131746 -0 0)
(131512 -0 0)
(131936 -0 0)
(132385 -0 0)
(131621 -0 0)
(129628 -0 0)
(127249 -0 0)
(125411 -0 0)
(122901 -0 0)
(121460 -0 0)
(102842 -0 0)
(105938 -0 0)
(104941 -0 0)
(100582 -0 0)
(96020.3 -0 0)
(91230 -0 0)
(86242.8 -0 0)
(80487.4 -0 0)
(75200.1 -0 0)
(72232.3 -0 0)
(72174.3 -0 0)
(2612.7 -0 0)
(11455.1 -0 0)
(10928.1 -0 0)
(14050.6 -0 0)
(22726.3 -0 0)
(30607.3 -0 0)
(33270.8 -0 0)
(33164.6 -0 0)
(37760.2 -0 0)
(26369.9 -0 0)
(20976.6 -0 0)
(31035.4 -0 0)
(35959.2 -0 0)
(27326.9 -0 0)
(38725.2 -0 0)
(27232.7 -0 0)
(32360.5 -0 0)
(35034.9 -0 0)
(39039.5 -0 0)
(44168.5 -0 0)
(49755.3 -0 0)
(56112.1 -0 0)
(63050.8 -0 0)
(70245.8 -0 0)
(77521.6 -0 0)
(84692.5 -0 0)
(91591.7 -0 0)
(98163.8 -0 0)
(104486 -0 0)
(110659 -0 0)
(116699 -0 0)
(122536 -0 0)
(128080 -0 0)
(133282 -0 0)
(138108 -0 0)
(142510 -0 0)
(146476 -0 0)
(150046 -0 0)
(153245 -0 0)
(155995 -0 0)
(158202 -0 0)
(159917 -0 0)
(161295 -0 0)
(162459 -0 0)
(163400 -0 0)
(164283 -0 0)
(164820 -0 0)
(164061 -0 0)
(166743 -0 0)
(161845 -0 0)
(162363 -0 0)
(139510 -0 0)
(145596 -0 0)
(147118 -0 0)
(148703 -0 0)
(151494 -0 0)
(155124 -0 0)
(157505 -0 0)
(157804 -0 0)
(157939 -0 0)
(158943 -0 0)
(160170 -0 0)
(160823 -0 0)
(161293 -0 0)
(161841 -0 0)
(162039 -0 0)
(160818 -0 0)
(162434 -0 0)
(140620 -0 0)
(146880 -0 0)
(147667 -0 0)
(148396 -0 0)
(150198 -0 0)
(151718 -0 0)
(152718 -0 0)
(152877 -0 0)
(152929 -0 0)
(153280 -0 0)
(153737 -0 0)
(152184 -0 0)
(152035 -0 0)
(152590 -0 0)
(153263 -0 0)
(153070 -0 0)
(151733 -0 0)
(149495 -0 0)
(147352 -0 0)
(144721 -0 0)
(142348 -0 0)
(133153 -0 0)
(112971 -0 0)
(114788 -0 0)
(110469 -0 0)
(105267 -0 0)
(99515 -0 0)
(93224.6 -0 0)
(86037.9 -0 0)
(79478.8 -0 0)
(76867.8 -0 0)
(77778.1 -0 0)
(2821.26 -0 0)
(11355.5 -0 0)
(11236.2 -0 0)
(21565.4 -0 0)
(29994.9 -0 0)
(37396.3 -0 0)
(38067.5 -0 0)
(39743.2 -0 0)
(42514.9 -0 0)
(30580 -0 0)
(36250.2 -0 0)
(42680.7 -0 0)
(46341.3 -0 0)
(35498.7 -0 0)
(49059.4 -0 0)
(36013 -0 0)
(47448 -0 0)
(52399.3 -0 0)
(57359 -0 0)
(62893.3 -0 0)
(68456.5 -0 0)
(74411.7 -0 0)
(80743.6 -0 0)
(87243.9 -0 0)
(93776.4 -0 0)
(100193 -0 0)
(106365 -0 0)
(112250 -0 0)
(117914 -0 0)
(123443 -0 0)
(128855 -0 0)
(134100 -0 0)
(139103 -0 0)
(143817 -0 0)
(148208 -0 0)
(152219 -0 0)
(155815 -0 0)
(159017 -0 0)
(161837 -0 0)
(164245 -0 0)
(166179 -0 0)
(167658 -0 0)
(168809 -0 0)
(169745 -0 0)
(170462 -0 0)
(171170 -0 0)
(171626 -0 0)
(170836 -0 0)
(174380 -0 0)
(170614 -0 0)
(171794 -0 0)
(148962 -0 0)
(154959 -0 0)
(156329 -0 0)
(157388 -0 0)
(159864 -0 0)
(163589 -0 0)
(165891 -0 0)
(165793 -0 0)
(165577 -0 0)
(166229 -0 0)
(167154 -0 0)
(167737 -0 0)
(168179 -0 0)
(168642 -0 0)
(168739 -0 0)
(167410 -0 0)
(169129 -0 0)
(147495 -0 0)
(153699 -0 0)
(154065 -0 0)
(155117 -0 0)
(157069 -0 0)
(158688 -0 0)
(159778 -0 0)
(160264 -0 0)
(160556 -0 0)
(160790 -0 0)
(161437 -0 0)
(161823 -0 0)
(162040 -0 0)
(162563 -0 0)
(163209 -0 0)
(163139 -0 0)
(162134 -0 0)
(160434 -0 0)
(158434 -0 0)
(155819 -0 0)
(153165 -0 0)
(150556 -0 0)
(125314 -0 0)
(123949 -0 0)
(116989 -0 0)
(110044 -0 0)
(103054 -0 0)
(95667.3 -0 0)
(87474.4 -0 0)
(80359.2 -0 0)
(77823.8 -0 0)
(80745.5 -0 0)
(5692.16 -0 0)
(10107 -0 0)
(18479.7 -0 0)
(27879.3 -0 0)
(35988 -0 0)
(39139.5 -0 0)
(33499.9 -0 0)
(39308.4 -0 0)
(36901.1 -0 0)
(41909.7 -0 0)
(33394.5 -0 0)
(46840.7 -0 0)
(53086.6 -0 0)
(43343.4 -0 0)
(58295.5 -0 0)
(45364.3 -0 0)
(58678.6 -0 0)
(64857 -0 0)
(70561.7 -0 0)
(76543.8 -0 0)
(82213.2 -0 0)
(87937.3 -0 0)
(93791.1 -0 0)
(99646.2 -0 0)
(105401 -0 0)
(110951 -0 0)
(116211 -0 0)
(121176 -0 0)
(125923 -0 0)
(130541 -0 0)
(135060 -0 0)
(139443 -0 0)
(143626 -0 0)
(147565 -0 0)
(151223 -0 0)
(154537 -0 0)
(157456 -0 0)
(159986 -0 0)
(162153 -0 0)
(163909 -0 0)
(165268 -0 0)
(166202 -0 0)
(166824 -0 0)
(167245 -0 0)
(167471 -0 0)
(167737 -0 0)
(167876 -0 0)
(166781 -0 0)
(170153 -0 0)
(166951 -0 0)
(168417 -0 0)
(145782 -0 0)
(151916 -0 0)
(153339 -0 0)
(153631 -0 0)
(155648 -0 0)
(157421 -0 0)
(158594 -0 0)
(157569 -0 0)
(157031 -0 0)
(157621 -0 0)
(158618 -0 0)
(159469 -0 0)
(160206 -0 0)
(160893 -0 0)
(161156 -0 0)
(159979 -0 0)
(162042 -0 0)
(140989 -0 0)
(147475 -0 0)
(147756 -0 0)
(148758 -0 0)
(150864 -0 0)
(152715 -0 0)
(154061 -0 0)
(154908 -0 0)
(155479 -0 0)
(155586 -0 0)
(156303 -0 0)
(157147 -0 0)
(157736 -0 0)
(158465 -0 0)
(159223 -0 0)
(159394 -0 0)
(158746 -0 0)
(157438 -0 0)
(155767 -0 0)
(153271 -0 0)
(150644 -0 0)
(146572 -0 0)
(121834 -0 0)
(120624 -0 0)
(113352 -0 0)
(106253 -0 0)
(99287.8 -0 0)
(91904.2 -0 0)
(83670.7 -0 0)
(76943.6 -0 0)
(74914.2 -0 0)
(81499.2 -0 0)
(7703.58 -0 0)
(14821 -0 0)
(23781.2 -0 0)
(30526.7 -0 0)
(37012.9 -0 0)
(30429.8 -0 0)
(38309.7 -0 0)
(32902.4 -0 0)
(41199.2 -0 0)
(33642.5 -0 0)
(40172.3 -0 0)
(51445.5 -0 0)
(58284.9 -0 0)
(49720.4 -0 0)
(65823.1 -0 0)
(53717.6 -0 0)
(67702.4 -0 0)
(74136.5 -0 0)
(79736.8 -0 0)
(85481.4 -0 0)
(90709.3 -0 0)
(95763.1 -0 0)
(100767 -0 0)
(105641 -0 0)
(110295 -0 0)
(114639 -0 0)
(118622 -0 0)
(122283 -0 0)
(125734 -0 0)
(129095 -0 0)
(132413 -0 0)
(135659 -0 0)
(138766 -0 0)
(141688 -0 0)
(144377 -0 0)
(146765 -0 0)
(148779 -0 0)
(150410 -0 0)
(151694 -0 0)
(152594 -0 0)
(153179 -0 0)
(153416 -0 0)
(153375 -0 0)
(153172 -0 0)
(152804 -0 0)
(152479 -0 0)
(152177 -0 0)
(150340 -0 0)
(151911 -0 0)
(148932 -0 0)
(150697 -0 0)
(130427 -0 0)
(136439 -0 0)
(136802 -0 0)
(135626 -0 0)
(136874 -0 0)
(116290 -0 0)
(123706 -0 0)
(126369 -0 0)
(128669 -0 0)
(131471 -0 0)
(134093 -0 0)
(136215 -0 0)
(137882 -0 0)
(139207 -0 0)
(139874 -0 0)
(139048 -0 0)
(141735 -0 0)
(121853 -0 0)
(129023 -0 0)
(129440 -0 0)
(130462 -0 0)
(132683 -0 0)
(134627 -0 0)
(136156 -0 0)
(137190 -0 0)
(137788 -0 0)
(137815 -0 0)
(138374 -0 0)
(138827 -0 0)
(139325 -0 0)
(140055 -0 0)
(141004 -0 0)
(141528 -0 0)
(141229 -0 0)
(140192 -0 0)
(138788 -0 0)
(135969 -0 0)
(132950 -0 0)
(122648 -0 0)
(101355 -0 0)
(102431 -0 0)
(96757 -0 0)
(91113 -0 0)
(85626 -0 0)
(79714.5 -0 0)
(73089.2 -0 0)
(68678.9 -0 0)
(67619.5 -0 0)
(78092.7 -0 0)
(7979.91 -0 0)
(16593.4 -0 0)
(25500.1 -0 0)
(25529.3 -0 0)
(36098.1 -0 0)
(28394.7 -0 0)
(39532.3 -0 0)
(41938.6 -0 0)
(39847.3 -0 0)
(33162.2 -0 0)
(43659.5 -0 0)
(53006.6 -0 0)
(61100.1 -0 0)
(53727.7 -0 0)
(71122.4 -0 0)
(61064 -0 0)
(75460.4 -0 0)
(81232.9 -0 0)
(85588.6 -0 0)
(89769.1 -0 0)
(93229.5 -0 0)
(96430.5 -0 0)
(99586.8 -0 0)
(102651 -0 0)
(105511 -0 0)
(108052 -0 0)
(110230 -0 0)
(112117 -0 0)
(113877 -0 0)
(115674 -0 0)
(117568 -0 0)
(119515 -0 0)
(121426 -0 0)
(123229 -0 0)
(124862 -0 0)
(126237 -0 0)
(127262 -0 0)
(127911 -0 0)
(128206 -0 0)
(128205 -0 0)
(127853 -0 0)
(127321 -0 0)
(126591 -0 0)
(125759 -0 0)
(124813 -0 0)
(123875 -0 0)
(122831 -0 0)
(120204 -0 0)
(119529 -0 0)
(116572 -0 0)
(117784 -0 0)
(119665 -0 0)
(118047 -0 0)
(95792.5 -0 0)
(98533.5 -0 0)
(102415 -0 0)
(82888.5 -0 0)
(91116.5 -0 0)
(93903.2 -0 0)
(96489.1 -0 0)
(99605.8 -0 0)
(102397 -0 0)
(104591 -0 0)
(106196 -0 0)
(107333 -0 0)
(107685 -0 0)
(106615 -0 0)
(109767 -0 0)
(91840.5 -0 0)
(100105 -0 0)
(100654 -0 0)
(101583 -0 0)
(103733 -0 0)
(105508 -0 0)
(106863 -0 0)
(107682 -0 0)
(108241 -0 0)
(108548 -0 0)
(108823 -0 0)
(102889 -0 0)
(104932 -0 0)
(106760 -0 0)
(108513 -0 0)
(109658 -0 0)
(109764 -0 0)
(108955 -0 0)
(107479 -0 0)
(100073 -0 0)
(99429.5 -0 0)
(91255.1 -0 0)
(72491.7 -0 0)
(75704.8 -0 0)
(71789.7 -0 0)
(67881.4 -0 0)
(64213.8 -0 0)
(60166 -0 0)
(55560.6 -0 0)
(54532.4 -0 0)
(55883.5 -0 0)
(70526.6 -0 0)
(6103.25 -0 0)
(14228 -0 0)
(22391.2 -0 0)
(25958.9 -0 0)
(30588.7 -0 0)
(33064.9 -0 0)
(37926.2 -0 0)
(39378.8 -0 0)
(38512.1 -0 0)
(36232.7 -0 0)
(46210.7 -0 0)
(51844.1 -0 0)
(58783.3 -0 0)
(54378.9 -0 0)
(72406.6 -0 0)
(66917.1 -0 0)
(81208.6 -0 0)
(84141.3 -0 0)
(85108.2 -0 0)
(85748.4 -0 0)
(85764.2 -0 0)
(85776.4 -0 0)
(86089.7 -0 0)
(86623.6 -0 0)
(87178 -0 0)
(87560.5 -0 0)
(87686.8 -0 0)
(87645.3 -0 0)
(87641.8 -0 0)
(87876.7 -0 0)
(88400.9 -0 0)
(89132.6 -0 0)
(89929.5 -0 0)
(90685.3 -0 0)
(91318.7 -0 0)
(91727.7 -0 0)
(91809 -0 0)
(91532.7 -0 0)
(90932.8 -0 0)
(90045.8 -0 0)
(88893.2 -0 0)
(87554.2 -0 0)
(86136.2 -0 0)
(84691 -0 0)
(83182.4 -0 0)
(81538.6 -0 0)
(80315.1 -0 0)
(77453 -0 0)
(75843.6 -0 0)
(74047.4 -0 0)
(61520 -0 0)
(73490.4 -0 0)
(60408.1 -0 0)
(65117.6 -0 0)
(64339.1 -0 0)
(66827.3 -0 0)
(51217.1 -0 0)
(59587.5 -0 0)
(60641.6 -0 0)
(61499.8 -0 0)
(63091.7 -0 0)
(64466.6 -0 0)
(65316.1 -0 0)
(65650.6 -0 0)
(65555.6 -0 0)
(64686.4 -0 0)
(62623.5 -0 0)
(66407.6 -0 0)
(53427.1 -0 0)
(63741.6 -0 0)
(63899.3 -0 0)
(63796.2 -0 0)
(65335.4 -0 0)
(66207.1 -0 0)
(66590.7 -0 0)
(66406.3 -0 0)
(65908.1 -0 0)
(64235.6 -0 0)
(63137.3 -0 0)
(63304.1 -0 0)
(63491.1 -0 0)
(63985.6 -0 0)
(64920.5 -0 0)
(65501.3 -0 0)
(65178.3 -0 0)
(63950.9 -0 0)
(62205.8 -0 0)
(58945.1 -0 0)
(57998.4 -0 0)
(42886.2 -0 0)
(35230.9 -0 0)
(43068.3 -0 0)
(40928.7 -0 0)
(38114.1 -0 0)
(35548.7 -0 0)
(32862.2 -0 0)
(30145.8 -0 0)
(32054 -0 0)
(38404.8 -0 0)
(54611.9 -0 0)
(2499.43 -0 0)
(6526.79 -0 0)
(10683.1 -0 0)
(12980.6 -0 0)
(15163.7 -0 0)
(17148 -0 0)
(18732.8 -0 0)
(18191.4 -0 0)
(19643.2 -0 0)
(22425.6 -0 0)
(26265.9 -0 0)
(26409 -0 0)
(27854.9 -0 0)
(33255.4 -0 0)
(42198.7 -0 0)
(40863.9 -0 0)
(46961.2 -0 0)
(45209.6 -0 0)
(44117.3 -0 0)
(43232.7 -0 0)
(42092.3 -0 0)
(41137.2 -0 0)
(40519.2 -0 0)
(40139.7 -0 0)
(39820.3 -0 0)
(39401.2 -0 0)
(38814.9 -0 0)
(38141.8 -0 0)
(37551.8 -0 0)
(37197.2 -0 0)
(37104.5 -0 0)
(37178.8 -0 0)
(37300.6 -0 0)
(37391.8 -0 0)
(37408.2 -0 0)
(37286.7 -0 0)
(36958.4 -0 0)
(36413.6 -0 0)
(35687.6 -0 0)
(34804.6 -0 0)
(33781.9 -0 0)
(32654.2 -0 0)
(31491.5 -0 0)
(30364.2 -0 0)
(29189.3 -0 0)
(27894.4 -0 0)
(27457.5 -0 0)
(26933.6 -0 0)
(24420.2 -0 0)
(25122.6 -0 0)
(16940 -0 0)
(27933.5 -0 0)
(20274.4 -0 0)
(24250.7 -0 0)
(21997.7 -0 0)
(23694.1 -0 0)
(25119.6 -0 0)
(25191.9 -0 0)
(21825.3 -0 0)
(20562.1 -0 0)
(20559.7 -0 0)
(20617.1 -0 0)
(20320.8 -0 0)
(19712.9 -0 0)
(18858.2 -0 0)
(17471 -0 0)
(15284.5 -0 0)
(19521.1 -0 0)
(16687.6 -0 0)
(24347.3 -0 0)
(21590.7 -0 0)
(20723.6 -0 0)
(21139 -0 0)
(21020.8 -0 0)
(20553.7 -0 0)
(19692.5 -0 0)
(18442.8 -0 0)
(17319.2 -0 0)
(17330.4 -0 0)
(17390.7 -0 0)
(17121.4 -0 0)
(17040.5 -0 0)
(17301.5 -0 0)
(17191.2 -0 0)
(16369.7 -0 0)
(14969.6 -0 0)
(13438.4 -0 0)
(11272.9 -0 0)
(10954.4 -0 0)
(6847.79 -0 0)
(16516 -0 0)
(15777.3 -0 0)
(10502.1 -0 0)
(7523.79 -0 0)
(5850.1 -0 0)
(4587.83 -0 0)
(3543.95 -0 0)
(4347.38 -0 0)
(14102.3 -0 0)
(23730.7 -0 0)
)
;

boundaryField
{
    inlet
    {
        type            calculated;
        value           nonuniform List<vector> 
40
(
(3403.65 -0 0)
(8047.5 -0 0)
(10120.7 -0 0)
(8880.34 -0 0)
(5180.02 -0 0)
(466.61 -0 0)
(-1734.52 0 0)
(-2056.18 0 0)
(-3613.68 0 0)
(-5143.2 0 0)
(-6442.09 0 0)
(-7644.91 0 0)
(-8839.19 0 0)
(-9974.25 0 0)
(-10996.8 0 0)
(-11782 0 0)
(-11623.9 0 0)
(-13218.3 0 0)
(-16040.6 0 0)
(-14558.6 0 0)
(-12983.4 0 0)
(-8602.5 0 0)
(-7935.6 0 0)
(-8358.83 0 0)
(-7729.15 0 0)
(-6322.8 0 0)
(-5509.6 0 0)
(-4458.11 0 0)
(-3319.39 0 0)
(-2358.93 0 0)
(-1305.46 0 0)
(-80.0756 0 0)
(1303.45 -0 0)
(2612.7 -0 0)
(2821.26 -0 0)
(5692.16 -0 0)
(7703.58 -0 0)
(7979.91 -0 0)
(6103.25 -0 0)
(2499.43 -0 0)
)
;
    }
    outlet
    {
        type            calculated;
        value           nonuniform List<vector> 
40
(
(-24178.4 0 0)
(-34253.4 0 0)
(-35855 0 0)
(-29945.7 0 0)
(-42354.6 0 0)
(-47634.6 0 0)
(-49456.1 0 0)
(-61769.4 0 0)
(-86671.4 0 0)
(-87297.6 0 0)
(-47775.3 0 0)
(-14675.4 0 0)
(-269.261 0 0)
(4789.25 -0 0)
(6084.71 -0 0)
(6554.94 -0 0)
(7117.67 -0 0)
(8625.28 -0 0)
(10691.2 -0 0)
(11383 -0 0)
(10192 -0 0)
(7115.21 -0 0)
(2445.28 -0 0)
(-2492.77 0 0)
(-8105.48 0 0)
(-14580.7 0 0)
(-20015.8 0 0)
(-16804.1 0 0)
(1845.85 -0 0)
(25647.4 -0 0)
(45948.8 -0 0)
(62441.2 -0 0)
(72174.3 -0 0)
(77778.1 -0 0)
(80745.5 -0 0)
(81499.2 -0 0)
(78092.7 -0 0)
(70526.6 -0 0)
(54611.9 -0 0)
(23730.7 -0 0)
)
;
    }
    lowerWall
    {
        type            calculated;
        value           nonuniform List<vector> 
100
(
(3403.65 -0 0)
(7302.15 -0 0)
(9691.86 -0 0)
(11791.2 -0 0)
(15435.8 -0 0)
(18483 -0 0)
(19810.5 -0 0)
(15311.2 -0 0)
(18467.6 -0 0)
(21872.7 -0 0)
(21572.2 -0 0)
(22444.7 -0 0)
(25686.9 -0 0)
(30139.9 -0 0)
(33538.2 -0 0)
(31748.7 -0 0)
(30309.7 -0 0)
(29458.6 -0 0)
(30358 -0 0)
(30890.5 -0 0)
(29479.4 -0 0)
(28491.7 -0 0)
(29684.9 -0 0)
(27279 -0 0)
(29965.9 -0 0)
(30232 -0 0)
(29810.8 -0 0)
(19419.5 -0 0)
(21133.1 -0 0)
(24356.7 -0 0)
(24809.3 -0 0)
(22038.4 -0 0)
(20524.1 -0 0)
(20676.6 -0 0)
(20642.4 -0 0)
(21511.1 -0 0)
(19346.2 -0 0)
(16996.4 -0 0)
(15759.8 -0 0)
(15687.3 -0 0)
(19046.2 -0 0)
(9427.97 -0 0)
(8557.26 -0 0)
(5920.77 -0 0)
(6645.57 -0 0)
(8601.35 -0 0)
(11092 -0 0)
(10800.8 -0 0)
(3470.38 -0 0)
(2142.22 -0 0)
(3690.29 -0 0)
(2819.3 -0 0)
(5556.74 -0 0)
(4219.8 -0 0)
(3409.46 -0 0)
(4091.04 -0 0)
(6193.86 -0 0)
(4090.88 -0 0)
(246.271 -0 0)
(2260.53 -0 0)
(854.66 -0 0)
(-857.571 0 0)
(1207.33 -0 0)
(7682.45 -0 0)
(3398.04 -0 0)
(4207.83 -0 0)
(1666.69 -0 0)
(2854.73 -0 0)
(130.963 -0 0)
(-644.677 0 0)
(214.314 -0 0)
(233.6 -0 0)
(882.276 -0 0)
(4646.31 -0 0)
(6003.94 -0 0)
(2308.59 -0 0)
(-1455.06 0 0)
(-4001.97 0 0)
(-3415.57 0 0)
(-10026 0 0)
(-7031.96 0 0)
(-5669.94 0 0)
(-2366.63 0 0)
(402.605 -0 0)
(1160.84 -0 0)
(-8475.41 0 0)
(-3954.43 0 0)
(-6592.32 0 0)
(-3386.98 0 0)
(-7988.73 0 0)
(-760.245 0 0)
(-1414.36 0 0)
(-846.239 0 0)
(181.239 -0 0)
(-4397.89 0 0)
(-8041.91 0 0)
(-21393.7 0 0)
(-19849.7 0 0)
(-22991.2 0 0)
(-24178.4 0 0)
)
;
    }
    upperWall
    {
        type            calculated;
        value           nonuniform List<vector> 
100
(
(2499.43 -0 0)
(6526.79 -0 0)
(10683.1 -0 0)
(12980.6 -0 0)
(15163.7 -0 0)
(17148 -0 0)
(18732.8 -0 0)
(18191.4 -0 0)
(19643.2 -0 0)
(22425.6 -0 0)
(26265.9 -0 0)
(26409 -0 0)
(27854.9 -0 0)
(33255.4 -0 0)
(42198.7 -0 0)
(40863.9 -0 0)
(46961.2 -0 0)
(45209.6 -0 0)
(44117.3 -0 0)
(43232.7 -0 0)
(42092.3 -0 0)
(41137.2 -0 0)
(40519.2 -0 0)
(40139.7 -0 0)
(39820.3 -0 0)
(39401.2 -0 0)
(38814.9 -0 0)
(38141.8 -0 0)
(37551.8 -0 0)
(37197.2 -0 0)
(37104.5 -0 0)
(37178.8 -0 0)
(37300.6 -0 0)
(37391.8 -0 0)
(37408.2 -0 0)
(37286.7 -0 0)
(36958.4 -0 0)
(36413.6 -0 0)
(35687.6 -0 0)
(34804.6 -0 0)
(33781.9 -0 0)
(32654.2 -0 0)
(31491.5 -0 0)
(30364.2 -0 0)
(29189.3 -0 0)
(27894.4 -0 0)
(27457.5 -0 0)
(26933.6 -0 0)
(24420.2 -0 0)
(25122.6 -0 0)
(16940 -0 0)
(27933.5 -0 0)
(20274.4 -0 0)
(24250.7 -0 0)
(21997.7 -0 0)
(23694.1 -0 0)
(25119.6 -0 0)
(25191.9 -0 0)
(21825.3 -0 0)
(20562.1 -0 0)
(20559.7 -0 0)
(20617.1 -0 0)
(20320.8 -0 0)
(19712.9 -0 0)
(18858.2 -0 0)
(17471 -0 0)
(15284.5 -0 0)
(19521.1 -0 0)
(16687.6 -0 0)
(24347.3 -0 0)
(21590.7 -0 0)
(20723.6 -0 0)
(21139 -0 0)
(21020.8 -0 0)
(20553.7 -0 0)
(19692.5 -0 0)
(18442.8 -0 0)
(17319.2 -0 0)
(17330.4 -0 0)
(17390.7 -0 0)
(17121.4 -0 0)
(17040.5 -0 0)
(17301.5 -0 0)
(17191.2 -0 0)
(16369.7 -0 0)
(14969.6 -0 0)
(13438.4 -0 0)
(11272.9 -0 0)
(10954.4 -0 0)
(6847.79 -0 0)
(16516 -0 0)
(15777.3 -0 0)
(10502.1 -0 0)
(7523.79 -0 0)
(5850.1 -0 0)
(4587.83 -0 0)
(3543.95 -0 0)
(4347.38 -0 0)
(14102.3 -0 0)
(23730.7 -0 0)
)
;
    }
    frontAndBack
    {
        type            empty;
    }
}


// ************************************************************************* //
