/*--------------------------------*- C++ -*----------------------------------*\
| =========                 |                                                 |
| \\      /  F ield         | foam-extend: Open Source CFD                    |
|  \\    /   O peration     | Version:     5.0                                |
|   \\  /    A nd           | Web:         http://www.foam-extend.org         |
|    \\/     M anipulation  |                                                 |
\*---------------------------------------------------------------------------*/
FoamFile
{
    version     2.0;
    format      ascii;
    class       volVectorField;
    location    "0.055";
    object      currentDensity;
}
// * * * * * * * * * * * * * * * * * * * * * * * * * * * * * * * * * * * * * //

dimensions      [0 -2 0 0 0 1 0];

internalField   nonuniform List<vector> 
4000
(
(0 0 -170.183)
(0 0 -365.107)
(0 0 -484.593)
(0 0 -589.558)
(0 0 -771.788)
(0 0 -924.151)
(0 0 -990.527)
(0 0 -765.56)
(0 0 -923.379)
(0 0 -1093.63)
(0 0 -1078.61)
(0 0 -1122.23)
(0 0 -1284.34)
(0 0 -1506.99)
(0 0 -1676.91)
(0 0 -1587.44)
(0 0 -1515.48)
(0 0 -1472.93)
(0 0 -1517.9)
(0 0 -1544.52)
(0 0 -1473.97)
(0 0 -1424.59)
(0 0 -1484.24)
(0 0 -1363.95)
(0 0 -1498.29)
(0 0 -1511.6)
(0 0 -1490.54)
(0 0 -970.976)
(0 0 -1056.65)
(0 0 -1217.83)
(0 0 -1240.47)
(0 0 -1101.92)
(0 0 -1026.2)
(0 0 -1033.83)
(0 0 -1032.12)
(0 0 -1075.56)
(0 0 -967.308)
(0 0 -849.821)
(0 0 -787.988)
(0 0 -784.367)
(0 0 -952.311)
(0 0 -471.399)
(0 0 -427.863)
(0 0 -296.039)
(0 0 -332.278)
(0 0 -430.067)
(0 0 -554.599)
(0 0 -540.039)
(0 0 -173.519)
(0 0 -107.111)
(0 0 -184.515)
(0 0 -140.965)
(0 0 -277.837)
(0 0 -210.99)
(0 0 -170.473)
(0 0 -204.552)
(0 0 -309.693)
(0 0 -204.544)
(0 0 -12.3135)
(0 0 -113.026)
(0 0 -42.733)
(0 0 42.8786)
(0 0 -60.3663)
(0 0 -384.123)
(0 0 -169.902)
(0 0 -210.391)
(0 0 -83.3345)
(0 0 -142.737)
(0 0 -6.54814)
(0 0 32.2338)
(0 0 -10.7157)
(0 0 -11.68)
(0 0 -44.1138)
(0 0 -232.316)
(0 0 -300.197)
(0 0 -115.43)
(0 0 72.753)
(0 0 200.099)
(0 0 170.778)
(0 0 501.302)
(0 0 351.598)
(0 0 283.497)
(0 0 118.332)
(0 0 -20.1303)
(0 0 -58.042)
(0 0 423.77)
(0 0 197.722)
(0 0 329.616)
(0 0 169.349)
(0 0 399.436)
(0 0 38.0122)
(0 0 70.7181)
(0 0 42.312)
(0 0 -9.06197)
(0 0 219.894)
(0 0 402.095)
(0 0 1069.68)
(0 0 992.483)
(0 0 1149.56)
(0 0 1208.92)
(0 0 -402.375)
(0 0 -818.701)
(0 0 -1099.17)
(0 0 -1200.8)
(0 0 -1498.97)
(0 0 -1832.01)
(0 0 -2009.5)
(0 0 -1432.84)
(0 0 -1908.44)
(0 0 -2152.73)
(0 0 -1741.44)
(0 0 -2198.37)
(0 0 -2519.19)
(0 0 -2921.14)
(0 0 -3256.27)
(0 0 -2728.3)
(0 0 -2885.29)
(0 0 -3028.57)
(0 0 -2768.6)
(0 0 -3198.61)
(0 0 -3178.1)
(0 0 -3100.34)
(0 0 -2650.69)
(0 0 -2275.18)
(0 0 -2757.69)
(0 0 -2703.96)
(0 0 -2717.46)
(0 0 -1836.81)
(0 0 -2118.92)
(0 0 -2406.64)
(0 0 -1889.96)
(0 0 -1708.75)
(0 0 -2037.74)
(0 0 -2072.74)
(0 0 -1504.92)
(0 0 -1977.38)
(0 0 -1914.51)
(0 0 -1853.21)
(0 0 -1633.64)
(0 0 -1096.55)
(0 0 -1320.26)
(0 0 -623.005)
(0 0 -807.275)
(0 0 -736.289)
(0 0 -851.718)
(0 0 -1099.31)
(0 0 -1191.57)
(0 0 -525.217)
(0 0 -245.47)
(0 0 -350.262)
(0 0 -526.832)
(0 0 50.6231)
(0 0 -526.666)
(0 0 -617.425)
(0 0 -668.764)
(0 0 -820.291)
(0 0 -812.821)
(0 0 -146.712)
(0 0 249.515)
(0 0 -88.9057)
(0 0 -215.302)
(0 0 -223.416)
(0 0 -340.124)
(0 0 -720.086)
(0 0 -102.127)
(0 0 -419.123)
(0 0 -465.308)
(0 0 -643.728)
(0 0 -530.312)
(0 0 113.371)
(0 0 -255.755)
(0 0 -394.751)
(0 0 -522.473)
(0 0 -652.901)
(0 0 -91.9035)
(0 0 208.819)
(0 0 -130.041)
(0 0 -192.739)
(0 0 51.339)
(0 0 679.655)
(0 0 904.89)
(0 0 357.504)
(0 0 5.29006)
(0 0 -260.728)
(0 0 -444.534)
(0 0 455.245)
(0 0 33.7432)
(0 0 -10.5965)
(0 0 -146.187)
(0 0 439.903)
(0 0 -95.8846)
(0 0 -233.175)
(0 0 -314.862)
(0 0 -255.262)
(0 0 637.166)
(0 0 943.952)
(0 0 1721.08)
(0 0 1522.94)
(0 0 1758.59)
(0 0 1712.67)
(0 0 -506.035)
(0 0 -986.168)
(0 0 -1317.81)
(0 0 -1345.12)
(0 0 -1393.74)
(0 0 -1780.32)
(0 0 -2057.74)
(0 0 -2161.66)
(0 0 -2407.1)
(0 0 -1824.33)
(0 0 -2285.28)
(0 0 -2610.53)
(0 0 -2788.74)
(0 0 -3095.9)
(0 0 -3321.25)
(0 0 -2899.27)
(0 0 -2433.99)
(0 0 -3031.33)
(0 0 -3533.05)
(0 0 -3757.41)
(0 0 -3691.66)
(0 0 -3728.87)
(0 0 -3112.64)
(0 0 -2599.27)
(0 0 -2930.86)
(0 0 -3050.15)
(0 0 -2239.1)
(0 0 -2392.7)
(0 0 -2496.55)
(0 0 -2708)
(0 0 -1943.14)
(0 0 -2304.25)
(0 0 -2269.83)
(0 0 -2354.59)
(0 0 -1559.06)
(0 0 -2022.45)
(0 0 -2167.81)
(0 0 -2034.37)
(0 0 -1251.69)
(0 0 -1524.9)
(0 0 -904.158)
(0 0 -223.309)
(0 0 -620.383)
(0 0 -718.862)
(0 0 -990.465)
(0 0 -1322.55)
(0 0 -962.909)
(0 0 -257.499)
(0 0 164.606)
(0 0 -300.434)
(0 0 -635.147)
(0 0 116.637)
(0 0 -481.024)
(0 0 -760.012)
(0 0 -943.452)
(0 0 -1246.66)
(0 0 -832.345)
(0 0 -240.319)
(0 0 103.298)
(0 0 289.442)
(0 0 -111.74)
(0 0 -397.791)
(0 0 -676.976)
(0 0 -434.708)
(0 0 108.327)
(0 0 -346.767)
(0 0 -618.812)
(0 0 -851.23)
(0 0 -308.617)
(0 0 -621.251)
(0 0 -708.677)
(0 0 -865.72)
(0 0 -1009.3)
(0 0 -635.54)
(0 0 -50.7856)
(0 0 -473.077)
(0 0 -671.76)
(0 0 -699.482)
(0 0 -445.857)
(0 0 163.05)
(0 0 -22.5307)
(0 0 -249.041)
(0 0 -544.043)
(0 0 -68.9293)
(0 0 -392.963)
(0 0 311.267)
(0 0 -191.599)
(0 0 -426.189)
(0 0 -660.06)
(0 0 -12.797)
(0 0 -364.643)
(0 0 -524.178)
(0 0 -505.124)
(0 0 373.385)
(0 0 902.163)
(0 0 1454.19)
(0 0 1097.17)
(0 0 1124.83)
(0 0 2211.84)
(0 0 1792.75)
(0 0 -444.017)
(0 0 -913.984)
(0 0 -1225.07)
(0 0 -1293.3)
(0 0 -1571.5)
(0 0 -1117.73)
(0 0 -1658.53)
(0 0 -2092.74)
(0 0 -2400.66)
(0 0 -1711.08)
(0 0 -2377.36)
(0 0 -2550.13)
(0 0 -2131.5)
(0 0 -2645.08)
(0 0 -2138.06)
(0 0 -1928.01)
(0 0 -2597.34)
(0 0 -3184.73)
(0 0 -3614.11)
(0 0 -3813.65)
(0 0 -3827.71)
(0 0 -3951.37)
(0 0 -2999.54)
(0 0 -3519.09)
(0 0 -3672.36)
(0 0 -2758.87)
(0 0 -2119.25)
(0 0 -2605.4)
(0 0 -2801.01)
(0 0 -2592.75)
(0 0 -1777.84)
(0 0 -2320.3)
(0 0 -2496.32)
(0 0 -1831.68)
(0 0 -1436.66)
(0 0 -1934.04)
(0 0 -2062.05)
(0 0 -1511.66)
(0 0 -1648.75)
(0 0 -969.638)
(0 0 -519.355)
(0 0 -25.5141)
(0 0 -430.486)
(0 0 -607.359)
(0 0 -934.834)
(0 0 -1226.36)
(0 0 -579.2)
(0 0 -13.1187)
(0 0 -477.688)
(0 0 -601.907)
(0 0 -755.496)
(0 0 96.7082)
(0 0 -496.592)
(0 0 -913.264)
(0 0 -1169.23)
(0 0 -1353.91)
(0 0 -1121.28)
(0 0 -425.232)
(0 0 -894.34)
(0 0 -1037.24)
(0 0 -203.954)
(0 0 -573.159)
(0 0 -806.675)
(0 0 -330.636)
(0 0 260.386)
(0 0 -177.911)
(0 0 -456.502)
(0 0 -794.735)
(0 0 -1042.41)
(0 0 -1214.25)
(0 0 -518.118)
(0 0 -903.289)
(0 0 -1154.89)
(0 0 -550.305)
(0 0 -1.58184)
(0 0 -618.97)
(0 0 -811.751)
(0 0 -809.004)
(0 0 -1004.57)
(0 0 -1024)
(0 0 -71.5009)
(0 0 -458.707)
(0 0 -349.742)
(0 0 -524.429)
(0 0 156.8)
(0 0 -230.078)
(0 0 -597.659)
(0 0 -714.52)
(0 0 -875.991)
(0 0 -976.344)
(0 0 -235.412)
(0 0 -411.687)
(0 0 317.316)
(0 0 970.635)
(0 0 532.671)
(0 0 436.197)
(0 0 362.073)
(0 0 1028.74)
(0 0 1471.97)
(0 0 1497.28)
(0 0 -259.001)
(0 0 -698.369)
(0 0 -1081.43)
(0 0 -1236.6)
(0 0 -1086.45)
(0 0 -860.636)
(0 0 -1325.02)
(0 0 -1813.08)
(0 0 -2063.79)
(0 0 -1518.25)
(0 0 -2166.29)
(0 0 -1770.3)
(0 0 -2164.96)
(0 0 -1637.61)
(0 0 -1461.35)
(0 0 -2227.2)
(0 0 -2880.1)
(0 0 -3393.42)
(0 0 -2816.27)
(0 0 -3415.83)
(0 0 -3795.24)
(0 0 -4004.19)
(0 0 -3105.59)
(0 0 -3592.3)
(0 0 -3697.57)
(0 0 -2833.3)
(0 0 -3092.33)
(0 0 -3167.2)
(0 0 -3196.12)
(0 0 -2231.99)
(0 0 -1545.88)
(0 0 -1972.08)
(0 0 -2267.71)
(0 0 -2405.4)
(0 0 -2527.77)
(0 0 -2476.94)
(0 0 -1405.35)
(0 0 -1595.82)
(0 0 -1698.35)
(0 0 -854.507)
(0 0 -382.106)
(0 0 -486.492)
(0 0 -607.668)
(0 0 83.6642)
(0 0 -546.12)
(0 0 -831.003)
(0 0 -736.904)
(0 0 -46.6869)
(0 0 -663.86)
(0 0 -865.762)
(0 0 -210.213)
(0 0 178.811)
(0 0 -434.016)
(0 0 -914.193)
(0 0 -1254.77)
(0 0 -1041.45)
(0 0 -503.824)
(0 0 -1027.31)
(0 0 -1303.57)
(0 0 -1364.41)
(0 0 -1304.21)
(0 0 -1196.48)
(0 0 -390.155)
(0 0 -154.3)
(0 0 267.4)
(0 0 522.907)
(0 0 -35.8267)
(0 0 -590.313)
(0 0 -997.956)
(0 0 -1266.62)
(0 0 -1335.26)
(0 0 -698.587)
(0 0 -1036.05)
(0 0 -843.948)
(0 0 -148.388)
(0 0 -551.65)
(0 0 -766.573)
(0 0 -327.259)
(0 0 -563.408)
(0 0 -911.272)
(0 0 -99.6806)
(0 0 -628.241)
(0 0 42.9097)
(0 0 266.435)
(0 0 -307.02)
(0 0 -168.222)
(0 0 -451.225)
(0 0 -669.024)
(0 0 -897.879)
(0 0 -292.446)
(0 0 -607.701)
(0 0 223.376)
(0 0 7.7092)
(0 0 853.334)
(0 0 396.281)
(0 0 174.189)
(0 0 130.394)
(0 0 998.698)
(0 0 1282.45)
(0 0 2117.73)
(0 0 -23.3305)
(0 0 -412.039)
(0 0 -845.723)
(0 0 -1136.63)
(0 0 -1363.84)
(0 0 -1035.93)
(0 0 -800.805)
(0 0 -1485.4)
(0 0 -1393.92)
(0 0 -1096.05)
(0 0 -1841.89)
(0 0 -2073.16)
(0 0 -1438.33)
(0 0 -1086.53)
(0 0 -2058.33)
(0 0 -2647.57)
(0 0 -3137.06)
(0 0 -3497.16)
(0 0 -2775.13)
(0 0 -3366)
(0 0 -3764.15)
(0 0 -4034.25)
(0 0 -3939.49)
(0 0 -3138.17)
(0 0 -2638.65)
(0 0 -3052.68)
(0 0 -3396.56)
(0 0 -3475.46)
(0 0 -3273.11)
(0 0 -2173.34)
(0 0 -1471.61)
(0 0 -1161.05)
(0 0 -1654.08)
(0 0 -2035.97)
(0 0 -2278.87)
(0 0 -1558.02)
(0 0 -814.037)
(0 0 -1091.16)
(0 0 -1364.33)
(0 0 -572.008)
(0 0 -304.169)
(0 0 -861.958)
(0 0 -207.425)
(0 0 -458.844)
(0 0 -298.866)
(0 0 136.839)
(0 0 -512.691)
(0 0 -78.6571)
(0 0 -740.164)
(0 0 -735.455)
(0 0 -951.021)
(0 0 -938.353)
(0 0 -356.88)
(0 0 -798.077)
(0 0 -1109.46)
(0 0 -308.588)
(0 0 -798.514)
(0 0 -1314.65)
(0 0 -1652.03)
(0 0 -743.854)
(0 0 -1189.51)
(0 0 -1263.27)
(0 0 -437.404)
(0 0 82.4945)
(0 0 -478.15)
(0 0 -626.434)
(0 0 123.351)
(0 0 -352.598)
(0 0 -821.916)
(0 0 -1139.33)
(0 0 -1285.61)
(0 0 -1407.09)
(0 0 -719.627)
(0 0 -1042.24)
(0 0 -253.565)
(0 0 318.887)
(0 0 -263.319)
(0 0 -562.876)
(0 0 2.51875)
(0 0 -427.579)
(0 0 -648.351)
(0 0 -905.903)
(0 0 -29.8491)
(0 0 -470.356)
(0 0 -809.189)
(0 0 -920.745)
(0 0 70.1815)
(0 0 -149.875)
(0 0 -456.566)
(0 0 179.228)
(0 0 -314.031)
(0 0 58.8168)
(0 0 743.145)
(0 0 359.158)
(0 0 151.691)
(0 0 57.7436)
(0 0 148.318)
(0 0 571.851)
(0 0 1101.75)
(0 0 2381.73)
(0 0 86.7262)
(0 0 -100.321)
(0 0 -615.625)
(0 0 -832.63)
(0 0 -1240.03)
(0 0 -1468.36)
(0 0 -1095.33)
(0 0 -1540.96)
(0 0 -1893.05)
(0 0 -1297.81)
(0 0 -1229.09)
(0 0 -1792.61)
(0 0 -1347.38)
(0 0 -1089.09)
(0 0 -2213.18)
(0 0 -2824.47)
(0 0 -3274.81)
(0 0 -3462.84)
(0 0 -2900.27)
(0 0 -3394.44)
(0 0 -3533.83)
(0 0 -3832.07)
(0 0 -4000.2)
(0 0 -3189.69)
(0 0 -2559.47)
(0 0 -2962.4)
(0 0 -3325.05)
(0 0 -3417.07)
(0 0 -2421.05)
(0 0 -1744.16)
(0 0 -1724.42)
(0 0 -2067.5)
(0 0 -1398.32)
(0 0 -998.986)
(0 0 -1113.21)
(0 0 -1380.87)
(0 0 -673.069)
(0 0 -562.818)
(0 0 -1077.36)
(0 0 -427.655)
(0 0 -310.225)
(0 0 -955.327)
(0 0 -1036.53)
(0 0 -1077.43)
(0 0 -327.738)
(0 0 248.135)
(0 0 -435.911)
(0 0 -723.994)
(0 0 -1023.28)
(0 0 -978.542)
(0 0 -1112.94)
(0 0 -995.892)
(0 0 -1185.7)
(0 0 -345.808)
(0 0 -821.257)
(0 0 -156.448)
(0 0 -804.101)
(0 0 -1303.05)
(0 0 -1629.6)
(0 0 -575.14)
(0 0 -1020.84)
(0 0 -1087.72)
(0 0 -315.875)
(0 0 193.732)
(0 0 -525.245)
(0 0 -897.496)
(0 0 -419.853)
(0 0 196.15)
(0 0 -418.873)
(0 0 -877.022)
(0 0 -1165.11)
(0 0 -1254.34)
(0 0 -1253.97)
(0 0 -567.943)
(0 0 -272.649)
(0 0 323.473)
(0 0 -7.85657)
(0 0 -435.093)
(0 0 -647.459)
(0 0 117.635)
(0 0 -191.668)
(0 0 -587.276)
(0 0 205.148)
(0 0 -355.239)
(0 0 -717.433)
(0 0 -776.398)
(0 0 246.592)
(0 0 -50.1457)
(0 0 421.962)
(0 0 861.886)
(0 0 322.555)
(0 0 947.406)
(0 0 528.735)
(0 0 285.024)
(0 0 161.405)
(0 0 162.729)
(0 0 1125.53)
(0 0 1033.9)
(0 0 1471.11)
(0 0 2472.81)
(0 0 102.809)
(0 0 -48.9619)
(0 0 -391.228)
(0 0 -384.3)
(0 0 -822.207)
(0 0 -1274.76)
(0 0 -1425.28)
(0 0 -1421.76)
(0 0 -1651.01)
(0 0 -1771.66)
(0 0 -1540.79)
(0 0 -1918.94)
(0 0 -1963.53)
(0 0 -1658.45)
(0 0 -2338.4)
(0 0 -2853.3)
(0 0 -3195.32)
(0 0 -3552.81)
(0 0 -3457.79)
(0 0 -2935.51)
(0 0 -3399.9)
(0 0 -3658.98)
(0 0 -3734.1)
(0 0 -3794.05)
(0 0 -2846.31)
(0 0 -2393.56)
(0 0 -2998.6)
(0 0 -3036.91)
(0 0 -2085.65)
(0 0 -2292.91)
(0 0 -2439.72)
(0 0 -2590.17)
(0 0 -1821.98)
(0 0 -1160.77)
(0 0 -667.092)
(0 0 -372.118)
(0 0 -970.228)
(0 0 -1254.6)
(0 0 -1435.29)
(0 0 -714.677)
(0 0 -1117.53)
(0 0 -1292.36)
(0 0 -1382.63)
(0 0 -1449.24)
(0 0 -743.011)
(0 0 67.3155)
(0 0 -533.802)
(0 0 -507.33)
(0 0 -847.366)
(0 0 -1026.98)
(0 0 -405.298)
(0 0 -976.38)
(0 0 -1187.58)
(0 0 -221.565)
(0 0 -662.554)
(0 0 -874.812)
(0 0 -1139.55)
(0 0 -988.994)
(0 0 -1283.69)
(0 0 -296.281)
(0 0 -659.827)
(0 0 -505.061)
(0 0 -739.557)
(0 0 71.3458)
(0 0 -555.891)
(0 0 -916.705)
(0 0 -528.176)
(0 0 186.688)
(0 0 -351.352)
(0 0 -738.118)
(0 0 -1030.59)
(0 0 -254.632)
(0 0 -668.327)
(0 0 -820.555)
(0 0 -206.522)
(0 0 -490.466)
(0 0 350.052)
(0 0 -34.8335)
(0 0 -326.425)
(0 0 -412.623)
(0 0 -562.438)
(0 0 82.8953)
(0 0 569.672)
(0 0 -74.3042)
(0 0 -394.016)
(0 0 89.3876)
(0 0 640.618)
(0 0 305.801)
(0 0 1000.33)
(0 0 1459.8)
(0 0 1296.05)
(0 0 867.119)
(0 0 633.077)
(0 0 515.747)
(0 0 731.194)
(0 0 646.397)
(0 0 1665.71)
(0 0 1632.77)
(0 0 2442.82)
(0 0 3088.47)
(0 0 180.684)
(0 0 -36.0632)
(0 0 -191.491)
(0 0 -458.526)
(0 0 -421.935)
(0 0 -854.901)
(0 0 -1144.12)
(0 0 -1250.78)
(0 0 -928.304)
(0 0 -1326.68)
(0 0 -1564.36)
(0 0 -1893.83)
(0 0 -2267.42)
(0 0 -2657.35)
(0 0 -2327.71)
(0 0 -2128.05)
(0 0 -2888.75)
(0 0 -3281.44)
(0 0 -2907.36)
(0 0 -3366.17)
(0 0 -3560.29)
(0 0 -3591.16)
(0 0 -3735.04)
(0 0 -3677.26)
(0 0 -2893.89)
(0 0 -3079.82)
(0 0 -3133.03)
(0 0 -2235.16)
(0 0 -2300.95)
(0 0 -2477.26)
(0 0 -2715.98)
(0 0 -2349.39)
(0 0 -1631.51)
(0 0 -1756.49)
(0 0 -1005.83)
(0 0 -502.688)
(0 0 -1137.09)
(0 0 -1404.65)
(0 0 -1564.31)
(0 0 -1414.51)
(0 0 -790.193)
(0 0 -1164.6)
(0 0 -1321.24)
(0 0 -1479.49)
(0 0 -646.52)
(0 0 6.2863)
(0 0 -550.048)
(0 0 -848.807)
(0 0 -164.966)
(0 0 -550.729)
(0 0 -599.039)
(0 0 -954.01)
(0 0 -501.323)
(0 0 204.158)
(0 0 -367.803)
(0 0 -796.064)
(0 0 -1049.51)
(0 0 -794.743)
(0 0 -486.99)
(0 0 133.247)
(0 0 -249.793)
(0 0 -389.851)
(0 0 -558.494)
(0 0 133.457)
(0 0 -425.128)
(0 0 -780.712)
(0 0 -910.688)
(0 0 31.8988)
(0 0 -250.378)
(0 0 -545.793)
(0 0 -744.942)
(0 0 -9.51585)
(0 0 393.846)
(0 0 -240.861)
(0 0 -541.804)
(0 0 -677.516)
(0 0 250.235)
(0 0 588.13)
(0 0 202.174)
(0 0 -40.4609)
(0 0 -227.649)
(0 0 -324.856)
(0 0 456.494)
(0 0 146.889)
(0 0 -104.537)
(0 0 -105.793)
(0 0 94.7299)
(0 0 725.501)
(0 0 1378.26)
(0 0 1819.17)
(0 0 1201)
(0 0 936.497)
(0 0 1451.97)
(0 0 1016.46)
(0 0 960.203)
(0 0 1491.48)
(0 0 2110.56)
(0 0 2377.83)
(0 0 2940.83)
(0 0 4333.57)
(0 0 257.16)
(0 0 -4.49042)
(0 0 24.2563)
(0 0 -294.421)
(0 0 -432.133)
(0 0 -426.534)
(0 0 -683.816)
(0 0 -918.654)
(0 0 -842.543)
(0 0 -751.524)
(0 0 -1220.62)
(0 0 -1734.65)
(0 0 -1776.97)
(0 0 -2514.98)
(0 0 -3016.65)
(0 0 -2544.15)
(0 0 -2987.8)
(0 0 -3352.22)
(0 0 -3293.66)
(0 0 -3585.94)
(0 0 -3418.13)
(0 0 -3436.64)
(0 0 -3464.05)
(0 0 -2904.34)
(0 0 -3156.94)
(0 0 -3220.5)
(0 0 -3062.84)
(0 0 -2059.69)
(0 0 -2225.67)
(0 0 -2371.69)
(0 0 -2609.73)
(0 0 -2462.04)
(0 0 -1684.45)
(0 0 -1501.15)
(0 0 -1630.32)
(0 0 -877.585)
(0 0 -1323.09)
(0 0 -1421.8)
(0 0 -1393.1)
(0 0 -791.622)
(0 0 -576.011)
(0 0 -1013.06)
(0 0 -1072.88)
(0 0 -1276.02)
(0 0 -1036.87)
(0 0 -256.727)
(0 0 -662.745)
(0 0 -874.787)
(0 0 -137.274)
(0 0 204.493)
(0 0 -356.549)
(0 0 -546.823)
(0 0 -3.65332)
(0 0 427.668)
(0 0 -251.282)
(0 0 -607.265)
(0 0 -486.7)
(0 0 -607.108)
(0 0 4.93483)
(0 0 -135.884)
(0 0 207.422)
(0 0 505.822)
(0 0 568.864)
(0 0 -13.4318)
(0 0 -391.944)
(0 0 -542)
(0 0 -689.338)
(0 0 214.304)
(0 0 509.05)
(0 0 11.3742)
(0 0 -286.248)
(0 0 -205.267)
(0 0 550.525)
(0 0 23.7336)
(0 0 -217.743)
(0 0 -378.966)
(0 0 86.478)
(0 0 202.052)
(0 0 831.017)
(0 0 524.822)
(0 0 359.284)
(0 0 94.5709)
(0 0 600.013)
(0 0 985.908)
(0 0 527.378)
(0 0 424.573)
(0 0 531.309)
(0 0 1109.93)
(0 0 1652.29)
(0 0 1913.12)
(0 0 1272.87)
(0 0 1479.42)
(0 0 1327.3)
(0 0 1200.19)
(0 0 1551.14)
(0 0 1937.3)
(0 0 2202.52)
(0 0 2638.7)
(0 0 3259.89)
(0 0 4364.88)
(0 0 322.105)
(0 0 23.6016)
(0 0 39.9612)
(0 0 -75.898)
(0 0 -163.205)
(0 0 -362.276)
(0 0 -235.154)
(0 0 -514.418)
(0 0 -714.31)
(0 0 -979.614)
(0 0 -923.081)
(0 0 -1613)
(0 0 -2180.13)
(0 0 -2540.11)
(0 0 -3264.76)
(0 0 -3360.2)
(0 0 -2951.14)
(0 0 -3212.76)
(0 0 -3316.79)
(0 0 -3260.81)
(0 0 -3103.66)
(0 0 -2987.53)
(0 0 -2912.03)
(0 0 -2663.06)
(0 0 -2765.65)
(0 0 -2552.55)
(0 0 -2196.93)
(0 0 -1714.79)
(0 0 -1960.33)
(0 0 -2148.97)
(0 0 -2185.01)
(0 0 -2128.45)
(0 0 -2013.89)
(0 0 -1713.45)
(0 0 -1714.04)
(0 0 -1053.8)
(0 0 -1320.59)
(0 0 -1144.52)
(0 0 -1008.29)
(0 0 -951.963)
(0 0 -1091.73)
(0 0 -1008.92)
(0 0 -807.461)
(0 0 -791.348)
(0 0 -276.105)
(0 0 -565.655)
(0 0 -599.903)
(0 0 -682.41)
(0 0 -473.99)
(0 0 79.5406)
(0 0 -191.706)
(0 0 129.996)
(0 0 146.235)
(0 0 -53.9976)
(0 0 -253.95)
(0 0 -394.377)
(0 0 -369.748)
(0 0 86.9466)
(0 0 226.296)
(0 0 340.638)
(0 0 348.897)
(0 0 571.829)
(0 0 407.587)
(0 0 42.9407)
(0 0 -212.939)
(0 0 -205.759)
(0 0 -194.185)
(0 0 523.588)
(0 0 328.249)
(0 0 423.213)
(0 0 298.929)
(0 0 374.274)
(0 0 563.306)
(0 0 285.796)
(0 0 232.844)
(0 0 262.19)
(0 0 302.676)
(0 0 889.75)
(0 0 1037.82)
(0 0 1192.86)
(0 0 1252)
(0 0 901.908)
(0 0 581.574)
(0 0 1246.26)
(0 0 1053.16)
(0 0 1116.69)
(0 0 1368.8)
(0 0 1740.39)
(0 0 1736.78)
(0 0 1583.05)
(0 0 1338.83)
(0 0 1396.49)
(0 0 1394.13)
(0 0 1558.4)
(0 0 1830.03)
(0 0 2152.11)
(0 0 2364.45)
(0 0 2482.25)
(0 0 2927.85)
(0 0 2388.77)
(0 0 382.246)
(0 0 98.6961)
(0 0 94.2228)
(0 0 75.5547)
(0 0 33.0479)
(0 0 -9.84839)
(0 0 -6.21401)
(0 0 -89.244)
(0 0 -380.869)
(0 0 -743.041)
(0 0 -933.766)
(0 0 -1425.85)
(0 0 -2129.13)
(0 0 -2640.96)
(0 0 -3156.79)
(0 0 -3181.79)
(0 0 -2845.21)
(0 0 -2719.5)
(0 0 -2697.4)
(0 0 -2534.83)
(0 0 -2472.23)
(0 0 -2284.84)
(0 0 -2291.7)
(0 0 -2162.94)
(0 0 -2008.08)
(0 0 -1671.42)
(0 0 -1323.15)
(0 0 -1062.71)
(0 0 -1085.78)
(0 0 -1307.34)
(0 0 -1112.56)
(0 0 -1123.11)
(0 0 -1281.07)
(0 0 -1053.13)
(0 0 -1121.23)
(0 0 -664.996)
(0 0 -624.641)
(0 0 -252.27)
(0 0 -320.421)
(0 0 -360.715)
(0 0 -757.534)
(0 0 -413.244)
(0 0 -18.284)
(0 0 49.4334)
(0 0 -95.2807)
(0 0 -325.153)
(0 0 -211.468)
(0 0 -206.747)
(0 0 82.2998)
(0 0 242.211)
(0 0 154.331)
(0 0 343.936)
(0 0 399.158)
(0 0 199.603)
(0 0 82.5514)
(0 0 161.091)
(0 0 218.075)
(0 0 462.369)
(0 0 619.235)
(0 0 721.615)
(0 0 834.054)
(0 0 1017.48)
(0 0 869.984)
(0 0 490.409)
(0 0 309.967)
(0 0 371.796)
(0 0 495.104)
(0 0 662.613)
(0 0 636.288)
(0 0 717.052)
(0 0 922.991)
(0 0 1103.78)
(0 0 1014.25)
(0 0 807.81)
(0 0 854.628)
(0 0 963.021)
(0 0 898.681)
(0 0 1087.55)
(0 0 1468.01)
(0 0 1822.01)
(0 0 1925.06)
(0 0 1445.12)
(0 0 1129.06)
(0 0 1472.36)
(0 0 1719.69)
(0 0 2049.03)
(0 0 2232.76)
(0 0 2358.77)
(0 0 2041.69)
(0 0 1753.65)
(0 0 1628.9)
(0 0 1602.5)
(0 0 1601.05)
(0 0 1837.76)
(0 0 2013.67)
(0 0 2310.13)
(0 0 2174.92)
(0 0 1985.17)
(0 0 2351.45)
(0 0 733.772)
(0 0 441.96)
(0 0 181.187)
(0 0 232.448)
(0 0 310.424)
(0 0 349.871)
(0 0 423.588)
(0 0 397.001)
(0 0 310.841)
(0 0 9.08084)
(0 0 -375.554)
(0 0 -725.89)
(0 0 -1228)
(0 0 -1930.68)
(0 0 -2282.14)
(0 0 -2570.68)
(0 0 -2544.12)
(0 0 -2591.56)
(0 0 -2198.78)
(0 0 -1765.14)
(0 0 -1585.4)
(0 0 -1513.42)
(0 0 -1364.99)
(0 0 -1506.22)
(0 0 -1876.88)
(0 0 -1364.95)
(0 0 -552.64)
(0 0 -497.996)
(0 0 -432.733)
(0 0 -334.838)
(0 0 -761.063)
(0 0 -163.712)
(0 0 -92.993)
(0 0 -365.216)
(0 0 -324.887)
(0 0 -578.439)
(0 0 -120.956)
(0 0 182.167)
(0 0 374.719)
(0 0 19.611)
(0 0 401.003)
(0 0 -24.4773)
(0 0 284.245)
(0 0 586.194)
(0 0 604.444)
(0 0 474.082)
(0 0 272.788)
(0 0 242.476)
(0 0 322.53)
(0 0 764.087)
(0 0 475.53)
(0 0 657.105)
(0 0 784.279)
(0 0 810.793)
(0 0 810.299)
(0 0 701.245)
(0 0 881.625)
(0 0 947.658)
(0 0 1201.23)
(0 0 1238.85)
(0 0 1257.57)
(0 0 1310.07)
(0 0 1361.24)
(0 0 1416.12)
(0 0 1159.8)
(0 0 1082.7)
(0 0 1086.74)
(0 0 1172.87)
(0 0 1180.34)
(0 0 1274.6)
(0 0 1301.69)
(0 0 1556.7)
(0 0 1574.92)
(0 0 1434.45)
(0 0 1433.19)
(0 0 1525.95)
(0 0 1569.28)
(0 0 1495.78)
(0 0 1683.3)
(0 0 1951.16)
(0 0 2047.73)
(0 0 2311.97)
(0 0 2153.14)
(0 0 1995.12)
(0 0 2339.46)
(0 0 2627.06)
(0 0 2643.77)
(0 0 2534.42)
(0 0 2385.7)
(0 0 1978.96)
(0 0 2049.2)
(0 0 2036.95)
(0 0 1915.92)
(0 0 1617.56)
(0 0 1804.07)
(0 0 2194.23)
(0 0 2070.06)
(0 0 2136.27)
(0 0 1936.27)
(0 0 1831.95)
(0 0 13.4631)
(0 0 498.712)
(0 0 268.748)
(0 0 387.965)
(0 0 477.127)
(0 0 594.414)
(0 0 808.984)
(0 0 820.842)
(0 0 723.621)
(0 0 406.573)
(0 0 9.63732)
(0 0 -460.302)
(0 0 -1023.54)
(0 0 -1440.67)
(0 0 -1392.99)
(0 0 -1675.21)
(0 0 -1796.55)
(0 0 -2220.31)
(0 0 -1585.13)
(0 0 -873.403)
(0 0 -818.327)
(0 0 -1048.4)
(0 0 -363.179)
(0 0 -647.888)
(0 0 -1236.72)
(0 0 -777.006)
(0 0 57.7518)
(0 0 -38.6695)
(0 0 -402.053)
(0 0 92.369)
(0 0 75.5554)
(0 0 636.299)
(0 0 1038.8)
(0 0 645.583)
(0 0 690.251)
(0 0 517.045)
(0 0 270.916)
(0 0 1048.34)
(0 0 1175.98)
(0 0 608.876)
(0 0 1112.43)
(0 0 893.975)
(0 0 676.043)
(0 0 732.775)
(0 0 1414.9)
(0 0 1009.4)
(0 0 995.176)
(0 0 488.139)
(0 0 715.773)
(0 0 1411.92)
(0 0 1157.68)
(0 0 902.294)
(0 0 1169.98)
(0 0 823.681)
(0 0 1658.62)
(0 0 1477.19)
(0 0 1384.51)
(0 0 1104.04)
(0 0 1628.89)
(0 0 1684.72)
(0 0 1612.03)
(0 0 1331.8)
(0 0 1359.08)
(0 0 2080.38)
(0 0 1785.11)
(0 0 1901.48)
(0 0 1775.62)
(0 0 1617.59)
(0 0 1256.93)
(0 0 1950.74)
(0 0 1944.68)
(0 0 1939.55)
(0 0 1556.46)
(0 0 2193.67)
(0 0 1862.01)
(0 0 2084.51)
(0 0 1900.81)
(0 0 1559.6)
(0 0 2048.82)
(0 0 1878.18)
(0 0 2351.96)
(0 0 2143.12)
(0 0 2551.23)
(0 0 2703.58)
(0 0 2839.12)
(0 0 3004.73)
(0 0 2629.99)
(0 0 1934.72)
(0 0 1897.1)
(0 0 2268.3)
(0 0 1813.69)
(0 0 2408.03)
(0 0 2476.56)
(0 0 2267.79)
(0 0 2093)
(0 0 1677.95)
(0 0 1636.46)
(0 0 1540.5)
(0 0 1677.22)
(0 0 1503.75)
(0 0 -239.462)
(0 0 549.84)
(0 0 348.512)
(0 0 527.961)
(0 0 625.972)
(0 0 782.043)
(0 0 1180.74)
(0 0 1208.53)
(0 0 1119.01)
(0 0 815.887)
(0 0 414.314)
(0 0 -268.192)
(0 0 -12.4124)
(0 0 -406.704)
(0 0 -500.053)
(0 0 -764.013)
(0 0 -968.407)
(0 0 -1445.26)
(0 0 -475.542)
(0 0 -821.274)
(0 0 -648.376)
(0 0 -63.9274)
(0 0 722.65)
(0 0 537.097)
(0 0 120.763)
(0 0 -395.936)
(0 0 -148.005)
(0 0 125.406)
(0 0 793.409)
(0 0 1652.46)
(0 0 1123.38)
(0 0 1276.42)
(0 0 1982.23)
(0 0 1978.9)
(0 0 1711.97)
(0 0 1402.3)
(0 0 785.916)
(0 0 1167.28)
(0 0 2077)
(0 0 1485.64)
(0 0 1436.35)
(0 0 1918.15)
(0 0 1606.2)
(0 0 1160.68)
(0 0 1832.96)
(0 0 2387.55)
(0 0 2053.86)
(0 0 1614.55)
(0 0 1179.46)
(0 0 1783.19)
(0 0 1283.64)
(0 0 2018.07)
(0 0 1619.27)
(0 0 1079.76)
(0 0 1863.54)
(0 0 2306.49)
(0 0 2151.48)
(0 0 1730.19)
(0 0 1306)
(0 0 1874)
(0 0 1657.5)
(0 0 1230.15)
(0 0 1715.64)
(0 0 2353.39)
(0 0 2751.61)
(0 0 2515.16)
(0 0 2306.01)
(0 0 2053.19)
(0 0 1571.88)
(0 0 2458.38)
(0 0 2586.26)
(0 0 2381.26)
(0 0 1889.59)
(0 0 2770.87)
(0 0 2912.57)
(0 0 2769.1)
(0 0 2463.65)
(0 0 2017.76)
(0 0 2822.46)
(0 0 2530.84)
(0 0 1977.94)
(0 0 2427.43)
(0 0 3304.14)
(0 0 2944.32)
(0 0 2458.97)
(0 0 3178.82)
(0 0 2960.7)
(0 0 2401.43)
(0 0 1560.05)
(0 0 1590.76)
(0 0 1915.86)
(0 0 2133.85)
(0 0 2893.69)
(0 0 2758.1)
(0 0 2364.27)
(0 0 1825.49)
(0 0 1147.53)
(0 0 1098.78)
(0 0 1359.28)
(0 0 1260.85)
(0 0 -304.235)
(0 0 589.099)
(0 0 601.334)
(0 0 1000.74)
(0 0 1202.05)
(0 0 1399.16)
(0 0 1481.8)
(0 0 1508.95)
(0 0 1461.72)
(0 0 1266.79)
(0 0 990.373)
(0 0 443.161)
(0 0 1034.3)
(0 0 618.868)
(0 0 386.103)
(0 0 190.997)
(0 0 13.3261)
(0 0 -481.141)
(0 0 637.492)
(0 0 676.944)
(0 0 485.574)
(0 0 1740.91)
(0 0 1939.42)
(0 0 1942.95)
(0 0 1662.4)
(0 0 1302.55)
(0 0 932.426)
(0 0 1925.33)
(0 0 2091.17)
(0 0 2749.59)
(0 0 2205.74)
(0 0 2706.61)
(0 0 2236.69)
(0 0 2993.16)
(0 0 2936.56)
(0 0 2769.81)
(0 0 2481.62)
(0 0 2159.36)
(0 0 3326.59)
(0 0 3289.36)
(0 0 2987.94)
(0 0 2744.19)
(0 0 2426.21)
(0 0 2104.33)
(0 0 2970.01)
(0 0 3284.82)
(0 0 2977.77)
(0 0 2733.1)
(0 0 2427.77)
(0 0 2080.44)
(0 0 1961.25)
(0 0 2781.9)
(0 0 2235.99)
(0 0 1634.66)
(0 0 2369.12)
(0 0 2997.73)
(0 0 2822.42)
(0 0 2497.05)
(0 0 2103.36)
(0 0 1699.99)
(0 0 1403.46)
(0 0 1933.76)
(0 0 2525.69)
(0 0 3194.39)
(0 0 3112.67)
(0 0 3089.68)
(0 0 2887.12)
(0 0 2437.51)
(0 0 1796.67)
(0 0 2307.46)
(0 0 3052.76)
(0 0 2552.39)
(0 0 2163.89)
(0 0 2692.99)
(0 0 3586.2)
(0 0 3494.04)
(0 0 3143.14)
(0 0 2777.29)
(0 0 3486.31)
(0 0 3114.13)
(0 0 2368.92)
(0 0 2807.61)
(0 0 3677.68)
(0 0 3409.86)
(0 0 2950.98)
(0 0 2596.52)
(0 0 3272.84)
(0 0 3053.38)
(0 0 2426.73)
(0 0 1766.53)
(0 0 2263.91)
(0 0 2023.03)
(0 0 2741.46)
(0 0 3029.3)
(0 0 2613.52)
(0 0 2197.28)
(0 0 1576.42)
(0 0 1171.98)
(0 0 464.691)
(0 0 581.3)
(0 0 -327.747)
(0 0 581.196)
(0 0 968.461)
(0 0 1345.4)
(0 0 1589.96)
(0 0 1682.32)
(0 0 1676.91)
(0 0 1678.98)
(0 0 1651.75)
(0 0 1656.26)
(0 0 1595.93)
(0 0 1220.34)
(0 0 2079.76)
(0 0 1704.65)
(0 0 1456)
(0 0 1305.91)
(0 0 1198.08)
(0 0 851.585)
(0 0 669.146)
(0 0 1595.38)
(0 0 1499.28)
(0 0 2418.7)
(0 0 2374.31)
(0 0 3285.38)
(0 0 3417.95)
(0 0 3215.47)
(0 0 2951.63)
(0 0 2864.52)
(0 0 3948.4)
(0 0 3966.62)
(0 0 3967.7)
(0 0 3921.81)
(0 0 3506.37)
(0 0 3488.35)
(0 0 3151.04)
(0 0 4029.99)
(0 0 3706.68)
(0 0 3021.02)
(0 0 3765.57)
(0 0 4192.78)
(0 0 3810.79)
(0 0 3174.76)
(0 0 2646.08)
(0 0 3198.79)
(0 0 4064.76)
(0 0 3709.44)
(0 0 3188.42)
(0 0 3976.07)
(0 0 3701.98)
(0 0 3326.34)
(0 0 2865.25)
(0 0 3811.55)
(0 0 3405.75)
(0 0 2741.51)
(0 0 3617.54)
(0 0 3336.86)
(0 0 2816.09)
(0 0 3495.1)
(0 0 3212.27)
(0 0 2819.56)
(0 0 2418.26)
(0 0 3203.93)
(0 0 3865.04)
(0 0 3446.1)
(0 0 2665.32)
(0 0 3254.9)
(0 0 3933.41)
(0 0 3600.19)
(0 0 3262.01)
(0 0 2924.07)
(0 0 3907.27)
(0 0 3749.08)
(0 0 3278.98)
(0 0 3192.35)
(0 0 4129.98)
(0 0 4083.52)
(0 0 3723.93)
(0 0 4550.79)
(0 0 4321.11)
(0 0 4114.53)
(0 0 3811.69)
(0 0 3317.81)
(0 0 4306.63)
(0 0 3941.05)
(0 0 3611.32)
(0 0 3164.23)
(0 0 2577.15)
(0 0 3047.8)
(0 0 2186.95)
(0 0 2606.36)
(0 0 1981.62)
(0 0 2432.71)
(0 0 2242.05)
(0 0 2983.96)
(0 0 2864.55)
(0 0 2360.58)
(0 0 2033.24)
(0 0 1473.29)
(0 0 1037.46)
(0 0 1158.9)
(0 0 -355.884)
(0 0 660.914)
(0 0 1127.72)
(0 0 1555.88)
(0 0 1815.97)
(0 0 1874.01)
(0 0 1794.7)
(0 0 1672.21)
(0 0 1327.27)
(0 0 2178.06)
(0 0 2021.36)
(0 0 1727.62)
(0 0 2696.92)
(0 0 2539.69)
(0 0 2530.14)
(0 0 2398.42)
(0 0 2357.05)
(0 0 2308.67)
(0 0 2030.34)
(0 0 1973.06)
(0 0 2963.86)
(0 0 2882.84)
(0 0 3885.55)
(0 0 3837.96)
(0 0 4889.06)
(0 0 5021.94)
(0 0 4795.57)
(0 0 4622.32)
(0 0 4382.75)
(0 0 3858.68)
(0 0 4738.79)
(0 0 4108.84)
(0 0 4484.58)
(0 0 4805.91)
(0 0 4495.41)
(0 0 5521.04)
(0 0 5387.96)
(0 0 5575.05)
(0 0 5612.41)
(0 0 5162.28)
(0 0 4822.81)
(0 0 4370.59)
(0 0 5162.09)
(0 0 4810.19)
(0 0 4759.55)
(0 0 4144.67)
(0 0 4886.15)
(0 0 5476.52)
(0 0 4953.67)
(0 0 4513.52)
(0 0 4035.92)
(0 0 5065.98)
(0 0 5166)
(0 0 4742.55)
(0 0 4167.92)
(0 0 3623.22)
(0 0 4429.38)
(0 0 4921.75)
(0 0 4635.3)
(0 0 4333)
(0 0 4031.16)
(0 0 5057.2)
(0 0 4772.08)
(0 0 4315.77)
(0 0 4025.62)
(0 0 5045.38)
(0 0 5103.88)
(0 0 4525.96)
(0 0 4044.3)
(0 0 3400.03)
(0 0 3935.73)
(0 0 4887.49)
(0 0 4936.58)
(0 0 4848.68)
(0 0 4487.46)
(0 0 4305.48)
(0 0 5390.39)
(0 0 5619.11)
(0 0 5113.76)
(0 0 4708.48)
(0 0 4363.3)
(0 0 3797.17)
(0 0 4896.17)
(0 0 4733.65)
(0 0 4380.04)
(0 0 4141.19)
(0 0 3885.02)
(0 0 3441.6)
(0 0 2482.34)
(0 0 2671.43)
(0 0 3030.11)
(0 0 2786.2)
(0 0 2272.13)
(0 0 1911.12)
(0 0 2552.19)
(0 0 1916.57)
(0 0 2200.38)
(0 0 1898.61)
(0 0 1426.78)
(0 0 1363.67)
(0 0 -431.264)
(0 0 802.032)
(0 0 1198.49)
(0 0 1704.92)
(0 0 2001.29)
(0 0 2079.82)
(0 0 2021.96)
(0 0 1897.64)
(0 0 1552.6)
(0 0 2474.61)
(0 0 2159.92)
(0 0 1854.74)
(0 0 2428.11)
(0 0 3253.94)
(0 0 3518.38)
(0 0 3510.42)
(0 0 3591.16)
(0 0 3648.6)
(0 0 3467)
(0 0 3579.14)
(0 0 3653.64)
(0 0 4788.37)
(0 0 5303.55)
(0 0 5339.04)
(0 0 5280.36)
(0 0 6457.08)
(0 0 6308.53)
(0 0 6236.92)
(0 0 5822.77)
(0 0 5486.4)
(0 0 6488.77)
(0 0 6187.38)
(0 0 6803.57)
(0 0 6571.32)
(0 0 6521.86)
(0 0 6173.38)
(0 0 7029.24)
(0 0 7321.1)
(0 0 7089.02)
(0 0 6521.22)
(0 0 6149.63)
(0 0 7142.1)
(0 0 7029.79)
(0 0 6797.33)
(0 0 6430.87)
(0 0 5759.72)
(0 0 6756.95)
(0 0 6545.73)
(0 0 6328.69)
(0 0 6126.55)
(0 0 5669.63)
(0 0 5234.94)
(0 0 6388.36)
(0 0 6269.28)
(0 0 5771.37)
(0 0 5415.01)
(0 0 5036.5)
(0 0 6071.28)
(0 0 6023.28)
(0 0 6137.48)
(0 0 5907.61)
(0 0 5709.07)
(0 0 5399.06)
(0 0 5238.97)
(0 0 5144.8)
(0 0 4966.76)
(0 0 5947.95)
(0 0 5913.21)
(0 0 5755.97)
(0 0 5276.91)
(0 0 4843.95)
(0 0 4950.49)
(0 0 5260.89)
(0 0 5721.08)
(0 0 5433.19)
(0 0 5246.97)
(0 0 4917.49)
(0 0 5723.26)
(0 0 5474.81)
(0 0 5101.45)
(0 0 4455.47)
(0 0 3792.89)
(0 0 4649.73)
(0 0 4354.67)
(0 0 4513.48)
(0 0 4091.37)
(0 0 5081.51)
(0 0 5122.88)
(0 0 4764.21)
(0 0 4311.76)
(0 0 3779.58)
(0 0 3193.72)
(0 0 2826)
(0 0 2093.74)
(0 0 2818.19)
(0 0 2362.95)
(0 0 1727.3)
(0 0 2207.34)
(0 0 1682.89)
(0 0 1410.22)
(0 0 -534.562)
(0 0 727.931)
(0 0 1202.36)
(0 0 1795.2)
(0 0 2154.14)
(0 0 2313.89)
(0 0 2356.26)
(0 0 2313.23)
(0 0 2062.68)
(0 0 3035.62)
(0 0 2935.71)
(0 0 3268.51)
(0 0 3168.86)
(0 0 2951.44)
(0 0 4085.6)
(0 0 4325.22)
(0 0 4622.49)
(0 0 4827.22)
(0 0 4742.82)
(0 0 4861.78)
(0 0 5028.36)
(0 0 5081.57)
(0 0 6230.34)
(0 0 6324.7)
(0 0 6453.88)
(0 0 7824.74)
(0 0 8030.02)
(0 0 8104.46)
(0 0 8054.54)
(0 0 7988.5)
(0 0 7798.56)
(0 0 8888.21)
(0 0 8926.66)
(0 0 8933.66)
(0 0 9005.08)
(0 0 8790.56)
(0 0 8840.2)
(0 0 8773.18)
(0 0 8631.03)
(0 0 8530.3)
(0 0 8509.01)
(0 0 8503.42)
(0 0 8361.68)
(0 0 8202.84)
(0 0 8005.83)
(0 0 7838.95)
(0 0 7736.89)
(0 0 7554.02)
(0 0 7435.53)
(0 0 7213.91)
(0 0 7018.78)
(0 0 6837.12)
(0 0 6870.13)
(0 0 6914.33)
(0 0 6825.29)
(0 0 6635.69)
(0 0 6389.67)
(0 0 6101.06)
(0 0 6363.09)
(0 0 6674.6)
(0 0 6354.51)
(0 0 5862.55)
(0 0 5372.6)
(0 0 4964.46)
(0 0 4440.38)
(0 0 4935.12)
(0 0 5561.51)
(0 0 6469.19)
(0 0 6991.67)
(0 0 6836.89)
(0 0 6725.44)
(0 0 6572.46)
(0 0 6476.69)
(0 0 6346.96)
(0 0 6125.13)
(0 0 5946.56)
(0 0 5766.28)
(0 0 5630.87)
(0 0 5427.08)
(0 0 5221.31)
(0 0 5097.83)
(0 0 4590.74)
(0 0 4029.27)
(0 0 4987.1)
(0 0 5060.24)
(0 0 4587.61)
(0 0 4202.13)
(0 0 4335)
(0 0 5093.37)
(0 0 4571.41)
(0 0 4681.41)
(0 0 4299.14)
(0 0 3908.48)
(0 0 3493.29)
(0 0 3049.18)
(0 0 3111.54)
(0 0 2713.31)
(0 0 2448.66)
(0 0 1787.2)
(0 0 1403.43)
(0 0 -569.15)
(0 0 649.172)
(0 0 1100.35)
(0 0 1752.73)
(0 0 2202.56)
(0 0 2492.47)
(0 0 2702.57)
(0 0 2906.03)
(0 0 3026.05)
(0 0 3087.93)
(0 0 3151.43)
(0 0 3181.04)
(0 0 2990.73)
(0 0 2759.24)
(0 0 3042.72)
(0 0 3602.74)
(0 0 4430.14)
(0 0 5528.69)
(0 0 5656.41)
(0 0 5912.21)
(0 0 6166.44)
(0 0 6297.75)
(0 0 6280.89)
(0 0 7274.97)
(0 0 7591.58)
(0 0 7554.89)
(0 0 8444.32)
(0 0 9402.05)
(0 0 9520.41)
(0 0 9627.6)
(0 0 9688.74)
(0 0 9743.78)
(0 0 9724.44)
(0 0 9750.82)
(0 0 9739.13)
(0 0 9640.83)
(0 0 9536.49)
(0 0 9402.67)
(0 0 9269.86)
(0 0 9187.13)
(0 0 9112.28)
(0 0 9005.98)
(0 0 8854.01)
(0 0 8651.11)
(0 0 8427.17)
(0 0 8201.96)
(0 0 7941.45)
(0 0 7657.13)
(0 0 7361.25)
(0 0 6991.22)
(0 0 6512.26)
(0 0 5952.14)
(0 0 5401.56)
(0 0 4806.35)
(0 0 5490.05)
(0 0 6259)
(0 0 7287.32)
(0 0 7175.91)
(0 0 7151.33)
(0 0 6987.36)
(0 0 6761.87)
(0 0 6182.59)
(0 0 5779.59)
(0 0 5425.21)
(0 0 6482.47)
(0 0 6947.9)
(0 0 6969.2)
(0 0 6861.41)
(0 0 6759.73)
(0 0 6280.05)
(0 0 7055.57)
(0 0 6814.21)
(0 0 6522.31)
(0 0 6368.41)
(0 0 5932.73)
(0 0 5511.73)
(0 0 5024.35)
(0 0 4558.76)
(0 0 3853.22)
(0 0 4533.01)
(0 0 5360.06)
(0 0 4837.82)
(0 0 4185.76)
(0 0 3501.47)
(0 0 4088.95)
(0 0 4917.36)
(0 0 4529.31)
(0 0 3663.63)
(0 0 4152.98)
(0 0 4733.17)
(0 0 5189.59)
(0 0 4979.24)
(0 0 4435.41)
(0 0 4126.83)
(0 0 3779.61)
(0 0 3421.99)
(0 0 2975.72)
(0 0 2493.6)
(0 0 1777.31)
(0 0 1388.65)
(0 0 -509.602)
(0 0 430.125)
(0 0 909.245)
(0 0 1600.35)
(0 0 2060.41)
(0 0 2476.63)
(0 0 2708.75)
(0 0 2959.83)
(0 0 3063.55)
(0 0 2926.08)
(0 0 4090.79)
(0 0 4554.17)
(0 0 4490.88)
(0 0 4658.05)
(0 0 4895.02)
(0 0 5342.63)
(0 0 5830.95)
(0 0 6256.02)
(0 0 6542.4)
(0 0 6918.19)
(0 0 7302.16)
(0 0 7677.92)
(0 0 8074.28)
(0 0 8566.33)
(0 0 8882.45)
(0 0 9134.8)
(0 0 9414.95)
(0 0 9582.86)
(0 0 9670.49)
(0 0 9739.14)
(0 0 9747.84)
(0 0 9720.72)
(0 0 9704.43)
(0 0 9702.63)
(0 0 9682.41)
(0 0 9608.45)
(0 0 9492.87)
(0 0 9356.69)
(0 0 9225.28)
(0 0 9137.9)
(0 0 9052.43)
(0 0 8944.09)
(0 0 8806.84)
(0 0 8601.15)
(0 0 8381.61)
(0 0 8161.69)
(0 0 7913.86)
(0 0 7647.7)
(0 0 7357.23)
(0 0 7013.56)
(0 0 6612.22)
(0 0 6182.63)
(0 0 5803.78)
(0 0 5517.4)
(0 0 5103.29)
(0 0 5902.47)
(0 0 6609.09)
(0 0 6132)
(0 0 7139.16)
(0 0 6954.82)
(0 0 6738.46)
(0 0 6346.5)
(0 0 6046.18)
(0 0 6238.71)
(0 0 6062.38)
(0 0 5597.24)
(0 0 6527.12)
(0 0 6385.71)
(0 0 6378.48)
(0 0 6204.53)
(0 0 5771.65)
(0 0 6534.45)
(0 0 6302.57)
(0 0 6152.9)
(0 0 5811.84)
(0 0 5504.39)
(0 0 5057.16)
(0 0 4687.4)
(0 0 4179.63)
(0 0 5053.1)
(0 0 5735.55)
(0 0 5397.7)
(0 0 5168.88)
(0 0 4695.87)
(0 0 4445.08)
(0 0 5483.1)
(0 0 5252.11)
(0 0 4853.25)
(0 0 4272.79)
(0 0 5069.6)
(0 0 4906.29)
(0 0 4818.61)
(0 0 4323.47)
(0 0 4019.53)
(0 0 3662.52)
(0 0 3259.91)
(0 0 2815.82)
(0 0 2344.68)
(0 0 1679.32)
(0 0 1377.93)
(0 0 -355.761)
(0 0 396.78)
(0 0 635.407)
(0 0 1404.82)
(0 0 1939.64)
(0 0 2285.51)
(0 0 2627.21)
(0 0 2948.43)
(0 0 3194.64)
(0 0 3368.78)
(0 0 3553.98)
(0 0 4705.51)
(0 0 4987.69)
(0 0 5478.22)
(0 0 5467.06)
(0 0 5840.4)
(0 0 6204.74)
(0 0 6569.1)
(0 0 6946.39)
(0 0 7370.7)
(0 0 7774.91)
(0 0 8123.99)
(0 0 8413.53)
(0 0 8667.5)
(0 0 8844.56)
(0 0 8957.13)
(0 0 9020.5)
(0 0 9043.51)
(0 0 9097.26)
(0 0 9165.85)
(0 0 9170.48)
(0 0 9154.55)
(0 0 9154.1)
(0 0 9157.47)
(0 0 9144.98)
(0 0 9086.36)
(0 0 8986.76)
(0 0 8871.06)
(0 0 8763.89)
(0 0 8689.38)
(0 0 8618.83)
(0 0 8532.94)
(0 0 8418.81)
(0 0 8250.05)
(0 0 8064.32)
(0 0 7877.85)
(0 0 7668.43)
(0 0 7438.97)
(0 0 7170.26)
(0 0 6845.31)
(0 0 6480.77)
(0 0 6093.55)
(0 0 5733.37)
(0 0 5449.7)
(0 0 5025.02)
(0 0 5917.8)
(0 0 6652.69)
(0 0 6565.37)
(0 0 6385.82)
(0 0 6077.05)
(0 0 5660.59)
(0 0 5031.68)
(0 0 5853.46)
(0 0 5568.52)
(0 0 5543.23)
(0 0 5231.74)
(0 0 4701.88)
(0 0 3979.75)
(0 0 3981.77)
(0 0 4589.34)
(0 0 5155.79)
(0 0 6007.13)
(0 0 5589.84)
(0 0 5257.61)
(0 0 4748.37)
(0 0 5342.61)
(0 0 5086.16)
(0 0 4910.4)
(0 0 4739.5)
(0 0 4310.23)
(0 0 5220.39)
(0 0 4883.1)
(0 0 4504.68)
(0 0 4064.04)
(0 0 4789)
(0 0 5081.27)
(0 0 4823.91)
(0 0 4495.34)
(0 0 3757.03)
(0 0 4460.84)
(0 0 3874.19)
(0 0 3445.28)
(0 0 3898.91)
(0 0 3549.89)
(0 0 3219.21)
(0 0 2833.68)
(0 0 2435.58)
(0 0 2033.64)
(0 0 1496.11)
(0 0 1359.52)
(0 0 -122.264)
(0 0 417.942)
(0 0 382.83)
(0 0 1129.75)
(0 0 1709.53)
(0 0 2050.15)
(0 0 2379.81)
(0 0 2724.36)
(0 0 3015.97)
(0 0 3214.3)
(0 0 3494.11)
(0 0 3572.35)
(0 0 4171.95)
(0 0 5341.17)
(0 0 5538.94)
(0 0 5952.68)
(0 0 6090.17)
(0 0 6493.39)
(0 0 6884.72)
(0 0 7259.75)
(0 0 7564.84)
(0 0 7774.78)
(0 0 7899.32)
(0 0 7987.28)
(0 0 8038.7)
(0 0 8047.92)
(0 0 8028.62)
(0 0 8008.27)
(0 0 8038.53)
(0 0 8117.58)
(0 0 8141.28)
(0 0 8148.35)
(0 0 8170.49)
(0 0 8191.64)
(0 0 8196.31)
(0 0 8157.49)
(0 0 8080.12)
(0 0 7989.3)
(0 0 7910.99)
(0 0 7862.18)
(0 0 7817.48)
(0 0 7764.78)
(0 0 7684.06)
(0 0 7562.43)
(0 0 7424.89)
(0 0 7284.5)
(0 0 7121.29)
(0 0 6927.18)
(0 0 6673.01)
(0 0 6345.55)
(0 0 5977.05)
(0 0 5585.4)
(0 0 5207.17)
(0 0 4915.62)
(0 0 4514.52)
(0 0 5375.01)
(0 0 6091.76)
(0 0 6005.52)
(0 0 5742.87)
(0 0 5478.04)
(0 0 5095.52)
(0 0 5369.96)
(0 0 5178.15)
(0 0 4745.97)
(0 0 4163.19)
(0 0 4913.25)
(0 0 4426.75)
(0 0 5450.28)
(0 0 5308.27)
(0 0 5159.82)
(0 0 4723.12)
(0 0 5604.24)
(0 0 5226.92)
(0 0 4972.16)
(0 0 4669.81)
(0 0 4342.28)
(0 0 3876.12)
(0 0 3311.05)
(0 0 4131.1)
(0 0 3792.65)
(0 0 3836.08)
(0 0 3916.59)
(0 0 3444.36)
(0 0 4214.37)
(0 0 3966.97)
(0 0 3598.53)
(0 0 3067.33)
(0 0 3903.66)
(0 0 3320.15)
(0 0 3962.28)
(0 0 3582.94)
(0 0 3449.08)
(0 0 3409.96)
(0 0 2854.98)
(0 0 2575.48)
(0 0 2227.14)
(0 0 1891.72)
(0 0 1568.2)
(0 0 1200.89)
(0 0 1266.34)
(0 0 124.639)
(0 0 386.457)
(0 0 324.242)
(0 0 616.578)
(0 0 1347.79)
(0 0 1665.62)
(0 0 2000.47)
(0 0 2296.13)
(0 0 2558.96)
(0 0 2299.92)
(0 0 3195.61)
(0 0 3540.8)
(0 0 3593.3)
(0 0 4788.28)
(0 0 5357.64)
(0 0 5615.13)
(0 0 5678.93)
(0 0 6055.97)
(0 0 6392.88)
(0 0 6662.49)
(0 0 6829.21)
(0 0 6888.81)
(0 0 6867.09)
(0 0 6829.85)
(0 0 6784.09)
(0 0 6716.34)
(0 0 6633.67)
(0 0 6565.07)
(0 0 6554.21)
(0 0 6611.78)
(0 0 6690.84)
(0 0 6722.15)
(0 0 6768.55)
(0 0 6811.76)
(0 0 6839.77)
(0 0 6826.3)
(0 0 6776.36)
(0 0 6709.15)
(0 0 6655.59)
(0 0 6632.83)
(0 0 6616.97)
(0 0 6599.82)
(0 0 6560.53)
(0 0 6495.08)
(0 0 6426.61)
(0 0 6361.28)
(0 0 6275.31)
(0 0 6143.9)
(0 0 5919.74)
(0 0 5582.7)
(0 0 5189.71)
(0 0 4742.65)
(0 0 4244.94)
(0 0 3743.41)
(0 0 3763.6)
(0 0 4542.65)
(0 0 5147.13)
(0 0 5085.93)
(0 0 4937.25)
(0 0 4721.99)
(0 0 4375.9)
(0 0 4887.08)
(0 0 5011.06)
(0 0 4848.94)
(0 0 4649.87)
(0 0 4449.89)
(0 0 4035.1)
(0 0 5116.38)
(0 0 4877.95)
(0 0 4606.83)
(0 0 4049.34)
(0 0 4934.26)
(0 0 4563.07)
(0 0 4322.53)
(0 0 4066.67)
(0 0 3777.67)
(0 0 3475.19)
(0 0 2954.29)
(0 0 2213.9)
(0 0 2586.6)
(0 0 2272.49)
(0 0 2824.34)
(0 0 3674.08)
(0 0 3327.87)
(0 0 2870.47)
(0 0 2321.28)
(0 0 1859.25)
(0 0 2529.62)
(0 0 3260.9)
(0 0 2933.09)
(0 0 2742.52)
(0 0 2498.97)
(0 0 2535.29)
(0 0 2059.18)
(0 0 1821.55)
(0 0 1510.58)
(0 0 1232.35)
(0 0 976.546)
(0 0 768.306)
(0 0 1045.04)
(0 0 405.274)
(0 0 316.14)
(0 0 215.096)
(0 0 272.21)
(0 0 922.706)
(0 0 1204.11)
(0 0 1220.92)
(0 0 1786.08)
(0 0 2032.93)
(0 0 1851.59)
(0 0 2212.73)
(0 0 3114.12)
(0 0 3387.69)
(0 0 3738.33)
(0 0 4662.99)
(0 0 4992.34)
(0 0 4988.78)
(0 0 5307.49)
(0 0 5562.02)
(0 0 5707.68)
(0 0 5740.88)
(0 0 5668.53)
(0 0 5523.08)
(0 0 5384.79)
(0 0 5260.52)
(0 0 5124.03)
(0 0 4969.48)
(0 0 4822.75)
(0 0 4734.41)
(0 0 4724.36)
(0 0 4788.77)
(0 0 4864.33)
(0 0 4930.45)
(0 0 4987.52)
(0 0 5029.94)
(0 0 5054.42)
(0 0 5057.84)
(0 0 5029.81)
(0 0 4993.83)
(0 0 4987.99)
(0 0 4992.33)
(0 0 4997.31)
(0 0 4989.18)
(0 0 4975.01)
(0 0 4988.5)
(0 0 5034.4)
(0 0 5087.62)
(0 0 5107.98)
(0 0 5020.31)
(0 0 4776.85)
(0 0 4483)
(0 0 4188.72)
(0 0 3894.92)
(0 0 3741.88)
(0 0 3413.62)
(0 0 3303.82)
(0 0 3214.13)
(0 0 3032.63)
(0 0 3805.14)
(0 0 3603.39)
(0 0 3225.71)
(0 0 4204.98)
(0 0 4081.48)
(0 0 3997.75)
(0 0 3889.14)
(0 0 3580.84)
(0 0 3130.97)
(0 0 4129.82)
(0 0 3855.44)
(0 0 3535.94)
(0 0 2970.31)
(0 0 3775.61)
(0 0 3616.29)
(0 0 3404.48)
(0 0 3163.6)
(0 0 2811.34)
(0 0 3435.25)
(0 0 3325.34)
(0 0 3173.86)
(0 0 2925.25)
(0 0 2594.65)
(0 0 2157.85)
(0 0 3059.05)
(0 0 2739.72)
(0 0 2370.92)
(0 0 1891.62)
(0 0 1171.61)
(0 0 1556.6)
(0 0 1736.83)
(0 0 1131.9)
(0 0 1717.61)
(0 0 1419.27)
(0 0 1508.45)
(0 0 1196.28)
(0 0 1002.33)
(0 0 734.508)
(0 0 504.209)
(0 0 293.66)
(0 0 192.861)
(0 0 632.83)
(0 0 729.034)
(0 0 275.48)
(0 0 112.987)
(0 0 62.2765)
(0 0 378.445)
(0 0 760.928)
(0 0 869.689)
(0 0 1029.64)
(0 0 1480.04)
(0 0 1458.46)
(0 0 1433.27)
(0 0 2192.96)
(0 0 2792.8)
(0 0 2922.9)
(0 0 3524.44)
(0 0 4156.93)
(0 0 4243.96)
(0 0 4346.38)
(0 0 4495.05)
(0 0 4515.94)
(0 0 4435.57)
(0 0 4256.24)
(0 0 3998.89)
(0 0 3769.24)
(0 0 3578.15)
(0 0 3384.77)
(0 0 3156.95)
(0 0 2907.19)
(0 0 2690.95)
(0 0 2546.12)
(0 0 2497.38)
(0 0 2541.61)
(0 0 2635.6)
(0 0 2752.44)
(0 0 2861.51)
(0 0 2918.34)
(0 0 2929.1)
(0 0 2943.89)
(0 0 2944.88)
(0 0 2954.01)
(0 0 2972.61)
(0 0 2981.17)
(0 0 2972.58)
(0 0 2972.88)
(0 0 3031.68)
(0 0 3162)
(0 0 3351.77)
(0 0 3565.46)
(0 0 3701.31)
(0 0 3611.89)
(0 0 3327.65)
(0 0 2920.48)
(0 0 2320.3)
(0 0 3199.7)
(0 0 3112.89)
(0 0 2938.34)
(0 0 2730.9)
(0 0 2567.83)
(0 0 2461.17)
(0 0 2320.89)
(0 0 1817.61)
(0 0 2367.7)
(0 0 2436.9)
(0 0 2213.51)
(0 0 2908.07)
(0 0 2611.37)
(0 0 2079.09)
(0 0 2785.09)
(0 0 2369.14)
(0 0 1868.14)
(0 0 1665)
(0 0 2207.87)
(0 0 2463.67)
(0 0 2425.59)
(0 0 2423.95)
(0 0 2369.42)
(0 0 2220.23)
(0 0 2150.34)
(0 0 2709)
(0 0 2360.73)
(0 0 1946.89)
(0 0 1306.52)
(0 0 2008.49)
(0 0 2120.03)
(0 0 2040.67)
(0 0 1750.76)
(0 0 1406.6)
(0 0 1376.93)
(0 0 829.615)
(0 0 473.62)
(0 0 744.692)
(0 0 370.675)
(0 0 366.674)
(0 0 297.402)
(0 0 155.365)
(0 0 -53.7318)
(0 0 -238.324)
(0 0 -418.446)
(0 0 -491.877)
(0 0 -34.0679)
(0 0 1000.79)
(0 0 222.906)
(0 0 6.17805)
(0 0 -89.3499)
(0 0 6.84912)
(0 0 289.869)
(0 0 466.883)
(0 0 621.564)
(0 0 834.216)
(0 0 1009.95)
(0 0 941.839)
(0 0 1262.98)
(0 0 1867.3)
(0 0 2252.02)
(0 0 2594.78)
(0 0 3208.27)
(0 0 3329.33)
(0 0 3393.27)
(0 0 3400.23)
(0 0 3331.14)
(0 0 3183.73)
(0 0 2953.1)
(0 0 2618.63)
(0 0 2314.57)
(0 0 2068.13)
(0 0 1837.62)
(0 0 1571.7)
(0 0 1261.48)
(0 0 949.145)
(0 0 672.297)
(0 0 477.163)
(0 0 405.405)
(0 0 441.319)
(0 0 524.515)
(0 0 624.209)
(0 0 678.587)
(0 0 673.835)
(0 0 653.341)
(0 0 695.65)
(0 0 717.069)
(0 0 749.549)
(0 0 760.567)
(0 0 741.253)
(0 0 722.925)
(0 0 756.561)
(0 0 874.801)
(0 0 1086.53)
(0 0 1399.38)
(0 0 1815.95)
(0 0 2195.39)
(0 0 2103.08)
(0 0 1724.03)
(0 0 1109.7)
(0 0 1853.5)
(0 0 1871.26)
(0 0 1695.37)
(0 0 1467.63)
(0 0 1343.74)
(0 0 1260.02)
(0 0 1335.87)
(0 0 1270.56)
(0 0 1166.08)
(0 0 1500.18)
(0 0 1636.96)
(0 0 1851.34)
(0 0 1837.74)
(0 0 1670.65)
(0 0 1493.55)
(0 0 721.11)
(0 0 848.562)
(0 0 795.726)
(0 0 331.95)
(0 0 892.939)
(0 0 1047.63)
(0 0 1258.52)
(0 0 1486.99)
(0 0 1682.8)
(0 0 1827.65)
(0 0 1907.54)
(0 0 1650.12)
(0 0 1330.81)
(0 0 701.663)
(0 0 1087.26)
(0 0 1056.3)
(0 0 1510.71)
(0 0 1601.84)
(0 0 1572.53)
(0 0 1358.22)
(0 0 929.414)
(0 0 421.23)
(0 0 -127.008)
(0 0 -578.197)
(0 0 -681.392)
(0 0 -633.353)
(0 0 -697.111)
(0 0 -828.179)
(0 0 -962.442)
(0 0 -1102.26)
(0 0 -1204.78)
(0 0 -925.27)
(0 0 840.203)
(0 0 165.969)
(0 0 -71.5413)
(0 0 -235.615)
(0 0 -250.477)
(0 0 -65.4729)
(0 0 86.4085)
(0 0 230.847)
(0 0 392.631)
(0 0 574.63)
(0 0 436.279)
(0 0 619.83)
(0 0 1099.34)
(0 0 1459.93)
(0 0 1762.81)
(0 0 2338.75)
(0 0 2365.53)
(0 0 2545)
(0 0 2296.45)
(0 0 2181.53)
(0 0 1946.26)
(0 0 1680.74)
(0 0 1319.45)
(0 0 967.295)
(0 0 663.591)
(0 0 387.496)
(0 0 101.52)
(0 0 -208.192)
(0 0 -525.626)
(0 0 -833.579)
(0 0 -1104.84)
(0 0 -1297.52)
(0 0 -1389.8)
(0 0 -1410.02)
(0 0 -1386.46)
(0 0 -1361.69)
(0 0 -1367.11)
(0 0 -1405.33)
(0 0 -1435.99)
(0 0 -1400.56)
(0 0 -1372.13)
(0 0 -1360.9)
(0 0 -1373.74)
(0 0 -1393.77)
(0 0 -1400.09)
(0 0 -1358.26)
(0 0 -1236.72)
(0 0 -1037.2)
(0 0 -658.303)
(0 0 209.213)
(0 0 592.052)
(0 0 358.807)
(0 0 100.256)
(0 0 200.857)
(0 0 348.116)
(0 0 147.191)
(0 0 -140.098)
(0 0 -137.742)
(0 0 -377.242)
(0 0 -228.506)
(0 0 -132.257)
(0 0 -87.7865)
(0 0 86.9702)
(0 0 97.2165)
(0 0 176.684)
(0 0 460.148)
(0 0 351.256)
(0 0 220.181)
(0 0 -231.839)
(0 0 -471.282)
(0 0 -685.721)
(0 0 -1027.51)
(0 0 -959.547)
(0 0 -712.958)
(0 0 -468.387)
(0 0 -170.49)
(0 0 135.573)
(0 0 327.604)
(0 0 364.344)
(0 0 233.973)
(0 0 151.871)
(0 0 -98.3723)
(0 0 -134.446)
(0 0 -145.969)
(0 0 179.005)
(0 0 440.588)
(0 0 580.595)
(0 0 464.637)
(0 0 162.133)
(0 0 -317.819)
(0 0 -1006.93)
(0 0 -1522.79)
(0 0 -1662.89)
(0 0 -1586.52)
(0 0 -1576.94)
(0 0 -1625.63)
(0 0 -1695.91)
(0 0 -1762.77)
(0 0 -1864.67)
(0 0 -1770.98)
(0 0 -92.2926)
(0 0 117.946)
(0 0 -90.1556)
(0 0 -281.715)
(0 0 -469.985)
(0 0 -414.562)
(0 0 -331.853)
(0 0 37.384)
(0 0 168.784)
(0 0 146.685)
(0 0 284.871)
(0 0 304.575)
(0 0 467.309)
(0 0 714.806)
(0 0 1248.76)
(0 0 1714.01)
(0 0 1781.5)
(0 0 1702.19)
(0 0 1512.42)
(0 0 1896.81)
(0 0 1347.94)
(0 0 986.94)
(0 0 594.148)
(0 0 200.042)
(0 0 -166.697)
(0 0 -504.704)
(0 0 -828.477)
(0 0 -1145.27)
(0 0 -1461.85)
(0 0 -1780.9)
(0 0 -2095.19)
(0 0 -2382.44)
(0 0 -2611.11)
(0 0 -2774.16)
(0 0 -2883.44)
(0 0 -2955.79)
(0 0 -3016.72)
(0 0 -3085.08)
(0 0 -3165.04)
(0 0 -3202.95)
(0 0 -3224.94)
(0 0 -3235.79)
(0 0 -3245.32)
(0 0 -3261.69)
(0 0 -3285.58)
(0 0 -3294.5)
(0 0 -3256.73)
(0 0 -3165.36)
(0 0 -2909.84)
(0 0 -2195.28)
(0 0 -1508.06)
(0 0 -1502.44)
(0 0 -919.719)
(0 0 -1207.53)
(0 0 -1049.08)
(0 0 -1418.88)
(0 0 -1754.36)
(0 0 -1976.92)
(0 0 -2091.15)
(0 0 -1962.13)
(0 0 -1841.39)
(0 0 -1221.33)
(0 0 -1472.76)
(0 0 -1651.38)
(0 0 -1703.24)
(0 0 -983.092)
(0 0 -1343.73)
(0 0 -1526.13)
(0 0 -1835.1)
(0 0 -2008.61)
(0 0 -2279.13)
(0 0 -2490.92)
(0 0 -2594.54)
(0 0 -2226.8)
(0 0 -2065.59)
(0 0 -1885.2)
(0 0 -1673.88)
(0 0 -1513.87)
(0 0 -1452.71)
(0 0 -1437.81)
(0 0 -1357.05)
(0 0 -1323.88)
(0 0 -1351.25)
(0 0 -1350.16)
(0 0 -1192.37)
(0 0 -938.089)
(0 0 -718.648)
(0 0 -670.049)
(0 0 -809.969)
(0 0 -1156.47)
(0 0 -1818.98)
(0 0 -2371.71)
(0 0 -2586.03)
(0 0 -2543.1)
(0 0 -2485.74)
(0 0 -2452.7)
(0 0 -2443.08)
(0 0 -2411.06)
(0 0 -2418.09)
(0 0 -2275.97)
(0 0 -1282.37)
(0 0 65.2732)
(0 0 -116.915)
(0 0 -332.424)
(0 0 -624.813)
(0 0 -540.293)
(0 0 -618.287)
(0 0 -159.082)
(0 0 -288.571)
(0 0 35.768)
(0 0 31.7557)
(0 0 -241.491)
(0 0 -141.406)
(0 0 387.363)
(0 0 431.933)
(0 0 653.795)
(0 0 833.943)
(0 0 1254.92)
(0 0 928.309)
(0 0 1468.1)
(0 0 809.222)
(0 0 350.218)
(0 0 -96.1612)
(0 0 -532.295)
(0 0 -945.614)
(0 0 -1335.26)
(0 0 -1701.08)
(0 0 -2044.05)
(0 0 -2370.91)
(0 0 -2692.86)
(0 0 -3011.11)
(0 0 -3322.1)
(0 0 -3605.72)
(0 0 -3847.82)
(0 0 -4048.21)
(0 0 -4210.05)
(0 0 -4343.24)
(0 0 -4461.34)
(0 0 -4576.21)
(0 0 -4678.07)
(0 0 -4749.51)
(0 0 -4798.79)
(0 0 -4833.28)
(0 0 -4865.14)
(0 0 -4900.96)
(0 0 -4929.92)
(0 0 -4933.31)
(0 0 -4896.34)
(0 0 -4731.21)
(0 0 -4365.38)
(0 0 -3718.45)
(0 0 -3614.38)
(0 0 -2619.55)
(0 0 -2891.06)
(0 0 -3083.7)
(0 0 -3279.01)
(0 0 -3514.9)
(0 0 -3701.09)
(0 0 -3778.78)
(0 0 -3454.29)
(0 0 -3224.51)
(0 0 -3426.92)
(0 0 -3599.58)
(0 0 -3667.69)
(0 0 -3720.84)
(0 0 -3662.27)
(0 0 -3679.27)
(0 0 -3695.64)
(0 0 -3865.45)
(0 0 -3084.1)
(0 0 -3611.47)
(0 0 -3874.74)
(0 0 -4039.79)
(0 0 -4077.99)
(0 0 -3162.19)
(0 0 -3347.87)
(0 0 -3423.49)
(0 0 -3411.2)
(0 0 -3346.4)
(0 0 -3177.97)
(0 0 -2855.36)
(0 0 -2525.4)
(0 0 -2388.96)
(0 0 -2399.52)
(0 0 -2366.82)
(0 0 -2178.27)
(0 0 -1897.86)
(0 0 -1687.03)
(0 0 -1733.71)
(0 0 -1996.02)
(0 0 -2711.07)
(0 0 -3271.98)
(0 0 -3489.93)
(0 0 -3451.55)
(0 0 -3353.59)
(0 0 -3249.06)
(0 0 -3156.58)
(0 0 -3036.76)
(0 0 -2954.52)
(0 0 -2744.76)
(0 0 -2297.44)
(0 0 4.00378)
(0 0 -281.533)
(0 0 -548.7)
(0 0 -617.542)
(0 0 -813.35)
(0 0 -629.319)
(0 0 -724.241)
(0 0 -781.58)
(0 0 -679.882)
(0 0 -877.173)
(0 0 -901.874)
(0 0 -302.964)
(0 0 -400.803)
(0 0 -343.176)
(0 0 -359.751)
(0 0 176.874)
(0 0 201.383)
(0 0 663.546)
(0 0 341.593)
(0 0 -64.753)
(0 0 -463.563)
(0 0 -890.095)
(0 0 -1324.12)
(0 0 -1748.97)
(0 0 -2159.93)
(0 0 -2550.47)
(0 0 -2915.56)
(0 0 -3257.64)
(0 0 -3586.81)
(0 0 -3911.49)
(0 0 -4231.11)
(0 0 -4534.41)
(0 0 -4811.94)
(0 0 -5060.57)
(0 0 -5279.58)
(0 0 -5469.75)
(0 0 -5636.94)
(0 0 -5789.15)
(0 0 -5927.86)
(0 0 -6040.09)
(0 0 -6123.96)
(0 0 -6185.12)
(0 0 -6235.09)
(0 0 -6281.45)
(0 0 -6319.64)
(0 0 -6343.33)
(0 0 -6337.56)
(0 0 -6237.9)
(0 0 -6127.59)
(0 0 -5646.34)
(0 0 -5562.14)
(0 0 -4438.1)
(0 0 -4774.54)
(0 0 -4900.46)
(0 0 -4977.75)
(0 0 -5111.64)
(0 0 -5187.19)
(0 0 -5164.4)
(0 0 -5244.03)
(0 0 -5271.31)
(0 0 -5380.36)
(0 0 -5492.59)
(0 0 -5537.53)
(0 0 -5573.49)
(0 0 -5612.99)
(0 0 -5629.73)
(0 0 -5603.03)
(0 0 -5711.26)
(0 0 -4696.01)
(0 0 -5109.42)
(0 0 -5274.11)
(0 0 -5368.98)
(0 0 -5475.27)
(0 0 -5429.49)
(0 0 -5389.2)
(0 0 -5338.23)
(0 0 -5233.02)
(0 0 -5117.56)
(0 0 -4968.05)
(0 0 -4904.91)
(0 0 -4907.22)
(0 0 -4927.54)
(0 0 -4940.15)
(0 0 -4879.86)
(0 0 -4743.8)
(0 0 -4595.48)
(0 0 -4501.88)
(0 0 -4448.2)
(0 0 -4462.89)
(0 0 -3741.31)
(0 0 -4260.98)
(0 0 -4396.68)
(0 0 -4293.54)
(0 0 -4137.65)
(0 0 -3965.27)
(0 0 -3793.08)
(0 0 -3588.7)
(0 0 -3407.42)
(0 0 -3215.91)
(0 0 -3122.06)
(0 0 -65.1727)
(0 0 -451.292)
(0 0 -690.178)
(0 0 -846.735)
(0 0 -753.135)
(0 0 -1084.15)
(0 0 -1283.95)
(0 0 -1261.39)
(0 0 -1345.14)
(0 0 -1465.08)
(0 0 -930.015)
(0 0 -991.219)
(0 0 -1228)
(0 0 -1186.75)
(0 0 -1376.87)
(0 0 -1170.52)
(0 0 -398.167)
(0 0 -586.043)
(0 0 -826.027)
(0 0 -1122.73)
(0 0 -1447.93)
(0 0 -1815.95)
(0 0 -2209.7)
(0 0 -2609.6)
(0 0 -3007.2)
(0 0 -3393.13)
(0 0 -3759.3)
(0 0 -4104.48)
(0 0 -4435.36)
(0 0 -4759.33)
(0 0 -5076.91)
(0 0 -5382.27)
(0 0 -5669.14)
(0 0 -5934.83)
(0 0 -6177.68)
(0 0 -6395.97)
(0 0 -6590.96)
(0 0 -6766.62)
(0 0 -6925.69)
(0 0 -7060.52)
(0 0 -7166.48)
(0 0 -7247.43)
(0 0 -7312.76)
(0 0 -7369.44)
(0 0 -7415.77)
(0 0 -7454.52)
(0 0 -7470.77)
(0 0 -7412.59)
(0 0 -7457.62)
(0 0 -7119.36)
(0 0 -7093.81)
(0 0 -5947.92)
(0 0 -6262.69)
(0 0 -6356.2)
(0 0 -6455.6)
(0 0 -6603.77)
(0 0 -6762.63)
(0 0 -6850.64)
(0 0 -6859.92)
(0 0 -6870.51)
(0 0 -6937.23)
(0 0 -7015.29)
(0 0 -7050.79)
(0 0 -7077.64)
(0 0 -7113.26)
(0 0 -7130.89)
(0 0 -7084.31)
(0 0 -7172.03)
(0 0 -6096.46)
(0 0 -6437.09)
(0 0 -6519.91)
(0 0 -6259.24)
(0 0 -6479.89)
(0 0 -6617.85)
(0 0 -6690.42)
(0 0 -6703.86)
(0 0 -6706.33)
(0 0 -6691.86)
(0 0 -6644.53)
(0 0 -6587.28)
(0 0 -6575.58)
(0 0 -6596.8)
(0 0 -6619.26)
(0 0 -6581.07)
(0 0 -6481.39)
(0 0 -6362.46)
(0 0 -6270.53)
(0 0 -6145.06)
(0 0 -6072.98)
(0 0 -5142.09)
(0 0 -5296.91)
(0 0 -5247.07)
(0 0 -5029.12)
(0 0 -4801.01)
(0 0 -4561.5)
(0 0 -4312.14)
(0 0 -4024.37)
(0 0 -3760)
(0 0 -3611.62)
(0 0 -3608.71)
(0 0 -130.635)
(0 0 -572.754)
(0 0 -546.403)
(0 0 -702.53)
(0 0 -1136.31)
(0 0 -1530.36)
(0 0 -1663.54)
(0 0 -1658.23)
(0 0 -1888.01)
(0 0 -1318.5)
(0 0 -1048.83)
(0 0 -1551.77)
(0 0 -1797.96)
(0 0 -1366.34)
(0 0 -1936.26)
(0 0 -1361.64)
(0 0 -1618.02)
(0 0 -1751.75)
(0 0 -1951.98)
(0 0 -2208.43)
(0 0 -2487.77)
(0 0 -2805.6)
(0 0 -3152.54)
(0 0 -3512.29)
(0 0 -3876.08)
(0 0 -4234.63)
(0 0 -4579.59)
(0 0 -4908.19)
(0 0 -5224.29)
(0 0 -5532.95)
(0 0 -5834.95)
(0 0 -6126.82)
(0 0 -6404)
(0 0 -6664.1)
(0 0 -6905.4)
(0 0 -7125.49)
(0 0 -7323.78)
(0 0 -7502.3)
(0 0 -7662.25)
(0 0 -7799.74)
(0 0 -7910.12)
(0 0 -7995.87)
(0 0 -8064.73)
(0 0 -8122.96)
(0 0 -8170.02)
(0 0 -8214.17)
(0 0 -8240.98)
(0 0 -8203.05)
(0 0 -8337.17)
(0 0 -8092.25)
(0 0 -8118.14)
(0 0 -6975.48)
(0 0 -7279.78)
(0 0 -7355.91)
(0 0 -7435.13)
(0 0 -7574.69)
(0 0 -7756.18)
(0 0 -7875.26)
(0 0 -7890.21)
(0 0 -7896.96)
(0 0 -7947.13)
(0 0 -8008.52)
(0 0 -8041.14)
(0 0 -8064.65)
(0 0 -8092.03)
(0 0 -8101.96)
(0 0 -8040.91)
(0 0 -8121.68)
(0 0 -7030.98)
(0 0 -7343.99)
(0 0 -7383.37)
(0 0 -7419.81)
(0 0 -7509.89)
(0 0 -7585.9)
(0 0 -7635.88)
(0 0 -7643.87)
(0 0 -7646.43)
(0 0 -7664.02)
(0 0 -7686.83)
(0 0 -7609.18)
(0 0 -7601.76)
(0 0 -7629.52)
(0 0 -7663.17)
(0 0 -7653.52)
(0 0 -7586.66)
(0 0 -7474.77)
(0 0 -7367.61)
(0 0 -7236.04)
(0 0 -7117.38)
(0 0 -6657.64)
(0 0 -5648.54)
(0 0 -5739.39)
(0 0 -5523.45)
(0 0 -5263.37)
(0 0 -4975.75)
(0 0 -4661.23)
(0 0 -4301.89)
(0 0 -3973.94)
(0 0 -3843.39)
(0 0 -3888.9)
(0 0 -141.063)
(0 0 -567.773)
(0 0 -561.81)
(0 0 -1078.27)
(0 0 -1499.74)
(0 0 -1869.81)
(0 0 -1903.38)
(0 0 -1987.16)
(0 0 -2125.74)
(0 0 -1529)
(0 0 -1812.51)
(0 0 -2134.03)
(0 0 -2317.06)
(0 0 -1774.94)
(0 0 -2452.97)
(0 0 -1800.65)
(0 0 -2372.4)
(0 0 -2619.97)
(0 0 -2867.95)
(0 0 -3144.66)
(0 0 -3422.83)
(0 0 -3720.59)
(0 0 -4037.18)
(0 0 -4362.19)
(0 0 -4688.82)
(0 0 -5009.67)
(0 0 -5318.23)
(0 0 -5612.5)
(0 0 -5895.72)
(0 0 -6172.14)
(0 0 -6442.76)
(0 0 -6705.02)
(0 0 -6955.14)
(0 0 -7190.86)
(0 0 -7410.39)
(0 0 -7610.95)
(0 0 -7790.74)
(0 0 -7950.86)
(0 0 -8091.86)
(0 0 -8212.23)
(0 0 -8308.94)
(0 0 -8382.88)
(0 0 -8440.47)
(0 0 -8487.25)
(0 0 -8523.09)
(0 0 -8558.52)
(0 0 -8581.32)
(0 0 -8541.78)
(0 0 -8719)
(0 0 -8530.7)
(0 0 -8589.71)
(0 0 -7448.09)
(0 0 -7747.94)
(0 0 -7816.45)
(0 0 -7869.41)
(0 0 -7993.18)
(0 0 -8179.45)
(0 0 -8294.54)
(0 0 -8289.64)
(0 0 -8278.86)
(0 0 -8311.46)
(0 0 -8357.7)
(0 0 -8386.83)
(0 0 -8408.97)
(0 0 -8432.11)
(0 0 -8436.93)
(0 0 -8370.51)
(0 0 -8456.43)
(0 0 -7374.74)
(0 0 -7684.95)
(0 0 -7703.27)
(0 0 -7755.86)
(0 0 -7853.46)
(0 0 -7934.4)
(0 0 -7988.91)
(0 0 -8013.2)
(0 0 -8027.81)
(0 0 -8039.49)
(0 0 -8071.85)
(0 0 -8091.13)
(0 0 -8101.98)
(0 0 -8128.13)
(0 0 -8160.45)
(0 0 -8156.97)
(0 0 -8106.68)
(0 0 -8021.69)
(0 0 -7921.69)
(0 0 -7790.97)
(0 0 -7658.24)
(0 0 -7527.79)
(0 0 -6265.7)
(0 0 -6197.46)
(0 0 -5849.46)
(0 0 -5502.18)
(0 0 -5152.69)
(0 0 -4783.37)
(0 0 -4373.72)
(0 0 -4017.96)
(0 0 -3891.19)
(0 0 -4037.27)
(0 0 -284.608)
(0 0 -505.351)
(0 0 -923.983)
(0 0 -1393.96)
(0 0 -1799.4)
(0 0 -1956.98)
(0 0 -1674.99)
(0 0 -1965.42)
(0 0 -1845.06)
(0 0 -2095.49)
(0 0 -1669.72)
(0 0 -2342.03)
(0 0 -2654.33)
(0 0 -2167.17)
(0 0 -2914.77)
(0 0 -2268.21)
(0 0 -2933.93)
(0 0 -3242.85)
(0 0 -3528.08)
(0 0 -3827.19)
(0 0 -4110.66)
(0 0 -4396.86)
(0 0 -4689.56)
(0 0 -4982.31)
(0 0 -5270.07)
(0 0 -5547.54)
(0 0 -5810.54)
(0 0 -6058.8)
(0 0 -6296.14)
(0 0 -6527.04)
(0 0 -6753)
(0 0 -6972.15)
(0 0 -7181.31)
(0 0 -7378.27)
(0 0 -7561.14)
(0 0 -7726.85)
(0 0 -7872.8)
(0 0 -7999.31)
(0 0 -8107.63)
(0 0 -8195.46)
(0 0 -8263.38)
(0 0 -8310.12)
(0 0 -8341.18)
(0 0 -8362.26)
(0 0 -8373.57)
(0 0 -8386.83)
(0 0 -8393.79)
(0 0 -8339.04)
(0 0 -8507.67)
(0 0 -8347.55)
(0 0 -8420.87)
(0 0 -7289.09)
(0 0 -7595.78)
(0 0 -7666.93)
(0 0 -7681.53)
(0 0 -7782.38)
(0 0 -7871.07)
(0 0 -7929.7)
(0 0 -7878.45)
(0 0 -7851.56)
(0 0 -7881.05)
(0 0 -7930.88)
(0 0 -7973.45)
(0 0 -8010.3)
(0 0 -8044.65)
(0 0 -8057.79)
(0 0 -7998.94)
(0 0 -8102.09)
(0 0 -7049.43)
(0 0 -7373.77)
(0 0 -7387.78)
(0 0 -7437.88)
(0 0 -7543.22)
(0 0 -7635.74)
(0 0 -7703.06)
(0 0 -7745.42)
(0 0 -7773.94)
(0 0 -7779.3)
(0 0 -7815.13)
(0 0 -7857.35)
(0 0 -7886.8)
(0 0 -7923.23)
(0 0 -7961.17)
(0 0 -7969.71)
(0 0 -7937.28)
(0 0 -7871.89)
(0 0 -7788.33)
(0 0 -7663.55)
(0 0 -7532.2)
(0 0 -7328.61)
(0 0 -6091.71)
(0 0 -6031.2)
(0 0 -5667.61)
(0 0 -5312.64)
(0 0 -4964.39)
(0 0 -4595.21)
(0 0 -4183.54)
(0 0 -3847.18)
(0 0 -3745.71)
(0 0 -4074.96)
(0 0 -385.179)
(0 0 -741.051)
(0 0 -1189.06)
(0 0 -1526.33)
(0 0 -1850.64)
(0 0 -1521.49)
(0 0 -1915.48)
(0 0 -1645.12)
(0 0 -2059.96)
(0 0 -1682.13)
(0 0 -2008.61)
(0 0 -2572.28)
(0 0 -2914.25)
(0 0 -2486.02)
(0 0 -3291.15)
(0 0 -2685.88)
(0 0 -3385.12)
(0 0 -3706.83)
(0 0 -3986.84)
(0 0 -4274.07)
(0 0 -4535.46)
(0 0 -4788.15)
(0 0 -5038.36)
(0 0 -5282.07)
(0 0 -5514.76)
(0 0 -5731.94)
(0 0 -5931.12)
(0 0 -6114.14)
(0 0 -6286.68)
(0 0 -6454.74)
(0 0 -6620.66)
(0 0 -6782.93)
(0 0 -6938.32)
(0 0 -7084.38)
(0 0 -7218.87)
(0 0 -7338.24)
(0 0 -7438.97)
(0 0 -7520.5)
(0 0 -7584.68)
(0 0 -7629.72)
(0 0 -7658.95)
(0 0 -7670.78)
(0 0 -7668.77)
(0 0 -7658.6)
(0 0 -7640.22)
(0 0 -7623.95)
(0 0 -7608.84)
(0 0 -7517)
(0 0 -7595.54)
(0 0 -7446.59)
(0 0 -7534.86)
(0 0 -6521.34)
(0 0 -6821.95)
(0 0 -6840.08)
(0 0 -6781.3)
(0 0 -6843.72)
(0 0 -5814.48)
(0 0 -6185.32)
(0 0 -6318.46)
(0 0 -6433.44)
(0 0 -6573.54)
(0 0 -6704.67)
(0 0 -6810.74)
(0 0 -6894.08)
(0 0 -6960.37)
(0 0 -6993.71)
(0 0 -6952.42)
(0 0 -7086.77)
(0 0 -6092.63)
(0 0 -6451.17)
(0 0 -6472.02)
(0 0 -6523.08)
(0 0 -6634.13)
(0 0 -6731.37)
(0 0 -6807.79)
(0 0 -6859.51)
(0 0 -6889.41)
(0 0 -6890.74)
(0 0 -6918.72)
(0 0 -6941.37)
(0 0 -6966.26)
(0 0 -7002.74)
(0 0 -7050.22)
(0 0 -7076.38)
(0 0 -7061.43)
(0 0 -7009.6)
(0 0 -6939.38)
(0 0 -6798.43)
(0 0 -6647.48)
(0 0 -6132.42)
(0 0 -5067.73)
(0 0 -5121.55)
(0 0 -4837.85)
(0 0 -4555.65)
(0 0 -4281.3)
(0 0 -3985.73)
(0 0 -3654.46)
(0 0 -3433.94)
(0 0 -3380.97)
(0 0 -3904.63)
(0 0 -398.996)
(0 0 -829.669)
(0 0 -1275)
(0 0 -1276.47)
(0 0 -1804.9)
(0 0 -1419.73)
(0 0 -1976.62)
(0 0 -2096.93)
(0 0 -1992.37)
(0 0 -1658.11)
(0 0 -2182.97)
(0 0 -2650.33)
(0 0 -3055.01)
(0 0 -2686.39)
(0 0 -3556.12)
(0 0 -3053.2)
(0 0 -3773.02)
(0 0 -4061.65)
(0 0 -4279.43)
(0 0 -4488.46)
(0 0 -4661.48)
(0 0 -4821.53)
(0 0 -4979.34)
(0 0 -5132.57)
(0 0 -5275.54)
(0 0 -5402.62)
(0 0 -5511.5)
(0 0 -5605.84)
(0 0 -5693.83)
(0 0 -5783.68)
(0 0 -5878.38)
(0 0 -5975.75)
(0 0 -6071.3)
(0 0 -6161.47)
(0 0 -6243.12)
(0 0 -6311.84)
(0 0 -6363.09)
(0 0 -6395.54)
(0 0 -6410.31)
(0 0 -6410.26)
(0 0 -6392.65)
(0 0 -6366.05)
(0 0 -6329.56)
(0 0 -6287.94)
(0 0 -6240.65)
(0 0 -6193.77)
(0 0 -6141.56)
(0 0 -6010.19)
(0 0 -5976.43)
(0 0 -5828.58)
(0 0 -5889.2)
(0 0 -5983.24)
(0 0 -5902.33)
(0 0 -4789.63)
(0 0 -4926.67)
(0 0 -5120.77)
(0 0 -4144.43)
(0 0 -4555.83)
(0 0 -4695.16)
(0 0 -4824.46)
(0 0 -4980.29)
(0 0 -5119.87)
(0 0 -5229.56)
(0 0 -5309.8)
(0 0 -5366.64)
(0 0 -5384.25)
(0 0 -5330.75)
(0 0 -5488.33)
(0 0 -4592.02)
(0 0 -5005.26)
(0 0 -5032.7)
(0 0 -5079.14)
(0 0 -5186.65)
(0 0 -5275.42)
(0 0 -5343.13)
(0 0 -5384.08)
(0 0 -5412.06)
(0 0 -5427.42)
(0 0 -5441.15)
(0 0 -5144.44)
(0 0 -5246.6)
(0 0 -5338.01)
(0 0 -5425.63)
(0 0 -5482.88)
(0 0 -5488.19)
(0 0 -5447.75)
(0 0 -5373.97)
(0 0 -5003.63)
(0 0 -4971.47)
(0 0 -4562.75)
(0 0 -3624.58)
(0 0 -3785.24)
(0 0 -3589.48)
(0 0 -3394.07)
(0 0 -3210.69)
(0 0 -3008.3)
(0 0 -2778.03)
(0 0 -2726.62)
(0 0 -2794.18)
(0 0 -3526.33)
(0 0 -305.163)
(0 0 -711.398)
(0 0 -1119.56)
(0 0 -1297.95)
(0 0 -1529.43)
(0 0 -1653.25)
(0 0 -1896.31)
(0 0 -1968.94)
(0 0 -1925.6)
(0 0 -1811.64)
(0 0 -2310.53)
(0 0 -2592.21)
(0 0 -2939.17)
(0 0 -2718.95)
(0 0 -3620.33)
(0 0 -3345.85)
(0 0 -4060.43)
(0 0 -4207.07)
(0 0 -4255.41)
(0 0 -4287.42)
(0 0 -4288.21)
(0 0 -4288.82)
(0 0 -4304.48)
(0 0 -4331.18)
(0 0 -4358.9)
(0 0 -4378.03)
(0 0 -4384.34)
(0 0 -4382.27)
(0 0 -4382.09)
(0 0 -4393.83)
(0 0 -4420.04)
(0 0 -4456.63)
(0 0 -4496.47)
(0 0 -4534.26)
(0 0 -4565.94)
(0 0 -4586.39)
(0 0 -4590.45)
(0 0 -4576.64)
(0 0 -4546.64)
(0 0 -4502.29)
(0 0 -4444.66)
(0 0 -4377.71)
(0 0 -4306.81)
(0 0 -4234.55)
(0 0 -4159.12)
(0 0 -4076.93)
(0 0 -4015.75)
(0 0 -3872.65)
(0 0 -3792.18)
(0 0 -3702.37)
(0 0 -3076)
(0 0 -3674.52)
(0 0 -3020.41)
(0 0 -3255.88)
(0 0 -3216.95)
(0 0 -3341.37)
(0 0 -2560.86)
(0 0 -2979.38)
(0 0 -3032.08)
(0 0 -3074.99)
(0 0 -3154.58)
(0 0 -3223.33)
(0 0 -3265.8)
(0 0 -3282.53)
(0 0 -3277.78)
(0 0 -3234.32)
(0 0 -3131.17)
(0 0 -3320.38)
(0 0 -2671.36)
(0 0 -3187.08)
(0 0 -3194.96)
(0 0 -3189.81)
(0 0 -3266.77)
(0 0 -3310.35)
(0 0 -3329.53)
(0 0 -3320.31)
(0 0 -3295.4)
(0 0 -3211.78)
(0 0 -3156.86)
(0 0 -3165.21)
(0 0 -3174.56)
(0 0 -3199.28)
(0 0 -3246.02)
(0 0 -3275.07)
(0 0 -3258.91)
(0 0 -3197.54)
(0 0 -3110.29)
(0 0 -2947.26)
(0 0 -2899.92)
(0 0 -2144.31)
(0 0 -1761.55)
(0 0 -2153.42)
(0 0 -2046.44)
(0 0 -1905.71)
(0 0 -1777.44)
(0 0 -1643.11)
(0 0 -1507.29)
(0 0 -1602.7)
(0 0 -1920.24)
(0 0 -2730.6)
(0 0 -124.972)
(0 0 -326.339)
(0 0 -534.157)
(0 0 -649.028)
(0 0 -758.185)
(0 0 -857.402)
(0 0 -936.639)
(0 0 -909.571)
(0 0 -982.161)
(0 0 -1121.28)
(0 0 -1313.29)
(0 0 -1320.45)
(0 0 -1392.75)
(0 0 -1662.77)
(0 0 -2109.94)
(0 0 -2043.2)
(0 0 -2348.06)
(0 0 -2260.48)
(0 0 -2205.86)
(0 0 -2161.63)
(0 0 -2104.61)
(0 0 -2056.86)
(0 0 -2025.96)
(0 0 -2006.98)
(0 0 -1991.02)
(0 0 -1970.06)
(0 0 -1940.75)
(0 0 -1907.09)
(0 0 -1877.59)
(0 0 -1859.86)
(0 0 -1855.22)
(0 0 -1858.94)
(0 0 -1865.03)
(0 0 -1869.59)
(0 0 -1870.41)
(0 0 -1864.34)
(0 0 -1847.92)
(0 0 -1820.68)
(0 0 -1784.38)
(0 0 -1740.23)
(0 0 -1689.1)
(0 0 -1632.71)
(0 0 -1574.58)
(0 0 -1518.21)
(0 0 -1459.47)
(0 0 -1394.72)
(0 0 -1372.88)
(0 0 -1346.68)
(0 0 -1221.01)
(0 0 -1256.13)
(0 0 -846.999)
(0 0 -1396.67)
(0 0 -1013.72)
(0 0 -1212.53)
(0 0 -1099.88)
(0 0 -1184.71)
(0 0 -1255.98)
(0 0 -1259.59)
(0 0 -1091.26)
(0 0 -1028.1)
(0 0 -1027.99)
(0 0 -1030.86)
(0 0 -1016.04)
(0 0 -985.644)
(0 0 -942.91)
(0 0 -873.552)
(0 0 -764.227)
(0 0 -976.057)
(0 0 -834.381)
(0 0 -1217.37)
(0 0 -1079.54)
(0 0 -1036.18)
(0 0 -1056.95)
(0 0 -1051.04)
(0 0 -1027.68)
(0 0 -984.625)
(0 0 -922.14)
(0 0 -865.958)
(0 0 -866.522)
(0 0 -869.537)
(0 0 -856.07)
(0 0 -852.023)
(0 0 -865.073)
(0 0 -859.558)
(0 0 -818.485)
(0 0 -748.481)
(0 0 -671.918)
(0 0 -563.645)
(0 0 -547.718)
(0 0 -342.39)
(0 0 -825.802)
(0 0 -788.864)
(0 0 -525.103)
(0 0 -376.19)
(0 0 -292.505)
(0 0 -229.392)
(0 0 -177.197)
(0 0 -217.369)
(0 0 -705.113)
(0 0 -1186.54)
)
;

boundaryField
{
    inlet
    {
        type            extrapolatedCalculated;
        value           nonuniform List<vector> 
40
(
(0 0 -170.183)
(0 0 -402.375)
(0 0 -506.035)
(0 0 -444.017)
(0 0 -259.001)
(0 0 -23.3305)
(0 0 86.7262)
(0 0 102.809)
(0 0 180.684)
(0 0 257.16)
(0 0 322.105)
(0 0 382.246)
(0 0 441.96)
(0 0 498.712)
(0 0 549.84)
(0 0 589.099)
(0 0 581.196)
(0 0 660.914)
(0 0 802.032)
(0 0 727.931)
(0 0 649.172)
(0 0 430.125)
(0 0 396.78)
(0 0 417.942)
(0 0 386.457)
(0 0 316.14)
(0 0 275.48)
(0 0 222.906)
(0 0 165.969)
(0 0 117.946)
(0 0 65.2732)
(0 0 4.00378)
(0 0 -65.1727)
(0 0 -130.635)
(0 0 -141.063)
(0 0 -284.608)
(0 0 -385.179)
(0 0 -398.996)
(0 0 -305.163)
(0 0 -124.972)
)
;
    }
    outlet
    {
        type            extrapolatedCalculated;
        value           nonuniform List<vector> 
40
(
(0 0 1208.92)
(0 0 1712.67)
(0 0 1792.75)
(0 0 1497.28)
(0 0 2117.73)
(0 0 2381.73)
(0 0 2472.81)
(0 0 3088.47)
(0 0 4333.57)
(0 0 4364.88)
(0 0 2388.77)
(0 0 733.772)
(0 0 13.4631)
(0 0 -239.462)
(0 0 -304.235)
(0 0 -327.747)
(0 0 -355.884)
(0 0 -431.264)
(0 0 -534.562)
(0 0 -569.15)
(0 0 -509.602)
(0 0 -355.761)
(0 0 -122.264)
(0 0 124.639)
(0 0 405.274)
(0 0 729.034)
(0 0 1000.79)
(0 0 840.203)
(0 0 -92.2926)
(0 0 -1282.37)
(0 0 -2297.44)
(0 0 -3122.06)
(0 0 -3608.71)
(0 0 -3888.9)
(0 0 -4037.27)
(0 0 -4074.96)
(0 0 -3904.63)
(0 0 -3526.33)
(0 0 -2730.6)
(0 0 -1186.54)
)
;
    }
    lowerWall
    {
        type            extrapolatedCalculated;
        value           nonuniform List<vector> 
100
(
(0 0 -170.183)
(0 0 -365.107)
(0 0 -484.593)
(0 0 -589.558)
(0 0 -771.788)
(0 0 -924.151)
(0 0 -990.527)
(0 0 -765.56)
(0 0 -923.379)
(0 0 -1093.63)
(0 0 -1078.61)
(0 0 -1122.23)
(0 0 -1284.34)
(0 0 -1506.99)
(0 0 -1676.91)
(0 0 -1587.44)
(0 0 -1515.48)
(0 0 -1472.93)
(0 0 -1517.9)
(0 0 -1544.52)
(0 0 -1473.97)
(0 0 -1424.59)
(0 0 -1484.24)
(0 0 -1363.95)
(0 0 -1498.29)
(0 0 -1511.6)
(0 0 -1490.54)
(0 0 -970.976)
(0 0 -1056.65)
(0 0 -1217.83)
(0 0 -1240.47)
(0 0 -1101.92)
(0 0 -1026.2)
(0 0 -1033.83)
(0 0 -1032.12)
(0 0 -1075.56)
(0 0 -967.308)
(0 0 -849.821)
(0 0 -787.988)
(0 0 -784.367)
(0 0 -952.311)
(0 0 -471.399)
(0 0 -427.863)
(0 0 -296.039)
(0 0 -332.278)
(0 0 -430.067)
(0 0 -554.599)
(0 0 -540.039)
(0 0 -173.519)
(0 0 -107.111)
(0 0 -184.515)
(0 0 -140.965)
(0 0 -277.837)
(0 0 -210.99)
(0 0 -170.473)
(0 0 -204.552)
(0 0 -309.693)
(0 0 -204.544)
(0 0 -12.3135)
(0 0 -113.026)
(0 0 -42.733)
(0 0 42.8786)
(0 0 -60.3663)
(0 0 -384.123)
(0 0 -169.902)
(0 0 -210.391)
(0 0 -83.3345)
(0 0 -142.737)
(0 0 -6.54814)
(0 0 32.2338)
(0 0 -10.7157)
(0 0 -11.68)
(0 0 -44.1138)
(0 0 -232.316)
(0 0 -300.197)
(0 0 -115.43)
(0 0 72.753)
(0 0 200.099)
(0 0 170.778)
(0 0 501.302)
(0 0 351.598)
(0 0 283.497)
(0 0 118.332)
(0 0 -20.1303)
(0 0 -58.042)
(0 0 423.77)
(0 0 197.722)
(0 0 329.616)
(0 0 169.349)
(0 0 399.436)
(0 0 38.0122)
(0 0 70.7181)
(0 0 42.312)
(0 0 -9.06197)
(0 0 219.894)
(0 0 402.095)
(0 0 1069.68)
(0 0 992.483)
(0 0 1149.56)
(0 0 1208.92)
)
;
    }
    upperWall
    {
        type            extrapolatedCalculated;
        value           nonuniform List<vector> 
100
(
(0 0 -124.972)
(0 0 -326.339)
(0 0 -534.157)
(0 0 -649.028)
(0 0 -758.185)
(0 0 -857.402)
(0 0 -936.639)
(0 0 -909.571)
(0 0 -982.161)
(0 0 -1121.28)
(0 0 -1313.29)
(0 0 -1320.45)
(0 0 -1392.75)
(0 0 -1662.77)
(0 0 -2109.94)
(0 0 -2043.2)
(0 0 -2348.06)
(0 0 -2260.48)
(0 0 -2205.86)
(0 0 -2161.63)
(0 0 -2104.61)
(0 0 -2056.86)
(0 0 -2025.96)
(0 0 -2006.98)
(0 0 -1991.02)
(0 0 -1970.06)
(0 0 -1940.75)
(0 0 -1907.09)
(0 0 -1877.59)
(0 0 -1859.86)
(0 0 -1855.22)
(0 0 -1858.94)
(0 0 -1865.03)
(0 0 -1869.59)
(0 0 -1870.41)
(0 0 -1864.34)
(0 0 -1847.92)
(0 0 -1820.68)
(0 0 -1784.38)
(0 0 -1740.23)
(0 0 -1689.1)
(0 0 -1632.71)
(0 0 -1574.58)
(0 0 -1518.21)
(0 0 -1459.47)
(0 0 -1394.72)
(0 0 -1372.88)
(0 0 -1346.68)
(0 0 -1221.01)
(0 0 -1256.13)
(0 0 -846.999)
(0 0 -1396.67)
(0 0 -1013.72)
(0 0 -1212.53)
(0 0 -1099.88)
(0 0 -1184.71)
(0 0 -1255.98)
(0 0 -1259.59)
(0 0 -1091.26)
(0 0 -1028.1)
(0 0 -1027.99)
(0 0 -1030.86)
(0 0 -1016.04)
(0 0 -985.644)
(0 0 -942.91)
(0 0 -873.552)
(0 0 -764.227)
(0 0 -976.057)
(0 0 -834.381)
(0 0 -1217.37)
(0 0 -1079.54)
(0 0 -1036.18)
(0 0 -1056.95)
(0 0 -1051.04)
(0 0 -1027.68)
(0 0 -984.625)
(0 0 -922.14)
(0 0 -865.958)
(0 0 -866.522)
(0 0 -869.537)
(0 0 -856.07)
(0 0 -852.023)
(0 0 -865.073)
(0 0 -859.558)
(0 0 -818.485)
(0 0 -748.481)
(0 0 -671.918)
(0 0 -563.645)
(0 0 -547.718)
(0 0 -342.39)
(0 0 -825.802)
(0 0 -788.864)
(0 0 -525.103)
(0 0 -376.19)
(0 0 -292.505)
(0 0 -229.392)
(0 0 -177.197)
(0 0 -217.369)
(0 0 -705.113)
(0 0 -1186.54)
)
;
    }
    frontAndBack
    {
        type            empty;
    }
}


// ************************************************************************* //
