/*--------------------------------*- C++ -*----------------------------------*\
| =========                 |                                                 |
| \\      /  F ield         | foam-extend: Open Source CFD                    |
|  \\    /   O peration     | Version:     5.0                                |
|   \\  /    A nd           | Web:         http://www.foam-extend.org         |
|    \\/     M anipulation  |                                                 |
\*---------------------------------------------------------------------------*/
FoamFile
{
    version     2.0;
    format      ascii;
    class       volVectorField;
    location    "0.055";
    object      U;
}
// * * * * * * * * * * * * * * * * * * * * * * * * * * * * * * * * * * * * * //

dimensions      [0 1 -1 0 0 0 0];

internalField   nonuniform List<vector> 
4000
(
(2.41865 0.752686 0)
(6.66626 -1.45675 0)
(19.6564 -1.50336 0)
(32.7524 -1.46617 0)
(41.1859 -0.870582 0)
(46.3802 0.392636 0)
(46.4871 -0.431178 0)
(55.4826 -1.26025 0)
(51.209 0.259999 0)
(49.7782 1.53433 0)
(47.441 0.0993141 0)
(43.4124 -0.797386 0)
(37.602 1.03401 0)
(34.957 1.63783 0)
(25.096 0.875618 0)
(30.5949 1.34293 0)
(20.1601 -0.87368 0)
(37.1061 -1.76143 0)
(42.3463 -1.52432 0)
(58.914 -1.06977 0)
(69.9698 -1.61947 0)
(73.2777 -0.882514 0)
(66.4533 1.08236 0)
(72.2783 0.0270047 0)
(64.8007 0.418567 0)
(65.258 2.11542 0)
(49.2666 0.00814862 0)
(66.4405 -1.60071 0)
(58.0418 0.662848 0)
(41.5898 1.7426 0)
(44.2397 0.578845 0)
(42.5309 -0.242744 0)
(44.4515 -0.80826 0)
(53.1707 -0.760814 0)
(57.2977 -0.0301698 0)
(57.4568 -0.203694 0)
(63.2098 -1.30147 0)
(82.5546 -2.6199 0)
(92.0907 -1.55383 0)
(100.361 0.587161 0)
(86.0502 1.2798 0)
(88.63 0.918895 0)
(86.6937 -0.163179 0)
(87.8938 -1.26186 0)
(94.7735 -1.00187 0)
(101.867 -0.761339 0)
(111.326 -0.977149 0)
(114.247 0.387409 0)
(116.352 0.680234 0)
(110.834 0.414148 0)
(108.107 0.133142 0)
(98.8478 0.961772 0)
(92.7225 2.42219 0)
(75.0962 1.90367 0)
(66.1133 0.604868 0)
(65.2833 -0.133383 0)
(70.366 -0.480869 0)
(79.0591 -0.704236 0)
(78.9813 -0.105315 0)
(76.2693 0.685211 0)
(76.434 0.160333 0)
(75.4943 -0.788833 0)
(75.5883 -0.228709 0)
(72.9636 1.33323 0)
(62.0417 1.60882 0)
(57.1062 1.31176 0)
(47.2289 1.08949 0)
(44.5331 0.826289 0)
(40.8178 0.547695 0)
(37.6583 -0.438212 0)
(44.6651 -1.26642 0)
(55.7889 -2.01408 0)
(68.8243 -2.04355 0)
(82.5231 -1.60658 0)
(85.3049 0.518545 0)
(81.3855 2.08905 0)
(69.4157 1.22005 0)
(69.1988 -0.592243 0)
(81.4519 -1.45537 0)
(83.8704 0.178335 0)
(77.2784 1.25786 0)
(69.7278 0.244739 0)
(70.3555 -0.621723 0)
(77.3571 -0.4549 0)
(93.7629 -1.19705 0)
(94.7176 -0.582666 0)
(99.5349 0.224409 0)
(101.892 -0.525575 0)
(107.065 -1.14516 0)
(104.589 0.0442397 0)
(102.735 0.970784 0)
(100.251 -0.0781103 0)
(103.207 -1.10238 0)
(112.522 -0.940393 0)
(117.463 0.1528 0)
(118.101 0.302792 0)
(116.824 -1.1452 0)
(129.977 0.228469 0)
(116.52 2.38138 0)
(107.343 0.0484357 0)
(18.681 -2.08133 0)
(36.9857 -6.53903 0)
(61.9651 -6.16575 0)
(95.3477 -5.59076 0)
(113.658 -3.10494 0)
(126.128 -1.46997 0)
(122.305 -2.08256 0)
(145.918 -1.74712 0)
(133.92 1.75388 0)
(121.169 1.87116 0)
(134.833 0.540456 0)
(116.135 2.89515 0)
(87.2926 3.21653 0)
(103.875 1.76983 0)
(83.2868 0.581446 0)
(120.977 -0.561938 0)
(113.94 -1.87331 0)
(110.556 -4.50749 0)
(148.413 -5.41097 0)
(160.343 -4.18884 0)
(166.365 -2.49967 0)
(152.999 -0.439829 0)
(170.92 1.15977 0)
(179.709 0.138566 0)
(149.128 1.31051 0)
(170.295 2.11654 0)
(152.065 -0.284814 0)
(170.837 -0.90197 0)
(144.447 4.90477 0)
(109.698 5.01702 0)
(119.071 0.351385 0)
(123.814 -0.938011 0)
(113.934 -2.3415 0)
(127.546 -3.39217 0)
(157.718 -1.37698 0)
(153.548 -1.20408 0)
(154.001 -4.90559 0)
(192.718 -7.47545 0)
(198.559 -4.17711 0)
(213.755 1.10001 0)
(199.862 2.90458 0)
(209.909 0.977115 0)
(210.668 -1.29072 0)
(213.952 -2.51341 0)
(221.969 -2.16488 0)
(233.524 -2.46197 0)
(241.148 -3.48432 0)
(257.11 -1.18969 0)
(261.339 1.15528 0)
(255.132 2.12251 0)
(244.783 2.3654 0)
(222.349 3.36535 0)
(213.122 6.53853 0)
(188.479 5.77517 0)
(172.222 2.06445 0)
(167.525 -0.554504 0)
(174.251 -2.72531 0)
(195.036 -2.74905 0)
(190.253 0.375706 0)
(183.167 1.90982 0)
(186.108 0.133807 0)
(184.672 -0.562236 0)
(173.51 1.02761 0)
(167.804 3.5114 0)
(153.181 4.34525 0)
(144.89 2.76467 0)
(132.972 2.26989 0)
(128.652 1.82632 0)
(125.782 1.77419 0)
(117.634 -1.22835 0)
(131.865 -3.97088 0)
(152.587 -5.5258 0)
(172.338 -5.42063 0)
(187.669 -4.30585 0)
(196.639 0.342518 0)
(194.027 4.57224 0)
(179.644 1.96732 0)
(190.075 -3.39207 0)
(210.255 -4.54469 0)
(213.075 1.08011 0)
(196.755 4.70828 0)
(178.629 1.68285 0)
(173.514 -2.37349 0)
(196.318 -4.37297 0)
(233.173 -5.46963 0)
(231.011 -2.17533 0)
(240.426 -0.535136 0)
(252.568 -1.76176 0)
(254.899 -1.37319 0)
(242.994 1.35705 0)
(245.07 2.03814 0)
(243.24 -1.04419 0)
(245.482 -3.15461 0)
(257.172 -2.86371 0)
(261.203 -0.712971 0)
(260.521 0.0483141 0)
(255.337 -2.84842 0)
(264.745 -1.14459 0)
(260.719 6.15804 0)
(236.653 2.05401 0)
(32.8547 -9.77872 0)
(61.2389 -14.2003 0)
(84.9702 -14.1605 0)
(130.554 -13.1111 0)
(153.512 -7.84982 0)
(177.128 -3.948 0)
(188.411 -3.93742 0)
(193.246 -1.69636 0)
(170.241 2.60539 0)
(196.278 1.78903 0)
(183.981 3.34638 0)
(162.655 7.79427 0)
(137.253 4.84935 0)
(158.346 0.988369 0)
(142.506 -1.79982 0)
(177.079 -5.52215 0)
(203.575 -4.6904 0)
(202.38 -5.67144 0)
(198.301 -8.18263 0)
(202.216 -7.17373 0)
(241.69 -4.20226 0)
(215.793 -2.43196 0)
(243.995 -1.24218 0)
(249.208 2.61393 0)
(225.324 3.47833 0)
(214.779 2.35751 0)
(238.656 -0.981888 0)
(223.02 2.23803 0)
(199.246 10.4794 0)
(172.754 8.03621 0)
(194.245 0.758527 0)
(168.577 -0.984592 0)
(191.955 -5.05438 0)
(189.953 -8.28904 0)
(221.634 -3.98145 0)
(216.31 -1.0874 0)
(220.384 -7.83673 0)
(225.77 -12.9568 0)
(250.812 -7.60617 0)
(249.538 1.11746 0)
(252.938 2.85879 0)
(260.256 0.372524 0)
(268.719 -3.49762 0)
(273.513 -4.50007 0)
(276.196 -3.62656 0)
(280.864 -5.29018 0)
(307.625 -9.00565 0)
(320.151 -3.13787 0)
(326.262 1.7557 0)
(324.87 3.68422 0)
(317.885 5.3481 0)
(288.363 7.84887 0)
(276.909 12.4343 0)
(254.128 10.9384 0)
(239.116 4.85873 0)
(225.304 -1.23939 0)
(246.779 -7.18651 0)
(262.641 -5.24225 0)
(261.016 1.25603 0)
(246.979 4.19022 0)
(251.517 0.530793 0)
(246.063 0.675238 0)
(225.773 3.02662 0)
(219.161 6.00906 0)
(205.426 7.99887 0)
(202.627 4.01121 0)
(201.739 3.02917 0)
(198.907 2.65619 0)
(202.333 3.21103 0)
(191.818 -2.30231 0)
(201.655 -8.22211 0)
(222.114 -10.5528 0)
(234.441 -9.78556 0)
(251.601 -9.10567 0)
(259.102 -0.283464 0)
(271.352 6.29898 0)
(269.971 0.843057 0)
(282.783 -7.51042 0)
(294.912 -7.36843 0)
(286.8 3.94556 0)
(268.193 11.0127 0)
(248.3 3.52402 0)
(243.067 -5.67937 0)
(271.412 -10.7032 0)
(309.766 -10.989 0)
(314.546 -5.94151 0)
(336.556 -2.9623 0)
(350.921 -3.12496 0)
(342.5 -0.484937 0)
(318 3.52178 0)
(324.916 3.01811 0)
(325.835 -1.05589 0)
(318.814 -4.85833 0)
(323.305 -3.73431 0)
(318.793 0.966343 0)
(309.801 0.705485 0)
(320.321 -3.89182 0)
(301.938 -0.0371999 0)
(291.81 9.74743 0)
(301.527 2.52933 0)
(39.1376 -21.5604 0)
(73.8766 -23.5517 0)
(110.214 -22.6067 0)
(143.392 -20.5496 0)
(156.962 -14.2707 0)
(194.458 -7.99785 0)
(194.756 -5.71117 0)
(215.976 -1.6957 0)
(198.436 1.54404 0)
(225.363 2.58827 0)
(203.471 8.70806 0)
(179.391 10.5314 0)
(187.762 5.80592 0)
(179.962 0.310494 0)
(201.525 -7.65315 0)
(240.416 -13.1639 0)
(250.91 -7.04131 0)
(252.362 -4.18523 0)
(253.458 -8.9358 0)
(247.455 -12.3317 0)
(286.583 -7.01706 0)
(267.125 -4.5427 0)
(303.024 -1.58828 0)
(273.695 7.60917 0)
(235.348 6.08137 0)
(258.095 -1.20127 0)
(264.931 0.564347 0)
(237.956 8.32138 0)
(205.449 14.0429 0)
(215.736 8.20018 0)
(233.312 1.61055 0)
(218.05 -0.436497 0)
(207.756 -7.81952 0)
(230.97 -12.6951 0)
(245.431 -5.67141 0)
(233.426 -0.0593153 0)
(227.741 -8.3519 0)
(254.575 -17.2418 0)
(251.691 -11.2957 0)
(272.469 -0.605095 0)
(272.161 2.00353 0)
(284.554 -0.833062 0)
(299.296 -5.89772 0)
(303.153 -5.45917 0)
(302.358 -5.26748 0)
(316.231 -9.94219 0)
(345.798 -15.5367 0)
(350.421 -5.61194 0)
(371.335 0.786494 0)
(368.52 5.0487 0)
(360.505 9.37665 0)
(331.406 13.1197 0)
(315.227 17.854 0)
(293.952 15.5409 0)
(281.566 6.97617 0)
(275.985 -2.76204 0)
(286.032 -10.9855 0)
(305.105 -8.01262 0)
(309.637 2.62019 0)
(293.338 6.24106 0)
(292.779 1.92359 0)
(280.099 3.58376 0)
(263.307 6.66994 0)
(250.267 9.57927 0)
(236.254 10.6048 0)
(232.141 2.27478 0)
(245.906 1.45438 0)
(253.519 2.71019 0)
(248.575 5.29452 0)
(232.283 -2.19623 0)
(242.663 -11.2071 0)
(262.359 -14.1932 0)
(268.394 -13.3097 0)
(288.498 -13.1789 0)
(291.936 -2.78835 0)
(316.283 4.59802 0)
(321.876 -1.12146 0)
(330.434 -9.98094 0)
(338.241 -7.2366 0)
(331.266 7.01459 0)
(318.273 16.6284 0)
(303.346 5.70347 0)
(295.23 -9.4738 0)
(325.583 -17.4196 0)
(352.785 -17.8328 0)
(367.769 -11.2192 0)
(390.995 -6.14067 0)
(402.9 -2.72547 0)
(384.537 3.59862 0)
(354.864 6.16603 0)
(361.677 3.16331 0)
(360.941 -0.253068 0)
(341.91 -4.03316 0)
(344.355 -4.11773 0)
(343.651 2.17885 0)
(334.356 1.67181 0)
(329.077 -2.66459 0)
(297.135 2.28327 0)
(295.383 11.9035 0)
(284.968 1.96568 0)
(38.5209 -34.2912 0)
(69.9201 -33.1199 0)
(102.487 -30.7286 0)
(132.884 -28.0852 0)
(169.079 -21.7259 0)
(199.181 -13.4202 0)
(214.736 -7.63865 0)
(218.796 -3.04118 0)
(213.158 0.0525774 0)
(229.222 4.28253 0)
(203.402 11.4828 0)
(213.752 11.3693 0)
(205.133 5.35188 0)
(230.558 -3.93789 0)
(246.855 -12.3295 0)
(262.597 -16.4337 0)
(264.529 -8.70332 0)
(263.839 -6.18163 0)
(293.58 -9.16404 0)
(291.972 -14.134 0)
(292.319 -8.81815 0)
(279.291 -7.01422 0)
(307.93 -0.362192 0)
(292.214 13.4048 0)
(260.52 7.17883 0)
(282.522 -2.54927 0)
(265.18 5.12615 0)
(243.157 15.4422 0)
(202.981 15.5658 0)
(224.083 4.58111 0)
(239.951 1.30519 0)
(237.599 0.971336 0)
(236.733 -10.0831 0)
(243.501 -14.8891 0)
(247.155 -3.24774 0)
(225.886 1.32679 0)
(246.983 -11.1044 0)
(252.511 -19.5323 0)
(251.756 -14.7494 0)
(278.29 -3.41715 0)
(279.706 1.15613 0)
(298.536 -4.19412 0)
(312.919 -9.90434 0)
(315.582 -6.74651 0)
(324.058 -6.87129 0)
(349.914 -15.3515 0)
(362.387 -18.9086 0)
(367.948 -9.13182 0)
(393.651 -0.755493 0)
(382.773 6.09361 0)
(379.375 12.6901 0)
(353.273 17.8642 0)
(337.321 23.6312 0)
(318.109 20.4238 0)
(292.615 8.65647 0)
(296.596 -4.26555 0)
(311.114 -14.2319 0)
(324.763 -11.4432 0)
(340.798 2.02977 0)
(341.591 10.0325 0)
(323.125 6.73408 0)
(290.463 6.65837 0)
(289.138 9.20505 0)
(262.853 14.2115 0)
(254.16 14.5956 0)
(246.883 1.13026 0)
(263.505 -1.72753 0)
(274.048 2.34499 0)
(272.382 7.62338 0)
(265.715 -1.74859 0)
(259 -14.3512 0)
(278.592 -17.0777 0)
(284.764 -16.6403 0)
(298.837 -16.7531 0)
(302.563 -6.00116 0)
(331.803 1.64969 0)
(337.205 -2.61874 0)
(340.52 -12.0165 0)
(347.009 -8.3943 0)
(348.897 8.42993 0)
(344.805 20.9801 0)
(337.317 8.59194 0)
(323.245 -12.2097 0)
(348.392 -22.3806 0)
(372.966 -22.8324 0)
(387.608 -16.8463 0)
(410.611 -8.43818 0)
(417.869 -0.817649 0)
(390.02 8.53524 0)
(365.203 9.12754 0)
(374.29 4.15219 0)
(358.427 2.56063 0)
(342.128 -1.43678 0)
(328.207 -3.51765 0)
(338.792 3.41103 0)
(333.448 5.10404 0)
(305.762 3.77742 0)
(252.625 8.57884 0)
(239.308 14.9078 0)
(235.026 2.82275 0)
(35.3133 -46.7416 0)
(69.4122 -42.5965 0)
(107.504 -37.8517 0)
(124.469 -35.6134 0)
(155.133 -29.9956 0)
(184.358 -19.755 0)
(214.112 -9.66883 0)
(210.545 -4.75264 0)
(229.294 -2.11815 0)
(230.122 6.32498 0)
(221.823 13.1159 0)
(211.519 9.15783 0)
(237.473 1.88292 0)
(250.091 -7.31884 0)
(259.23 -15.3397 0)
(266.558 -17.1879 0)
(253.213 -12.0463 0)
(295.677 -9.98558 0)
(297.362 -9.87229 0)
(277.692 -10.5084 0)
(248.164 -8.3671 0)
(274.51 -8.65521 0)
(248.395 -1.1182 0)
(279.053 15.3077 0)
(280.055 8.50525 0)
(258.995 0.495592 0)
(244.252 10.3953 0)
(224.14 21.1544 0)
(188.387 17.0358 0)
(203.638 1.02065 0)
(216.88 -0.0351417 0)
(219.926 0.933938 0)
(228.003 -9.6801 0)
(219.818 -14.0861 0)
(208.828 -2.96138 0)
(224.424 0.5485 0)
(226.836 -12.15 0)
(235.287 -21.9704 0)
(245.146 -19.7881 0)
(268.349 -7.02541 0)
(278.189 -0.98575 0)
(301.094 -7.88501 0)
(310.742 -12.9633 0)
(324.037 -9.17103 0)
(333.454 -9.61267 0)
(346.204 -18.226 0)
(359.306 -22.013 0)
(375.625 -14.0551 0)
(401.245 -2.8821 0)
(396.847 8.04254 0)
(385.866 16.6459 0)
(366.935 22.6897 0)
(349.325 29.3081 0)
(331.471 26.2825 0)
(304.169 11.6839 0)
(304.716 -6.03843 0)
(312.697 -15.9977 0)
(322.633 -14.4163 0)
(325.346 -1.72278 0)
(343.256 13.0241 0)
(325.013 12.927 0)
(292.94 9.61443 0)
(293.426 12.5642 0)
(265.26 19.7882 0)
(266.291 16.1958 0)
(258.404 -1.79823 0)
(272.121 -4.59328 0)
(277.86 2.4584 0)
(274.694 9.21242 0)
(269.906 -1.73148 0)
(278.174 -15.6105 0)
(271.08 -18.7949 0)
(277.292 -17.9632 0)
(273.222 -19.156 0)
(286.343 -11.2362 0)
(319.256 -1.60187 0)
(329.423 -4.57301 0)
(338.139 -13.864 0)
(338.945 -10.8883 0)
(345.116 8.08575 0)
(355.122 21.2329 0)
(350.758 9.08136 0)
(336.264 -14.314 0)
(358.724 -25.6555 0)
(372.433 -27.0999 0)
(379.1 -22.8644 0)
(397.547 -10.9761 0)
(406.93 1.98573 0)
(383.566 14.6558 0)
(347.897 13.1808 0)
(351.184 6.06668 0)
(329.569 6.21754 0)
(318.102 1.10797 0)
(309.528 -2.53564 0)
(310.681 4.19668 0)
(300.138 10.9779 0)
(249.252 14.6816 0)
(193.651 17.4454 0)
(156.997 20.6845 0)
(162.184 2.34303 0)
(29.5652 -58.8444 0)
(63.682 -51.6549 0)
(101.049 -44.9218 0)
(125.019 -41.884 0)
(149.905 -36.6941 0)
(168.818 -26.9833 0)
(208.823 -13.988 0)
(216.597 -6.7704 0)
(208.395 -3.6248 0)
(219.932 7.30313 0)
(220.824 15.1055 0)
(204.257 6.78817 0)
(225.543 -2.86672 0)
(251.826 -10.7592 0)
(255.724 -15.9673 0)
(256.519 -16.5549 0)
(235.424 -15.5008 0)
(258.916 -14.4217 0)
(274.934 -7.49317 0)
(249.741 -4.91361 0)
(215.846 -6.5343 0)
(229.005 -8.59807 0)
(202.887 -2.77037 0)
(244.307 11.6137 0)
(237.303 13.4391 0)
(203.35 5.63508 0)
(197.548 15.2287 0)
(157.475 26.4421 0)
(169.707 16.5439 0)
(174.767 1.08141 0)
(169.94 -1.07046 0)
(165.171 -1.6607 0)
(191.59 -10.1313 0)
(179.881 -13.8514 0)
(190.056 -3.37844 0)
(179.933 -0.133779 0)
(195.249 -13.6 0)
(207.384 -25.8723 0)
(218.143 -24.824 0)
(243.45 -11.2307 0)
(268.434 -5.29771 0)
(301.335 -11.8274 0)
(311.602 -16.3413 0)
(314.788 -12.8478 0)
(335.468 -11.812 0)
(337.426 -19.8135 0)
(352.439 -26.5307 0)
(382.07 -19.232 0)
(396.346 -4.08571 0)
(392.478 10.9847 0)
(368.844 19.6277 0)
(374.166 26.3765 0)
(342.237 34.2511 0)
(332.752 32.3037 0)
(305.856 14.7718 0)
(293.451 -5.79388 0)
(295.257 -16.9512 0)
(300.118 -16.8437 0)
(292.549 -4.80695 0)
(316.343 14.2532 0)
(310.666 18.6866 0)
(277.752 12.2881 0)
(276.764 14.8497 0)
(254.655 23.4178 0)
(266.538 17.2335 0)
(269.036 -3.88145 0)
(271.625 -7.14078 0)
(271.507 2.92064 0)
(267.463 11.3446 0)
(261.804 -2.76816 0)
(269.714 -16.0827 0)
(264.007 -17.283 0)
(241.958 -16.3316 0)
(246.516 -21.8456 0)
(251.885 -18.2188 0)
(299.018 -6.89121 0)
(311.056 -6.73828 0)
(317.056 -15.5569 0)
(316.218 -12.0718 0)
(315.274 5.48832 0)
(337.723 20.9777 0)
(343.688 10.6519 0)
(324.206 -15.1221 0)
(337.906 -27.2275 0)
(343.444 -29.6092 0)
(335.999 -26.9779 0)
(354.83 -13.6826 0)
(371.503 4.32994 0)
(336.779 20.9925 0)
(318.965 18.4866 0)
(306.877 9.77391 0)
(287.253 8.34456 0)
(288.368 3.89713 0)
(270.558 -0.516687 0)
(260.059 7.38562 0)
(234.963 20.9485 0)
(179.699 27.0782 0)
(134.952 28.6604 0)
(82.4152 28.1077 0)
(86.1544 2.34782 0)
(23.2759 -69.5161 0)
(54.3342 -60.6705 0)
(86.1579 -52.1492 0)
(111.261 -47.8137 0)
(137.225 -42.1278 0)
(148.523 -33.5371 0)
(179.193 -19.9845 0)
(209.755 -8.37681 0)
(210.018 -3.60806 0)
(200.921 7.66068 0)
(212.64 16.013 0)
(196.41 5.21208 0)
(211.757 -8.47235 0)
(242.901 -14.341 0)
(245.538 -15.0711 0)
(241.062 -14.5184 0)
(229.143 -15.1159 0)
(211.41 -16.1548 0)
(212.298 -6.22975 0)
(214.024 1.15501 0)
(181.783 -1.56932 0)
(146.062 -5.99445 0)
(154.595 -2.84856 0)
(130.351 8.26081 0)
(157.37 14.4322 0)
(161.624 9.16975 0)
(142.069 20.0717 0)
(113.238 28.5831 0)
(129.299 15.7936 0)
(116.043 2.62871 0)
(109.75 0.814375 0)
(100.514 -4.02519 0)
(121.851 -13.1547 0)
(129.015 -15.078 0)
(137.849 -4.22062 0)
(149.196 -0.579876 0)
(160.599 -16.4741 0)
(171.641 -30.0356 0)
(171.363 -29.9507 0)
(204.243 -17.7206 0)
(240.413 -12.5513 0)
(284.851 -17.2049 0)
(292.943 -18.248 0)
(288.82 -16.732 0)
(314.535 -15.3604 0)
(315.674 -21.5915 0)
(330.022 -32.5701 0)
(361.761 -25.8289 0)
(378.048 -3.94727 0)
(365.05 13.9945 0)
(355.514 20.4714 0)
(361.51 28.4249 0)
(334.132 40.1006 0)
(317.738 38.733 0)
(291.487 19.0173 0)
(271.184 -3.68317 0)
(256.407 -16.0615 0)
(259.196 -17.143 0)
(238.125 -7.05254 0)
(261.753 12.8213 0)
(278.376 22.1694 0)
(255.583 15.1563 0)
(237.024 17.2052 0)
(233.522 24.8003 0)
(251.878 15.7829 0)
(251.36 -6.18529 0)
(257.993 -8.18899 0)
(256.94 4.8271 0)
(250.555 13.7893 0)
(238.647 -2.4776 0)
(230.4 -15.5803 0)
(226.884 -13.996 0)
(211.453 -13.7317 0)
(203.969 -23.4004 0)
(214.479 -25.1838 0)
(265.43 -13.3475 0)
(281.347 -7.7077 0)
(278.664 -15.7572 0)
(278.026 -12.4573 0)
(275.637 3.59974 0)
(301.977 17.9463 0)
(308.398 10.7138 0)
(296.247 -13.4075 0)
(295.9 -25.9619 0)
(293.887 -29.4512 0)
(273.589 -29.6404 0)
(282.689 -17.1034 0)
(298.911 6.09331 0)
(256.886 25.5961 0)
(262.282 22.2552 0)
(251.274 13.46 0)
(245.541 10.3068 0)
(236.622 6.39657 0)
(215.047 3.73666 0)
(192.762 13.7408 0)
(157.881 32.097 0)
(102.974 38.5558 0)
(63.2011 39.8468 0)
(-2.09256 35.8843 0)
(26.8057 3.32127 0)
(15.2858 -77.8688 0)
(43.8098 -67.6852 0)
(70.721 -58.6357 0)
(86.4109 -54.7615 0)
(116.488 -46.9957 0)
(135.527 -38.5629 0)
(150.689 -26.4651 0)
(173.549 -13.2881 0)
(189.525 -4.769 0)
(193.1 8.37081 0)
(184.568 16.067 0)
(198.657 3.25444 0)
(202.83 -11.9983 0)
(196.844 -16.8849 0)
(225.717 -16.1033 0)
(215.923 -10.5154 0)
(181.828 -11.676 0)
(194.696 -14.3195 0)
(170.264 -1.75291 0)
(118.952 7.74322 0)
(91.9095 5.34792 0)
(71.0087 -2.53157 0)
(70.8281 -0.901903 0)
(51.2059 6.61005 0)
(86.6912 11.1515 0)
(73.9084 13.8738 0)
(38.3279 24.3468 0)
(61.6941 27.3807 0)
(51.6326 17.9578 0)
(41.6286 7.11217 0)
(19.2175 0.971451 0)
(35.9612 -7.36788 0)
(61.6674 -16.1336 0)
(46.4054 -17.8848 0)
(77.128 -8.7557 0)
(101.699 -3.17103 0)
(115.058 -17.9787 0)
(116.847 -32.096 0)
(114.887 -34.281 0)
(134.907 -27.7351 0)
(199.635 -24.008 0)
(247.378 -23.4633 0)
(255.723 -20.0088 0)
(247.832 -19.9033 0)
(264.492 -18.6485 0)
(276.597 -23.2845 0)
(303.078 -38.5804 0)
(318.415 -32.8682 0)
(342.829 -5.50826 0)
(338.118 17.282 0)
(329.014 21.4982 0)
(332.682 28.8322 0)
(316.194 45.6536 0)
(287.656 46.7183 0)
(257.417 24.7488 0)
(230.102 1.48197 0)
(205.947 -12.2446 0)
(194.45 -15.154 0)
(166.599 -8.46842 0)
(186.724 7.80176 0)
(226.588 22.2568 0)
(209.309 19.1087 0)
(183.561 18.4701 0)
(198.805 21.9871 0)
(225.798 14.4859 0)
(223.571 -8.29075 0)
(220.897 -10.5223 0)
(228.405 7.04171 0)
(220.514 18.0818 0)
(202.878 0.0262672 0)
(186.028 -14.04 0)
(169.031 -11.1222 0)
(166.904 -9.74365 0)
(162.726 -23.925 0)
(165.252 -31.8319 0)
(202.94 -21.7871 0)
(237.72 -10.9313 0)
(233.583 -14.9503 0)
(219.589 -12.1665 0)
(212.974 1.04894 0)
(241.429 15.0043 0)
(248.992 9.47518 0)
(245.406 -13.3113 0)
(240.986 -22.7883 0)
(234.058 -26.365 0)
(203.647 -27.2478 0)
(191.3 -15.164 0)
(181.418 10.1727 0)
(170.75 26.3063 0)
(186.342 22.0231 0)
(192.212 14.9568 0)
(177.711 12.4934 0)
(163.962 9.88213 0)
(153.942 9.38328 0)
(120.183 23.5429 0)
(69.1729 43.5748 0)
(36.6058 49.4998 0)
(-9.32477 50.4739 0)
(-60.6696 42.078 0)
(-49.624 1.61918 0)
(7.72105 -84.3161 0)
(33.0041 -73.4032 0)
(53.3113 -63.2483 0)
(64.5841 -59.6895 0)
(82.8224 -53.1752 0)
(108.964 -42.9243 0)
(126.762 -30.2773 0)
(134.717 -17.738 0)
(147.131 -8.35245 0)
(165.374 7.85373 0)
(165.553 16.5013 0)
(155.754 1.75839 0)
(174.406 -12.2796 0)
(174.601 -19.0837 0)
(170.579 -17.845 0)
(184.826 -7.11735 0)
(155.638 -7.33976 0)
(121.863 -10.6857 0)
(116.129 7.23323 0)
(73.3796 17.6387 0)
(23.0244 11.7923 0)
(4.7419 1.93813 0)
(-41.5732 1.75808 0)
(-26.9552 4.93972 0)
(-27.6316 12.4224 0)
(-47.6561 18.2062 0)
(-73.1081 23.968 0)
(-48.1128 25.4063 0)
(-44.5768 19.1904 0)
(-39.08 10.014 0)
(-58.8767 0.9781 0)
(-50.0756 -11.7508 0)
(-24.5975 -18.0519 0)
(-25.2493 -20.124 0)
(-23.8358 -16.5322 0)
(31.6341 -8.79898 0)
(50.4695 -18.9383 0)
(36.6393 -31.8856 0)
(16.1717 -37.2093 0)
(53.511 -38.5189 0)
(119.416 -38.0467 0)
(181.445 -30.7414 0)
(200.579 -21.4957 0)
(203.349 -20.6114 0)
(193.163 -21.9521 0)
(227.316 -28.4836 0)
(253.064 -43.0693 0)
(254.705 -37.7123 0)
(277.558 -8.93272 0)
(284.982 18.9351 0)
(281.082 22.2582 0)
(273.615 28.5668 0)
(263.53 51.5763 0)
(248.404 56.0736 0)
(215.374 32.0221 0)
(180.893 8.8399 0)
(147.572 -5.80367 0)
(114.554 -9.5951 0)
(84.5821 -7.64207 0)
(102.347 2.08912 0)
(148.479 18.5992 0)
(142.433 21.8342 0)
(127.402 18.7857 0)
(155.714 17.6417 0)
(185.288 13.1517 0)
(175.985 -8.45488 0)
(163.327 -12.6205 0)
(178.439 7.49087 0)
(175.695 22.6849 0)
(156.911 5.57448 0)
(127.326 -10.3363 0)
(101.079 -8.1149 0)
(99.8954 -9.54092 0)
(103.384 -23.9642 0)
(97.461 -36.2141 0)
(116.344 -29.0977 0)
(156.087 -14.9403 0)
(161.226 -12.6503 0)
(130.667 -9.32953 0)
(129.019 -1.39459 0)
(153.4 11.5567 0)
(163.478 6.97374 0)
(165.565 -13.4604 0)
(168.445 -19.8528 0)
(166.222 -21.3902 0)
(124.295 -20.5632 0)
(90.1649 -8.82887 0)
(68.278 12.3402 0)
(65.2694 23.7487 0)
(89.705 18.7003 0)
(112.308 15.0113 0)
(93.1242 14.0975 0)
(101.456 13.5164 0)
(69.1358 16.9148 0)
(26.0229 33.6263 0)
(-0.933017 51.2362 0)
(-10.291 57.7094 0)
(-55.2791 61.1443 0)
(-124.457 46.9977 0)
(-64.5907 -0.757449 0)
(-0.024793 -88.5895 0)
(21.9054 -77.3644 0)
(34.2845 -66.9103 0)
(39.6882 -62.9099 0)
(51.7782 -57.9108 0)
(68.305 -48.6956 0)
(91.581 -33.7722 0)
(99.4449 -20.401 0)
(108.964 -11.8128 0)
(117.742 5.83348 0)
(139.988 17.02 0)
(130.852 0.90775 0)
(123.363 -14.0344 0)
(141.987 -19.2547 0)
(133.236 -16.5874 0)
(111.492 -4.53338 0)
(117.135 -0.699705 0)
(73.5362 -2.92857 0)
(28.7339 14.1594 0)
(21.9115 27.9143 0)
(-31.6352 23.2695 0)
(-102.677 11.9783 0)
(-126.954 5.59387 0)
(-152.961 7.25813 0)
(-165.149 15.0224 0)
(-153.362 21.4966 0)
(-178.956 24.2987 0)
(-186.827 22.6734 0)
(-169.853 15.8715 0)
(-139.374 9.156 0)
(-134.255 1.0214 0)
(-132.585 -13.7405 0)
(-136.814 -19.4057 0)
(-128.014 -21.4936 0)
(-131.988 -23.8973 0)
(-72.0551 -17.1055 0)
(-39.1447 -18.4768 0)
(-62.0909 -29.4841 0)
(-72.4947 -40.7838 0)
(-47.0536 -50.9145 0)
(17.9452 -53.0376 0)
(80.4919 -41.7433 0)
(117.575 -25.3501 0)
(117.226 -20.793 0)
(118.282 -25.7667 0)
(160.635 -34.8901 0)
(182.847 -47.2015 0)
(182.461 -40.6295 0)
(190.035 -12.1806 0)
(217.334 18.9025 0)
(221.352 24.6885 0)
(187.37 29.29 0)
(191.906 53.9368 0)
(188.44 62.3922 0)
(164.052 39.5505 0)
(119.181 18.1356 0)
(78.7591 5.07757 0)
(31.5119 -1.88147 0)
(-2.90833 -5.54155 0)
(4.95103 -3.17374 0)
(43.5088 12.6596 0)
(49.481 19.8537 0)
(55.1178 14.5283 0)
(90.94 11.4463 0)
(122.853 12.2127 0)
(110.107 -5.84645 0)
(73.9449 -13.9556 0)
(96.4026 5.55609 0)
(114.92 25.5655 0)
(99.4031 12.0361 0)
(55.8728 -2.97141 0)
(25.5104 -4.75125 0)
(28.9587 -9.59424 0)
(29.5776 -24.0225 0)
(15.041 -36.7234 0)
(15.3897 -33.6866 0)
(45.9119 -20.3661 0)
(43.9329 -11.113 0)
(27.9984 -6.46343 0)
(21.4554 -2.76397 0)
(40.6239 7.50186 0)
(62.157 4.02807 0)
(66.9307 -14.919 0)
(74.6371 -19.1284 0)
(84.3 -15.8359 0)
(29.4035 -10.6102 0)
(-6.9891 -0.879728 0)
(-24.8345 13.661 0)
(-16.2426 20.2771 0)
(-0.214298 14.4431 0)
(17.4353 13.5423 0)
(11.4256 14.8655 0)
(10.4166 16.609 0)
(-12.0491 25.325 0)
(-51.4071 40.8041 0)
(-51.0488 55.6014 0)
(-66.8164 65.989 0)
(-117.315 70.6284 0)
(-154.528 49.7663 0)
(-103.647 -4.18824 0)
(-7.16723 -90.8297 0)
(9.54124 -79.396 0)
(13.8571 -68.4172 0)
(12.2401 -64.5307 0)
(16.5459 -60.4751 0)
(25.9162 -52.4341 0)
(43.9814 -37.1065 0)
(57.0347 -22.3315 0)
(64.2727 -14.3966 0)
(71.0499 1.76861 0)
(100.238 15.0956 0)
(95.9228 2.2534 0)
(86.9758 -13.9344 0)
(72.1879 -17.9962 0)
(78.0087 -14.4447 0)
(46.9794 -2.32645 0)
(59.5283 5.05338 0)
(12.2649 8.40802 0)
(-42.6287 21.0488 0)
(-49.3361 36.5331 0)
(-102.859 38.9186 0)
(-174.443 25.7388 0)
(-231.859 16.0667 0)
(-283.966 12.5136 0)
(-283.445 14.9711 0)
(-284.541 23.8349 0)
(-316.354 27.2287 0)
(-304.385 20.5783 0)
(-284.157 11.4312 0)
(-276.718 4.41347 0)
(-248.475 -0.224429 0)
(-251.879 -12.2543 0)
(-256.377 -19.597 0)
(-249.546 -22.8557 0)
(-257.403 -30.6751 0)
(-214.085 -28.2186 0)
(-159.716 -20.2701 0)
(-177.981 -27.2505 0)
(-187.162 -43.6426 0)
(-151.412 -59.4003 0)
(-120.86 -66.3222 0)
(-72.7167 -55.7734 0)
(-15.8717 -33.1024 0)
(12.9505 -23.2174 0)
(23.7385 -30.8841 0)
(65.2733 -40.9091 0)
(80.2381 -49.6281 0)
(73.0502 -42.5621 0)
(73.0723 -17.31 0)
(115.292 14.9639 0)
(134.461 28.4415 0)
(86.7426 31.3426 0)
(99.3149 53.3985 0)
(112.75 66.2072 0)
(94.4671 47.3776 0)
(41.9149 29.1634 0)
(-7.24296 16.9534 0)
(-58.5764 7.39136 0)
(-91.9683 -1.59313 0)
(-97.2456 -5.35541 0)
(-72.4025 6.46423 0)
(-52.1503 13.7915 0)
(-30.2572 8.73862 0)
(-0.544827 5.06909 0)
(31.5552 10.891 0)
(21.2174 -0.276461 0)
(-25.4455 -12.2527 0)
(-12.2555 0.691497 0)
(23.271 24.6744 0)
(27.5411 18.741 0)
(-32.0729 5.83794 0)
(-53.2995 -1.53267 0)
(-44.9868 -8.60724 0)
(-54.6919 -21.4908 0)
(-79.6806 -33.9754 0)
(-86.9295 -35.3015 0)
(-69.7622 -22.2023 0)
(-80.2379 -8.24024 0)
(-99.5177 -5.18997 0)
(-86.809 -5.43076 0)
(-68.0369 3.51971 0)
(-51.6962 0.0482437 0)
(-43.8462 -17.6226 0)
(-32.8581 -20.3199 0)
(-26.2619 -10.8696 0)
(-69.46 -2.02554 0)
(-93.6878 5.72963 0)
(-109.091 15.3236 0)
(-102.581 17.8645 0)
(-84.9842 10.4617 0)
(-52.3895 11.0426 0)
(-64.6919 15.2737 0)
(-63.5465 19.5167 0)
(-78.4989 31.7485 0)
(-115.527 45.3294 0)
(-114.251 58.2016 0)
(-131.367 72.4034 0)
(-154.552 74.5842 0)
(-168.52 49.1934 0)
(-111.515 -6.07502 0)
(-10.9546 -91.0546 0)
(-2.32035 -79.0303 0)
(-10.401 -68.1026 0)
(-18.5787 -64.3452 0)
(-22.0606 -61.8592 0)
(-19.1292 -55.9104 0)
(-10.4366 -41.3068 0)
(4.90174 -25.3005 0)
(10.3318 -17.0644 0)
(23.6792 -2.76705 0)
(45.4226 12.6418 0)
(49.3307 3.54061 0)
(36.7959 -10.1598 0)
(20.8946 -14.8479 0)
(-2.97047 -11.1249 0)
(-6.03128 -0.0768587 0)
(-24.7703 10.113 0)
(-48.6183 18.9828 0)
(-97.2574 31.0318 0)
(-144.251 46.5955 0)
(-190.637 52.9956 0)
(-247.466 42.4149 0)
(-319.169 31.196 0)
(-379.117 19.4585 0)
(-387.035 16.7025 0)
(-415.282 27.7022 0)
(-428.164 29.8686 0)
(-439.325 18.4855 0)
(-418.708 8.5368 0)
(-409.615 -0.0577714 0)
(-394.111 -4.03409 0)
(-382.53 -11.777 0)
(-388.503 -20.0337 0)
(-373.442 -23.9102 0)
(-377.342 -33.75 0)
(-360.82 -38.8214 0)
(-301.23 -25.6466 0)
(-296.328 -26.8533 0)
(-307.139 -46.6517 0)
(-279.274 -63.9594 0)
(-258.574 -72.6359 0)
(-233.689 -69.5212 0)
(-160.124 -48.3554 0)
(-113.927 -31.942 0)
(-88.0564 -37.0455 0)
(-51.971 -45.7421 0)
(-39.9612 -50.8352 0)
(-48.5059 -43.4921 0)
(-42.1474 -22.9558 0)
(-2.59956 8.36014 0)
(27.4922 30.8809 0)
(-19.2263 33.6844 0)
(-11.1224 49.8192 0)
(22.105 67.4638 0)
(4.54343 56.8178 0)
(-50.6129 43.1982 0)
(-99.6164 30.7051 0)
(-146.916 16.4722 0)
(-175.19 3.82823 0)
(-190.135 -4.39665 0)
(-178.083 2.02712 0)
(-165.488 6.55991 0)
(-146.745 1.18522 0)
(-104.541 -1.16481 0)
(-81.1884 9.25755 0)
(-86.9374 5.42159 0)
(-127.159 -8.68291 0)
(-124.967 -3.82056 0)
(-83.5321 20.8163 0)
(-79.7797 24.5477 0)
(-126.333 11.9498 0)
(-129.849 0.975598 0)
(-136.243 -6.99374 0)
(-138.042 -17.4877 0)
(-171.977 -29.0233 0)
(-194.872 -33.8337 0)
(-180.251 -22.0785 0)
(-199.375 -6.28588 0)
(-196.858 -5.30584 0)
(-211.77 -9.55885 0)
(-159.457 -0.300573 0)
(-153.22 -2.27627 0)
(-162.387 -18.786 0)
(-157.469 -22.4607 0)
(-126.677 -9.20317 0)
(-161.368 3.73295 0)
(-163.609 9.72208 0)
(-179.727 16.1835 0)
(-172.017 14.8332 0)
(-142.923 5.33812 0)
(-143.873 8.58291 0)
(-135.707 16.134 0)
(-148.105 22.7988 0)
(-171.775 36.429 0)
(-170.182 48.2511 0)
(-183.697 60.6663 0)
(-163.505 74.0831 0)
(-171.697 73.7154 0)
(-192.076 45.0499 0)
(-95.0969 -8.6605 0)
(-22.3386 -88.8961 0)
(-18.9309 -76.2108 0)
(-36.2812 -65.7038 0)
(-52.0229 -62.0683 0)
(-63.7682 -60.639 0)
(-64.207 -55.6402 0)
(-67.7078 -43.065 0)
(-53.1953 -27.7326 0)
(-46.8417 -19.752 0)
(-36.5138 -7.72882 0)
(-6.38779 9.92053 0)
(-5.88006 4.76072 0)
(-21.8361 -6.11617 0)
(-40.3035 -9.04665 0)
(-74.1182 -6.39883 0)
(-100.381 4.32511 0)
(-119.932 14.7712 0)
(-128.296 26.3797 0)
(-176.099 42.6693 0)
(-222.505 58.0643 0)
(-252.11 67.158 0)
(-329.692 60.255 0)
(-393.588 47.4997 0)
(-445.823 31.8531 0)
(-497.164 25.3832 0)
(-533.957 32.6957 0)
(-540.033 32.4717 0)
(-564.411 18.4919 0)
(-545.646 5.10149 0)
(-540.014 -3.26041 0)
(-532.868 -8.39976 0)
(-511.057 -13.1265 0)
(-515.05 -21.6808 0)
(-493.429 -25.8276 0)
(-494.534 -33.722 0)
(-495.23 -45.6539 0)
(-449.434 -35.8714 0)
(-415.145 -30.5813 0)
(-430.65 -48.6721 0)
(-412.226 -68.4138 0)
(-395.385 -77.1356 0)
(-379.916 -80.2742 0)
(-318.609 -64.684 0)
(-259.365 -43.3694 0)
(-229.164 -44.9169 0)
(-181.395 -49.4812 0)
(-176.516 -51.3274 0)
(-188.453 -44.6572 0)
(-168.394 -28.9116 0)
(-138.003 0.92823 0)
(-104.006 30.7116 0)
(-123.645 35.2892 0)
(-131.4 46.1678 0)
(-82.7145 65.8304 0)
(-105.064 64.5367 0)
(-154.941 55.5404 0)
(-205.443 42.123 0)
(-241.118 24.703 0)
(-281.112 8.21852 0)
(-270.891 -2.66761 0)
(-274.881 1.40381 0)
(-283.242 2.1261 0)
(-258.525 -5.41548 0)
(-237.805 -6.539 0)
(-214.967 5.91741 0)
(-189.965 7.38424 0)
(-225.429 -4.73049 0)
(-236.239 -7.5448 0)
(-180.797 16.1647 0)
(-186.772 28.3163 0)
(-217.804 17.326 0)
(-243.11 1.55835 0)
(-221.921 -5.5422 0)
(-245.526 -13.4817 0)
(-258.859 -22.5281 0)
(-291.417 -29.3028 0)
(-301.666 -20.0778 0)
(-309.343 -5.14016 0)
(-308.795 -4.56122 0)
(-309.087 -13.5799 0)
(-282.808 -6.87705 0)
(-256.122 -3.27784 0)
(-262.711 -19.4045 0)
(-250.796 -25.6259 0)
(-223.274 -10.0305 0)
(-246.404 7.22756 0)
(-262.84 11.6947 0)
(-246.934 14.882 0)
(-218.93 11.3183 0)
(-227.908 3.36199 0)
(-209.649 7.46871 0)
(-219.349 17.3878 0)
(-221.523 26.8622 0)
(-234.851 38.436 0)
(-243.669 48.9033 0)
(-223.702 59.3603 0)
(-207.527 70.9477 0)
(-187.093 68.2945 0)
(-196.766 36.6651 0)
(-80.0747 -12.5454 0)
(-33.7988 -83.2006 0)
(-36.988 -70.8769 0)
(-63.1405 -60.8542 0)
(-85.1559 -57.6279 0)
(-103.809 -57.8791 0)
(-117.207 -54.7053 0)
(-120.813 -44.9264 0)
(-101.852 -29.6364 0)
(-108.104 -21.1685 0)
(-104.208 -13.2182 0)
(-63.5092 6.99339 0)
(-67.4698 7.6542 0)
(-90.7092 -1.80885 0)
(-104.726 -2.48651 0)
(-140.33 0.932958 0)
(-171.955 10.504 0)
(-191.599 20.3436 0)
(-238.272 34.4383 0)
(-277.298 53.8764 0)
(-298.442 67.7835 0)
(-338.403 79.5783 0)
(-413.518 75.7854 0)
(-461.406 61.7199 0)
(-512.977 46.8627 0)
(-588.027 39.1053 0)
(-640.069 39.5479 0)
(-655.039 35.3541 0)
(-673.437 18.0438 0)
(-647.577 3.36516 0)
(-651.858 -2.72903 0)
(-662.465 -10.9991 0)
(-641.541 -16.01 0)
(-639.753 -25.1441 0)
(-611.714 -29.8182 0)
(-606.604 -32.87 0)
(-617.463 -46.3147 0)
(-601.758 -44.4484 0)
(-551.616 -36.7762 0)
(-558.967 -47.5649 0)
(-563.76 -70.3355 0)
(-529.091 -81.2085 0)
(-510.177 -88.142 0)
(-486.462 -76.5401 0)
(-445.903 -56.5246 0)
(-380.621 -55.3552 0)
(-356.11 -55.2082 0)
(-325.016 -52.2087 0)
(-336.236 -47.848 0)
(-309.375 -36.1457 0)
(-276.013 -5.82479 0)
(-222.765 27.6644 0)
(-246.93 37.7337 0)
(-263.527 44.3447 0)
(-233.564 62.2408 0)
(-213.375 70.1412 0)
(-263.322 68.1236 0)
(-304.266 53.7125 0)
(-357.97 32.7399 0)
(-378.174 10.5456 0)
(-373.662 -1.63327 0)
(-386.928 4.12209 0)
(-404.772 1.89427 0)
(-412.865 -12.037 0)
(-358.684 -12.2011 0)
(-347.012 0.733359 0)
(-312.314 5.50976 0)
(-330.374 -1.70773 0)
(-349.473 -9.65075 0)
(-314.296 9.92808 0)
(-278.578 29.3853 0)
(-310.722 23.7426 0)
(-352.077 4.52242 0)
(-340.453 -5.93938 0)
(-339.354 -9.43635 0)
(-376.034 -16.3127 0)
(-393.923 -22.8984 0)
(-417.813 -18.1636 0)
(-399.525 -5.03804 0)
(-417.624 -2.73597 0)
(-435.349 -17.0171 0)
(-391.205 -15.0108 0)
(-342.773 -7.83994 0)
(-354.24 -17.921 0)
(-370.898 -27.606 0)
(-339.213 -12.5764 0)
(-339.795 8.31894 0)
(-340.037 11.8458 0)
(-335.839 10.0755 0)
(-302.108 7.39427 0)
(-300.027 3.09184 0)
(-305.563 5.61589 0)
(-281.413 16.1197 0)
(-285.74 28.8117 0)
(-291.613 40.3772 0)
(-291.22 47.265 0)
(-269.905 55.106 0)
(-246.205 65.3526 0)
(-209.737 58.8644 0)
(-200.123 24.5427 0)
(-71.5633 -16.5804 0)
(-44.8085 -73.8844 0)
(-53.4589 -64.3897 0)
(-81.1663 -55.7606 0)
(-105.685 -52.8825 0)
(-127.972 -53.0181 0)
(-159.943 -51.9852 0)
(-156.217 -45.5292 0)
(-163.207 -29.5049 0)
(-169.625 -21.0227 0)
(-171.127 -18.1687 0)
(-135.61 2.04466 0)
(-127.517 9.85502 0)
(-151.156 3.27162 0)
(-173.307 3.78993 0)
(-202.979 8.90641 0)
(-239.922 19.2656 0)
(-275.08 29.8188 0)
(-336.022 44.2065 0)
(-372.601 59.9802 0)
(-407.821 75.4103 0)
(-445.39 92.7018 0)
(-491.141 89.626 0)
(-549.007 73.5456 0)
(-583.545 63.1259 0)
(-656.479 56.557 0)
(-722.912 49.2824 0)
(-742.206 38.8177 0)
(-770.097 17.8766 0)
(-747.821 3.06888 0)
(-775.899 -2.75056 0)
(-751.768 -11.4684 0)
(-777.377 -17.72 0)
(-745.032 -28.846 0)
(-753.246 -35.0041 0)
(-711.197 -34.5354 0)
(-724.128 -43.2018 0)
(-743.108 -48.5343 0)
(-705.493 -45.4541 0)
(-694.921 -49.3992 0)
(-687.756 -71.3773 0)
(-674.547 -87.1132 0)
(-637.126 -92.4708 0)
(-649.516 -81.4473 0)
(-633.442 -70.0064 0)
(-555.223 -69.2266 0)
(-524.889 -62.4341 0)
(-468.425 -56.904 0)
(-470.065 -50.1933 0)
(-464.57 -41.0831 0)
(-446.085 -15.8022 0)
(-374.257 21.4249 0)
(-383.044 39.9183 0)
(-409.712 44.6336 0)
(-376.808 57.3159 0)
(-356.707 72.0765 0)
(-394.85 77.5048 0)
(-422.404 65.124 0)
(-459.903 41.265 0)
(-496.93 14.6614 0)
(-517.483 1.88594 0)
(-520.526 8.54806 0)
(-551.451 2.21789 0)
(-528.832 -15.8911 0)
(-521.886 -19.7102 0)
(-487.29 -4.54564 0)
(-459.144 1.12841 0)
(-444.443 -1.4632 0)
(-462.117 -10.0148 0)
(-436.387 1.97742 0)
(-391.506 28.0303 0)
(-421.127 31.8846 0)
(-469.204 11.6093 0)
(-483.942 -5.64791 0)
(-472.911 -8.3959 0)
(-496.174 -11.9703 0)
(-498.402 -16.5387 0)
(-529.754 -16.2413 0)
(-514.612 -5.81769 0)
(-517.318 0.253403 0)
(-542.237 -17.7505 0)
(-523.238 -24.6629 0)
(-474.117 -16.0106 0)
(-444.682 -19.0474 0)
(-459.167 -25.3612 0)
(-469.165 -15.6501 0)
(-429.276 4.24247 0)
(-422.699 9.97131 0)
(-409.279 7.45683 0)
(-401.008 4.70856 0)
(-380.926 2.73578 0)
(-397.379 4.52508 0)
(-376.436 10.8607 0)
(-338.696 26.3981 0)
(-347.394 40.1566 0)
(-335.34 43.6107 0)
(-295.72 49.7663 0)
(-269.986 57.2223 0)
(-238.059 45.6926 0)
(-226.462 6.04044 0)
(-77.2173 -23.3821 0)
(-53.771 -62.2076 0)
(-63.3654 -55.6856 0)
(-110.919 -48.2789 0)
(-130.75 -45.4603 0)
(-174.963 -45.6125 0)
(-187.694 -48.0171 0)
(-208.129 -43.7035 0)
(-218.38 -27.081 0)
(-225.451 -19.9234 0)
(-231.694 -21.1864 0)
(-210.966 -3.62066 0)
(-181.868 10.2206 0)
(-198.862 10.3617 0)
(-237.074 11.1678 0)
(-258.944 16.6676 0)
(-301.063 29.2732 0)
(-348.894 44.0543 0)
(-423.881 57.9603 0)
(-456.472 69.9797 0)
(-517.747 86.0823 0)
(-549.082 102.223 0)
(-607.375 101.033 0)
(-636.901 83.2387 0)
(-685.096 75.7625 0)
(-736.134 71.9833 0)
(-789.065 61.6223 0)
(-842.334 45.0697 0)
(-840.592 19.6489 0)
(-847.837 5.84512 0)
(-877.515 -1.89414 0)
(-855.5 -10.7276 0)
(-883.686 -17.252 0)
(-850.153 -31.3117 0)
(-879.069 -38.8122 0)
(-831.962 -40.6188 0)
(-816.808 -39.6983 0)
(-850.533 -44.7358 0)
(-864.309 -51.5751 0)
(-811.102 -56.7824 0)
(-800.04 -74.1542 0)
(-786.265 -89.1316 0)
(-789.836 -92.9392 0)
(-811.7 -84.6812 0)
(-760.791 -81.0504 0)
(-724.161 -80.7547 0)
(-690.502 -73.5327 0)
(-616.104 -67.0391 0)
(-610.795 -51.8665 0)
(-605.435 -41.6866 0)
(-615.321 -23.7111 0)
(-546.751 13.4186 0)
(-552.117 41.0892 0)
(-579.882 46.3445 0)
(-552.908 55.6612 0)
(-561.359 71.1814 0)
(-566.004 79.6064 0)
(-539.156 68.7136 0)
(-572.476 51.137 0)
(-607.159 24.9955 0)
(-653.453 10.2466 0)
(-681.058 10.6197 0)
(-661.016 0.939009 0)
(-670.439 -18.2032 0)
(-666.347 -22.7392 0)
(-606.443 -14.7881 0)
(-559.554 -5.306 0)
(-568.456 -0.0702583 0)
(-582.139 -7.22087 0)
(-599.713 -3.03257 0)
(-544.386 23.8003 0)
(-565.553 36.9037 0)
(-591.701 20.5833 0)
(-634.308 -1.0844 0)
(-622.177 -9.6569 0)
(-610.982 -11.0113 0)
(-639.517 -12.5667 0)
(-628.381 -15.1537 0)
(-651.526 -7.33533 0)
(-612.277 1.28753 0)
(-640.585 -14.0841 0)
(-663.609 -28.6561 0)
(-607.78 -24.9747 0)
(-596.801 -24.8718 0)
(-555.529 -25.0039 0)
(-566.361 -17.183 0)
(-555.785 -3.14284 0)
(-502.342 4.42849 0)
(-499.369 4.69462 0)
(-465.764 2.00986 0)
(-476.909 1.62948 0)
(-456.075 3.52706 0)
(-472.382 5.846 0)
(-423.556 21.0765 0)
(-410.985 35.1841 0)
(-371.97 36.4959 0)
(-345.753 41.7149 0)
(-292.071 48.5506 0)
(-256.879 34.1785 0)
(-248.588 -7.57609 0)
(-111.065 -27.0908 0)
(-53.5259 -48.6789 0)
(-77.669 -45.1044 0)
(-123.463 -38.7643 0)
(-174.536 -36.3257 0)
(-213.164 -39.2958 0)
(-216.194 -43.8536 0)
(-251.14 -38.6559 0)
(-268.113 -24.7638 0)
(-256.067 -18.6533 0)
(-283.818 -20.6697 0)
(-285.196 -8.67004 0)
(-247.545 7.20488 0)
(-268.164 16.2109 0)
(-281.891 19.3244 0)
(-326.654 25.7233 0)
(-364.467 42.2009 0)
(-423.855 60.4134 0)
(-497.109 72.3661 0)
(-562.998 83.3036 0)
(-593.015 96.3548 0)
(-660.305 113.591 0)
(-666 111.394 0)
(-743.762 94.6551 0)
(-762.775 86.214 0)
(-812.855 84.2365 0)
(-856.634 74.7201 0)
(-896.389 53.6514 0)
(-930.85 24.5533 0)
(-970.03 8.89645 0)
(-943.855 -0.913831 0)
(-972.831 -8.78423 0)
(-983.926 -18.731 0)
(-945.906 -32.4523 0)
(-977.401 -40.3443 0)
(-947.216 -44.8713 0)
(-966.619 -40.3088 0)
(-934.426 -43.04 0)
(-949.836 -52.9755 0)
(-944.247 -63.1974 0)
(-911.694 -76.7754 0)
(-925.354 -89.599 0)
(-901.948 -93.3739 0)
(-930.815 -85.498 0)
(-912.153 -87.6113 0)
(-901.918 -89.4083 0)
(-836.718 -87.882 0)
(-780.336 -77.8996 0)
(-771.349 -55.6215 0)
(-764.254 -39.9721 0)
(-786.424 -26.8172 0)
(-740.568 6.617 0)
(-739.547 40.3091 0)
(-748.404 48.2625 0)
(-767.066 55.9071 0)
(-759.866 71.4995 0)
(-726.431 75.0233 0)
(-695.358 67.049 0)
(-717.593 56.9167 0)
(-742.624 36.0887 0)
(-790.323 19.0438 0)
(-783.063 11.8692 0)
(-805.743 1.25591 0)
(-810.125 -16.4736 0)
(-815.013 -30.6233 0)
(-749.868 -25.7131 0)
(-731.918 -12.7069 0)
(-718.892 -1.6936 0)
(-718.85 -3.5921 0)
(-739.065 -1.43392 0)
(-740.249 20.5164 0)
(-720.17 35.1436 0)
(-713.763 27.1839 0)
(-744.829 6.25561 0)
(-771.949 -7.12902 0)
(-792.852 -10.0098 0)
(-765.931 -12.6566 0)
(-776.614 -14.3028 0)
(-778.859 -10.454 0)
(-731.96 -0.844632 0)
(-751.643 -9.62284 0)
(-774.549 -30.7911 0)
(-719.82 -33.6991 0)
(-698.431 -32.1461 0)
(-684.353 -27.3983 0)
(-678.122 -18.9331 0)
(-655.574 -11.3268 0)
(-625.075 -3.13781 0)
(-605.103 -0.507436 0)
(-572.62 -2.34162 0)
(-554.517 -2.45602 0)
(-529.865 2.29106 0)
(-537.402 2.80929 0)
(-517.086 11.9588 0)
(-452.753 26.692 0)
(-429.179 27.9412 0)
(-377.995 32.4683 0)
(-336.129 36.7728 0)
(-278.503 20.072 0)
(-268.473 -21.5423 0)
(-147.562 -30.0823 0)
(-58.212 -31.0821 0)
(-104.688 -32.3637 0)
(-158.486 -27.0215 0)
(-207.741 -26.1885 0)
(-230.94 -33.3058 0)
(-260.316 -38.2417 0)
(-289.37 -32.3857 0)
(-314.011 -23.1845 0)
(-293.997 -16.9976 0)
(-333.463 -15.4201 0)
(-352.501 -8.76732 0)
(-342.026 3.50507 0)
(-316.379 18.3956 0)
(-345.188 26.9471 0)
(-388.166 36.2845 0)
(-433.38 55.069 0)
(-489.293 76.108 0)
(-550.175 89.2245 0)
(-614.642 98.2613 0)
(-687.582 109.95 0)
(-716.938 119.558 0)
(-727.636 121.037 0)
(-799.305 109.317 0)
(-869.895 95.5649 0)
(-865.008 91.0922 0)
(-908.699 84.855 0)
(-939.427 63.264 0)
(-968.896 34.5071 0)
(-1012.18 13.0795 0)
(-993.121 0.562566 0)
(-1034.27 -6.9471 0)
(-1003.02 -19.3427 0)
(-1029.91 -30.9349 0)
(-1038.7 -37.3797 0)
(-1068.09 -44.6279 0)
(-1052.78 -44.205 0)
(-1017.09 -45.9464 0)
(-1032.61 -52.4657 0)
(-1039.3 -63.4466 0)
(-1055.13 -78.8522 0)
(-1020.92 -90.3274 0)
(-1050.53 -88.9268 0)
(-1064.73 -85.0333 0)
(-1056.14 -89.2232 0)
(-1059.83 -97.0054 0)
(-1001.95 -98.2466 0)
(-996.994 -85.0736 0)
(-979.19 -61.1433 0)
(-951.48 -41.7658 0)
(-944.868 -26.7046 0)
(-958.387 1.27083 0)
(-899.484 37.8023 0)
(-918.176 51.0584 0)
(-936.886 58.5416 0)
(-907.104 67.9285 0)
(-936.965 68.7367 0)
(-899.511 62.6906 0)
(-888.167 57.0105 0)
(-893.227 41.953 0)
(-908.616 25.4091 0)
(-925.474 15.4173 0)
(-934.672 2.54734 0)
(-931.247 -16.56 0)
(-926.407 -33.4918 0)
(-919.786 -35.8151 0)
(-846.866 -19.3655 0)
(-845.114 -4.37413 0)
(-838.611 -0.840419 0)
(-857.959 4.72496 0)
(-886.548 23.1828 0)
(-902.726 35.026 0)
(-910.794 24.5672 0)
(-865.286 6.6194 0)
(-883.085 -2.25538 0)
(-893.68 -7.9309 0)
(-906.01 -14.9303 0)
(-865.473 -15.8649 0)
(-875.273 -14.3671 0)
(-868.827 -3.74609 0)
(-854.03 -8.78834 0)
(-856.455 -35.4221 0)
(-806.815 -42.0709 0)
(-792.277 -39.0203 0)
(-737.458 -32.24 0)
(-740.567 -23.3106 0)
(-691.113 -18.1106 0)
(-694.815 -8.90313 0)
(-670.416 -4.56245 0)
(-673.63 -6.03061 0)
(-659.847 -7.96669 0)
(-628.176 -3.55569 0)
(-597.322 -0.924419 0)
(-579.133 1.87759 0)
(-515.997 13.5185 0)
(-479.845 18.3339 0)
(-439.818 20.2257 0)
(-371.557 22.2931 0)
(-314.068 5.27991 0)
(-302.674 -34.9333 0)
(-180.81 -31.2788 0)
(-63.6112 -10.2788 0)
(-114.551 -15.8701 0)
(-168.691 -14.4279 0)
(-221.284 -17.5843 0)
(-234.718 -26.3697 0)
(-283.189 -29.8236 0)
(-317.851 -24.9166 0)
(-346.735 -21.5666 0)
(-327.588 -15.1609 0)
(-374.588 -9.4748 0)
(-378.245 -7.60851 0)
(-380.196 0.600626 0)
(-395.95 18.8261 0)
(-386.061 33.9461 0)
(-438.955 47.3767 0)
(-488.447 67.4973 0)
(-540.032 87.8174 0)
(-563.985 102.727 0)
(-632.939 116.766 0)
(-722.252 126.515 0)
(-800.389 129.991 0)
(-804.456 129.699 0)
(-846.27 124.436 0)
(-908.977 107.955 0)
(-939.992 95.6098 0)
(-928.754 87.7723 0)
(-952.578 69.1948 0)
(-977.086 43.1934 0)
(-1005.99 20.2441 0)
(-1042.9 4.80591 0)
(-1061.88 -5.99982 0)
(-1032.47 -19.4365 0)
(-1068.34 -26.459 0)
(-1086.95 -32.045 0)
(-1106.65 -40.5567 0)
(-1124.58 -47.2144 0)
(-1086.29 -49.0892 0)
(-1106.94 -50.6661 0)
(-1117.14 -59.7158 0)
(-1130.13 -76.4356 0)
(-1144.32 -87.4102 0)
(-1158.89 -86.5523 0)
(-1164.99 -84.8367 0)
(-1163.05 -89.5854 0)
(-1163.67 -99.1817 0)
(-1158.59 -102.514 0)
(-1148.24 -88.2366 0)
(-1123.38 -67.137 0)
(-1099.02 -46.6705 0)
(-1084.12 -27.2433 0)
(-1085 -1.18648 0)
(-1080.25 31.084 0)
(-1076.67 50.8091 0)
(-1078.89 56.5716 0)
(-1077.34 66.9793 0)
(-1086.78 67.965 0)
(-1080.58 58.1 0)
(-1063.77 50.6964 0)
(-995.238 37.3312 0)
(-987.126 27.0941 0)
(-997.399 18.722 0)
(-1005.02 1.84569 0)
(-990.646 -18.9859 0)
(-991.691 -34.5049 0)
(-974.423 -41.1941 0)
(-969.725 -27.4437 0)
(-953.853 -10.1151 0)
(-897.068 -2.3565 0)
(-931.717 12.0244 0)
(-965.168 31.3146 0)
(-992.92 37.3513 0)
(-999.735 21.5145 0)
(-985.07 4.00375 0)
(-976.265 -2.72807 0)
(-963.436 -6.91478 0)
(-961.643 -16.5482 0)
(-953.622 -20.2783 0)
(-950.39 -14.8863 0)
(-939.685 -7.77669 0)
(-879.938 -13.815 0)
(-881.442 -37.679 0)
(-883.11 -50.1592 0)
(-829.566 -48.5095 0)
(-814.068 -39.9 0)
(-759.278 -29.0295 0)
(-759.795 -22.2202 0)
(-756.643 -13.613 0)
(-702.842 -7.78708 0)
(-714.752 -8.01088 0)
(-683.129 -13.6456 0)
(-653.647 -12.0915 0)
(-610.851 -6.97463 0)
(-615.332 -4.14534 0)
(-595.85 1.59194 0)
(-524.028 5.00994 0)
(-468.957 7.91356 0)
(-412.335 6.09637 0)
(-335.858 -12.4902 0)
(-310.55 -47.7612 0)
(-197.681 -31.2632 0)
(-52.6384 8.75987 0)
(-102.224 1.91808 0)
(-168.021 -1.96997 0)
(-202.649 -8.25099 0)
(-251.77 -17.0299 0)
(-295.735 -20.2009 0)
(-333.235 -18.2482 0)
(-340.79 -17.5485 0)
(-376.428 -9.88719 0)
(-413.522 -0.88996 0)
(-435.219 -4.69688 0)
(-427.61 2.04179 0)
(-438.291 21.6321 0)
(-462.057 40.5236 0)
(-500.809 60.3888 0)
(-550.015 80.0033 0)
(-556.024 97.7462 0)
(-633.588 118.736 0)
(-708.781 135.885 0)
(-773.722 145.017 0)
(-825.704 141.703 0)
(-876.325 137.663 0)
(-877.415 132.32 0)
(-904.241 117.757 0)
(-941.017 101.666 0)
(-962.072 88.4559 0)
(-913.701 70.9964 0)
(-947.232 48.932 0)
(-975.282 28.3418 0)
(-1002.2 11.7744 0)
(-1027 -4.18105 0)
(-1046.44 -16.1717 0)
(-1066.75 -21.3027 0)
(-1081.69 -28.0239 0)
(-1095.38 -36.3397 0)
(-1112.1 -45.9009 0)
(-1122.92 -48.8 0)
(-1131 -48.7932 0)
(-1136.97 -57.5785 0)
(-1147.21 -73.0112 0)
(-1164.24 -83.633 0)
(-1179.76 -84.037 0)
(-1187.7 -83.9027 0)
(-1191 -89.5902 0)
(-1194.55 -99.2701 0)
(-1197.92 -103.067 0)
(-1192.91 -92.3568 0)
(-1175.23 -73.068 0)
(-1151.99 -52.0806 0)
(-1132.86 -29.5921 0)
(-1122.6 -1.18487 0)
(-1117.65 33.8853 0)
(-1121.52 55.4575 0)
(-1141.06 61.8228 0)
(-1154.93 68.8627 0)
(-1103 64.529 0)
(-1093.73 56.8744 0)
(-1088.22 44.1788 0)
(-1070.34 30.1943 0)
(-1058.98 23.2212 0)
(-1015.86 18.6498 0)
(-1032.96 2.71789 0)
(-1037.92 -21.9645 0)
(-995.992 -38.9461 0)
(-970.257 -40.0282 0)
(-996.165 -27.8955 0)
(-986.017 -15.5341 0)
(-986.047 -4.14462 0)
(-1002.86 16.0279 0)
(-981.226 36.6006 0)
(-1015.26 42.2542 0)
(-1017.45 20.6974 0)
(-1001.29 0.927669 0)
(-988.963 -8.36179 0)
(-939.423 -10.8456 0)
(-944.583 -16.7319 0)
(-944.279 -20.543 0)
(-947.212 -16.3863 0)
(-917.705 -16.6581 0)
(-864.539 -22.7611 0)
(-876.3 -35.993 0)
(-885.055 -51.0686 0)
(-880.383 -57.0398 0)
(-839.26 -51.5425 0)
(-773.712 -37.0416 0)
(-774.278 -22.3421 0)
(-777.569 -16.1076 0)
(-765.822 -13.7542 0)
(-722.147 -13.6984 0)
(-679.406 -20.7247 0)
(-687.551 -18.7239 0)
(-642.485 -12.5522 0)
(-648.021 -6.09194 0)
(-626.02 -6.77144 0)
(-585.855 -10.6032 0)
(-498.599 -8.429 0)
(-422.559 -11.4426 0)
(-341.364 -32.0958 0)
(-311.824 -62.8582 0)
(-199.003 -30.9783 0)
(-49.5515 24.8506 0)
(-77.9851 17.6601 0)
(-144.685 10.6593 0)
(-176.544 2.48232 0)
(-236.192 -3.95796 0)
(-290.194 -9.00445 0)
(-334.974 -10.5561 0)
(-366.964 -9.98893 0)
(-401.999 -2.87666 0)
(-409.112 3.04722 0)
(-417.574 -0.480185 0)
(-465.28 4.68566 0)
(-463.192 24.9672 0)
(-480.353 45.7675 0)
(-506.176 67.4569 0)
(-539.121 88.0988 0)
(-613.213 111.495 0)
(-688.82 135.426 0)
(-752.772 151.66 0)
(-800.4 157.214 0)
(-832.114 152.643 0)
(-855.542 142.637 0)
(-868.083 133.783 0)
(-875.802 121.564 0)
(-880.941 105.176 0)
(-884.105 86.4802 0)
(-883.224 69.0839 0)
(-889.184 52.9223 0)
(-901.008 34.1929 0)
(-916.503 17.0378 0)
(-934.511 1.36938 0)
(-955.643 -10.4239 0)
(-976.455 -16.8765 0)
(-993.391 -24.2491 0)
(-1008.63 -32.7532 0)
(-1026.11 -41.7728 0)
(-1044.06 -45.2528 0)
(-1058.87 -46.5993 0)
(-1071.64 -55.2786 0)
(-1087.12 -69.1217 0)
(-1108.11 -78.9165 0)
(-1127.59 -80.7563 0)
(-1140.9 -82.049 0)
(-1151.13 -88.1644 0)
(-1160.58 -97.7506 0)
(-1168.2 -102.307 0)
(-1170 -94.3052 0)
(-1160.93 -77.6087 0)
(-1144.35 -56.8462 0)
(-1128.81 -33.1257 0)
(-1120 -3.19372 0)
(-1120.62 32.9182 0)
(-1117.27 56.5359 0)
(-1147.05 64.4039 0)
(-1131.45 63.6574 0)
(-1086.49 58.0272 0)
(-1092.33 51.2773 0)
(-1029.48 38.1897 0)
(-1034.63 28.2422 0)
(-1041.54 20.6059 0)
(-1041.46 17.0407 0)
(-1041.71 1.17843 0)
(-1014.83 -26.4055 0)
(-1005.16 -42.1736 0)
(-1009.15 -43.7332 0)
(-965.814 -27.8644 0)
(-984.83 -15.7007 0)
(-992.26 -3.68871 0)
(-987.706 17.1812 0)
(-1016.81 39.2533 0)
(-992.892 38.9248 0)
(-953.788 17.5446 0)
(-957.73 -1.08655 0)
(-956.226 -12.3453 0)
(-948.973 -17.0205 0)
(-896.419 -19.1144 0)
(-909.617 -18.713 0)
(-920.845 -19.6597 0)
(-890.067 -25.7409 0)
(-844.118 -26.8212 0)
(-866.685 -33.9898 0)
(-876.191 -47.9267 0)
(-878.673 -59.9533 0)
(-870.645 -61.2844 0)
(-797.113 -45.9124 0)
(-791.762 -24.7338 0)
(-780.91 -16.5933 0)
(-788.563 -18.8259 0)
(-734.232 -25.2603 0)
(-689.268 -27.5683 0)
(-694.898 -21.7975 0)
(-676.796 -16.3189 0)
(-660.756 -12.1081 0)
(-591.953 -16.0901 0)
(-568.816 -23.3768 0)
(-516.874 -26.3156 0)
(-437.967 -33.2096 0)
(-340.712 -56.2693 0)
(-312.127 -78.2482 0)
(-188.432 -31.5848 0)
(-40.5999 38.1315 0)
(-66.691 30.1113 0)
(-106.936 22.2139 0)
(-165.842 14.4604 0)
(-195.778 9.16815 0)
(-266.306 4.54467 0)
(-319.487 0.052611 0)
(-362.202 -1.8404 0)
(-373.579 3.53918 0)
(-425.138 7.47005 0)
(-418.852 6.38844 0)
(-478.344 12.0077 0)
(-496.731 30.0214 0)
(-530.759 52.7616 0)
(-567.07 75.8423 0)
(-608.355 101.183 0)
(-665.509 128.641 0)
(-722.352 151.27 0)
(-763.595 163.152 0)
(-786.823 164.053 0)
(-795.113 156.323 0)
(-795.853 145.262 0)
(-791.119 134.793 0)
(-782.312 121.592 0)
(-771.708 104.713 0)
(-762.088 86.3347 0)
(-755.893 69.8676 0)
(-755.886 54.6191 0)
(-761.208 36.9858 0)
(-771.636 20.5506 0)
(-787.002 6.01962 0)
(-807.379 -5.12496 0)
(-829.043 -12.1907 0)
(-848.799 -19.8763 0)
(-867.355 -28.2799 0)
(-887.8 -36.5154 0)
(-909.66 -40.3977 0)
(-930.115 -42.7215 0)
(-949.638 -50.9024 0)
(-971.289 -63.607 0)
(-997.262 -72.9522 0)
(-1022.02 -75.9614 0)
(-1042.02 -78.3086 0)
(-1059.67 -84.8924 0)
(-1074.23 -94.6462 0)
(-1088.34 -99.9138 0)
(-1098.07 -94.2058 0)
(-1097.43 -80.0612 0)
(-1088.77 -60.0258 0)
(-1078.36 -35.4399 0)
(-1073.58 -3.85217 0)
(-1081.5 33.2689 0)
(-1092.13 59.4478 0)
(-1118.54 65.3275 0)
(-1083.34 56.1211 0)
(-1039.78 49.6231 0)
(-993.057 43.8801 0)
(-991.072 33.8867 0)
(-986.162 28.3539 0)
(-988.951 22.9881 0)
(-1002.88 16.2165 0)
(-944.272 -4.9543 0)
(-949.511 -31.7355 0)
(-920.631 -44.2107 0)
(-927.36 -44.9997 0)
(-932.951 -29.2626 0)
(-938.841 -11.709 0)
(-938.033 -1.90604 0)
(-943.189 21.491 0)
(-935.318 39.9519 0)
(-907.261 34.0872 0)
(-919.425 13.268 0)
(-912.508 -2.26218 0)
(-906.024 -14.0066 0)
(-901.374 -23.6561 0)
(-847.217 -24.925 0)
(-864.235 -17.4826 0)
(-867.021 -18.6532 0)
(-863.655 -32.4278 0)
(-812.449 -31.3404 0)
(-822.674 -32.2548 0)
(-830.974 -45.6652 0)
(-829.955 -60.9794 0)
(-815.776 -69.6021 0)
(-788.378 -56.7357 0)
(-737.486 -29.5151 0)
(-742.081 -16.184 0)
(-747.629 -24.9704 0)
(-689.852 -34.8293 0)
(-682.265 -32.3151 0)
(-673.942 -25.3471 0)
(-624.974 -22.3781 0)
(-616.547 -22.2287 0)
(-548.532 -27.2298 0)
(-530.084 -32.7789 0)
(-483.609 -40.3104 0)
(-410.241 -53.3605 0)
(-324.491 -76.8761 0)
(-301.135 -93.3547 0)
(-159.264 -36.4296 0)
(-32.084 48.7849 0)
(-53.9709 39.7993 0)
(-85.3836 33.1318 0)
(-135.92 26.3203 0)
(-183.673 22.3195 0)
(-240.255 19.1308 0)
(-291.897 12.3458 0)
(-335.433 6.77744 0)
(-369.594 10.225 0)
(-380.034 14.565 0)
(-426.175 14.881 0)
(-480.804 19.3437 0)
(-471.407 37.3495 0)
(-525.182 63.4165 0)
(-566.021 86.3292 0)
(-612.82 114.694 0)
(-665.417 142.413 0)
(-703.272 161.383 0)
(-720.504 168.381 0)
(-718.876 165.181 0)
(-704 154.854 0)
(-684.455 142.54 0)
(-663.929 130.876 0)
(-641.473 117.183 0)
(-618.63 100.318 0)
(-597.675 82.9641 0)
(-583.053 67.8677 0)
(-576.647 54.0076 0)
(-576.814 38.495 0)
(-583.953 23.3833 0)
(-598.054 10.3003 0)
(-618.721 0.194968 0)
(-642.208 -6.89536 0)
(-665.489 -14.6711 0)
(-688.043 -22.8724 0)
(-712.275 -30.5009 0)
(-738.045 -34.4804 0)
(-763.438 -37.3239 0)
(-788.648 -45.0653 0)
(-815.738 -56.816 0)
(-846.351 -65.8097 0)
(-876.133 -69.621 0)
(-902.51 -72.8522 0)
(-926.08 -80.0725 0)
(-947.423 -90.1097 0)
(-969.041 -95.8166 0)
(-986.686 -92.2678 0)
(-994.722 -80.5404 0)
(-994.03 -61.7251 0)
(-988.879 -36.7507 0)
(-988.442 -2.96038 0)
(-1003.19 37.1441 0)
(-1021.49 63.7838 0)
(-1037.79 63.7948 0)
(-987.755 45.8978 0)
(-940.031 37.3885 0)
(-889.7 36.7512 0)
(-894.52 33.6176 0)
(-891.662 29.1823 0)
(-899.72 25.6885 0)
(-908.136 11.1902 0)
(-843.852 -12.2061 0)
(-848.522 -35.2694 0)
(-843.057 -48.178 0)
(-798.818 -44.7255 0)
(-836.283 -28.1277 0)
(-810.541 -13.8387 0)
(-811.343 -1.9825 0)
(-839.593 23.7846 0)
(-874.706 37.9825 0)
(-832.887 30.2374 0)
(-843.445 11.7947 0)
(-833.718 -3.68942 0)
(-821.002 -15.7749 0)
(-814.038 -28.4072 0)
(-797.782 -28.8734 0)
(-795.928 -19.989 0)
(-750.852 -22.9334 0)
(-751.6 -35.6131 0)
(-751.542 -36.8352 0)
(-717.305 -30.9535 0)
(-738.859 -45.769 0)
(-695.704 -66.2098 0)
(-700.846 -72.1269 0)
(-693.314 -61.2142 0)
(-689.577 -34.515 0)
(-654.183 -18.5754 0)
(-652.74 -27.8748 0)
(-605.092 -41.1492 0)
(-615.237 -35.5546 0)
(-586.236 -30.81 0)
(-579.424 -28.644 0)
(-559.702 -32.1861 0)
(-493.582 -38.3306 0)
(-468.082 -41.7243 0)
(-422.687 -53.2257 0)
(-357.692 -70.594 0)
(-291.351 -93.4179 0)
(-268.641 -111.337 0)
(-117.476 -45.8952 0)
(-24.0542 57.0379 0)
(-38.4586 48.1624 0)
(-70.3247 40.9246 0)
(-92.6492 36.8604 0)
(-144.787 35.6551 0)
(-199.562 32.5111 0)
(-246.172 24.0775 0)
(-286.124 16.4484 0)
(-325.532 15.979 0)
(-335.367 20.6496 0)
(-354.58 27.6483 0)
(-428.622 28.7839 0)
(-466.122 42.3935 0)
(-461.154 71.3897 0)
(-514.162 97.9627 0)
(-564.244 126.884 0)
(-607.999 152.548 0)
(-630.159 165.394 0)
(-627.164 167.375 0)
(-604.62 160.189 0)
(-570.542 147.887 0)
(-533.388 135.452 0)
(-498.086 123.515 0)
(-463.659 109.886 0)
(-430.814 93.6167 0)
(-402.545 77.5518 0)
(-382.496 64.2992 0)
(-371.317 52.3657 0)
(-367.55 38.8629 0)
(-371.344 25.8731 0)
(-384.608 14.5678 0)
(-406.336 5.88561 0)
(-432.26 -0.815792 0)
(-458.985 -8.26888 0)
(-485.34 -16.5407 0)
(-512.943 -23.5897 0)
(-541.938 -27.5069 0)
(-571.049 -30.6328 0)
(-600.389 -37.992 0)
(-631.424 -48.8966 0)
(-665.356 -57.6089 0)
(-698.782 -61.9233 0)
(-729.857 -65.886 0)
(-758.552 -73.6247 0)
(-787.287 -83.6165 0)
(-816.809 -89.7981 0)
(-843.542 -88.0095 0)
(-861.469 -78.7905 0)
(-869.891 -61.5503 0)
(-870.735 -36.6809 0)
(-875.847 -0.409112 0)
(-899.599 43.5633 0)
(-925.927 67.4517 0)
(-917.151 59.5221 0)
(-872.245 33.1409 0)
(-810.96 23.609 0)
(-760.555 28.766 0)
(-759.396 32.2572 0)
(-752.873 29.4477 0)
(-761.291 27.0573 0)
(-754.015 5.93358 0)
(-698.313 -19.8506 0)
(-711.326 -35.8312 0)
(-712.082 -49.2097 0)
(-703.962 -45.3107 0)
(-719.941 -27.3818 0)
(-677.59 -16.7183 0)
(-697.177 -0.498702 0)
(-720.001 31.9683 0)
(-750.569 39.4294 0)
(-700.504 26.5375 0)
(-711.225 10.4597 0)
(-703.064 -6.06348 0)
(-691.969 -17.9735 0)
(-690.863 -30.0266 0)
(-688.563 -30.6576 0)
(-681.007 -24.2297 0)
(-668.056 -29.4072 0)
(-614.006 -39.6693 0)
(-621.784 -39.3881 0)
(-610.957 -34.1308 0)
(-586.981 -48.7015 0)
(-591.173 -68.092 0)
(-584.947 -74.2874 0)
(-576.097 -62.9903 0)
(-580.91 -36.7524 0)
(-573.725 -24.4111 0)
(-506.665 -36.9586 0)
(-510.628 -43.8069 0)
(-504.02 -36.1502 0)
(-514.391 -32.517 0)
(-504.107 -33.767 0)
(-463.671 -41.4118 0)
(-434.616 -48.242 0)
(-392.593 -52.0446 0)
(-338.61 -66.5303 0)
(-280.332 -86.0103 0)
(-233.277 -109.712 0)
(-208.543 -130.374 0)
(-62.7691 -57.015 0)
(-17.7608 62.5378 0)
(-24.4733 54.5623 0)
(-48.3039 46.821 0)
(-66.1662 45.1365 0)
(-107.264 47.1704 0)
(-148.333 43.1519 0)
(-173.96 34.2586 0)
(-221.595 25.9808 0)
(-245.817 23.7733 0)
(-295.325 26.2135 0)
(-294.142 35.4117 0)
(-320.439 41.5527 0)
(-391.274 49.3863 0)
(-390.767 77.4755 0)
(-438.582 108.791 0)
(-483.159 138.294 0)
(-511.444 159.376 0)
(-516.49 164.938 0)
(-494.348 161.837 0)
(-453.068 150.923 0)
(-403.322 137.207 0)
(-353.199 124.499 0)
(-307.088 113.238 0)
(-263.978 100.306 0)
(-225.637 85.2395 0)
(-194.764 71.1082 0)
(-173.339 59.8821 0)
(-159.65 49.786 0)
(-152.184 38.1233 0)
(-153.253 27.275 0)
(-165.418 18.4677 0)
(-187.841 11.6546 0)
(-215.516 5.71304 0)
(-244.141 -1.5485 0)
(-272.169 -9.43985 0)
(-301.017 -16.0985 0)
(-331.32 -19.8407 0)
(-362.17 -23.0751 0)
(-393.466 -30.0548 0)
(-426.163 -40.1671 0)
(-461.308 -48.4635 0)
(-495.794 -53.1409 0)
(-528.188 -57.439 0)
(-561.692 -65.2337 0)
(-597.211 -74.812 0)
(-635.6 -81.0725 0)
(-673.678 -80.8028 0)
(-703.834 -74.2907 0)
(-723.603 -59.1981 0)
(-731.385 -35.2212 0)
(-742.483 3.52041 0)
(-776.526 50.4771 0)
(-798.267 68.1679 0)
(-767.618 48.5671 0)
(-691.468 19.4386 0)
(-642.353 10.6819 0)
(-609.948 21.0362 0)
(-553.736 29.0767 0)
(-564.762 29.3371 0)
(-569.669 25.3989 0)
(-513.02 0.0791389 0)
(-519.121 -22.5155 0)
(-536.292 -34.7123 0)
(-535.541 -48.5137 0)
(-538.147 -44.9456 0)
(-541.722 -30.5291 0)
(-503.309 -19.84 0)
(-540.47 3.17123 0)
(-573.576 40.0819 0)
(-581.159 37.6323 0)
(-513.938 18.5806 0)
(-498.798 7.51287 0)
(-519.243 -6.00507 0)
(-526.364 -17.0013 0)
(-543.277 -29.5704 0)
(-534.234 -30.7093 0)
(-555.501 -24.8541 0)
(-548.794 -34.3475 0)
(-501.049 -45.7269 0)
(-503.011 -40.6402 0)
(-494.4 -38.0003 0)
(-450.316 -51.5401 0)
(-457.346 -69.8709 0)
(-457.921 -75.7113 0)
(-457.922 -63.202 0)
(-454.129 -39.6547 0)
(-408.442 -34.7181 0)
(-369.407 -43.7848 0)
(-375.759 -44.3608 0)
(-378.981 -34.5219 0)
(-406.923 -32.0604 0)
(-399.632 -38.8745 0)
(-380.56 -49.2656 0)
(-350.036 -57.7576 0)
(-309.506 -64.6792 0)
(-258.073 -79.6788 0)
(-206.273 -96.9569 0)
(-170.578 -121.276 0)
(-136.546 -148.352 0)
(8.82274 -70.7833 0)
(-10.9934 65.8465 0)
(-12.1132 58.9561 0)
(-26.1898 51.5742 0)
(-44.2724 51.073 0)
(-61.7353 55.649 0)
(-94.8956 51.6376 0)
(-127.005 41.6312 0)
(-145.209 33.6785 0)
(-179.604 32.6523 0)
(-210.382 33.4886 0)
(-221.739 38.4566 0)
(-227.62 50.9383 0)
(-285.349 60.7708 0)
(-330.511 83.4747 0)
(-320.442 116.786 0)
(-368.376 146.953 0)
(-380.355 162.093 0)
(-371.091 160.45 0)
(-332.744 151.783 0)
(-276.277 137.603 0)
(-217.294 123.122 0)
(-159.511 111.564 0)
(-106.605 101.234 0)
(-58.6317 89.4517 0)
(-19.3291 76.1306 0)
(9.75691 64.3332 0)
(29.6396 55.4701 0)
(43.4096 47.43 0)
(52.5717 38.2208 0)
(53.1028 29.9226 0)
(41.1442 23.9421 0)
(19.4655 18.9999 0)
(-6.311 13.5811 0)
(-32.5909 6.21411 0)
(-59.1722 -1.83834 0)
(-86.972 -8.38625 0)
(-115.644 -12.043 0)
(-144.809 -15.4597 0)
(-174.581 -22.3113 0)
(-205.756 -31.9203 0)
(-239.173 -40.1448 0)
(-271.16 -45.3407 0)
(-300.134 -49.789 0)
(-334.599 -56.8416 0)
(-375.888 -65.1363 0)
(-424.968 -70.2139 0)
(-477.925 -70.1858 0)
(-523.588 -65.8098 0)
(-556.656 -54.3232 0)
(-569.335 -32.37 0)
(-584.671 9.57552 0)
(-630.683 58.4355 0)
(-611.173 64.0063 0)
(-560.804 35.6258 0)
(-462.311 3.56649 0)
(-416.644 0.489585 0)
(-395.936 12.0824 0)
(-379.962 22.3546 0)
(-379.089 28.031 0)
(-357.231 19.0558 0)
(-304.128 -6.5527 0)
(-302.549 -21.835 0)
(-320.939 -34.0871 0)
(-302.199 -48.2398 0)
(-328.35 -42.8707 0)
(-334.551 -31.4864 0)
(-309.938 -19.254 0)
(-370.545 11.6653 0)
(-415.928 46.9367 0)
(-368.745 28.0748 0)
(-294.945 6.70151 0)
(-300.547 7.76399 0)
(-339.914 -1.32279 0)
(-358.363 -12.3974 0)
(-368.986 -26.6314 0)
(-381.659 -28.0212 0)
(-404.317 -23.9628 0)
(-363.174 -39.9238 0)
(-362.939 -48.7797 0)
(-358.905 -42.1367 0)
(-335.353 -44.3187 0)
(-282.009 -57.3668 0)
(-291.347 -68.1477 0)
(-318.491 -71.7251 0)
(-337.782 -62.244 0)
(-326.868 -46.4829 0)
(-266.693 -45.1644 0)
(-241.721 -46.9832 0)
(-235.415 -42.2976 0)
(-257.463 -28.9026 0)
(-288.204 -27.1775 0)
(-289.894 -41.1008 0)
(-277.458 -54.6073 0)
(-246.897 -65.2307 0)
(-209.072 -75.0587 0)
(-162.029 -91.2148 0)
(-120.448 -108.624 0)
(-87.1914 -132.897 0)
(-39.6109 -174.06 0)
(99.0222 -89.0448 0)
(-4.73816 67.1213 0)
(-1.32142 61.0436 0)
(-7.86409 54.2196 0)
(-20.2082 54.2591 0)
(-29.2804 59.9494 0)
(-39.884 58.2535 0)
(-64.7536 48.5397 0)
(-90.8253 38.7721 0)
(-101.269 38.4378 0)
(-117.57 39.0952 0)
(-130.747 41.1885 0)
(-142.173 55.737 0)
(-151.436 72.0319 0)
(-209.016 90.2745 0)
(-204.835 121.591 0)
(-244.056 151.556 0)
(-217.421 160.423 0)
(-204.033 153.695 0)
(-153.866 139.706 0)
(-88.9277 122.815 0)
(-28.5995 108.377 0)
(31.9172 97.6558 0)
(87.4968 88.086 0)
(136.27 78.5975 0)
(172.606 68.8418 0)
(197.757 60.1293 0)
(217.024 52.3814 0)
(233.414 44.3055 0)
(246.485 35.9667 0)
(250.865 29.9908 0)
(243.003 26.5455 0)
(225.405 23.4547 0)
(203.812 18.7778 0)
(180.568 11.822 0)
(155.824 4.24185 0)
(129.619 -1.79915 0)
(103.65 -5.16743 0)
(77.2049 -8.41924 0)
(50.0836 -15.0612 0)
(21.5181 -24.2241 0)
(-9.25046 -32.3849 0)
(-37.7185 -37.9966 0)
(-62.8809 -42.0774 0)
(-92.4447 -46.9737 0)
(-141.079 -52.8063 0)
(-199.406 -56.4287 0)
(-266.48 -57.2077 0)
(-325.003 -56.1229 0)
(-372.053 -47.199 0)
(-390.002 -28.6836 0)
(-413.771 16.5996 0)
(-447.793 61.9473 0)
(-377.99 50.9334 0)
(-284.766 11.5582 0)
(-183.645 -15.745 0)
(-158.797 -7.43146 0)
(-155.181 9.71074 0)
(-155.212 22.9147 0)
(-175.366 25.9671 0)
(-131.239 10.0311 0)
(-70.1294 -14.2225 0)
(-57.6315 -22.2028 0)
(-83.1265 -32.563 0)
(-105.782 -44.6443 0)
(-134.866 -39.9319 0)
(-134.214 -30.5652 0)
(-144.416 -14.4691 0)
(-218.583 24.1094 0)
(-241.754 46.9489 0)
(-127.659 10.77 0)
(-81.8321 -0.360631 0)
(-107.181 15.3046 0)
(-156.881 7.97968 0)
(-173.521 -7.03955 0)
(-178.984 -23.8934 0)
(-198.573 -24.7157 0)
(-212.228 -26.5107 0)
(-172.624 -44.6104 0)
(-184.357 -51.7809 0)
(-186.296 -47.2598 0)
(-156.786 -54.2689 0)
(-114.45 -62.7731 0)
(-151.983 -65.6265 0)
(-165.162 -67.0103 0)
(-203.937 -60.7357 0)
(-193.793 -53.4532 0)
(-152.139 -55.156 0)
(-126.331 -53.3232 0)
(-110.737 -41.8585 0)
(-137.354 -21.6219 0)
(-160.259 -23.8959 0)
(-161.679 -43.2697 0)
(-154.497 -60.6415 0)
(-127.465 -75.1108 0)
(-97.1445 -87.2186 0)
(-60.6521 -101.588 0)
(-26.6352 -116.617 0)
(18.5746 -149.371 0)
(90.2324 -198.073 0)
(189.718 -105.481 0)
(1.48585 66.5487 0)
(8.56152 61.5813 0)
(7.98843 55.8801 0)
(3.8518 56.1788 0)
(0.666175 60.5191 0)
(1.92852 59.9555 0)
(-3.37342 52.8982 0)
(-22.233 42.8649 0)
(-39.0975 40.2327 0)
(-27.17 40.3983 0)
(-27.3633 42.5528 0)
(-28.3811 57.6895 0)
(-50.9438 78.2592 0)
(-68.9277 96.6479 0)
(-102.572 124.79 0)
(-96.9921 152.88 0)
(-95.1324 154.93 0)
(-34.5417 140.62 0)
(31.871 123.32 0)
(93.881 106.475 0)
(149.459 92.2425 0)
(210.841 82.3837 0)
(266.066 75.3112 0)
(313.557 68.3854 0)
(347.423 60.3633 0)
(372.338 52.7068 0)
(393.495 45.8851 0)
(410.844 39.528 0)
(423.798 33.6981 0)
(428.588 30.6937 0)
(424.734 29.6697 0)
(414.704 27.8483 0)
(401.28 23.6389 0)
(384.671 17.1487 0)
(364.386 10.1505 0)
(341.228 4.47281 0)
(318.059 0.869026 0)
(296.082 -2.86153 0)
(272.923 -9.27218 0)
(246.982 -17.8642 0)
(218.986 -26.0888 0)
(191.628 -32.4144 0)
(164.139 -36.2895 0)
(131.426 -38.6684 0)
(84.0398 -40.2425 0)
(24.5482 -40.136 0)
(-46.2674 -39.1471 0)
(-119.054 -40.0479 0)
(-189.33 -38.6424 0)
(-202.889 -25.7782 0)
(-234.88 21.8095 0)
(-226.249 55.5633 0)
(-85.9295 21.8123 0)
(37.2964 -18.4794 0)
(102.358 -27.167 0)
(98.7688 -4.93409 0)
(83.3319 13.457 0)
(85.7789 25.7529 0)
(72.9672 20.7282 0)
(131.899 -3.97691 0)
(176.732 -20.1823 0)
(157.466 -18.501 0)
(132.927 -24.6666 0)
(101.737 -36.8814 0)
(62.8458 -36.7475 0)
(62.2161 -26.2135 0)
(31.9599 -4.4773 0)
(-47.7082 32.2112 0)
(-13.8186 33.1536 0)
(107.378 -9.53341 0)
(114.96 1.41594 0)
(86.2799 23.2214 0)
(63.4712 14.5257 0)
(55.3529 -5.27696 0)
(55.565 -22.7752 0)
(19.2549 -19.8621 0)
(16.0553 -26.0994 0)
(24.7168 -45.7132 0)
(10.6884 -49.0215 0)
(3.92187 -48.096 0)
(41.1216 -57.8671 0)
(55.3668 -59.0706 0)
(13.825 -54.7151 0)
(-18.0791 -57.4414 0)
(-52.8991 -56.6801 0)
(-37.3493 -58.4259 0)
(-5.2001 -60.7909 0)
(6.65507 -54.8444 0)
(8.31208 -37.7957 0)
(-20.1911 -16.0326 0)
(-30.406 -21.644 0)
(-26.7579 -43.9651 0)
(-22.9185 -63.6911 0)
(-5.44632 -79.4178 0)
(14.9415 -92.1929 0)
(41.4705 -107.023 0)
(73.5158 -125.708 0)
(127.136 -164.927 0)
(207.564 -212.722 0)
(198.114 -118.524 0)
(5.33799 64.392 0)
(18.2409 60.4105 0)
(25.6808 55.5249 0)
(28.9177 56.2961 0)
(31.1632 59.9001 0)
(44.544 59.4497 0)
(49.6248 54.365 0)
(45.2909 45.891 0)
(30.5477 40.5268 0)
(47.8262 39.7722 0)
(55.8351 42.7678 0)
(57.7985 58.5962 0)
(57.4903 82.2241 0)
(42.0321 102.9 0)
(28.7244 127.521 0)
(25.0625 149.131 0)
(54.5634 144.095 0)
(109.72 123.856 0)
(171.938 104.682 0)
(255.194 90.6016 0)
(304.663 79.0696 0)
(367.2 69.5263 0)
(420.085 62.4912 0)
(466.297 57.7608 0)
(498.889 53.4875 0)
(524.407 48.108 0)
(546.13 42.1447 0)
(564.883 36.1285 0)
(579.1 31.5422 0)
(587.116 30.0006 0)
(589.435 30.1792 0)
(587.304 29.3235 0)
(581.449 26.0874 0)
(571.387 20.8127 0)
(556.68 14.9513 0)
(538.26 9.90691 0)
(518.581 6.19947 0)
(499.388 2.44267 0)
(478.922 -3.34159 0)
(455.212 -10.9156 0)
(428.15 -18.41 0)
(398.1 -24.0553 0)
(364.231 -26.7341 0)
(325.108 -26.7037 0)
(278.372 -25.6964 0)
(222.582 -23.5659 0)
(163.445 -22.1494 0)
(107.854 -24.2806 0)
(49.5753 -26.3761 0)
(18.0498 -16.4939 0)
(-23.4849 22.9885 0)
(67.9451 31.8476 0)
(243.926 -15.3565 0)
(324.426 -37.6885 0)
(340.262 -28.6479 0)
(330.012 -2.85718 0)
(324.192 14.0413 0)
(337.67 21.8208 0)
(353.527 11.668 0)
(375.594 -11.6894 0)
(391.874 -18.9154 0)
(352.491 -13.7349 0)
(329.794 -19.0303 0)
(297.798 -30.2189 0)
(277.157 -32.589 0)
(249.958 -14.488 0)
(202.801 8.04341 0)
(171.98 30.4973 0)
(241.076 15.116 0)
(317.593 -17.9749 0)
(289.427 4.6833 0)
(292.49 22.0727 0)
(305.795 14.1018 0)
(303.843 -3.47514 0)
(300.288 -16.7685 0)
(253.338 -16.4325 0)
(260.957 -26.6693 0)
(241.732 -43.8364 0)
(221.924 -49.2903 0)
(216.105 -55.3917 0)
(236.159 -62.6716 0)
(214.922 -56.0388 0)
(181.304 -50.3786 0)
(153.334 -53.2007 0)
(126.998 -57.5541 0)
(136.905 -65.0633 0)
(149.128 -66.1668 0)
(141.238 -56.8565 0)
(123.693 -34.9873 0)
(99.6852 -12.3469 0)
(102.777 -21.8524 0)
(111.589 -45.548 0)
(112.067 -66.0075 0)
(118.856 -83.1495 0)
(128.251 -97.7192 0)
(142.385 -113.856 0)
(162.754 -136.492 0)
(194.722 -177.134 0)
(218.773 -209.348 0)
(121.048 -106.018 0)
(10.2942 60.5295 0)
(27.7899 57.1239 0)
(38.7987 53.5529 0)
(48.798 54.6437 0)
(64.7486 56.4657 0)
(79.3729 55.3412 0)
(97.2231 52.8412 0)
(104.172 46.6574 0)
(92.7335 39.1481 0)
(110.008 35.7793 0)
(125.404 39.9701 0)
(139.542 56.2172 0)
(138.647 82.8172 0)
(142.381 104.694 0)
(135.193 131.522 0)
(143.784 150.751 0)
(190.441 134.173 0)
(272.588 108.466 0)
(323.401 89.9036 0)
(392.676 77.4286 0)
(444.062 64.4534 0)
(505.81 54.0351 0)
(554.687 50.4851 0)
(595.312 48.625 0)
(628.618 45.697 0)
(656.753 41.1801 0)
(680.525 36.1143 0)
(700.371 31.4686 0)
(715.791 28.4879 0)
(726.77 28.3204 0)
(734.281 29.5284 0)
(738.741 29.6127 0)
(739.681 27.3813 0)
(736.18 23.2462 0)
(727.802 18.4615 0)
(715.327 14.1581 0)
(700.648 10.6994 0)
(685.115 7.05812 0)
(667.761 1.88337 0)
(646.647 -4.69871 0)
(620.885 -11.1043 0)
(590.61 -15.5781 0)
(556.067 -17.0694 0)
(517.68 -15.8256 0)
(475.49 -12.9165 0)
(427.573 -9.5873 0)
(379.095 -7.78318 0)
(334.474 -9.18262 0)
(286.487 -12.8561 0)
(260.777 -8.76088 0)
(244.805 8.3447 0)
(395.645 -5.41194 0)
(532.371 -42.0262 0)
(551.684 -43.2422 0)
(548.713 -26.8611 0)
(550.749 -1.88406 0)
(555.852 11.9246 0)
(559.307 13.8936 0)
(609.852 5.84192 0)
(596.971 -9.67655 0)
(569.737 -11.5019 0)
(538.714 -6.63572 0)
(519.489 -12.2302 0)
(497.737 -21.5878 0)
(465.388 -20.9681 0)
(415.239 -2.16512 0)
(415.277 13.1623 0)
(381.013 20.3695 0)
(477.65 -0.00499029 0)
(511.704 -19.9029 0)
(487.527 4.54449 0)
(526.132 19.0043 0)
(510.06 10.9985 0)
(536.947 -1.70114 0)
(507.274 -9.7715 0)
(468.911 -11.9677 0)
(486.235 -22.2179 0)
(454.864 -36.249 0)
(428.573 -45.8697 0)
(414.867 -54.8021 0)
(417.147 -55.6599 0)
(362.714 -45.3877 0)
(322.213 -42.2855 0)
(316.965 -47.2854 0)
(300.418 -55.1442 0)
(297.199 -64.6325 0)
(286.62 -62.7571 0)
(265.42 -50.9777 0)
(241.555 -28.8435 0)
(224.958 -10.1313 0)
(235.584 -23.7183 0)
(246.182 -46.8078 0)
(241.755 -66.2561 0)
(237.314 -83.485 0)
(233.365 -98.8474 0)
(230.695 -115.598 0)
(228.904 -140.087 0)
(224.312 -178.693 0)
(192.751 -193.995 0)
(54.5856 -95.6865 0)
(15.1557 55.3071 0)
(34.5773 53.3739 0)
(48.0214 49.9073 0)
(74.1929 50.0164 0)
(89.5234 51.3901 0)
(118.876 50.1495 0)
(137.613 49.0062 0)
(152.932 45.2031 0)
(156.913 38.0504 0)
(171.464 33.3153 0)
(184.845 36.5163 0)
(208.547 53.1214 0)
(208.682 81.0509 0)
(222.442 102.473 0)
(242.908 124.795 0)
(260.921 134.815 0)
(342.755 112.238 0)
(413.772 92.7757 0)
(458.822 74.854 0)
(517.23 60.0228 0)
(575.323 49.6133 0)
(627.425 42.2489 0)
(670.303 39.9164 0)
(708.393 39.2081 0)
(742.055 37.8729 0)
(771.5 34.7594 0)
(796.718 30.7514 0)
(817.82 27.0477 0)
(834.884 25.0653 0)
(848.7 25.6467 0)
(860.361 27.442 0)
(869.907 28.2366 0)
(876.435 26.9861 0)
(878.891 24.0219 0)
(876.836 20.362 0)
(870.825 16.8974 0)
(862.2 13.8945 0)
(851.868 10.638 0)
(839.21 6.19466 0)
(822.796 0.712366 0)
(801.836 -4.49933 0)
(776.739 -7.92234 0)
(748.541 -8.60134 0)
(718.555 -6.74 0)
(687.34 -3.31149 0)
(654.649 0.23531 0)
(624.014 1.40518 0)
(598.645 -0.241551 0)
(568.428 -6.42451 0)
(556.414 -10.0533 0)
(556.538 -12.6697 0)
(694.305 -33.5433 0)
(742.051 -51.8193 0)
(714.876 -44.6 0)
(733.317 -29.7709 0)
(762.592 -5.18839 0)
(779.049 8.77575 0)
(788.437 9.28049 0)
(787.643 6.36386 0)
(761.561 -0.884183 0)
(728.328 -2.54629 0)
(693.415 -1.05517 0)
(679.625 -7.34608 0)
(655.507 -14.4244 0)
(616.177 -14.6297 0)
(611.262 1.2133 0)
(635.78 11.862 0)
(608.756 9.50951 0)
(699.568 -10.3548 0)
(704.542 -20.0052 0)
(684.797 0.931552 0)
(734.811 13.7776 0)
(734.954 10.6215 0)
(729.606 1.44812 0)
(706.861 -3.18636 0)
(667.807 -9.97087 0)
(687.384 -20.356 0)
(671.52 -31.2459 0)
(649.092 -41.593 0)
(623.186 -48.9669 0)
(588.037 -44.3395 0)
(542.569 -34.0206 0)
(502.962 -34.9292 0)
(461.862 -41.6555 0)
(423.353 -50.2412 0)
(397.89 -58.4695 0)
(371.085 -55.7651 0)
(350.646 -44.7681 0)
(331.744 -27.5195 0)
(355.052 -11.138 0)
(362.25 -25.7734 0)
(369.763 -47.476 0)
(358.154 -64.1424 0)
(341.323 -80.7251 0)
(321.727 -96.0311 0)
(298.774 -112.071 0)
(270.843 -135.312 0)
(229.894 -167.338 0)
(162.489 -170.134 0)
(9.19592 -82.8193 0)
(19.2704 49.1028 0)
(39.9815 48.2132 0)
(60.8805 44.4359 0)
(89.8223 44.2861 0)
(120.708 44.5597 0)
(142.116 44.4287 0)
(167.123 44.821 0)
(179.561 40.9419 0)
(199.591 34.3912 0)
(206.331 29.7408 0)
(239.048 31.0314 0)
(256.175 49.9478 0)
(267.913 78.3871 0)
(295.459 97.0939 0)
(346.359 120.165 0)
(395.355 124.872 0)
(477.209 95.056 0)
(533.742 76.9065 0)
(586.451 61.8695 0)
(639.404 48.2013 0)
(688.203 37.2623 0)
(731.163 31.0971 0)
(769.135 30.2647 0)
(804.514 30.6155 0)
(837.245 30.054 0)
(866.742 27.8693 0)
(892.519 24.828 0)
(914.476 22.1052 0)
(932.987 20.9961 0)
(949.144 22.1233 0)
(963.989 24.2892 0)
(977.448 25.6196 0)
(988.547 25.1838 0)
(996.254 23.2389 0)
(1000.12 20.6011 0)
(1000.5 17.9616 0)
(998.301 15.5083 0)
(994.144 12.7447 0)
(987.641 9.02886 0)
(977.886 4.5254 0)
(964.408 0.289299 0)
(947.791 -2.38909 0)
(929.421 -2.63986 0)
(910.385 -0.659704 0)
(891.973 2.60296 0)
(875.246 5.46558 0)
(862.279 6.01815 0)
(853.319 3.90167 0)
(841.92 -3.83121 0)
(842.349 -13.5774 0)
(839.759 -28.4086 0)
(938.308 -47.1357 0)
(939.425 -52.3247 0)
(928.902 -43.2347 0)
(914.457 -30.9131 0)
(892.616 -9.73023 0)
(939.028 5.09069 0)
(936.926 10.411 0)
(919.999 12.8633 0)
(884.207 6.78028 0)
(863.226 1.01542 0)
(888.777 0.995354 0)
(870.856 -2.98816 0)
(858.356 -8.67624 0)
(835.666 -10.4924 0)
(802.829 0.902354 0)
(840.602 8.21795 0)
(817.053 0.461385 0)
(892.338 -16.8316 0)
(882.218 -19.5971 0)
(874.697 -1.79027 0)
(892.34 9.8619 0)
(888.711 11.1808 0)
(886.133 5.00215 0)
(876.597 1.78634 0)
(856.433 -5.33422 0)
(816.058 -18.3449 0)
(834.317 -28.3734 0)
(805.644 -34.9329 0)
(771.271 -39.7967 0)
(730.989 -33.5903 0)
(696.915 -24.5796 0)
(663.192 -26.0267 0)
(631.528 -32.4166 0)
(596.996 -40.7443 0)
(557.869 -48.1681 0)
(494.721 -48.1778 0)
(493.896 -39.3853 0)
(450.198 -27.9154 0)
(480.629 -13.873 0)
(476.158 -25.474 0)
(475.853 -46.6513 0)
(454.852 -59.4762 0)
(424.395 -74.2875 0)
(388.292 -88.4621 0)
(345.247 -102.682 0)
(293.717 -122.999 0)
(224.863 -147.95 0)
(142.335 -143.189 0)
(-14.2638 -70.3305 0)
(22.5885 42.358 0)
(41.6431 41.5638 0)
(75.3769 36.8454 0)
(111.031 36.0919 0)
(135.173 39.3114 0)
(149.652 38.8986 0)
(178.966 38.7389 0)
(214.756 36.5026 0)
(210.534 31.374 0)
(241.268 23.0335 0)
(266.13 25.9311 0)
(288.906 45.272 0)
(303.328 69.5637 0)
(367.567 84.453 0)
(407.667 101.433 0)
(503.937 101.073 0)
(575.793 77.3181 0)
(636.744 63.6516 0)
(688.336 48.4861 0)
(735.335 35.1128 0)
(776.767 26.2546 0)
(812.865 21.9155 0)
(846.086 21.5946 0)
(878.171 22.3302 0)
(908.787 22.3454 0)
(937.043 20.9658 0)
(962.166 18.805 0)
(984.001 16.9334 0)
(1003.06 16.5078 0)
(1020.54 17.9956 0)
(1037.41 20.3723 0)
(1053.61 22.0564 0)
(1068.18 22.239 0)
(1080.15 21.1134 0)
(1089.06 19.3269 0)
(1095.05 17.4117 0)
(1098.73 15.4958 0)
(1100.46 13.2231 0)
(1099.99 10.1478 0)
(1096.73 6.43689 0)
(1090.38 2.97282 0)
(1081.53 0.850121 0)
(1071.08 0.767194 0)
(1061.13 2.52595 0)
(1053.13 5.22981 0)
(1047.58 7.20328 0)
(1045.68 7.10851 0)
(1046.44 4.8563 0)
(1046.46 -2.96838 0)
(1050.85 -16.0343 0)
(1037.01 -36.9206 0)
(1099.64 -51.6731 0)
(1069.48 -49.5102 0)
(1056.27 -39.8763 0)
(1043.82 -27.9445 0)
(1032.76 -10.2416 0)
(1031.19 4.29833 0)
(1031.5 12.2602 0)
(1012.31 15.2485 0)
(1043.41 9.19936 0)
(1027.3 1.85406 0)
(1018.62 1.86579 0)
(1006.02 0.179543 0)
(994.252 -4.13847 0)
(978.446 -5.59484 0)
(949.037 1.10227 0)
(993.394 4.22707 0)
(968.407 -5.943 0)
(1027.78 -19.5575 0)
(1003.15 -17.0084 0)
(995.771 -1.80746 0)
(992.01 9.7877 0)
(986.715 12.6576 0)
(978.368 7.14481 0)
(958.058 2.24284 0)
(992.827 -1.2213 0)
(967.133 -12.5767 0)
(936.205 -23.0009 0)
(897.723 -25.8195 0)
(854.495 -28.8755 0)
(794.604 -25.9253 0)
(803.69 -18.9945 0)
(770.84 -17.6608 0)
(733.434 -23.8125 0)
(683.572 -33.8342 0)
(693.962 -39.3272 0)
(651.879 -38.9326 0)
(613.367 -32.2236 0)
(563.337 -24.8183 0)
(553.176 -16.0929 0)
(582.347 -25.1491 0)
(559.742 -42.4522 0)
(527.795 -51.6523 0)
(484.7 -64.1735 0)
(434.012 -76.4982 0)
(374.72 -88.4253 0)
(306.048 -105.272 0)
(219.614 -123.967 0)
(132.916 -115.466 0)
(-25.1186 -58.0464 0)
(26.5463 33.9575 0)
(48.5823 33.3112 0)
(89.1512 27.9443 0)
(117.296 30.0415 0)
(142.795 34.4829 0)
(156.054 32.5874 0)
(191.809 29.8974 0)
(235.207 31.4121 0)
(236.017 26.8927 0)
(272.103 18.181 0)
(276.358 21.5123 0)
(316.358 38.2791 0)
(336.576 58.4962 0)
(415.161 70.6526 0)
(461.532 84.6172 0)
(569.675 82.5153 0)
(636.776 60.9239 0)
(700.052 48.4974 0)
(751.841 36.0488 0)
(795.415 25.0329 0)
(831.356 17.4174 0)
(862.142 13.9493 0)
(890.91 13.8959 0)
(919.209 14.8288 0)
(946.743 15.2138 0)
(972.537 14.4597 0)
(995.732 13.0375 0)
(1016.15 11.8668 0)
(1034.42 11.94 0)
(1051.78 13.6161 0)
(1069.25 16.0417 0)
(1086.75 17.9149 0)
(1103.39 18.553 0)
(1118.23 18.0537 0)
(1130.68 16.9389 0)
(1140.75 15.6309 0)
(1148.7 14.2078 0)
(1154.66 12.4222 0)
(1158.38 9.95765 0)
(1159.39 6.97087 0)
(1157.47 4.20799 0)
(1153.17 2.52039 0)
(1148.13 2.46623 0)
(1143.99 3.89134 0)
(1141.73 5.98456 0)
(1141.61 7.23855 0)
(1143.93 6.75118 0)
(1147.58 4.24869 0)
(1151.52 -2.83517 0)
(1155.07 -16.8118 0)
(1130.28 -39.8072 0)
(1167.99 -49.6251 0)
(1116.44 -42.9899 0)
(1093.16 -35.5304 0)
(1072.51 -23.1801 0)
(1047.95 -5.48635 0)
(1019.12 3.35143 0)
(1053.12 6.22377 0)
(1103.03 11.8743 0)
(1099.14 10.5121 0)
(1084.22 4.78579 0)
(1075.47 4.2216 0)
(1066.81 2.80611 0)
(1058.26 -0.653035 0)
(1047.1 -2.10832 0)
(1022.57 0.478951 0)
(1069.19 0.523711 0)
(1040.56 -9.65366 0)
(1086.89 -19.1089 0)
(1051.21 -13.385 0)
(1042.84 0.0954489 0)
(1039.53 10.6968 0)
(1039.16 13.8654 0)
(1038.44 9.0916 0)
(1031.71 1.66085 0)
(1007.99 -1.06679 0)
(1037.08 -7.36315 0)
(1008.32 -15.4387 0)
(980.763 -16.6902 0)
(947.652 -18.1634 0)
(910.674 -18.338 0)
(880.356 -13.0087 0)
(848.67 -8.91799 0)
(815.393 -14.1151 0)
(772.415 -26.2971 0)
(716.032 -33.5726 0)
(709.752 -32.0529 0)
(702.095 -23.5302 0)
(666.014 -17.1973 0)
(623.584 -17.0682 0)
(659.609 -24.8144 0)
(616.091 -34.5792 0)
(577.18 -41.3266 0)
(524.957 -51.1188 0)
(464.214 -61.0529 0)
(394.53 -70.6618 0)
(315.819 -84.2326 0)
(219.908 -97.7603 0)
(133.077 -87.8747 0)
(-28.0683 -45.7433 0)
(27.8233 24.7827 0)
(56.9203 23.8582 0)
(88.888 20.9872 0)
(113.27 24.1433 0)
(138.497 28.8988 0)
(158.36 25.0931 0)
(203.537 20.4833 0)
(225.2 24.4575 0)
(260.666 21.4602 0)
(267.282 13.692 0)
(300.628 15.2392 0)
(324.433 29.7402 0)
(349.975 45.0383 0)
(435.634 53.7489 0)
(484.649 63.7013 0)
(596.214 61.5378 0)
(659.009 44.8191 0)
(720.904 34.5546 0)
(770.012 24.6469 0)
(809.39 15.8316 0)
(839.919 9.79742 0)
(865.347 7.2079 0)
(889.095 7.34604 0)
(912.759 8.35541 0)
(936.119 8.98849 0)
(958.241 8.75367 0)
(978.199 7.94035 0)
(995.823 7.32795 0)
(1011.83 7.72864 0)
(1027.54 9.41429 0)
(1044.03 11.7058 0)
(1061.24 13.5613 0)
(1078.29 14.3972 0)
(1094.18 14.3371 0)
(1108.35 13.7766 0)
(1120.6 13.0218 0)
(1130.9 12.1212 0)
(1139.13 10.8875 0)
(1144.97 9.05832 0)
(1148.01 6.76569 0)
(1148.55 4.61717 0)
(1147.17 3.28511 0)
(1144.99 3.23871 0)
(1143.38 4.37876 0)
(1143.17 5.97245 0)
(1144.43 6.76268 0)
(1146.62 6.07307 0)
(1149.44 3.26984 0)
(1152.78 -2.53267 0)
(1154.29 -16.0534 0)
(1121.78 -39.2273 0)
(1147.97 -43.7263 0)
(1090.09 -33.728 0)
(1064.55 -30.3215 0)
(1049.04 -18.9702 0)
(1036.75 -0.905807 0)
(1032.97 3.02023 0)
(1031.3 -0.156364 0)
(1017.53 7.73608 0)
(1061.28 10.5316 0)
(1050.05 6.82696 0)
(1046.13 5.91076 0)
(1041.8 4.51361 0)
(1037.01 1.89185 0)
(1029.88 0.252312 0)
(1008.08 -0.793304 0)
(1054.45 -3.13781 0)
(1022.27 -11.583 0)
(1061.01 -16.5847 0)
(1021.76 -9.05219 0)
(1014.31 1.45831 0)
(1013.66 10.5803 0)
(1017.1 13.5452 0)
(1020.16 10.4518 0)
(1016.78 3.73258 0)
(993.41 -2.66811 0)
(1032.72 -7.12387 0)
(1009.85 -9.96892 0)
(989.223 -10.1257 0)
(961.973 -9.78292 0)
(930.503 -9.63146 0)
(902.532 -5.8615 0)
(879.414 -1.82199 0)
(855.212 -5.07621 0)
(822.009 -15.1363 0)
(777.431 -24.2233 0)
(724.684 -26.4838 0)
(698.811 -18.7863 0)
(708.374 -11.7043 0)
(671.051 -14.5874 0)
(699.098 -20.4795 0)
(642.761 -23.7285 0)
(600.74 -28.9313 0)
(545.221 -36.1407 0)
(481.2 -43.9261 0)
(408.567 -51.4138 0)
(326.745 -61.5698 0)
(228.765 -70.0146 0)
(144.195 -60.5314 0)
(-23.1477 -33.6929 0)
(29.224 15.2703 0)
(53.8812 16.4635 0)
(78.6922 15.4061 0)
(93.0052 17.615 0)
(129.279 21.0667 0)
(166.254 17.6374 0)
(180.213 13.0398 0)
(222.322 17.1433 0)
(236.314 16.0324 0)
(272.737 7.56671 0)
(290.168 10.2334 0)
(313.122 22.4754 0)
(337.185 31.4553 0)
(423.827 36.49 0)
(469.531 43.2771 0)
(579.552 40.889 0)
(636.407 29.0077 0)
(692.319 21.2301 0)
(734.777 14.266 0)
(767.21 8.02887 0)
(790.62 3.72007 0)
(809.073 1.96674 0)
(826.13 2.24717 0)
(843.324 3.24075 0)
(860.635 3.99236 0)
(877.141 4.08995 0)
(892.089 3.78556 0)
(905.301 3.6049 0)
(917.5 4.17639 0)
(930.037 5.71845 0)
(944.04 7.7224 0)
(959.588 9.41601 0)
(975.769 10.3556 0)
(991.531 10.5875 0)
(1006.16 10.4308 0)
(1019.28 10.1445 0)
(1030.65 9.74336 0)
(1039.85 9.00184 0)
(1047.11 7.74973 0)
(1052.24 6.11104 0)
(1054.83 4.5284 0)
(1055.38 3.5763 0)
(1054.82 3.59331 0)
(1054.46 4.56302 0)
(1055.09 5.84281 0)
(1056.47 6.43623 0)
(1057.46 5.79504 0)
(1058.03 3.30266 0)
(1057.09 -2.43771 0)
(1051.33 -14.2105 0)
(1006.6 -36.8019 0)
(1021.84 -36.4009 0)
(972.387 -23.3452 0)
(938.192 -23.3748 0)
(907.775 -14.9814 0)
(880.263 -0.207609 0)
(923.258 4.18801 0)
(903.613 0.625228 0)
(889.627 3.53549 0)
(938.867 7.41291 0)
(931.524 7.56426 0)
(932.795 6.41277 0)
(932.558 5.33564 0)
(930.662 3.59604 0)
(925.356 1.79877 0)
(904.038 -2.30442 0)
(947.31 -5.77559 0)
(910.29 -12.2295 0)
(945.042 -13.5053 0)
(910.969 -5.11881 0)
(906.436 2.13722 0)
(909.232 9.62833 0)
(917.358 12.3478 0)
(924.98 10.5455 0)
(925.252 4.91665 0)
(903.192 -4.66048 0)
(939.828 -8.08415 0)
(921.825 -6.24698 0)
(907.895 -5.11177 0)
(890.018 -3.20405 0)
(869.903 -3.14444 0)
(850.225 -0.625207 0)
(836.96 2.75761 0)
(822.746 0.70604 0)
(799.803 -6.00013 0)
(765.28 -11.8461 0)
(724.882 -16.6132 0)
(672.537 -16.0597 0)
(679.088 -11.462 0)
(668.034 -13.7213 0)
(682.779 -14.7311 0)
(627.777 -12.7405 0)
(590.043 -17.013 0)
(540.345 -21.5426 0)
(482.029 -26.8856 0)
(415.07 -32.2121 0)
(337.061 -38.8653 0)
(245.19 -42.7142 0)
(170.945 -32.97 0)
(-4.27139 -20.3517 0)
(24.2833 6.77305 0)
(42.7854 10.1954 0)
(55.7093 9.97263 0)
(92.0766 11.075 0)
(106.858 12.533 0)
(152.763 10.6284 0)
(171.074 7.63437 0)
(178.066 10.4905 0)
(208.362 8.58385 0)
(240.618 2.35326 0)
(252.678 6.35964 0)
(275.595 15.3904 0)
(295.509 18.5532 0)
(376.18 20.2283 0)
(411.705 24.2614 0)
(512.967 22.2912 0)
(559.59 15.3072 0)
(603.592 10.2685 0)
(633.968 6.2149 0)
(654.914 2.39251 0)
(668.054 -0.371727 0)
(677.375 -1.40479 0)
(685.692 -0.989292 0)
(694.221 -0.0617142 0)
(703.46 0.728763 0)
(712.483 1.06991 0)
(720.757 1.03815 0)
(728.499 1.0471 0)
(736.394 1.60217 0)
(745.287 2.85412 0)
(755.868 4.40208 0)
(768.741 5.71411 0)
(783.063 6.52272 0)
(797.717 6.87128 0)
(811.912 6.99208 0)
(825.235 7.06908 0)
(837.185 7.03325 0)
(848.499 6.68847 0)
(858.271 5.95556 0)
(865.658 4.86591 0)
(870.647 3.89886 0)
(873.586 3.34105 0)
(875.632 3.50878 0)
(877.944 4.3708 0)
(881.387 5.43884 0)
(885.495 5.98983 0)
(888.769 5.86113 0)
(892.371 3.86031 0)
(890.141 -0.392171 0)
(881.317 -7.8816 0)
(832.686 -27.7696 0)
(765.496 -28.517 0)
(754.394 -17.4931 0)
(747.791 -16.5533 0)
(702.162 -9.37222 0)
(673.863 -1.75534 0)
(721.438 2.96345 0)
(703.584 2.12507 0)
(692.412 -0.261458 0)
(735.677 3.54385 0)
(734.852 6.80847 0)
(741.066 5.75045 0)
(745.975 5.36093 0)
(748.162 4.79926 0)
(746.153 3.55368 0)
(722.396 -2.99342 0)
(754.372 -6.49197 0)
(703.27 -11.8438 0)
(736.259 -11.668 0)
(715.989 -2.92513 0)
(715.034 1.77713 0)
(721.948 7.42838 0)
(736.682 9.56188 0)
(752.633 8.68141 0)
(763.68 4.80761 0)
(759.496 -3.99445 0)
(747.812 -6.10553 0)
(727.136 -2.53044 0)
(705.155 -1.98998 0)
(693.991 -1.60818 0)
(718.089 -0.947666 0)
(707.749 2.12232 0)
(704.224 5.19093 0)
(698.714 4.70032 0)
(682.38 0.219171 0)
(644.396 -5.13012 0)
(660.006 -8.678 0)
(628.523 -9.99019 0)
(593.901 -9.87812 0)
(579.161 -12.313 0)
(586.86 -8.3369 0)
(550.228 -3.89168 0)
(523.392 -7.18608 0)
(488.644 -9.34808 0)
(446.385 -12.3613 0)
(396.25 -15.245 0)
(333.84 -18.6354 0)
(261.402 -18.2457 0)
(213.093 -7.64776 0)
(34.273 -6.49143 0)
(13.6573 1.38815 0)
(26.7189 4.8666 0)
(46.0847 4.40088 0)
(67.5474 4.92427 0)
(93.2667 5.31294 0)
(118.902 4.63212 0)
(136.573 4.38286 0)
(137.625 4.88924 0)
(173.897 2.4436 0)
(179.189 -0.612912 0)
(175.061 2.47217 0)
(215.208 8.16177 0)
(224.711 7.79497 0)
(288.962 6.8569 0)
(306.18 8.99213 0)
(385.866 7.82643 0)
(412.347 5.37597 0)
(437.549 2.99166 0)
(451.86 1.43611 0)
(459.93 -0.329492 0)
(461.265 -1.72932 0)
(458.854 -2.21517 0)
(456.278 -1.86428 0)
(455.363 -1.21428 0)
(455.957 -0.624651 0)
(457.697 -0.298574 0)
(459.662 -0.259299 0)
(461.223 -0.247255 0)
(463.28 0.0944181 0)
(467.451 0.836773 0)
(474.805 1.7856 0)
(484.57 2.56915 0)
(496.386 3.07906 0)
(509.226 3.36744 0)
(522.314 3.56187 0)
(535.531 3.7679 0)
(549.25 3.81743 0)
(562.345 3.75006 0)
(574.232 3.44378 0)
(584.26 2.97436 0)
(592.324 2.49479 0)
(598.861 2.24478 0)
(605.021 2.40289 0)
(612.373 2.99982 0)
(621.994 3.71633 0)
(633.039 4.18817 0)
(643.335 4.56281 0)
(654.818 3.68519 0)
(655.899 0.955814 0)
(636.398 -1.9699 0)
(614.181 -14.2469 0)
(535.821 -17.7398 0)
(528.537 -11.4815 0)
(479.478 -7.93751 0)
(455.279 -2.64861 0)
(413.885 -2.52555 0)
(452.488 0.888244 0)
(451.378 2.8841 0)
(428.255 -2.30874 0)
(447.656 -0.46358 0)
(469.973 3.74121 0)
(479.079 3.6307 0)
(489.698 3.79556 0)
(501.452 4.3991 0)
(509.907 4.5278 0)
(491.4 -1.40875 0)
(510.669 -4.06822 0)
(448.88 -8.99894 0)
(460.888 -9.36007 0)
(443.185 -1.63824 0)
(439.318 0.616763 0)
(450.071 4.04315 0)
(467.901 5.43228 0)
(485.928 5.44428 0)
(497.127 3.92502 0)
(477.783 -1.94607 0)
(490.48 -3.22 0)
(487.249 0.117153 0)
(479.778 -0.256711 0)
(475.789 -2.14681 0)
(473.717 -1.48765 0)
(471.741 2.04882 0)
(480.709 4.46509 0)
(492.343 5.18664 0)
(499.217 3.14597 0)
(492.091 -2.1176 0)
(475.72 -3.57997 0)
(443.681 -2.61888 0)
(428.219 -4.63584 0)
(397.223 -8.81901 0)
(395.358 -4.50592 0)
(386.369 1.02233 0)
(373.226 -1.7012 0)
(357.945 -2.41675 0)
(338.367 -3.75322 0)
(313.121 -4.93527 0)
(279.338 -5.7681 0)
(246.118 -2.73474 0)
(251.158 9.13224 0)
(106.242 5.37784 0)
(1.608 -0.573834 0)
(4.70923 1.19649 0)
(14.764 1.03057 0)
(23.573 0.925856 0)
(33.5236 1.14169 0)
(43.7079 0.863116 0)
(53.7767 1.52943 0)
(63.6426 1.879 0)
(74.3439 0.308549 0)
(73.5051 -0.680632 0)
(74.0457 -0.014354 0)
(78.3086 3.26875 0)
(105.374 2.11732 0)
(122.194 0.311777 0)
(119.126 1.22539 0)
(152.313 0.124524 0)
(157.02 1.03995 0)
(164.451 0.669689 0)
(167.863 0.125039 0)
(169.083 -0.316757 0)
(165.819 -0.746439 0)
(160.269 -0.813896 0)
(154.92 -0.838085 0)
(150.98 -0.602623 0)
(148.668 -0.417411 0)
(147.497 -0.315671 0)
(146.778 -0.231309 0)
(145.901 -0.208192 0)
(145.175 -0.202521 0)
(145.481 0.0481843 0)
(147.857 0.267316 0)
(152.5 0.533413 0)
(158.493 0.689967 0)
(165.32 0.772405 0)
(172.695 0.871077 0)
(180.629 0.897615 0)
(188.962 1.027 0)
(197.269 0.997381 0)
(205.233 1.00199 0)
(212.304 0.856985 0)
(218.282 0.754985 0)
(223.343 0.651365 0)
(228.119 0.661666 0)
(233.757 0.805068 0)
(241.273 1.08739 0)
(249.856 1.44227 0)
(258.636 1.54165 0)
(273.227 1.55536 0)
(283.259 1.54352 0)
(277.777 1.71977 0)
(270.793 -3.25663 0)
(219.709 -6.74207 0)
(198.983 -4.59945 0)
(170.393 -2.4167 0)
(161.768 0.506293 0)
(158.2 -0.399627 0)
(158.881 -0.406916 0)
(169.901 1.02389 0)
(157.336 -1.14781 0)
(159.742 -1.34699 0)
(157.67 0.547402 0)
(162.84 0.92236 0)
(171.279 1.14684 0)
(181.394 1.57815 0)
(196.159 2.84735 0)
(199.743 0.051757 0)
(205.443 -0.3417 0)
(173.5 -1.76736 0)
(161.18 -4.42732 0)
(146.063 -1.97478 0)
(139.153 -0.333565 0)
(144.089 1.04921 0)
(155.578 1.59882 0)
(169.718 1.93262 0)
(184.787 2.27513 0)
(186.248 -0.640062 0)
(177.97 -1.80889 0)
(173.382 0.415792 0)
(172.471 0.400974 0)
(170.879 -0.972834 0)
(166.098 -1.07393 0)
(164.34 0.470683 0)
(172.12 1.355 0)
(184.224 1.72236 0)
(195.931 2.02911 0)
(199.328 -0.00341109 0)
(193.651 -0.410877 0)
(193.836 0.566671 0)
(186.45 -0.538493 0)
(168.048 -2.94712 0)
(152.233 -2.04226 0)
(152.737 -0.438514 0)
(145.153 -0.28723 0)
(139.702 -0.023414 0)
(133.241 -0.536899 0)
(122.739 -0.698287 0)
(108.371 -0.701761 0)
(100.077 1.77102 0)
(158.411 8.45637 0)
(145.717 6.49504 0)
)
;

boundaryField
{
    inlet
    {
        type            fixedValue;
        value           uniform (1 0 0);
    }
    outlet
    {
        type            zeroGradient;
    }
    lowerWall
    {
        type            fixedValue;
        value           uniform (0 0 0);
    }
    upperWall
    {
        type            fixedValue;
        value           uniform (0 0 0);
    }
    frontAndBack
    {
        type            empty;
    }
}


// ************************************************************************* //
