/*--------------------------------*- C++ -*----------------------------------*\
| =========                 |                                                 |
| \\      /  F ield         | foam-extend: Open Source CFD                    |
|  \\    /   O peration     | Version:     5.0                                |
|   \\  /    A nd           | Web:         http://www.foam-extend.org         |
|    \\/     M anipulation  |                                                 |
\*---------------------------------------------------------------------------*/
FoamFile
{
    version     2.0;
    format      ascii;
    class       volScalarField;
    location    "0.07";
    object      alpha1;
}
// * * * * * * * * * * * * * * * * * * * * * * * * * * * * * * * * * * * * * //

dimensions      [0 0 0 0 0 0 0];

internalField   nonuniform List<scalar> 
4000
(
1
0.999855
0.999738
0.999153
0.985954
0.933915
1
1
0.474598
0.183882
1
0.908127
0.918824
0
1
0.993285
0.933795
0
1
0
1
0.999965
0
0
1
0
1
1
0.670103
0
1
0.717258
0
1
1
0
0
1
0
1
0
0.119372
1
0
1
1
0
1
0
1
0
0
0.956346
1
1
0
0.883678
1
0
1
0
1
1
0.472468
1
0.256243
0.963178
0.899066
0.971159
0.542502
0.807231
0.443771
1
0.519916
0.506128
1
0.947234
0.633249
0.809924
0.997759
1
0
1
0
0.988104
1
0
1
1
0
1
0
1
0
1
1
0.0208979
0
1
0.0513204
0
0.926993
0.734499
0.923242
0.640294
0.695468
0.214952
0.47438
1
0
0.471385
1
0
1
0
1
1
0.697811
0
1
0
0.999957
0
0.909276
1
0.999991
0
0
0.368961
1
0
0.72303
0
1
0
1
1
0
1
0
1
0
0
1
1
0
1
0
1
0
1
0
1
0
1
0
1
0
1
0
1
0
0.980756
1
0
1
0
1
0.404434
0.187868
1
0.481173
0
1
1
0
1
0
1
0
1
0
1
1
0
1
0
1
1
0
0.607832
1
1
0
0.993126
1
0
1
0
1
0
0
0
1
0
1
0
1
0
1
0
0
0.0397267
1
0
0.866414
0.597425
1
0.870431
0
1
0.999964
0
1
0
1
0
1
0
1
0
1
0
0.31845
1
1
0
1
0
1
0
0
1
0
1
0
1
0
1
0.961114
1
1
1
1
0
0.697334
1
0
1
0
1
0
1
0
1
1
0
1
0
1
0
0
1
0
1
1
0
1
0
1
0
0
1
0
1
0
1
0
1
0
1
0
0.103087
1
0.461617
0
1
0
1
0.355022
1
0.705672
0.0450569
0
1
0
1
0
1
0
1
0
0.863238
1
0
0.432721
1
0
1
0.948829
0
0.999546
0
1
0
1
1
0
1
1
1
0
1
0.282579
1
0
1
1
0
0
0
1
0
1
0
1
0
1
0
1
1
0
1
0
1
1
0.545844
0
1
0
1
1
0
0
1
1
0.138739
0.469254
0.82764
0.408563
0
0
0
1
0
1
0
1
0
1
0
1
1
1
0
1
0
1
0
1
0
1
0
1
0
1
1
1
0
1
0
0.428592
1
0.839348
0
1
0
1
0
1
1
0
1
0
1
1
0
1
0
1
0.999403
0.995509
0
1
0.999981
0
0
1
1
0
1
0.70541
0
1
0
1
0
0
0
0
1
0
1
0
1
1
0
0
1
1
0
1
0
1
0
1
0
1
0
1
0
0
0
1
1
0.558522
1
0.37954
0.701313
0.276652
0.946466
1
0
0
1
0
1
0
1
0
1
0
0
1
1
0
1
0
1
0
1
0
1
0
1
0
1
0
0.876835
0.667532
0
0.311671
0
0
1
0
1
0
0
0.827163
1
0.999789
0
1
0
0
1
0
1
0
0.992512
0.999965
0.942468
0
0
1
1
0
1
0
0.323864
1
0.495159
0
1
0
1
0
0
1
0
1
0
1
0
0
1
0
1
0
0
1
0
1
0
1
1
0
1
0
1
0
1
0
1
0.224103
0.232986
0.505409
0.480551
0.818073
0
1
1
1
0
1
0
1
0
1
0
1
1
0
0
1
0
0
1
1
0.443193
0
1
1
0
1
0
1
0
0.964324
0
0
0
1
0
1
0
0
0.857634
0
0
1
0
1
0
1
0
0
1
1
0
1
1
1
1
1
0
1
0
0
0
0.860695
1
1
0
1
1
0
0
1
0
1
1
0
0
1
1
0
1
0
1
0
1
0.976424
0
0
1
0
1
0
1
1
0
1
0
0.348914
0
0.787458
0.0819135
1
0.414815
0.339915
1
0
1
0
1
0
1
0.29463
0
0
1
0
1
0
1
0
0
1
0
1
0
0
1
0
1
1
0.935907
0.580489
0
0
0
0
1
0
0.723169
0.924376
1
0
1
0
0
0
1
0
1
0
0.288047
1
1
0
0
1
0
0
1
1
0
1
0
1
1
0
1
1
0
0
1
0
1
0.999945
0
0
1
0
1
0
1
0
0
1
1
0
0
1
0
1
0
0
1
0
1
0
0.620814
0.800177
0.275067
0.561169
0.904481
0.635357
0.471661
0
1
1
0
1
0
1
0
0.906479
0.734594
0
1
0
0
1
0.440572
1
0
1
1
0
0
1
0
1
1
0
0
0.487068
1
1
0
0
0.836998
1
0
0
0
1
0
1
1
0
0
1
0
1
0
1
0
1
0
1
0
1
0
0
1
0
1
0
0
1
0
0
1
1
0
1
1
0
0
1
0
1
0
1
0
1
0
1
1
0
1
0
1
0
1
0
1
0
1
0
1
0
1
0.2282
0.576536
0.0579497
1
0
0
0
1
0
1
0
1
0.204665
0.916649
0.355985
0.616468
0
1
0.989436
0
0.9263
0
0
0.278815
0.997012
1
0
1
1
1
0
1
0.161889
0.999897
0
1
0
0.915091
0
1
0
1
0
1
0
0
1
0.733453
0
1
0
1
0
1
0
1
0
1
0
1
0
1
0.999677
0
1
0
1
0
1
0
0.378388
1
0
0
0
1
0
1
0
1
1
0
1
0
1
0
1
0
0.493911
1
1
0
1
0
1
0
1
0
1
0.164383
0.693802
0.0268768
1
0
1
0.177583
1
0
1
0
1
0
1
0
1
0
1
0.999599
1
0
1
0.996328
0
0.101348
0
1
0
1
1
0
1
0
0.642299
0
0
0
0
0
1
0
1
0
1
0
1
0
0
1
0.984123
0
1
1
0
1
0
0
1
0
1
0
1
0
0
1
0
1
0
1
0
1
1
0
1
0
1
0
1
0.999998
0
1
0
0.976693
0
1
1
0
1
0
1
1
0
1
0
1
0
1
0
1
0
1
0.0964827
0.879338
0
1
0
1
1
1
0
1
0
1
0
1
0
1
0.997038
0
0
1
0
0
0.059611
1
0.355045
0
1
1
0
1
0
1
1
0
1
0.797736
0.206461
0
0.036392
1
0
1
0
0.890518
0
1
0
0
0
1
0
0
1
0
1
0
1
0.999986
0
1
0
1
1
0
1
0
0
1
1
0
0
1
0
1
1
0
1
0
1
0
0
0.816059
0.154763
1
0
1
0
1
1
0
1
0
1
0
1
1
0.793906
0.0178508
1
0.659005
1
0.0216932
0.816636
0
0.361227
1
0.997546
0
1
0
1
0
0.0141559
1
1
0
0
0
1
0
0
1
1
0
1
0
1
0
1
0
0
0.00829435
0.64296
0.016188
1
0.999851
0.560068
0
0
0.35917
1
0
1
0.950721
0
1
1
0
0
1
0
1
0
0
0
1
0
0
1
0
1
0
0
1
0
1
1
0
0
1
0
1
0
1
0
1
0
1
0
1
0
1
0
1
1
0
1
1
0
1
0
1
1
0
1
0
1
0
1
0
0
1
0.118799
0
1
0.0336229
0
1
0
1
0
1
1
0.220557
0
1
1
1
0
0
1
0.99681
0
0.995391
0
1
0
1
0
1
1
0
0.228523
1
0.643672
0.74233
0
1
1
0
0
1
1
0
1
0
0
0
1
0
1
0
1
1
0.252996
0
1
1
0
1
0
0
1
0
0.291416
1
1
0
1
0
1
0
1
0
1
0
1
0
1
0
1
0
1
0
1
0.896266
0
0
1
0
1
1
0
1
0
1
1
1
0
1
1
0
0.575263
1
0
1
1
0
1
0
1
0
1
0
1
0
1
0
0
1
0.999405
0
1
1
0
0
1
0
1
0
0
1
1
0
0
0
1
0
0
0.809915
0
0
1
0.999933
0
1
0
1
0
0.99979
0
1
0
0
1
0.999982
0
0
1
0
1
0
0
0
1
0
0
1
0
0
0
1
0
1
0
1
0
1
0
1
0
1
0
0.0450103
1
0
1
0
0
1
0
0
1
0
1
1
0
1
1
0.539937
0
1
0
0
1
0
1
0.700577
0
0
1
0.99919
0
1
0
1
0
1
1
0.993013
0
1
0
0
1
0
0
1
0
1
1
1
1
0
1
0.11805
0
1
1
1
0
0.853219
0
1
1
0
1
0
1
1
0
1
0
1
0
1
0.999992
0
0
1
0
1
0
1
0
1
0
0
1
0
1
0
1
0
1
0
1
0.987157
0
1
0
0
0.0126155
1
0
0.38478
1
1
0
0
1
1
0
1
1
0.999833
0
1
0
0.826284
0
0.108189
1
0.347639
0
1
0
0.542593
0
1
0
1
0
1
1
0
1
0
1
0
1
0
1
0
0
0
1
0
1
0
0
1
1
1
0
1
1
0
0
0
0
1
1
0
0
1
0
1
0
1
0.999924
0
1
0
1
0
1
0
0.24225
0
1
0
0
1
0
1
1
0
1
0
1
1
0
1
0
1
1
1
0
1
0
1
1
0
0.912915
1
0
1
1
0
1
0
1
0
1
0
1
0
1
1
0
0.461974
1
0.999463
0
1
0
1
0.746714
0
1
0
1
0
1
1
0
1
0
1
0
1
0
1
0
1
0
1
1
1
0
0
1
0.228824
0
1
0
0
1
1
1
0
0
1
1
0
1
0
1
0
1
0
1
0
1
0
1
0.999999
0
1
0
1
1
1
0
1
0
1
0
1
1
0
1
0
1
1
1
0
1
0
1
0
0
1
1
0
1
0
0
1
0
1
0
1
0
1
0
1
1
0
0.00674993
0
1
0
1
0
1
0
1
0
1
1
0
1
0
1
0
0.985081
1
0
1
0.999998
0
0
1
0
1
0
1
1
0
1
0
0.999971
0
0
1
1
0
0
1
0.999975
0
0
1
0
1
0
0
1
0
1
0
1
0
1
0
1
0
0
1
0
1
0
1
0
1
0
1
1
0
1
1
1
0
1
1
0
1
0
1
1
0
0.999998
0
1
0
1
0
0
1
0.999998
0
0
1
0
1
0.999991
0
1
1
0.999994
0
1
0
1
0
1
0
0
1
0
1
0
1
0
0
1
0
1
0.999991
0
1
0
1
1
0
1
0
1
0.786186
0
1
0.726778
1
1
1
0
1
0
1
0
1
0
0.163474
1
0
0
0
0
1
0
1
1
0.999997
0
1
0
1
0
0
1
0
1
0
1
1
1
0
1
1
1
1
1
1
1
0
1
1
1
0
0
1
0
1
0
1
0
1
1
0
0
1
1
0.99999
0
1
0
1
0
1
1
0.999994
0
1
0
1
0
1
0.774846
0
1
0
1
0
1
1
0
1
0.999989
0
0.214193
0
1
0
1
1
0
1
0
1
1
0.999999
1
0
0
0
1
0
1
0
1
0
1
0
0.198495
0.986613
0.999998
0
0
0
1
0
0
1
0
0
1
0
1
1
0
1
0
1
1
0.999999
0.999999
0.999999
1
1
1
0.999999
0.999999
0.999999
0.999998
0
1
1
1
1
1
0
1
0.273756
0.999996
0
1
0
1
1
1
0
0.999981
0
1
0
0
1
0.521364
0
0.233356
1
1
0
0
0
1
0
0.999944
0
0
1
0
0
0
1
0
1
0
1
0
1
1
0
1
0
1
0
1
0
0
0
0
1
1
1
0
1
0
1
0
1
0
1
0
1
1
1
0
0
0
1
0.372259
0
1
0
0
0
1
1
0
0
1
0
0.999996
0.999993
0.999993
0.999993
0.999994
0.999994
0.999994
0.999994
0.999994
0.999993
0.999993
0.999993
0.999989
0.999989
0
1
1
1
0
1
0
1
0
1
0.868289
0
0
1
0.99995
0
1
0
1
0.999975
0
0.483464
0
0.108872
1
0.999985
0
1
0
0.248947
0
1
1
0
1
0
1
0
1
0
0
0
1
0
0
1
0
1
0
1
0
1
1
1
0.959947
1
1
1
1
0
1
0
1
0
1
0
1
0
0
0
1
1
0
0.983683
1
0
0
1
0
0.144101
1
0
1
1
0
0.999995
0.999991
0.999986
0.999985
0.999986
0.999989
0.999989
0.99999
0.999989
0.999988
0.999987
0.999987
0.999988
0.999991
0.999979
0
0
0.999962
0
0.119135
1
0.999954
0
1
0.985784
0
1
0
1
0
1
0
1
0.999939
0
0
1
0.999979
0
1
0
1
0
1
0
1
0.999492
0
1
0
0
0
1
0
1
0
1
0
1
0
0
1
0
1
0
1
0
0
0.999995
0.832345
0.997083
1
1
1
0
0
1
0
1
0
1
0.45057
1
1
1
0
1
1
0
0
1
1
0
1
1
0
1
1
0.999998
0.999996
0.999992
0.999988
0.999982
0.99998
0.999981
0.999984
0.999985
0.999986
0.999984
0.999982
0.99998
0.999978
0.573852
0
0
0
1
0
0
1
0
0.999939
0
1
0
1
0
1
0
1
0
1
0.999942
0
0
1
0.999933
0
1
0
1
0
1
0
1
0.999973
0
1
0
1
1
1
0
1
0
0
1
0
1
0
0
0
1
0
1
0
1
1
0
1
0.974972
1
1
0
1
0
0
1
1
1
1
1
1
1
0
1
1
1
1
1
0
0.930348
1
0.0924877
1
1
1
1
0.999997
0.999994
0.999991
0.999987
0.999982
0.999979
0.999979
0.99998
0.999981
0.999981
0.999978
0.999974
0.999969
0.999965
0
1
1
1
0
1
1
0
1
0
1
1
0
0.554896
1
0
1
0
1
0
0.999911
0
0
1
0.999902
0
0
1
0
0
0
1
0
0
1
0.999976
0
1
0
0
1
0
0
1
0
1
0.999939
0
0
1
0.999919
0
1
1
0
0
1
1
0
1
1
0
0
1
0
0
1
0
1
1
1
1
1
1
1
1
1
1
1
1
1
1
1
1
1
0.999999
0.999995
0.999993
0.999989
0.999986
0.999983
0.99998
0.999978
0.999977
0.999975
0.999973
0.999969
0.999962
0.999958
0
0
1
1
0
1
0
1
0
0
0.697876
1
0
0
1
0
1
0
1
0
1
0
0
1
0
0
1
0
1
0.999971
0
0.5166
1
0
1
0.99997
0
1
0
1
0
0
0
1
0
1
0.999978
0
0.134182
1
0.996878
0
1
0.999932
0.999969
1
1
0
1
0.998162
0
1
1
0
0.615892
1
0
1
0
1
1
1
1
1
1
1
1
1
1
1
1
1
1
1
1
1
0.999998
0.999994
0.999991
0.999988
0.999985
0.999983
0.99998
0.999977
0.999975
0.999973
0.999971
0.999965
0.999961
0.99996
0.999962
1
0
0
1
0
1
0
1
0
0.467435
0
0.487446
1
0
0
1
1
0
0
1
0
1
0
1
0.999968
0
0
1
0
1
0
0
1
0.73432
0
0.0123342
1
1
0
1
0
1
1
0
1
0
1
1
0.999982
0
1
0
0
0
1
0
1
0
1
0.991706
0
1
0.155082
0
1
1
0
1
0
1
0
1
1
1
1
1
1
1
1
1
1
1
1
1
1
0.999997
0.999993
0.999989
0.999986
0.999983
0.999981
0.99998
0.999978
0.999977
0.999975
0.999973
0.99997
0.999966
0.999964
0.999964
0
1
1
0
0
1
0
1
0
0.726414
1
1
0
1
1
0
1
0
1
0.9816
0
1
0
0.974825
0
0
0.0137115
0
1
0
1
1
1
0
1
1
0
0.524348
1
0
1
0
0
1
0
0.999976
0
1
0
1
0
0
1
0
0
1
0
1
0
1
0
0.50807
1
0
0
1
1
0
1
0
1
0
1
1
1
1
1
1
0
1
1
1
1
1
1
0.999996
0.999991
0.999987
0.999983
0.999981
0.999978
0.999977
0.999976
0.999975
0.999975
0.999974
0.999971
0.999968
0.999966
0.999965
1
0
0.999954
0.999954
0.999962
1
1
0
1
0.999934
0
1
0
0
0
1
0
1
0
0
1
0
1
0
1
1
0
0
0
1
0
0
0.151446
0
0.999849
1
0
0
0.999488
1
0
1
0.0647583
0
1
0
1
0
1
0
0
1
0
1
0
0.999997
1
0
0
1
0
0
0
1
0
1
0.836263
0
0.351396
1
0
1
0
1
1
1
1
1
1
0
1
1
1
1
1
0.999994
0.999989
0.999985
0.999981
0.999978
0.999975
0.999974
0.999973
0.999972
0.999972
0.999972
0.999971
0.999969
0.999967
0.999966
1
0
0.999954
0.999962
0.999969
0.999969
0.999929
0
1
0
1
0
1
0
1
0
1
0
0
1
0.996947
0
0
1
0
0
1
0
0
0
1
0
1
0.319864
0
0.999854
1
0
0
0.999958
1
0
1
0.043961
0
0
0.358198
1
0
1
0
0.999985
1
0
1
0
0.999986
1
1
0
1
0
1
0
1
0
1
1
0.908289
0
1
0
1
0
1
1
1
0
1
0
1
1
1
1
1
0.999993
0.999987
0.999982
0.999978
0.999974
0.999972
0.99997
0.999969
0.999969
0.999969
0.999969
0.999969
0.999968
0.999967
0.999966
1
0.515777
0
0.999969
0.999969
0.999964
0.99996
1
0
0.862242
0
1
0
1
1
1
0
1
1
0
0
0
1
0
1
0
0
1
1
1
0
1
0
1
0
0
1
1
1
0
0
0.999949
1
1
0
0
0.999938
0.999981
0.693203
0.396235
1
0
1
0
0.155248
1
0
1
1
0.98962
0
1
0
1
0
1
0
0
0
1
0
1
0
1
0
1
0
1
0
1
1
1
1
1
0.999999
0.999991
0.999985
0.999979
0.999974
0.99997
0.999967
0.999966
0.999965
0.999965
0.999965
0.999966
0.999966
0.999966
0.999966
0.999965
1
0.889461
0
0.999958
0.99996
0.999965
0.999963
0.999963
1
0
0.668453
1
0
1
0
1
0
0
0
1
0
0
1
0
1
0
1
0
0
0
0.999857
1
0
0.999948
1
1
0
1
0
0.999933
1
0
0.999909
1
1
0
0
0.99991
1
0
1
0
0.999966
1
0.00827583
1
1
1
0
1
1
0
1
0
1
0
1
1
1
0
1
0
1
0
1
0
1
0
1
1
1
1
1
1
0.999998
0.999989
0.999982
0.999975
0.99997
0.999966
0.999962
0.999961
0.99996
0.99996
0.999961
0.999962
0.999962
0.999963
0.999963
0.999964
1
0.944738
0
0.999959
0.999954
0.999957
0.999957
0.999961
1
0
0.999932
1
0
0
1
0
1
1
1
0
0.999967
1
0.267259
0
1
0.6201
0.743783
1
0
1
0
1
0
0
0.999914
1
1
0
1
0
0.931668
1
0
0.99989
1
1
0
0
0.999947
1
0
1
0
1
0
0
0.999999
0
1
0
0
1
0
1
0
1
0.00595735
0
0.820481
1
0
1
0
1
0
1
0
1
1
1
1
1
1
1
0.999997
0.999986
0.999978
0.99997
0.999964
0.99996
0.999956
0.999955
0.999954
0.999955
0.999956
0.999957
0.999958
0.999959
0.99996
0.999961
1
0.968587
0
0.999958
0.999956
0.999958
0.999959
0.999955
1
0
0.999937
1
0
1
0
1
0
0
0.999966
1
0
1
0.889977
0
1
0.999817
1
0
1
0.000246269
0
0.999948
1
0
0
0.999896
1
0.771906
0
0
0.952848
0.32997
1
0
0.999838
0.99994
1
0
0.989117
0.99998
1
0.207453
0
0.999984
1
1
0.999988
1
0
1
1
0
1
0
1
0
0
1
0
1
0
0
1
1
0
1
0
1
1
1
1
1
1
1
0.999995
0.999982
0.999972
0.999963
0.999956
0.999951
0.999948
0.999947
0.999947
0.999948
0.99995
0.999951
0.999952
0.999953
0.999955
0.999957
1
0.998244
0
0.999953
0.999955
0.999955
0.999955
1
1
0
0.999945
1
0
0.999916
1
1
0
0
0
0.591673
1
0
1
0
0
0.999869
1
0
1
1
0
0
0.999875
1
1
0
0.999969
1
0
0
0.999869
0.999907
1
0
0
0.999677
0.99996
1
0
0.999978
1
1
1
0
0.999923
0
0
1
1
1
0
1
0
0
1
0.999264
1
0
1
0
1
0
1
1
0
1
0
1
1
1
1
1
1
1
0.999992
0.999978
0.999965
0.999953
0.999945
0.99994
0.999936
0.999936
0.999938
0.99994
0.999943
0.999944
0.999946
0.999947
0.999949
0.999952
1
1
0
0.99995
0.99995
0.999952
0.999952
1
0
1
0
1
0
0.999917
1
0
1
0
0
0.999892
1
0
1
0.715227
0
0.999878
1
0
0.99992
0
1
0
0.999873
1
0
1
0
1
0.0401658
0
0
1
0.46642
1
0.300437
0
0.822198
1
0
0.999976
0.999979
0
0
1
0
0.107255
1
1
1
0
1
0
0
1
1
1
0
1
0
1
0
0
0.998877
1
0
1
0
1
1
1
1
1
1
1
0.999991
0.999975
0.999958
0.999942
0.999931
0.999925
0.999921
0.999922
0.999927
0.999931
0.999934
0.999936
0.999937
0.99994
0.999943
0.999946
1
0.738971
0
0.999948
0.999946
0.999946
0.999947
0
1
0
1
0
1
0
0.999913
0.999897
0
1
0
0.999871
1
0
1
0
0.699282
0
1
0
0
1
0
0
0.999809
1
0
0
1
0
1
1
0
0
1
0
1
0
0
1
0
0.999974
0
1
1
0
1
1
0
1
0
1
0
0
1
1
0
0
1
0
1
0.371289
0.316428
0
0.941703
1
0
1
0
1
1
1
1
1
1
1
0.99999
0.999975
0.999957
0.999939
0.999923
0.999903
0.999887
0.999891
0.999908
0.999918
0.999923
0.999924
0.999924
0.999925
0.999931
0.999936
1
0
0
1
1
0
0.999944
0.999942
0
1
0
1
0
1
0
0.999861
1
0
0.999878
1
0
0.506171
1
1
0
0.999845
1
0
1
0
1
0.259621
0
0
1
0
0.9999
1
0.0196157
0
1
0
0.980131
1
0.65513
0
1
0.20894
0
0.999894
1
1
0
1
0
0
0.985753
0
1
0
0
1
1
0
1
1
0
0.993506
1
0.0808082
0.494781
0
0.33156
1
0
1
0
1
1
1
1
1
1
1
0.999993
0.999982
0.999967
0.999949
0.999926
0.999903
0.999892
0.999899
0.999909
0.999912
0.999907
0.999894
0.999872
0.999867
0.999888
0.999907
1
0.510726
0
1
0
0.999931
0.999925
1
0
1
0.84698
0
1
0
1
0
1
0
0.999862
1
0
0.724891
1
0
0
0.720105
1
0
0.999875
1
0
1
0
0.999824
1
0
0.963859
1
1
0.11375
0
0
0.999818
1
0.903233
0.0337239
0
1
0
0.950123
0.999902
1
0
0.999908
1
0.149037
0.0600741
1
0.514666
0.815461
1
0.999707
0.873807
1
0
0
1
1
1
0
0
0.940069
0.769067
1
0
1
1
1
1
1
1
1
1
0.999998
0.999993
0.999989
0.999985
0.99998
0.999973
0.999961
0.999951
0.999954
0.999953
0.999948
0.999937
0.999916
0.999908
0.999926
0
1
1
1
0.59068
0
0.999942
0.999961
1
0
1
0
1
0
1
0
0.687167
1
0.0144686
0.546874
0
0.991832
0.999677
1
0
0
0.948319
0
0
0.999931
0.999963
1
1
0.156467
0
0.999925
1
0
1
0.670319
1
0.285059
0.38881
0
0.999932
1
0
0.324983
1
0.0141326
0
1
0.390174
1
0.0121977
0
1
0.024951
0.659007
)
;

boundaryField
{
    inlet
    {
        type            zeroGradient;
    }
    outlet
    {
        type            zeroGradient;
    }
    lowerWall
    {
        type            zeroGradient;
    }
    upperWall
    {
        type            zeroGradient;
    }
    frontAndBack
    {
        type            empty;
    }
}


// ************************************************************************* //
