/*--------------------------------*- C++ -*----------------------------------*\
| =========                 |                                                 |
| \\      /  F ield         | foam-extend: Open Source CFD                    |
|  \\    /   O peration     | Version:     5.0                                |
|   \\  /    A nd           | Web:         http://www.foam-extend.org         |
|    \\/     M anipulation  |                                                 |
\*---------------------------------------------------------------------------*/
FoamFile
{
    version     2.0;
    format      ascii;
    class       volVectorField;
    location    "0.07";
    object      currentDensity;
}
// * * * * * * * * * * * * * * * * * * * * * * * * * * * * * * * * * * * * * //

dimensions      [0 -2 0 0 0 1 0];

internalField   nonuniform List<vector> 
4000
(
(0 0 -82.127)
(0 0 -59.9085)
(0 0 9.1795)
(0 0 120.812)
(0 0 176.292)
(0 0 184.504)
(0 0 234.614)
(0 0 208.574)
(0 0 251.365)
(0 0 278.581)
(0 0 554.297)
(0 0 811.627)
(0 0 1070.62)
(0 0 1557.38)
(0 0 1969.82)
(0 0 2532.22)
(0 0 3117.65)
(0 0 3867.24)
(0 0 4542.65)
(0 0 5385.8)
(0 0 6685.63)
(0 0 8821.97)
(0 0 10557)
(0 0 11736)
(0 0 12443.1)
(0 0 13784.4)
(0 0 13972.5)
(0 0 14757.4)
(0 0 14633.6)
(0 0 13440.2)
(0 0 12005.6)
(0 0 12121.8)
(0 0 11758)
(0 0 11399.6)
(0 0 12622)
(0 0 12869.4)
(0 0 13276.6)
(0 0 13021.8)
(0 0 14377.6)
(0 0 14383.4)
(0 0 15287.3)
(0 0 15390.5)
(0 0 16008.7)
(0 0 16859.1)
(0 0 16115.9)
(0 0 15888.6)
(0 0 14735)
(0 0 13070.4)
(0 0 12383.1)
(0 0 10688.4)
(0 0 8716.46)
(0 0 7360.33)
(0 0 6223.93)
(0 0 5098.04)
(0 0 4638.41)
(0 0 3839.01)
(0 0 3674.95)
(0 0 3215.99)
(0 0 3022.21)
(0 0 2961.74)
(0 0 2618.39)
(0 0 2511.07)
(0 0 2158.76)
(0 0 1881.79)
(0 0 1760.52)
(0 0 1756.15)
(0 0 1471.45)
(0 0 1220.73)
(0 0 1030.04)
(0 0 947.782)
(0 0 673.772)
(0 0 505.963)
(0 0 403.235)
(0 0 454.226)
(0 0 505.567)
(0 0 506.415)
(0 0 621.349)
(0 0 425.461)
(0 0 428.81)
(0 0 295.184)
(0 0 634.846)
(0 0 297.753)
(0 0 382.266)
(0 0 227.578)
(0 0 134.483)
(0 0 534.895)
(0 0 155.172)
(0 0 -0.776817)
(0 0 558.736)
(0 0 211.347)
(0 0 514.279)
(0 0 59.3071)
(0 0 326.769)
(0 0 -209.002)
(0 0 -431.696)
(0 0 7.80659)
(0 0 35.5313)
(0 0 -67.7494)
(0 0 200.669)
(0 0 773.856)
(0 0 -52.339)
(0 0 24.0487)
(0 0 -27.7509)
(0 0 328.234)
(0 0 405.825)
(0 0 308.822)
(0 0 691.402)
(0 0 822.066)
(0 0 802.702)
(0 0 554.091)
(0 0 1119.99)
(0 0 1364.85)
(0 0 1748.84)
(0 0 2945.81)
(0 0 3398.2)
(0 0 4478.26)
(0 0 5376.85)
(0 0 6656.84)
(0 0 7984.33)
(0 0 9445.07)
(0 0 11324.1)
(0 0 12999.4)
(0 0 13615.5)
(0 0 13606.8)
(0 0 14189.8)
(0 0 14862.9)
(0 0 14553.6)
(0 0 13511.2)
(0 0 12118.5)
(0 0 11012.9)
(0 0 10826.5)
(0 0 10309.4)
(0 0 10113.7)
(0 0 10356.4)
(0 0 12252.9)
(0 0 12650.6)
(0 0 14241.7)
(0 0 15150.6)
(0 0 15208)
(0 0 16756.4)
(0 0 17493.9)
(0 0 19165.1)
(0 0 20368.1)
(0 0 20641.4)
(0 0 21408.1)
(0 0 22545.1)
(0 0 21816.6)
(0 0 21623.5)
(0 0 20279.5)
(0 0 19277.1)
(0 0 17734.9)
(0 0 14920.4)
(0 0 12897.2)
(0 0 10415.4)
(0 0 9280.14)
(0 0 7821.34)
(0 0 7465.46)
(0 0 6281.05)
(0 0 6363.53)
(0 0 5428.69)
(0 0 5550.81)
(0 0 4693.57)
(0 0 4715.28)
(0 0 4027.28)
(0 0 3565.44)
(0 0 3722.35)
(0 0 2896.3)
(0 0 2695.78)
(0 0 2058.19)
(0 0 1894.66)
(0 0 1371.73)
(0 0 1084.83)
(0 0 845.829)
(0 0 1051.58)
(0 0 1220.93)
(0 0 1040.84)
(0 0 968.425)
(0 0 802.97)
(0 0 1280.35)
(0 0 805.378)
(0 0 1217.29)
(0 0 555.924)
(0 0 432.152)
(0 0 881.011)
(0 0 517.114)
(0 0 1031.12)
(0 0 619.649)
(0 0 283.81)
(0 0 1069.44)
(0 0 768.673)
(0 0 607.132)
(0 0 318.318)
(0 0 756.188)
(0 0 106.608)
(0 0 -203.18)
(0 0 378.56)
(0 0 -222.615)
(0 0 531.939)
(0 0 586.109)
(0 0 1524.95)
(0 0 186.042)
(0 0 262.11)
(0 0 103.756)
(0 0 573.078)
(0 0 336.503)
(0 0 782.301)
(0 0 454.816)
(0 0 802.48)
(0 0 570.057)
(0 0 872.476)
(0 0 923.031)
(0 0 1033.16)
(0 0 1813.58)
(0 0 2863.82)
(0 0 3183.54)
(0 0 4556.77)
(0 0 5325.36)
(0 0 6538.76)
(0 0 7463.21)
(0 0 9021.31)
(0 0 10243)
(0 0 11338.4)
(0 0 11580.5)
(0 0 11462)
(0 0 12380.7)
(0 0 11736.9)
(0 0 11654.6)
(0 0 10763.3)
(0 0 10212.6)
(0 0 8920.74)
(0 0 8645.46)
(0 0 7931.6)
(0 0 9057.42)
(0 0 9490.61)
(0 0 10815.5)
(0 0 11834.7)
(0 0 12817.4)
(0 0 13533.7)
(0 0 14819.8)
(0 0 15097.9)
(0 0 16177.8)
(0 0 16738.7)
(0 0 17886)
(0 0 19219.8)
(0 0 20115.2)
(0 0 19937.1)
(0 0 19688.8)
(0 0 19954.7)
(0 0 18764.5)
(0 0 18635)
(0 0 17502.3)
(0 0 15353.6)
(0 0 13668.4)
(0 0 11170.4)
(0 0 9371.96)
(0 0 8935.27)
(0 0 7856.69)
(0 0 6693.48)
(0 0 7022.93)
(0 0 5991.71)
(0 0 6246)
(0 0 5381.72)
(0 0 5444.1)
(0 0 4490.52)
(0 0 4684.09)
(0 0 3976.35)
(0 0 3113.76)
(0 0 3177.19)
(0 0 2399.1)
(0 0 2314.98)
(0 0 1669.25)
(0 0 1657.13)
(0 0 1437.1)
(0 0 1105.9)
(0 0 864.576)
(0 0 1650.41)
(0 0 1015.66)
(0 0 1705.3)
(0 0 1192.63)
(0 0 1577.35)
(0 0 1015.39)
(0 0 631.347)
(0 0 1264.16)
(0 0 897.597)
(0 0 1522.34)
(0 0 1030.44)
(0 0 1609.29)
(0 0 1182.32)
(0 0 1038.43)
(0 0 1596.61)
(0 0 2003.47)
(0 0 1613.02)
(0 0 860.845)
(0 0 1298.3)
(0 0 1500.56)
(0 0 748.194)
(0 0 294.313)
(0 0 330.245)
(0 0 1247.33)
(0 0 2493.83)
(0 0 287.027)
(0 0 218.05)
(0 0 501.459)
(0 0 274.446)
(0 0 762.968)
(0 0 450.86)
(0 0 868.143)
(0 0 439.715)
(0 0 948.003)
(0 0 669.135)
(0 0 1248.79)
(0 0 992.837)
(0 0 1875.47)
(0 0 2083.05)
(0 0 2676.46)
(0 0 4234)
(0 0 4832.17)
(0 0 5652.4)
(0 0 6962.24)
(0 0 8346.49)
(0 0 9756.71)
(0 0 10118.5)
(0 0 10056.8)
(0 0 9953.67)
(0 0 10524.5)
(0 0 9585.4)
(0 0 9232.15)
(0 0 9171.8)
(0 0 7770.88)
(0 0 6971.03)
(0 0 7166.69)
(0 0 7384.2)
(0 0 7151.93)
(0 0 8479.97)
(0 0 9930.13)
(0 0 10957)
(0 0 10912)
(0 0 11786.9)
(0 0 13310.7)
(0 0 13950.4)
(0 0 14268)
(0 0 14959.6)
(0 0 15921.2)
(0 0 16267.7)
(0 0 16900.5)
(0 0 16914.3)
(0 0 17737.1)
(0 0 17139.6)
(0 0 16425.4)
(0 0 16095.4)
(0 0 15479.1)
(0 0 14344.1)
(0 0 13066)
(0 0 10895)
(0 0 9940.08)
(0 0 9286.12)
(0 0 7904.59)
(0 0 7177.77)
(0 0 7299.78)
(0 0 6336.6)
(0 0 6386.75)
(0 0 6270.62)
(0 0 5292.61)
(0 0 5310.65)
(0 0 5343.21)
(0 0 4145.37)
(0 0 3263.12)
(0 0 3328.6)
(0 0 2783.04)
(0 0 2113.49)
(0 0 2142.32)
(0 0 1988.59)
(0 0 1363.76)
(0 0 1615.19)
(0 0 1250.1)
(0 0 1192.23)
(0 0 1006.6)
(0 0 1838.47)
(0 0 1567.11)
(0 0 1328.14)
(0 0 933.443)
(0 0 1517.09)
(0 0 1718.13)
(0 0 1768.19)
(0 0 1353.51)
(0 0 1839.22)
(0 0 1420.7)
(0 0 2152.56)
(0 0 1621.35)
(0 0 1743.15)
(0 0 1457.66)
(0 0 2160.8)
(0 0 1401.09)
(0 0 1887.71)
(0 0 1337.92)
(0 0 771.148)
(0 0 528.764)
(0 0 1244.44)
(0 0 1159.79)
(0 0 2123)
(0 0 316.886)
(0 0 13.3404)
(0 0 407.14)
(0 0 510.164)
(0 0 360.85)
(0 0 863.813)
(0 0 542.412)
(0 0 911.65)
(0 0 1029.03)
(0 0 1228.88)
(0 0 1521.63)
(0 0 1010.88)
(0 0 1704.44)
(0 0 1831.72)
(0 0 2959.27)
(0 0 4121.59)
(0 0 4299.23)
(0 0 5440.44)
(0 0 6011.29)
(0 0 7572.36)
(0 0 8949.4)
(0 0 8979.37)
(0 0 8739.1)
(0 0 8736.79)
(0 0 9068.58)
(0 0 8507.03)
(0 0 7770.77)
(0 0 6855.88)
(0 0 5799.29)
(0 0 5631.73)
(0 0 5351.72)
(0 0 6739.9)
(0 0 7007.38)
(0 0 7955.78)
(0 0 9411.3)
(0 0 9220.48)
(0 0 10192.8)
(0 0 10643.4)
(0 0 10710.2)
(0 0 10670.6)
(0 0 11456.7)
(0 0 13223.6)
(0 0 13465.7)
(0 0 14293.4)
(0 0 14682.3)
(0 0 15067.8)
(0 0 15389.1)
(0 0 15306)
(0 0 14071.3)
(0 0 14036.6)
(0 0 13457.4)
(0 0 12998.8)
(0 0 12234.4)
(0 0 11370)
(0 0 9476.83)
(0 0 9050.38)
(0 0 8562.79)
(0 0 8053.85)
(0 0 7039.4)
(0 0 7018.78)
(0 0 6289.45)
(0 0 5766.96)
(0 0 5818.65)
(0 0 5804.52)
(0 0 4943.49)
(0 0 3945.55)
(0 0 3935.54)
(0 0 3122.74)
(0 0 3098.09)
(0 0 2287)
(0 0 2240.72)
(0 0 1985)
(0 0 1848.33)
(0 0 1391.48)
(0 0 1828.53)
(0 0 1482.44)
(0 0 1860.57)
(0 0 1534.42)
(0 0 2124.45)
(0 0 1487.28)
(0 0 1841.58)
(0 0 1673.18)
(0 0 1259.41)
(0 0 1025.4)
(0 0 1874.4)
(0 0 1452.83)
(0 0 2417.74)
(0 0 1878.96)
(0 0 2537.28)
(0 0 1927.85)
(0 0 2598.11)
(0 0 1981.72)
(0 0 2492.15)
(0 0 1802.5)
(0 0 2169.51)
(0 0 1388.16)
(0 0 1716.89)
(0 0 1427.02)
(0 0 1364.89)
(0 0 2443.61)
(0 0 410.298)
(0 0 130.543)
(0 0 158.783)
(0 0 165.123)
(0 0 598.966)
(0 0 480.198)
(0 0 1026.74)
(0 0 1204.09)
(0 0 679.478)
(0 0 1112.1)
(0 0 759.374)
(0 0 768.699)
(0 0 909.345)
(0 0 2181.36)
(0 0 2516.85)
(0 0 3346.68)
(0 0 4414.15)
(0 0 5310.79)
(0 0 5793.82)
(0 0 6840.83)
(0 0 7544.13)
(0 0 7594.3)
(0 0 7527.55)
(0 0 7815.75)
(0 0 7742.36)
(0 0 6373.76)
(0 0 5990.38)
(0 0 5113.48)
(0 0 3198.24)
(0 0 3138.81)
(0 0 3012.07)
(0 0 4707.71)
(0 0 6458.8)
(0 0 7337.36)
(0 0 6951.18)
(0 0 7842.55)
(0 0 7569.06)
(0 0 8284.89)
(0 0 8000.31)
(0 0 9011.89)
(0 0 10561.7)
(0 0 10366.1)
(0 0 11508.9)
(0 0 11915.2)
(0 0 12855)
(0 0 13319.4)
(0 0 13096.7)
(0 0 13345.8)
(0 0 12210)
(0 0 12150)
(0 0 11583.4)
(0 0 11226.3)
(0 0 11231.8)
(0 0 11157.1)
(0 0 9593.41)
(0 0 9251.24)
(0 0 8904.08)
(0 0 7624.36)
(0 0 7621.05)
(0 0 6575.65)
(0 0 6807.11)
(0 0 5791.9)
(0 0 5914.11)
(0 0 5228.42)
(0 0 4443.14)
(0 0 3780.8)
(0 0 4015.03)
(0 0 3601)
(0 0 2865.66)
(0 0 2758.12)
(0 0 2054.04)
(0 0 1430.68)
(0 0 1599.08)
(0 0 1757.13)
(0 0 1445.93)
(0 0 1919.6)
(0 0 1692.48)
(0 0 2227.17)
(0 0 1779.47)
(0 0 2200.27)
(0 0 1628.68)
(0 0 1096.43)
(0 0 1964.53)
(0 0 1533.26)
(0 0 1531.2)
(0 0 2273.74)
(0 0 3043.02)
(0 0 2478.53)
(0 0 2013.82)
(0 0 2463.42)
(0 0 3100.95)
(0 0 2309.49)
(0 0 2911.85)
(0 0 3032.48)
(0 0 2158.41)
(0 0 2398.55)
(0 0 1823.35)
(0 0 1806.51)
(0 0 1688.2)
(0 0 2866.44)
(0 0 474.995)
(0 0 344.048)
(0 0 329.432)
(0 0 435.885)
(0 0 265.092)
(0 0 705.282)
(0 0 1194.39)
(0 0 893.796)
(0 0 517.921)
(0 0 545.021)
(0 0 421.472)
(0 0 1151.6)
(0 0 969.44)
(0 0 2290.35)
(0 0 2586.91)
(0 0 3718.43)
(0 0 4070.88)
(0 0 5081.76)
(0 0 5630.68)
(0 0 6019.16)
(0 0 6249.96)
(0 0 6000.98)
(0 0 5862.2)
(0 0 6152.63)
(0 0 6020.39)
(0 0 5032.48)
(0 0 4193.39)
(0 0 2069.66)
(0 0 765.813)
(0 0 907.975)
(0 0 1417.59)
(0 0 2935.57)
(0 0 4937.5)
(0 0 6400.44)
(0 0 6141.56)
(0 0 6147.79)
(0 0 7141.91)
(0 0 7440.91)
(0 0 7149.06)
(0 0 7963.18)
(0 0 9243.16)
(0 0 9367.35)
(0 0 9957.16)
(0 0 10780.5)
(0 0 10989.8)
(0 0 11571.3)
(0 0 11378.2)
(0 0 12054.6)
(0 0 11007.2)
(0 0 10796.5)
(0 0 10146)
(0 0 10148)
(0 0 10247.8)
(0 0 9899.82)
(0 0 9247.82)
(0 0 8796.08)
(0 0 8760.2)
(0 0 7737.33)
(0 0 7666)
(0 0 6492.76)
(0 0 6854.87)
(0 0 5971.06)
(0 0 5375.12)
(0 0 5360.95)
(0 0 4406.15)
(0 0 4254.3)
(0 0 4379.28)
(0 0 3316.54)
(0 0 3216.91)
(0 0 2398.64)
(0 0 2477.41)
(0 0 1665.8)
(0 0 1177.26)
(0 0 1261.27)
(0 0 1718.32)
(0 0 1556.99)
(0 0 2137.25)
(0 0 1988.37)
(0 0 2312.92)
(0 0 2467.92)
(0 0 1942.26)
(0 0 1313.48)
(0 0 2229.97)
(0 0 2121.65)
(0 0 2583.36)
(0 0 2329.25)
(0 0 2849.09)
(0 0 3405.79)
(0 0 2556.85)
(0 0 3114.75)
(0 0 2535.37)
(0 0 3062.27)
(0 0 3412.59)
(0 0 2565.72)
(0 0 2782.99)
(0 0 2297.32)
(0 0 1665.64)
(0 0 1829.22)
(0 0 1899.15)
(0 0 2376.15)
(0 0 505.266)
(0 0 294.096)
(0 0 550.865)
(0 0 169.815)
(0 0 499.47)
(0 0 282.215)
(0 0 921.955)
(0 0 791.2)
(0 0 911.644)
(0 0 429.116)
(0 0 850.124)
(0 0 895.723)
(0 0 1170.92)
(0 0 2354.54)
(0 0 3238.54)
(0 0 3547.97)
(0 0 4305.34)
(0 0 4695.79)
(0 0 5330.58)
(0 0 5313.12)
(0 0 5216.19)
(0 0 5134.28)
(0 0 5205.68)
(0 0 5166.15)
(0 0 4755.36)
(0 0 3113.91)
(0 0 936.32)
(0 0 -753.971)
(0 0 -917.771)
(0 0 -806.315)
(0 0 259.415)
(0 0 1022.11)
(0 0 2854)
(0 0 4110.85)
(0 0 3745.99)
(0 0 4553.74)
(0 0 5551.43)
(0 0 5356.31)
(0 0 6296.75)
(0 0 7671.91)
(0 0 8029.58)
(0 0 9001.68)
(0 0 9537.36)
(0 0 9417.58)
(0 0 9897.76)
(0 0 10770.6)
(0 0 10556.6)
(0 0 11260.7)
(0 0 10299.6)
(0 0 9971.3)
(0 0 9437.94)
(0 0 8982.04)
(0 0 9378.41)
(0 0 9287.6)
(0 0 8689.2)
(0 0 8254.85)
(0 0 8133.76)
(0 0 7983.23)
(0 0 7292.84)
(0 0 6422.48)
(0 0 6810.98)
(0 0 5763.54)
(0 0 5900.88)
(0 0 4914.44)
(0 0 4787.09)
(0 0 3973.22)
(0 0 4255.28)
(0 0 3307.61)
(0 0 3280.04)
(0 0 2285.85)
(0 0 2562.86)
(0 0 1858.96)
(0 0 1332.78)
(0 0 1514.74)
(0 0 1414.86)
(0 0 1909.07)
(0 0 2069.98)
(0 0 2358.71)
(0 0 1981.36)
(0 0 2137.52)
(0 0 2265.78)
(0 0 1657.77)
(0 0 2393.78)
(0 0 2233.37)
(0 0 2469.6)
(0 0 3096.02)
(0 0 2415.94)
(0 0 3294.92)
(0 0 2628.37)
(0 0 2330.37)
(0 0 2956.55)
(0 0 2973.37)
(0 0 2541.24)
(0 0 2835.87)
(0 0 2375.54)
(0 0 1877.22)
(0 0 1592.41)
(0 0 1736.63)
(0 0 1920.37)
(0 0 1349.24)
(0 0 556.626)
(0 0 182.018)
(0 0 363.187)
(0 0 190.33)
(0 0 268.026)
(0 0 531.827)
(0 0 337.671)
(0 0 305.783)
(0 0 374.223)
(0 0 680.412)
(0 0 537.651)
(0 0 1239.69)
(0 0 1960.96)
(0 0 2240.88)
(0 0 2847.9)
(0 0 3883.17)
(0 0 4060.96)
(0 0 4623.77)
(0 0 4971.96)
(0 0 4657.84)
(0 0 4470.42)
(0 0 4259.7)
(0 0 4316.14)
(0 0 3626.43)
(0 0 2334.78)
(0 0 89.7329)
(0 0 -1207.53)
(0 0 -2366.06)
(0 0 -2350.61)
(0 0 -955.055)
(0 0 -319.952)
(0 0 1838.63)
(0 0 2571.92)
(0 0 2459.58)
(0 0 3556.15)
(0 0 4016.06)
(0 0 3545.39)
(0 0 4300.12)
(0 0 5766.1)
(0 0 6157.78)
(0 0 7124.41)
(0 0 7671.47)
(0 0 7700.41)
(0 0 8439.1)
(0 0 9601.33)
(0 0 9756.37)
(0 0 10198.7)
(0 0 10229.5)
(0 0 9973.23)
(0 0 9310.03)
(0 0 8964.09)
(0 0 8366.24)
(0 0 8759.87)
(0 0 8485.69)
(0 0 8272.03)
(0 0 8115.43)
(0 0 7889.15)
(0 0 7468.23)
(0 0 7323.06)
(0 0 6729.32)
(0 0 6586.98)
(0 0 5719.58)
(0 0 5898.98)
(0 0 4790.93)
(0 0 4792.16)
(0 0 4012.32)
(0 0 3613.37)
(0 0 3630.94)
(0 0 2857.86)
(0 0 2234.46)
(0 0 2493.81)
(0 0 2264.67)
(0 0 1621.62)
(0 0 1529.24)
(0 0 1720.94)
(0 0 2002.19)
(0 0 2286.23)
(0 0 2253.19)
(0 0 2058.23)
(0 0 1874.42)
(0 0 2031.71)
(0 0 2065.2)
(0 0 2329.64)
(0 0 2822.13)
(0 0 3150.27)
(0 0 3023.62)
(0 0 2559.41)
(0 0 3205.41)
(0 0 2818.55)
(0 0 2491.53)
(0 0 2376.62)
(0 0 2111.3)
(0 0 2679.68)
(0 0 2321.59)
(0 0 1864.38)
(0 0 1505.94)
(0 0 1594.16)
(0 0 1619.92)
(0 0 1632.37)
(0 0 695.284)
(0 0 589.827)
(0 0 52.1428)
(0 0 103.886)
(0 0 323.01)
(0 0 452.244)
(0 0 280.345)
(0 0 461.031)
(0 0 140.729)
(0 0 467.001)
(0 0 339.172)
(0 0 816.492)
(0 0 1052.85)
(0 0 1996.1)
(0 0 2861.57)
(0 0 3092.27)
(0 0 3740.68)
(0 0 4139.77)
(0 0 4257.82)
(0 0 4279.55)
(0 0 3717.62)
(0 0 3314.67)
(0 0 3530.24)
(0 0 2538.01)
(0 0 1576.53)
(0 0 -310.821)
(0 0 -2063.62)
(0 0 -3616)
(0 0 -3608.69)
(0 0 -3471.29)
(0 0 -1564.93)
(0 0 -943.855)
(0 0 -258.004)
(0 0 927.337)
(0 0 656.027)
(0 0 1780.6)
(0 0 1876.44)
(0 0 2881.57)
(0 0 3007.82)
(0 0 4192.06)
(0 0 5260.22)
(0 0 5899.34)
(0 0 5868.87)
(0 0 6806.02)
(0 0 7937.8)
(0 0 8422.84)
(0 0 9055.15)
(0 0 8977.64)
(0 0 9685.35)
(0 0 9367.86)
(0 0 8898.82)
(0 0 8255.09)
(0 0 7895.25)
(0 0 8215.89)
(0 0 7689.97)
(0 0 8051.44)
(0 0 7507.78)
(0 0 7418.18)
(0 0 7104.4)
(0 0 6767.16)
(0 0 6447.45)
(0 0 6188.12)
(0 0 5834.92)
(0 0 5484.36)
(0 0 5077.74)
(0 0 4400.95)
(0 0 4327.43)
(0 0 3457.46)
(0 0 3486.91)
(0 0 2722.06)
(0 0 2726.61)
(0 0 2210.19)
(0 0 2146.8)
(0 0 2096.89)
(0 0 1928.38)
(0 0 2055.52)
(0 0 2044.35)
(0 0 2355.41)
(0 0 2052.58)
(0 0 2025.17)
(0 0 1849.69)
(0 0 2181.94)
(0 0 2242.83)
(0 0 2566.17)
(0 0 2883.55)
(0 0 3155.28)
(0 0 3395.91)
(0 0 3041.65)
(0 0 3123.55)
(0 0 3263.04)
(0 0 2716.22)
(0 0 2407.24)
(0 0 1866.86)
(0 0 2519.23)
(0 0 1946.09)
(0 0 1681.72)
(0 0 1646.39)
(0 0 1509.36)
(0 0 1494.89)
(0 0 1569.68)
(0 0 492.282)
(0 0 517.021)
(0 0 8.12748)
(0 0 -157.796)
(0 0 196.063)
(0 0 319.861)
(0 0 341.483)
(0 0 170.922)
(0 0 265.221)
(0 0 144.553)
(0 0 454.766)
(0 0 547.712)
(0 0 1423.3)
(0 0 1881.95)
(0 0 3016.5)
(0 0 3559.09)
(0 0 3649.33)
(0 0 3871.16)
(0 0 3796.21)
(0 0 3270.09)
(0 0 2893.76)
(0 0 2435.72)
(0 0 2101.91)
(0 0 484.369)
(0 0 -1198.61)
(0 0 -2658.62)
(0 0 -4444.69)
(0 0 -4915.77)
(0 0 -5225.15)
(0 0 -3585.19)
(0 0 -2701.09)
(0 0 -2566.88)
(0 0 -1020.11)
(0 0 -1134.85)
(0 0 132.339)
(0 0 220.285)
(0 0 1288.56)
(0 0 1461.72)
(0 0 2158.12)
(0 0 3330.73)
(0 0 3651.98)
(0 0 4668.35)
(0 0 5161.05)
(0 0 6298.61)
(0 0 6672.68)
(0 0 7475.69)
(0 0 8139.8)
(0 0 7877.4)
(0 0 8827.83)
(0 0 8213.5)
(0 0 8273.69)
(0 0 7707.63)
(0 0 7696.31)
(0 0 7527.94)
(0 0 7118.16)
(0 0 7597.75)
(0 0 7071.18)
(0 0 7054.39)
(0 0 6769.03)
(0 0 6380.87)
(0 0 6165.09)
(0 0 5947.3)
(0 0 5397.11)
(0 0 5352.6)
(0 0 4815.7)
(0 0 4682.47)
(0 0 4004.85)
(0 0 3675.54)
(0 0 3187.93)
(0 0 3061.8)
(0 0 2552.21)
(0 0 2541.92)
(0 0 2011.31)
(0 0 2274.78)
(0 0 2352.59)
(0 0 2484.93)
(0 0 2346.62)
(0 0 2033.78)
(0 0 2202.35)
(0 0 1805.61)
(0 0 2144.49)
(0 0 1997.96)
(0 0 2687.65)
(0 0 2403.41)
(0 0 2937.78)
(0 0 3051.43)
(0 0 3048.4)
(0 0 2927.64)
(0 0 3355.7)
(0 0 3216.98)
(0 0 2856.47)
(0 0 2707.29)
(0 0 2098.58)
(0 0 2122.8)
(0 0 1887.2)
(0 0 1760.29)
(0 0 1712.52)
(0 0 1456.61)
(0 0 1390.26)
(0 0 1146.83)
(0 0 -210.735)
(0 0 419.572)
(0 0 -62.7069)
(0 0 -250.06)
(0 0 113.379)
(0 0 176.054)
(0 0 224.997)
(0 0 173.28)
(0 0 36.8473)
(0 0 138.136)
(0 0 279.143)
(0 0 669.607)
(0 0 1531.83)
(0 0 2114.66)
(0 0 2974.72)
(0 0 3576.8)
(0 0 3491.71)
(0 0 3376.32)
(0 0 3126.4)
(0 0 2607.7)
(0 0 2017.84)
(0 0 1612.7)
(0 0 68.684)
(0 0 -1393.24)
(0 0 -3123.07)
(0 0 -4325.25)
(0 0 -5832.85)
(0 0 -6703.97)
(0 0 -5807.95)
(0 0 -5069.22)
(0 0 -4022.28)
(0 0 -2708.37)
(0 0 -2500.59)
(0 0 -1392.37)
(0 0 -1116.09)
(0 0 -992.051)
(0 0 -42.5196)
(0 0 1377)
(0 0 1805.25)
(0 0 1954.08)
(0 0 2993.42)
(0 0 3486.71)
(0 0 4582.6)
(0 0 4959.3)
(0 0 5466.12)
(0 0 6357)
(0 0 6755.79)
(0 0 7391.42)
(0 0 7553.29)
(0 0 7217.02)
(0 0 7693.23)
(0 0 7112.07)
(0 0 7132.04)
(0 0 6891.62)
(0 0 7010.8)
(0 0 7011.91)
(0 0 6826.29)
(0 0 6648.47)
(0 0 6313.54)
(0 0 5903.35)
(0 0 5741.25)
(0 0 5563.75)
(0 0 5011.9)
(0 0 5024.48)
(0 0 4664.93)
(0 0 4456.54)
(0 0 4016.38)
(0 0 3473.31)
(0 0 3233.02)
(0 0 2860.05)
(0 0 2923.28)
(0 0 2433.57)
(0 0 2343.03)
(0 0 2849.88)
(0 0 2826.8)
(0 0 2507.56)
(0 0 2091.46)
(0 0 2373.79)
(0 0 1839.94)
(0 0 2146.79)
(0 0 1768.45)
(0 0 1913.6)
(0 0 2798.2)
(0 0 2520.03)
(0 0 2431.17)
(0 0 2152.53)
(0 0 2693.36)
(0 0 3260.37)
(0 0 3371.63)
(0 0 2992.58)
(0 0 2956.98)
(0 0 2903.79)
(0 0 1964.42)
(0 0 1939.58)
(0 0 1654.59)
(0 0 1557.48)
(0 0 1494.39)
(0 0 1404.87)
(0 0 1352.06)
(0 0 830.227)
(0 0 -950.846)
(0 0 437.097)
(0 0 -237.423)
(0 0 -298.322)
(0 0 77.3437)
(0 0 91.9096)
(0 0 224.991)
(0 0 162.346)
(0 0 -145.221)
(0 0 94.9996)
(0 0 358.708)
(0 0 1071.26)
(0 0 1694.97)
(0 0 2306.62)
(0 0 2801.08)
(0 0 3382.21)
(0 0 3178.89)
(0 0 2830.9)
(0 0 2413.46)
(0 0 1855.67)
(0 0 1439.92)
(0 0 664.25)
(0 0 -1388.7)
(0 0 -3052.75)
(0 0 -4319.75)
(0 0 -5889.78)
(0 0 -7629.81)
(0 0 -7558.39)
(0 0 -7148.75)
(0 0 -5703.4)
(0 0 -5333.24)
(0 0 -4363.11)
(0 0 -3482.88)
(0 0 -3885.27)
(0 0 -2929.12)
(0 0 -1519.45)
(0 0 -1411.53)
(0 0 -551.858)
(0 0 103.499)
(0 0 1201.16)
(0 0 2299.1)
(0 0 2871.82)
(0 0 3596.5)
(0 0 3847.32)
(0 0 4738.42)
(0 0 5186.18)
(0 0 6016.32)
(0 0 6408.61)
(0 0 6664)
(0 0 6794.17)
(0 0 7179.06)
(0 0 6614.73)
(0 0 6423.56)
(0 0 6513.42)
(0 0 6410.09)
(0 0 6759.97)
(0 0 6410)
(0 0 5745.19)
(0 0 5796.65)
(0 0 5239.05)
(0 0 5393.68)
(0 0 5138.47)
(0 0 4426.01)
(0 0 4645.15)
(0 0 4421.83)
(0 0 4352.83)
(0 0 3876.47)
(0 0 3190.25)
(0 0 2950.89)
(0 0 3015.66)
(0 0 2905.34)
(0 0 2570.44)
(0 0 2867.39)
(0 0 3180.46)
(0 0 2942.38)
(0 0 2102.65)
(0 0 2422.39)
(0 0 1979.34)
(0 0 2325.21)
(0 0 1950.85)
(0 0 2375.96)
(0 0 2530.74)
(0 0 2145.8)
(0 0 1348.06)
(0 0 1719.15)
(0 0 2337.11)
(0 0 2887.55)
(0 0 2775.7)
(0 0 2886.99)
(0 0 3454.86)
(0 0 3282.48)
(0 0 2985.1)
(0 0 2370.94)
(0 0 1523.53)
(0 0 1553.26)
(0 0 1251.96)
(0 0 1333.96)
(0 0 1169.03)
(0 0 1275.44)
(0 0 1132.52)
(0 0 -417.943)
(0 0 467.425)
(0 0 -407.567)
(0 0 -347.017)
(0 0 -84.6083)
(0 0 -196.546)
(0 0 -38.0403)
(0 0 305.431)
(0 0 -95.8302)
(0 0 92.6383)
(0 0 566.877)
(0 0 1474.47)
(0 0 1644.75)
(0 0 2344.43)
(0 0 2666.89)
(0 0 2671.13)
(0 0 2734.81)
(0 0 2407.97)
(0 0 1782.64)
(0 0 1267.5)
(0 0 259.798)
(0 0 -1098.97)
(0 0 -2589.17)
(0 0 -4142.39)
(0 0 -6232.55)
(0 0 -7661.1)
(0 0 -8228.64)
(0 0 -8358.46)
(0 0 -7049.44)
(0 0 -6044.16)
(0 0 -6323.39)
(0 0 -4694.86)
(0 0 -4999.88)
(0 0 -3762.73)
(0 0 -3504.82)
(0 0 -2325.03)
(0 0 -2007.63)
(0 0 -601.72)
(0 0 -458.104)
(0 0 537.375)
(0 0 850.293)
(0 0 1886.07)
(0 0 2206.18)
(0 0 3027.61)
(0 0 3688.33)
(0 0 4515.33)
(0 0 5093.49)
(0 0 5822.56)
(0 0 6455.41)
(0 0 6672.96)
(0 0 6298.34)
(0 0 6209.3)
(0 0 5828.42)
(0 0 6000.23)
(0 0 5976.05)
(0 0 6289.21)
(0 0 5730.2)
(0 0 5666.86)
(0 0 5285.77)
(0 0 4951.07)
(0 0 4959.43)
(0 0 4489.65)
(0 0 4388.97)
(0 0 4163.07)
(0 0 4239.65)
(0 0 3628.69)
(0 0 3717.97)
(0 0 3009.13)
(0 0 2876.68)
(0 0 3186.53)
(0 0 3013.47)
(0 0 2886.12)
(0 0 3132.32)
(0 0 2991.63)
(0 0 2941.06)
(0 0 2515.24)
(0 0 2048.64)
(0 0 2332.74)
(0 0 1723.24)
(0 0 2185.44)
(0 0 1667.51)
(0 0 2022.51)
(0 0 1523.83)
(0 0 2102.34)
(0 0 1882.83)
(0 0 2773.5)
(0 0 2309.03)
(0 0 2608.57)
(0 0 3209.18)
(0 0 3130.09)
(0 0 2624.07)
(0 0 2966.57)
(0 0 2572.1)
(0 0 1884.13)
(0 0 1088.93)
(0 0 1162.26)
(0 0 1046.25)
(0 0 1372.66)
(0 0 1669.63)
(0 0 1414.14)
(0 0 -103.862)
(0 0 518.185)
(0 0 -554.162)
(0 0 -533.278)
(0 0 -356.732)
(0 0 -16.4834)
(0 0 140.221)
(0 0 242.072)
(0 0 -2.70836)
(0 0 552.206)
(0 0 742.465)
(0 0 1532.11)
(0 0 1718.44)
(0 0 1599.8)
(0 0 1979.51)
(0 0 2286.92)
(0 0 2478.78)
(0 0 2080.58)
(0 0 1481.74)
(0 0 402.65)
(0 0 -529.957)
(0 0 -1934.13)
(0 0 -3960.61)
(0 0 -5264.11)
(0 0 -7282.62)
(0 0 -9063.98)
(0 0 -8937.46)
(0 0 -8283.93)
(0 0 -7418.56)
(0 0 -6601.43)
(0 0 -7118.14)
(0 0 -4836.73)
(0 0 -5213.47)
(0 0 -3812.7)
(0 0 -3310.78)
(0 0 -3170.35)
(0 0 -2087.87)
(0 0 -1192.54)
(0 0 -847.695)
(0 0 -658.675)
(0 0 306.307)
(0 0 861.178)
(0 0 1854.63)
(0 0 2069.51)
(0 0 2939.6)
(0 0 3410.88)
(0 0 4336.99)
(0 0 4721.64)
(0 0 5636.76)
(0 0 6004.17)
(0 0 5932.36)
(0 0 5588.03)
(0 0 5303.18)
(0 0 5450.31)
(0 0 5135.93)
(0 0 5473.92)
(0 0 5346.83)
(0 0 5079.99)
(0 0 5171.69)
(0 0 5036.69)
(0 0 4419.08)
(0 0 4409.12)
(0 0 3877.54)
(0 0 4235.61)
(0 0 4040.13)
(0 0 3200.4)
(0 0 3711.73)
(0 0 3370.45)
(0 0 3171.82)
(0 0 3010.59)
(0 0 3328.4)
(0 0 2939.48)
(0 0 3146.04)
(0 0 3133.23)
(0 0 2554.29)
(0 0 2551.37)
(0 0 2125.56)
(0 0 1514.11)
(0 0 1788.06)
(0 0 2596.68)
(0 0 2222.38)
(0 0 1224.02)
(0 0 1967.67)
(0 0 1318.57)
(0 0 1937.04)
(0 0 1730.62)
(0 0 1951.11)
(0 0 2914.54)
(0 0 2795.02)
(0 0 2332.21)
(0 0 2855.54)
(0 0 2633.12)
(0 0 1609.07)
(0 0 1811.53)
(0 0 1252.41)
(0 0 875.236)
(0 0 1190.56)
(0 0 1322.18)
(0 0 1880)
(0 0 1702.73)
(0 0 301.096)
(0 0 394.633)
(0 0 -722.764)
(0 0 -672.338)
(0 0 -293.008)
(0 0 -565.371)
(0 0 -367.244)
(0 0 -89.4229)
(0 0 452.559)
(0 0 888.701)
(0 0 990.394)
(0 0 846.734)
(0 0 1084.31)
(0 0 1667.18)
(0 0 1557.59)
(0 0 2270.73)
(0 0 1852.81)
(0 0 1379.71)
(0 0 989.946)
(0 0 -338.612)
(0 0 -1206.13)
(0 0 -3026.93)
(0 0 -4719.04)
(0 0 -6594.44)
(0 0 -8005.96)
(0 0 -9544.55)
(0 0 -9506.76)
(0 0 -8628.88)
(0 0 -7186.25)
(0 0 -7452.68)
(0 0 -6486.88)
(0 0 -4798.07)
(0 0 -3944.89)
(0 0 -4106.87)
(0 0 -3467.2)
(0 0 -2616.56)
(0 0 -2866.98)
(0 0 -2127.21)
(0 0 -1914.21)
(0 0 -1042.42)
(0 0 -452.608)
(0 0 691.771)
(0 0 1310.31)
(0 0 1551.9)
(0 0 1877.76)
(0 0 2735.69)
(0 0 3370.4)
(0 0 3605.96)
(0 0 4652.81)
(0 0 5363.14)
(0 0 5305.26)
(0 0 5125.55)
(0 0 5179.66)
(0 0 4747.08)
(0 0 4647.02)
(0 0 4734.57)
(0 0 4982.5)
(0 0 4769.43)
(0 0 4268.98)
(0 0 4153.35)
(0 0 4326.54)
(0 0 3770.85)
(0 0 3498.15)
(0 0 4010.54)
(0 0 3764.15)
(0 0 3052.71)
(0 0 3723.58)
(0 0 3469.07)
(0 0 3196.99)
(0 0 2859.07)
(0 0 3124.78)
(0 0 3656.59)
(0 0 3653.19)
(0 0 2698.41)
(0 0 2857.65)
(0 0 2293.21)
(0 0 1821.84)
(0 0 1568.52)
(0 0 2231.83)
(0 0 1659.8)
(0 0 2179.18)
(0 0 1596.59)
(0 0 2225.8)
(0 0 1761.61)
(0 0 1250.27)
(0 0 1940.09)
(0 0 1704.54)
(0 0 2391.37)
(0 0 2071.03)
(0 0 2452.21)
(0 0 2194.8)
(0 0 2296.01)
(0 0 1796.26)
(0 0 952.828)
(0 0 988.43)
(0 0 1332.34)
(0 0 1523.96)
(0 0 1748.71)
(0 0 2114.3)
(0 0 1539.73)
(0 0 421.411)
(0 0 180.385)
(0 0 -846.409)
(0 0 -892.793)
(0 0 -655.424)
(0 0 -140.158)
(0 0 23.0157)
(0 0 226.137)
(0 0 354.404)
(0 0 483.867)
(0 0 505.488)
(0 0 1119.1)
(0 0 1174.9)
(0 0 944.02)
(0 0 1520.98)
(0 0 1510.3)
(0 0 1621.61)
(0 0 841.811)
(0 0 500.153)
(0 0 -749.48)
(0 0 -2153.5)
(0 0 -3636.8)
(0 0 -5892.32)
(0 0 -7311.94)
(0 0 -8980.4)
(0 0 -9758.89)
(0 0 -9965.81)
(0 0 -8366.32)
(0 0 -7426.6)
(0 0 -6531.63)
(0 0 -4701.61)
(0 0 -3006.43)
(0 0 -1655.15)
(0 0 -1683.14)
(0 0 -2150.51)
(0 0 -2031.5)
(0 0 -2380.6)
(0 0 -2303.09)
(0 0 -2068.3)
(0 0 -1342.45)
(0 0 -378.145)
(0 0 57.7751)
(0 0 487.252)
(0 0 731.411)
(0 0 1260.32)
(0 0 1852.04)
(0 0 2116.58)
(0 0 2889.51)
(0 0 3815.07)
(0 0 4211.32)
(0 0 4583.16)
(0 0 5049.03)
(0 0 4657.86)
(0 0 4402.61)
(0 0 4643.11)
(0 0 4441.88)
(0 0 4444.13)
(0 0 4374.18)
(0 0 4162.05)
(0 0 4446.49)
(0 0 3767.27)
(0 0 3856.96)
(0 0 3400.32)
(0 0 3655.48)
(0 0 3139.6)
(0 0 3055.01)
(0 0 3614.47)
(0 0 4118.63)
(0 0 3677.91)
(0 0 2847.67)
(0 0 3066.91)
(0 0 3942.58)
(0 0 3601.24)
(0 0 2333.73)
(0 0 2538.8)
(0 0 1824.34)
(0 0 2279.42)
(0 0 2166.89)
(0 0 1418.7)
(0 0 2036.76)
(0 0 1461.37)
(0 0 1697.3)
(0 0 1209.38)
(0 0 799.261)
(0 0 1603.86)
(0 0 1214.11)
(0 0 1817.4)
(0 0 1366.05)
(0 0 1930.32)
(0 0 1929.22)
(0 0 2274.58)
(0 0 1597.81)
(0 0 1592.95)
(0 0 851.145)
(0 0 1401.05)
(0 0 1033.66)
(0 0 1654.82)
(0 0 1773.22)
(0 0 1857.18)
(0 0 1010.54)
(0 0 -661.437)
(0 0 248.965)
(0 0 -842.751)
(0 0 -904.526)
(0 0 -606.683)
(0 0 -1058.09)
(0 0 -947.809)
(0 0 -629.588)
(0 0 -33.2451)
(0 0 707.744)
(0 0 388.679)
(0 0 -21.4146)
(0 0 92.7659)
(0 0 432.168)
(0 0 595.41)
(0 0 1529.41)
(0 0 873.675)
(0 0 573.9)
(0 0 -273.444)
(0 0 -1256.26)
(0 0 -2924.04)
(0 0 -4318.31)
(0 0 -6875.81)
(0 0 -8037.35)
(0 0 -9583.18)
(0 0 -9535.68)
(0 0 -9610.75)
(0 0 -8380.2)
(0 0 -6469.26)
(0 0 -4981.16)
(0 0 -2350.12)
(0 0 1084.2)
(0 0 2837.26)
(0 0 1801.33)
(0 0 1037.21)
(0 0 -655.189)
(0 0 -1314.79)
(0 0 -1789.08)
(0 0 -1226.35)
(0 0 -507.552)
(0 0 -595.147)
(0 0 -633.37)
(0 0 -148.986)
(0 0 471.525)
(0 0 507.321)
(0 0 719.408)
(0 0 761.629)
(0 0 2252.13)
(0 0 2967.23)
(0 0 3885.21)
(0 0 4269.86)
(0 0 4437.84)
(0 0 4537.14)
(0 0 4268.86)
(0 0 3987.56)
(0 0 4402.66)
(0 0 4349.26)
(0 0 3606.64)
(0 0 4164.75)
(0 0 3686.81)
(0 0 3842.38)
(0 0 3113)
(0 0 3591.01)
(0 0 3149.11)
(0 0 3765.96)
(0 0 3717.44)
(0 0 4312.79)
(0 0 4289.86)
(0 0 4245.45)
(0 0 3795.94)
(0 0 3220.65)
(0 0 3441.51)
(0 0 2768.01)
(0 0 2318.28)
(0 0 1728.48)
(0 0 1714.42)
(0 0 1397.83)
(0 0 1934.47)
(0 0 1228.63)
(0 0 1934.04)
(0 0 1226.39)
(0 0 202.348)
(0 0 712.893)
(0 0 693.088)
(0 0 1431.71)
(0 0 849.308)
(0 0 1457.06)
(0 0 1287.08)
(0 0 1198.76)
(0 0 1930.74)
(0 0 1858.39)
(0 0 1725.17)
(0 0 895.734)
(0 0 1302.67)
(0 0 779.785)
(0 0 1036.91)
(0 0 529.158)
(0 0 654.167)
(0 0 1168.02)
(0 0 298.001)
(0 0 -923.912)
(0 0 289.803)
(0 0 -561.726)
(0 0 -734.327)
(0 0 -1341.5)
(0 0 -1153.69)
(0 0 -611.219)
(0 0 -902.996)
(0 0 -272.587)
(0 0 532.408)
(0 0 134.442)
(0 0 -405.187)
(0 0 -46.7009)
(0 0 728.804)
(0 0 151.15)
(0 0 808.785)
(0 0 96.9603)
(0 0 -195.243)
(0 0 -727.155)
(0 0 -2233.55)
(0 0 -3580.69)
(0 0 -5564.99)
(0 0 -7404.11)
(0 0 -8925.31)
(0 0 -9675.88)
(0 0 -9477.78)
(0 0 -8606.69)
(0 0 -7127.83)
(0 0 -5143.5)
(0 0 -2238.63)
(0 0 2330.49)
(0 0 8416)
(0 0 10217.1)
(0 0 10470.2)
(0 0 7571.43)
(0 0 3901.27)
(0 0 1445.8)
(0 0 208.324)
(0 0 91.5558)
(0 0 -494.064)
(0 0 -928.626)
(0 0 -1034.53)
(0 0 -275.806)
(0 0 57.0953)
(0 0 -194.097)
(0 0 -306.553)
(0 0 -182.352)
(0 0 1065.86)
(0 0 2072.32)
(0 0 2940.35)
(0 0 3574.95)
(0 0 3959.23)
(0 0 4063.15)
(0 0 3510.34)
(0 0 3629.55)
(0 0 3406.88)
(0 0 3593.12)
(0 0 2910.68)
(0 0 3437.86)
(0 0 4053.63)
(0 0 3477.59)
(0 0 2606.36)
(0 0 2899.25)
(0 0 3228.79)
(0 0 3003.14)
(0 0 3900.84)
(0 0 3640.34)
(0 0 3003.82)
(0 0 3642.27)
(0 0 4170.22)
(0 0 3684.49)
(0 0 2538.18)
(0 0 2354.49)
(0 0 1616.3)
(0 0 1416.3)
(0 0 744.542)
(0 0 1160.62)
(0 0 847.611)
(0 0 972.968)
(0 0 1517.89)
(0 0 701.888)
(0 0 1069.62)
(0 0 600.49)
(0 0 1459.33)
(0 0 1097.8)
(0 0 536.419)
(0 0 918.599)
(0 0 720.92)
(0 0 1107.46)
(0 0 1124.16)
(0 0 626.158)
(0 0 1255.98)
(0 0 489.761)
(0 0 374.222)
(0 0 815.735)
(0 0 189.856)
(0 0 341.315)
(0 0 95.4704)
(0 0 1002.47)
(0 0 1250.16)
(0 0 -360.864)
(0 0 223.553)
(0 0 -421.666)
(0 0 -658.658)
(0 0 -1303.17)
(0 0 -870.561)
(0 0 -1439.5)
(0 0 -1094.98)
(0 0 -622.116)
(0 0 29.6452)
(0 0 -563.466)
(0 0 -10.1364)
(0 0 -475.978)
(0 0 25.1495)
(0 0 100.41)
(0 0 8.50321)
(0 0 -720.807)
(0 0 -1004.76)
(0 0 -1717.78)
(0 0 -2812.87)
(0 0 -4616.74)
(0 0 -6558.01)
(0 0 -7915.79)
(0 0 -9320)
(0 0 -10139.1)
(0 0 -9093.82)
(0 0 -7510.59)
(0 0 -5499.22)
(0 0 -3034.39)
(0 0 -309.062)
(0 0 3514.8)
(0 0 9888.64)
(0 0 12062.7)
(0 0 11121.6)
(0 0 8026.06)
(0 0 5838.19)
(0 0 4342.93)
(0 0 2886.04)
(0 0 1175.39)
(0 0 -159.208)
(0 0 -562.529)
(0 0 -554.966)
(0 0 -545.36)
(0 0 -756.548)
(0 0 -959.827)
(0 0 -1090.42)
(0 0 -800.643)
(0 0 -158.818)
(0 0 1302.57)
(0 0 2275.34)
(0 0 2678.14)
(0 0 3234.27)
(0 0 3246.81)
(0 0 3457.57)
(0 0 2819.96)
(0 0 3293.17)
(0 0 2908.97)
(0 0 3006.09)
(0 0 3832.6)
(0 0 3597.21)
(0 0 2795.39)
(0 0 2824.66)
(0 0 3289.75)
(0 0 2717.15)
(0 0 2385.01)
(0 0 2942.7)
(0 0 2717.03)
(0 0 3202.25)
(0 0 2561.95)
(0 0 3146)
(0 0 3439.3)
(0 0 2141.69)
(0 0 1122.76)
(0 0 556.383)
(0 0 412.658)
(0 0 867.418)
(0 0 976.411)
(0 0 1990.37)
(0 0 1535.43)
(0 0 671.658)
(0 0 1186.7)
(0 0 426.558)
(0 0 978.687)
(0 0 627.769)
(0 0 340.998)
(0 0 946.115)
(0 0 303.402)
(0 0 768.212)
(0 0 820.302)
(0 0 541.061)
(0 0 155.067)
(0 0 640.709)
(0 0 1435.17)
(0 0 714.18)
(0 0 -236.356)
(0 0 136.712)
(0 0 -427.393)
(0 0 33.5408)
(0 0 858.205)
(0 0 1755.22)
(0 0 2024.04)
(0 0 304.088)
(0 0 -201.768)
(0 0 -442.253)
(0 0 -816.083)
(0 0 -1369.41)
(0 0 -1344.26)
(0 0 -905.069)
(0 0 -356.624)
(0 0 -893.434)
(0 0 -449.561)
(0 0 -709.134)
(0 0 -378.038)
(0 0 -923.541)
(0 0 -1287.07)
(0 0 -688.746)
(0 0 -885.842)
(0 0 -1819.2)
(0 0 -2694.37)
(0 0 -3807.09)
(0 0 -5207.28)
(0 0 -7278.02)
(0 0 -8755.56)
(0 0 -9601.2)
(0 0 -9945.35)
(0 0 -8458.36)
(0 0 -6335.79)
(0 0 -4002.15)
(0 0 -405.104)
(0 0 3697.55)
(0 0 6975.44)
(0 0 7754.38)
(0 0 8448.56)
(0 0 9768.03)
(0 0 7916.15)
(0 0 5402.22)
(0 0 4538.47)
(0 0 4291.3)
(0 0 3275.18)
(0 0 1411.46)
(0 0 259.361)
(0 0 -399.748)
(0 0 -938.188)
(0 0 -1425.98)
(0 0 -1782.31)
(0 0 -1917.59)
(0 0 -1821.06)
(0 0 -1209.29)
(0 0 108.831)
(0 0 999.408)
(0 0 2234.18)
(0 0 2468.25)
(0 0 3094.44)
(0 0 3224.71)
(0 0 2859.28)
(0 0 2664.41)
(0 0 3346.76)
(0 0 2776.71)
(0 0 2751.95)
(0 0 2999.45)
(0 0 3674.63)
(0 0 3399.78)
(0 0 2630.63)
(0 0 1615.77)
(0 0 2294.48)
(0 0 1901.12)
(0 0 2456.14)
(0 0 3022.7)
(0 0 2077.02)
(0 0 1661.04)
(0 0 1846.03)
(0 0 1120.6)
(0 0 1070.38)
(0 0 604.493)
(0 0 -114.3)
(0 0 713.326)
(0 0 1896.36)
(0 0 2037.09)
(0 0 1396.83)
(0 0 310.645)
(0 0 822.923)
(0 0 1536.64)
(0 0 1450.42)
(0 0 1230.08)
(0 0 486.408)
(0 0 688.157)
(0 0 118.082)
(0 0 395.66)
(0 0 343.373)
(0 0 217.597)
(0 0 -79.0348)
(0 0 320.313)
(0 0 919.13)
(0 0 502.463)
(0 0 -60.5123)
(0 0 -792.734)
(0 0 -566.103)
(0 0 -667.257)
(0 0 1133.07)
(0 0 1697.27)
(0 0 3762.56)
(0 0 390.943)
(0 0 -117.197)
(0 0 -138.872)
(0 0 -240.944)
(0 0 -478.911)
(0 0 -941.973)
(0 0 -387.57)
(0 0 -949.109)
(0 0 -489.745)
(0 0 -992.53)
(0 0 -585.03)
(0 0 -1365.17)
(0 0 -1155.98)
(0 0 -2041.49)
(0 0 -2160.59)
(0 0 -1888.69)
(0 0 -2051.23)
(0 0 -3211.47)
(0 0 -4872.72)
(0 0 -6303.59)
(0 0 -7900.81)
(0 0 -9271.69)
(0 0 -9972.35)
(0 0 -9086.31)
(0 0 -7321.76)
(0 0 -5111.87)
(0 0 -1432.6)
(0 0 1590.74)
(0 0 2093.92)
(0 0 2459.39)
(0 0 3211.51)
(0 0 2631.25)
(0 0 3463.84)
(0 0 4723.27)
(0 0 3868.39)
(0 0 3444.53)
(0 0 3045.45)
(0 0 3079.41)
(0 0 3219.97)
(0 0 1924.24)
(0 0 -104.414)
(0 0 -1392.65)
(0 0 -2340.98)
(0 0 -2911.46)
(0 0 -3099.55)
(0 0 -3033.01)
(0 0 -2621.79)
(0 0 -1529.51)
(0 0 137.105)
(0 0 1177.44)
(0 0 2094.7)
(0 0 2224.89)
(0 0 2742.5)
(0 0 2205.64)
(0 0 3060.82)
(0 0 3122.61)
(0 0 4056.15)
(0 0 3532.77)
(0 0 3072.99)
(0 0 2382.85)
(0 0 2974.25)
(0 0 2344.01)
(0 0 1389.79)
(0 0 2129.31)
(0 0 1964.96)
(0 0 3020.72)
(0 0 2948.21)
(0 0 2500.4)
(0 0 1769.98)
(0 0 791.613)
(0 0 585.951)
(0 0 726.902)
(0 0 107.817)
(0 0 -495.168)
(0 0 190.661)
(0 0 981.905)
(0 0 58.2046)
(0 0 -195.559)
(0 0 -429.478)
(0 0 -284.304)
(0 0 16.583)
(0 0 966.498)
(0 0 270.104)
(0 0 813.452)
(0 0 184.055)
(0 0 224.589)
(0 0 91.6348)
(0 0 -254.121)
(0 0 -469.546)
(0 0 71.2392)
(0 0 172.281)
(0 0 -615.029)
(0 0 42.5019)
(0 0 -880.924)
(0 0 -787.091)
(0 0 -1525.97)
(0 0 6.15157)
(0 0 340.547)
(0 0 1013.25)
(0 0 3298.17)
(0 0 508.194)
(0 0 -60.4875)
(0 0 68.0066)
(0 0 224.563)
(0 0 -10.7959)
(0 0 -355.352)
(0 0 -904.291)
(0 0 -322.65)
(0 0 -752.639)
(0 0 -349.861)
(0 0 -960.303)
(0 0 -830.525)
(0 0 -1527.12)
(0 0 -1220.74)
(0 0 -1735.84)
(0 0 -2010.87)
(0 0 -2899.85)
(0 0 -3773.66)
(0 0 -5570.81)
(0 0 -7388.53)
(0 0 -8483.25)
(0 0 -9049.71)
(0 0 -9432.95)
(0 0 -8016.05)
(0 0 -5982.99)
(0 0 -3319.19)
(0 0 -265.447)
(0 0 4.54645)
(0 0 1166.13)
(0 0 1609.04)
(0 0 494.468)
(0 0 -619.768)
(0 0 -816.194)
(0 0 1405.19)
(0 0 2186.08)
(0 0 2495.13)
(0 0 2613.81)
(0 0 3219.72)
(0 0 4930.12)
(0 0 4403.56)
(0 0 1157.04)
(0 0 -1095.76)
(0 0 -2664.38)
(0 0 -3702.05)
(0 0 -4200.42)
(0 0 -4306.24)
(0 0 -4077.49)
(0 0 -3110.24)
(0 0 -1294.58)
(0 0 308.952)
(0 0 1072.83)
(0 0 1861.52)
(0 0 2636.54)
(0 0 2379.74)
(0 0 1872.9)
(0 0 3128.23)
(0 0 2913.17)
(0 0 2174.24)
(0 0 2572.56)
(0 0 1895.84)
(0 0 2296.73)
(0 0 1577.79)
(0 0 1776.34)
(0 0 1159.33)
(0 0 1743.64)
(0 0 1685.59)
(0 0 1284.72)
(0 0 1443.11)
(0 0 1759.6)
(0 0 1032.02)
(0 0 183.67)
(0 0 278.852)
(0 0 -489.648)
(0 0 -13.3176)
(0 0 256.107)
(0 0 1336.5)
(0 0 865.045)
(0 0 1450.57)
(0 0 559.053)
(0 0 -214.816)
(0 0 460.03)
(0 0 526.335)
(0 0 -94.784)
(0 0 308.811)
(0 0 313.564)
(0 0 -340.208)
(0 0 -494.692)
(0 0 -919.655)
(0 0 -364.771)
(0 0 -717.724)
(0 0 -314.851)
(0 0 -1358.02)
(0 0 -1012.2)
(0 0 -698.173)
(0 0 -1620.73)
(0 0 -1047.28)
(0 0 -159.28)
(0 0 -219.636)
(0 0 486.076)
(0 0 1906.08)
(0 0 698.534)
(0 0 -4.33718)
(0 0 200.458)
(0 0 476.523)
(0 0 68.9043)
(0 0 -338.986)
(0 0 -914.137)
(0 0 -436.33)
(0 0 439.051)
(0 0 501.814)
(0 0 64.6197)
(0 0 -276.838)
(0 0 -843.185)
(0 0 -1597.16)
(0 0 -2389.72)
(0 0 -3138.6)
(0 0 -3140.22)
(0 0 -4335.2)
(0 0 -6058.67)
(0 0 -7627.7)
(0 0 -8415.83)
(0 0 -8986.01)
(0 0 -8687.79)
(0 0 -6755.1)
(0 0 -4240.47)
(0 0 -2007.17)
(0 0 -1319.67)
(0 0 -1276.08)
(0 0 -946.386)
(0 0 -1149.25)
(0 0 -2061.47)
(0 0 -3198.58)
(0 0 -3305.13)
(0 0 -1770.53)
(0 0 786.233)
(0 0 2328.79)
(0 0 2864.48)
(0 0 3248.18)
(0 0 4417.95)
(0 0 4769.95)
(0 0 3398.82)
(0 0 1441.94)
(0 0 -1197.92)
(0 0 -3198.35)
(0 0 -4450.38)
(0 0 -5118.34)
(0 0 -5384.96)
(0 0 -4840.36)
(0 0 -3055.84)
(0 0 -1058.1)
(0 0 237.072)
(0 0 1341.12)
(0 0 2017.9)
(0 0 1959.09)
(0 0 1295.82)
(0 0 2247.2)
(0 0 1682.06)
(0 0 2470.37)
(0 0 1698.53)
(0 0 2174.58)
(0 0 1651.54)
(0 0 2081.98)
(0 0 1226.01)
(0 0 1568.55)
(0 0 1114.51)
(0 0 432.113)
(0 0 1340.45)
(0 0 1977.68)
(0 0 1223.75)
(0 0 241.876)
(0 0 329.093)
(0 0 -454.134)
(0 0 -147.021)
(0 0 -190.461)
(0 0 1115.12)
(0 0 1149.83)
(0 0 1593.95)
(0 0 1115.41)
(0 0 -114.193)
(0 0 -71.4733)
(0 0 -849.152)
(0 0 -154.55)
(0 0 113.363)
(0 0 537.766)
(0 0 -108.69)
(0 0 -120.269)
(0 0 -750.996)
(0 0 -932.644)
(0 0 -570.221)
(0 0 -734.707)
(0 0 -398.996)
(0 0 -1446.5)
(0 0 -1422.26)
(0 0 -1455.39)
(0 0 -1140.74)
(0 0 -1588.07)
(0 0 -113.523)
(0 0 -443.026)
(0 0 290.989)
(0 0 1369.93)
(0 0 841.711)
(0 0 102.265)
(0 0 264.873)
(0 0 490.249)
(0 0 -72.5483)
(0 0 -793.871)
(0 0 -262.732)
(0 0 -375.51)
(0 0 -11.352)
(0 0 663.254)
(0 0 442.53)
(0 0 -278.838)
(0 0 -975.309)
(0 0 -1786.08)
(0 0 -2497.84)
(0 0 -3024.3)
(0 0 -3540.47)
(0 0 -4806.56)
(0 0 -6332.28)
(0 0 -7530.98)
(0 0 -8034.42)
(0 0 -8497.15)
(0 0 -7800.17)
(0 0 -5643.91)
(0 0 -3942.68)
(0 0 -2824.32)
(0 0 -2280.26)
(0 0 -2276.69)
(0 0 -2271.02)
(0 0 -2739.79)
(0 0 -3674.13)
(0 0 -4759.44)
(0 0 -4910.55)
(0 0 -3748.29)
(0 0 -1007.84)
(0 0 1502.12)
(0 0 2993.03)
(0 0 2540.41)
(0 0 3137.2)
(0 0 3480.17)
(0 0 2222.04)
(0 0 608.163)
(0 0 -543.292)
(0 0 -2216.95)
(0 0 -4233.6)
(0 0 -5455.08)
(0 0 -6187.44)
(0 0 -6211.95)
(0 0 -4990.81)
(0 0 -2860.96)
(0 0 -752.192)
(0 0 -108.29)
(0 0 901.614)
(0 0 1522.47)
(0 0 1610.83)
(0 0 1400.71)
(0 0 955.495)
(0 0 1876.11)
(0 0 1718.96)
(0 0 1302.33)
(0 0 1751.42)
(0 0 1404.77)
(0 0 1933.64)
(0 0 1423.22)
(0 0 907.092)
(0 0 256.886)
(0 0 1034.85)
(0 0 1518.7)
(0 0 594.422)
(0 0 -368.22)
(0 0 -106.24)
(0 0 116.288)
(0 0 129.922)
(0 0 326.606)
(0 0 1228.3)
(0 0 2176.04)
(0 0 1323.83)
(0 0 996.737)
(0 0 1023.47)
(0 0 249.721)
(0 0 -301.174)
(0 0 514.488)
(0 0 392.241)
(0 0 63.9387)
(0 0 -64.8648)
(0 0 -503.174)
(0 0 -454.277)
(0 0 -804.377)
(0 0 -966.27)
(0 0 -444.852)
(0 0 -417.7)
(0 0 -1032.04)
(0 0 -830.245)
(0 0 -509.787)
(0 0 -835.207)
(0 0 -914.221)
(0 0 -282.134)
(0 0 -675.633)
(0 0 -118.707)
(0 0 1263.59)
(0 0 813.684)
(0 0 152.743)
(0 0 44.0559)
(0 0 370.903)
(0 0 -64.1305)
(0 0 -925.077)
(0 0 -472.254)
(0 0 233.462)
(0 0 341.023)
(0 0 -98.4741)
(0 0 314.894)
(0 0 -316.27)
(0 0 -1230.37)
(0 0 -2004.11)
(0 0 -2743.44)
(0 0 -3282.25)
(0 0 -3932.98)
(0 0 -5140.83)
(0 0 -6399.6)
(0 0 -7271.07)
(0 0 -7601.21)
(0 0 -7933.05)
(0 0 -7035.4)
(0 0 -5005.84)
(0 0 -4151.97)
(0 0 -3346.68)
(0 0 -3118.72)
(0 0 -3179.94)
(0 0 -3356.84)
(0 0 -3773.96)
(0 0 -4953.07)
(0 0 -6239.12)
(0 0 -6296.89)
(0 0 -5320.52)
(0 0 -3818.54)
(0 0 -2176.12)
(0 0 -67.0313)
(0 0 567.716)
(0 0 161.902)
(0 0 -70.2429)
(0 0 -413.041)
(0 0 -1161.83)
(0 0 -1939.36)
(0 0 -2916.18)
(0 0 -4065.83)
(0 0 -5473.23)
(0 0 -7181.08)
(0 0 -7620.22)
(0 0 -6189.19)
(0 0 -4297.98)
(0 0 -2420.41)
(0 0 -1151.39)
(0 0 -1442.98)
(0 0 -757.075)
(0 0 91.0771)
(0 0 -661.717)
(0 0 35.9827)
(0 0 721.793)
(0 0 250.055)
(0 0 1023.26)
(0 0 592.2)
(0 0 1148.34)
(0 0 685.352)
(0 0 1190.39)
(0 0 658.852)
(0 0 435.32)
(0 0 1343.73)
(0 0 1170.97)
(0 0 250.888)
(0 0 -605.412)
(0 0 -162.885)
(0 0 447.933)
(0 0 141.599)
(0 0 198.454)
(0 0 1495.44)
(0 0 1727.74)
(0 0 861.395)
(0 0 1660.44)
(0 0 1509.08)
(0 0 378.565)
(0 0 717.232)
(0 0 95.7222)
(0 0 131.867)
(0 0 42.9441)
(0 0 -569.624)
(0 0 -562.842)
(0 0 -238.168)
(0 0 -1234.18)
(0 0 -818.159)
(0 0 -968.878)
(0 0 -1067.48)
(0 0 -761.64)
(0 0 -295.415)
(0 0 -759.808)
(0 0 -1175.98)
(0 0 -311.314)
(0 0 -378.29)
(0 0 -859.076)
(0 0 -234.737)
(0 0 826.882)
(0 0 797.879)
(0 0 147.62)
(0 0 115.851)
(0 0 106.368)
(0 0 -18.3701)
(0 0 -506.692)
(0 0 -545.85)
(0 0 -114.897)
(0 0 178.067)
(0 0 -263.279)
(0 0 51.2686)
(0 0 -517.5)
(0 0 -1498.67)
(0 0 -2304.79)
(0 0 -3079.13)
(0 0 -3622.57)
(0 0 -4268.34)
(0 0 -5324.4)
(0 0 -6286.07)
(0 0 -6894.57)
(0 0 -7133.17)
(0 0 -7643.51)
(0 0 -6117.64)
(0 0 -4872.95)
(0 0 -4282.24)
(0 0 -3786.16)
(0 0 -3657.51)
(0 0 -3938.66)
(0 0 -4360.86)
(0 0 -4986.93)
(0 0 -6237.96)
(0 0 -7473.3)
(0 0 -7827.03)
(0 0 -7380.1)
(0 0 -6482.47)
(0 0 -5535.32)
(0 0 -5034.23)
(0 0 -3933.18)
(0 0 -3365.2)
(0 0 -3690.86)
(0 0 -3834.31)
(0 0 -4084.31)
(0 0 -4249.69)
(0 0 -4580.1)
(0 0 -5289.98)
(0 0 -6135.45)
(0 0 -7483.27)
(0 0 -8083.28)
(0 0 -8150.39)
(0 0 -5654.96)
(0 0 -4491.01)
(0 0 -2395.51)
(0 0 -1782.2)
(0 0 -1401.59)
(0 0 -1743.48)
(0 0 -1338.14)
(0 0 -524.269)
(0 0 -586.652)
(0 0 -1050.96)
(0 0 -502.753)
(0 0 266.148)
(0 0 -226.979)
(0 0 256.29)
(0 0 586.964)
(0 0 -314.157)
(0 0 607.543)
(0 0 413.745)
(0 0 1124.01)
(0 0 511.074)
(0 0 4.67014)
(0 0 -299.873)
(0 0 91.4997)
(0 0 117.483)
(0 0 1195.88)
(0 0 2376.6)
(0 0 690.63)
(0 0 1176.03)
(0 0 1327.71)
(0 0 1646.74)
(0 0 1236.88)
(0 0 545.699)
(0 0 -9.51042)
(0 0 -155.217)
(0 0 -278.844)
(0 0 -679.079)
(0 0 -707.136)
(0 0 -781.214)
(0 0 -1367.35)
(0 0 -1187.13)
(0 0 -1638.26)
(0 0 -1256.81)
(0 0 -667.526)
(0 0 -884.787)
(0 0 -1373.44)
(0 0 -915.047)
(0 0 -390.358)
(0 0 -456.419)
(0 0 -1217.21)
(0 0 -528.222)
(0 0 783.528)
(0 0 797.157)
(0 0 163.633)
(0 0 88.6157)
(0 0 114.155)
(0 0 -91.1138)
(0 0 -272.062)
(0 0 -325.936)
(0 0 -341.77)
(0 0 -155.856)
(0 0 -289.342)
(0 0 -450.343)
(0 0 -872.774)
(0 0 -1847.73)
(0 0 -2919.32)
(0 0 -3499.86)
(0 0 -3982.78)
(0 0 -4525.16)
(0 0 -5337.47)
(0 0 -6027.98)
(0 0 -6495.46)
(0 0 -6900.83)
(0 0 -6998.36)
(0 0 -5656.16)
(0 0 -4726.9)
(0 0 -4267.72)
(0 0 -4092.22)
(0 0 -4303.88)
(0 0 -4699.1)
(0 0 -5252.9)
(0 0 -6052.58)
(0 0 -7385.88)
(0 0 -8495.71)
(0 0 -8950.94)
(0 0 -8864.31)
(0 0 -8549.33)
(0 0 -8289.77)
(0 0 -8157.85)
(0 0 -8217.8)
(0 0 -7573.96)
(0 0 -7188.09)
(0 0 -6797.06)
(0 0 -6700.64)
(0 0 -6621.37)
(0 0 -6678.99)
(0 0 -6970.31)
(0 0 -7756.05)
(0 0 -8158.86)
(0 0 -8968.73)
(0 0 -9251.8)
(0 0 -7825.2)
(0 0 -6446.8)
(0 0 -4591.95)
(0 0 -3972.42)
(0 0 -3180.29)
(0 0 -2456.05)
(0 0 -2329.4)
(0 0 -3125.63)
(0 0 -2491.26)
(0 0 -1636)
(0 0 -1772.87)
(0 0 -732.674)
(0 0 -487.94)
(0 0 573.267)
(0 0 172.738)
(0 0 -626.326)
(0 0 -17.2308)
(0 0 325.822)
(0 0 752.12)
(0 0 648.973)
(0 0 302.051)
(0 0 -312.204)
(0 0 22.674)
(0 0 1007.28)
(0 0 1661.82)
(0 0 1644.56)
(0 0 360.298)
(0 0 743.792)
(0 0 751.467)
(0 0 1654.97)
(0 0 1217.1)
(0 0 406.734)
(0 0 -4.62115)
(0 0 -381.681)
(0 0 -387.966)
(0 0 -710.418)
(0 0 -817.111)
(0 0 -1536.82)
(0 0 -1528.35)
(0 0 -1679.9)
(0 0 -1837.87)
(0 0 -1938.34)
(0 0 -1428.2)
(0 0 -1687.21)
(0 0 -1082.52)
(0 0 -1205.31)
(0 0 -403.75)
(0 0 -500.733)
(0 0 -1573.16)
(0 0 -586.519)
(0 0 351.861)
(0 0 734.373)
(0 0 224.742)
(0 0 97.5275)
(0 0 105.669)
(0 0 -1.77445)
(0 0 -167.103)
(0 0 -269.317)
(0 0 -424.311)
(0 0 -247.387)
(0 0 -401.514)
(0 0 -692.235)
(0 0 -1421.16)
(0 0 -2267.62)
(0 0 -3834.41)
(0 0 -3876.32)
(0 0 -4265.97)
(0 0 -4649.62)
(0 0 -5190.62)
(0 0 -5671.81)
(0 0 -6108.79)
(0 0 -6973.58)
(0 0 -6174.43)
(0 0 -5039.36)
(0 0 -4383.81)
(0 0 -4239.59)
(0 0 -4306.38)
(0 0 -4638.23)
(0 0 -5134.08)
(0 0 -5849.21)
(0 0 -6774.12)
(0 0 -8073.69)
(0 0 -9085.91)
(0 0 -9628.29)
(0 0 -9822.73)
(0 0 -9905.51)
(0 0 -10017.1)
(0 0 -10196.1)
(0 0 -10383)
(0 0 -10519.4)
(0 0 -10288.3)
(0 0 -9549.95)
(0 0 -8866.53)
(0 0 -8703.78)
(0 0 -8602.77)
(0 0 -8703.17)
(0 0 -8890.21)
(0 0 -9467.62)
(0 0 -10344.3)
(0 0 -10403.4)
(0 0 -10153)
(0 0 -8426.48)
(0 0 -6760.12)
(0 0 -4029.04)
(0 0 -3819.48)
(0 0 -4352.96)
(0 0 -3704.17)
(0 0 -3852.64)
(0 0 -3980.07)
(0 0 -4144.75)
(0 0 -3316.58)
(0 0 -2993.77)
(0 0 -1505.22)
(0 0 -857.993)
(0 0 -1050.3)
(0 0 -976.157)
(0 0 -1481.95)
(0 0 -1227.66)
(0 0 -634.605)
(0 0 -59.5795)
(0 0 621.478)
(0 0 364.423)
(0 0 169.034)
(0 0 1645.31)
(0 0 2530.97)
(0 0 863.768)
(0 0 737.868)
(0 0 538.306)
(0 0 205.42)
(0 0 616.605)
(0 0 791.372)
(0 0 222.262)
(0 0 -441.365)
(0 0 -482.586)
(0 0 -833.415)
(0 0 -997.485)
(0 0 -1147.58)
(0 0 -1743.12)
(0 0 -2145.69)
(0 0 -2203.19)
(0 0 -2680.21)
(0 0 -2331.43)
(0 0 -2311.13)
(0 0 -2096.06)
(0 0 -1303.66)
(0 0 -1036.93)
(0 0 -456.071)
(0 0 -720.358)
(0 0 -1930.7)
(0 0 -669.498)
(0 0 75.3772)
(0 0 745.101)
(0 0 260.392)
(0 0 184.837)
(0 0 76.3081)
(0 0 96.2717)
(0 0 -111.814)
(0 0 -17.2564)
(0 0 -473.632)
(0 0 -289.573)
(0 0 -357.868)
(0 0 -845.311)
(0 0 -1518.52)
(0 0 -2543.45)
(0 0 -3860.31)
(0 0 -4660.14)
(0 0 -4434.74)
(0 0 -4608.01)
(0 0 -4870.23)
(0 0 -5339.19)
(0 0 -6140.46)
(0 0 -6369.86)
(0 0 -4569.06)
(0 0 -3904.13)
(0 0 -3650.71)
(0 0 -3751.76)
(0 0 -3968.77)
(0 0 -4484.7)
(0 0 -5168.86)
(0 0 -5978.3)
(0 0 -7006.29)
(0 0 -8310.64)
(0 0 -9296.71)
(0 0 -9923.22)
(0 0 -10326.8)
(0 0 -10673.5)
(0 0 -11033.5)
(0 0 -11402)
(0 0 -11765.9)
(0 0 -12116.5)
(0 0 -12318.5)
(0 0 -12119.8)
(0 0 -11158.5)
(0 0 -10479)
(0 0 -10348.6)
(0 0 -10371.7)
(0 0 -10591.1)
(0 0 -10993.5)
(0 0 -11570.8)
(0 0 -12288.9)
(0 0 -12228.8)
(0 0 -11435.8)
(0 0 -9499.65)
(0 0 -6460.59)
(0 0 -6447.23)
(0 0 -6120.98)
(0 0 -6676.87)
(0 0 -6358.26)
(0 0 -6466.1)
(0 0 -5798.68)
(0 0 -6070.57)
(0 0 -4975.89)
(0 0 -4555.22)
(0 0 -2968.42)
(0 0 -1615.81)
(0 0 -2339.95)
(0 0 -3036.92)
(0 0 -2289.8)
(0 0 -209.709)
(0 0 322.452)
(0 0 244.503)
(0 0 712.034)
(0 0 918.845)
(0 0 2082.48)
(0 0 1940.85)
(0 0 970.566)
(0 0 491.209)
(0 0 726.091)
(0 0 -297.02)
(0 0 -847.995)
(0 0 -383.634)
(0 0 152.101)
(0 0 -727.033)
(0 0 -1271.41)
(0 0 -993.144)
(0 0 -1881.8)
(0 0 -1639.73)
(0 0 -1746.53)
(0 0 -2489.5)
(0 0 -2661.07)
(0 0 -2766.18)
(0 0 -3011.15)
(0 0 -2296.19)
(0 0 -2098.22)
(0 0 -1421.41)
(0 0 -1021.44)
(0 0 -501.671)
(0 0 -1118.21)
(0 0 -2125.01)
(0 0 -622.517)
(0 0 -528.337)
(0 0 774.562)
(0 0 285.234)
(0 0 140.135)
(0 0 203.049)
(0 0 66.6426)
(0 0 174.07)
(0 0 -86.5186)
(0 0 -69.1516)
(0 0 -456.777)
(0 0 -307.381)
(0 0 -608.293)
(0 0 -1272.31)
(0 0 -2421.42)
(0 0 -3696.48)
(0 0 -4540.79)
(0 0 -4728.42)
(0 0 -4429.61)
(0 0 -4631.18)
(0 0 -5120.85)
(0 0 -5986.27)
(0 0 -5233.47)
(0 0 -3190.72)
(0 0 -2712.12)
(0 0 -2601.06)
(0 0 -2792.59)
(0 0 -3230.06)
(0 0 -3869.45)
(0 0 -4692.95)
(0 0 -5628.08)
(0 0 -6776.55)
(0 0 -8072.93)
(0 0 -9110.28)
(0 0 -9839.04)
(0 0 -10420.6)
(0 0 -10967.4)
(0 0 -11499.4)
(0 0 -12017.7)
(0 0 -12525.8)
(0 0 -13052.4)
(0 0 -13484.3)
(0 0 -13609.3)
(0 0 -13407)
(0 0 -12615)
(0 0 -12086.2)
(0 0 -11898.6)
(0 0 -12034.5)
(0 0 -12384.1)
(0 0 -13067.3)
(0 0 -14025.6)
(0 0 -14218.8)
(0 0 -14019.6)
(0 0 -13284.3)
(0 0 -10445.1)
(0 0 -9957)
(0 0 -9774.03)
(0 0 -9369.75)
(0 0 -8461.91)
(0 0 -8376.13)
(0 0 -8364.74)
(0 0 -7970.68)
(0 0 -7593.88)
(0 0 -6874.76)
(0 0 -5612.29)
(0 0 -3714.17)
(0 0 -3399.09)
(0 0 -4107.17)
(0 0 -3781.24)
(0 0 -2133.74)
(0 0 -28.0981)
(0 0 -1.30927)
(0 0 674.094)
(0 0 1281.51)
(0 0 1820.02)
(0 0 781.135)
(0 0 567.895)
(0 0 -554.732)
(0 0 -228.873)
(0 0 -1126.25)
(0 0 -1715.08)
(0 0 -1772.99)
(0 0 -944.459)
(0 0 -906.523)
(0 0 -1835.76)
(0 0 -2129.79)
(0 0 -2693.22)
(0 0 -2341.31)
(0 0 -2207.06)
(0 0 -2276.6)
(0 0 -2855.9)
(0 0 -3185.93)
(0 0 -3101.46)
(0 0 -2650.77)
(0 0 -2300.96)
(0 0 -1364.68)
(0 0 -1076.23)
(0 0 -770.476)
(0 0 -1303.99)
(0 0 -2370.59)
(0 0 -602.337)
(0 0 -1376.87)
(0 0 737.132)
(0 0 358.123)
(0 0 130.304)
(0 0 98.694)
(0 0 294.337)
(0 0 46.6731)
(0 0 359.909)
(0 0 -193.749)
(0 0 -118.122)
(0 0 -518.808)
(0 0 -691.208)
(0 0 -1116.32)
(0 0 -1814.46)
(0 0 -3249.67)
(0 0 -4093.4)
(0 0 -4550.26)
(0 0 -4185.39)
(0 0 -4415.56)
(0 0 -4775.46)
(0 0 -5238.85)
(0 0 -2718.31)
(0 0 -2081.01)
(0 0 -1602.79)
(0 0 -1526)
(0 0 -1755.79)
(0 0 -2240.36)
(0 0 -3006.33)
(0 0 -3900.33)
(0 0 -4934.64)
(0 0 -6162.04)
(0 0 -7452.36)
(0 0 -8530.76)
(0 0 -9401.85)
(0 0 -10140.7)
(0 0 -10850)
(0 0 -11512.5)
(0 0 -12138.9)
(0 0 -12766.6)
(0 0 -13426.1)
(0 0 -14023.8)
(0 0 -14390.6)
(0 0 -14478.3)
(0 0 -14416.9)
(0 0 -14015.9)
(0 0 -13571.3)
(0 0 -13453.2)
(0 0 -13686.7)
(0 0 -14056.1)
(0 0 -14544.5)
(0 0 -15683.5)
(0 0 -16088.3)
(0 0 -15476.8)
(0 0 -15729.8)
(0 0 -14874.1)
(0 0 -13091.2)
(0 0 -12787.2)
(0 0 -12030.9)
(0 0 -11452.1)
(0 0 -10281.9)
(0 0 -10144.3)
(0 0 -9544.56)
(0 0 -8649.07)
(0 0 -7915.61)
(0 0 -7469.17)
(0 0 -5663.77)
(0 0 -5195.67)
(0 0 -5813.09)
(0 0 -5102.2)
(0 0 -2490.11)
(0 0 -846.982)
(0 0 0.540553)
(0 0 1028.47)
(0 0 -670.103)
(0 0 -1170.06)
(0 0 -823.261)
(0 0 -1962.45)
(0 0 -2639.07)
(0 0 -1954)
(0 0 -1872.68)
(0 0 -2633.45)
(0 0 -2052.64)
(0 0 -2307.96)
(0 0 -2763.83)
(0 0 -2630.94)
(0 0 -3140.26)
(0 0 -3671.18)
(0 0 -3136.56)
(0 0 -2784.43)
(0 0 -2487.19)
(0 0 -3359.85)
(0 0 -3473.23)
(0 0 -2928.39)
(0 0 -2461.58)
(0 0 -1534.55)
(0 0 -1234.08)
(0 0 -1252.39)
(0 0 -1363.62)
(0 0 -2592.65)
(0 0 -717.443)
(0 0 -2259.49)
(0 0 701.805)
(0 0 281.68)
(0 0 374.772)
(0 0 353.416)
(0 0 126.41)
(0 0 458.364)
(0 0 137.708)
(0 0 264.848)
(0 0 -316.627)
(0 0 -175.762)
(0 0 -239.931)
(0 0 -543.596)
(0 0 -1506.36)
(0 0 -1951.64)
(0 0 -3158.3)
(0 0 -3603.99)
(0 0 -3742.46)
(0 0 -3688.86)
(0 0 -4497.48)
(0 0 -2530.08)
(0 0 -1235.05)
(0 0 -688.252)
(0 0 -341.461)
(0 0 -211.214)
(0 0 -522.283)
(0 0 -1077.22)
(0 0 -1862.65)
(0 0 -2716.62)
(0 0 -3816.31)
(0 0 -5144.12)
(0 0 -6476.94)
(0 0 -7609.01)
(0 0 -8562.84)
(0 0 -9474.48)
(0 0 -10335)
(0 0 -11115.4)
(0 0 -11826.4)
(0 0 -12537.6)
(0 0 -13297.1)
(0 0 -14027)
(0 0 -14572.7)
(0 0 -14896)
(0 0 -15076.8)
(0 0 -15200.9)
(0 0 -15122)
(0 0 -14866.2)
(0 0 -14965.9)
(0 0 -15374.4)
(0 0 -15910.1)
(0 0 -17166.2)
(0 0 -17676.4)
(0 0 -17176.1)
(0 0 -18070)
(0 0 -17473.5)
(0 0 -15559.8)
(0 0 -15304.9)
(0 0 -14483.3)
(0 0 -13404.5)
(0 0 -13110.7)
(0 0 -11344.3)
(0 0 -10827.5)
(0 0 -10179.6)
(0 0 -10181.3)
(0 0 -10070)
(0 0 -8639.42)
(0 0 -7158.23)
(0 0 -8022.68)
(0 0 -8364.45)
(0 0 -6672.03)
(0 0 -4035.69)
(0 0 -2452.73)
(0 0 -3111.99)
(0 0 -2357.95)
(0 0 -3107.11)
(0 0 -2269.12)
(0 0 -3383.12)
(0 0 -4254.72)
(0 0 -4645.53)
(0 0 -3875.23)
(0 0 -3453.09)
(0 0 -3743.48)
(0 0 -2754.1)
(0 0 -3695.24)
(0 0 -3815.69)
(0 0 -2927.14)
(0 0 -3888.4)
(0 0 -4358.9)
(0 0 -3828.12)
(0 0 -3220.64)
(0 0 -3470.17)
(0 0 -3897.15)
(0 0 -3404.12)
(0 0 -2423.68)
(0 0 -2101.77)
(0 0 -1188.77)
(0 0 -1639.45)
(0 0 -1649.11)
(0 0 -2599.26)
(0 0 -982.534)
(0 0 -2709.73)
(0 0 583.163)
(0 0 341.405)
(0 0 521.224)
(0 0 211.318)
(0 0 452.268)
(0 0 241.791)
(0 0 672.389)
(0 0 -113.66)
(0 0 -32.9255)
(0 0 -96.4808)
(0 0 -570.527)
(0 0 -835.452)
(0 0 -788.285)
(0 0 -885.707)
(0 0 -1792.72)
(0 0 -2836.52)
(0 0 -2654.93)
(0 0 -3204.22)
(0 0 -2635.88)
(0 0 -825.34)
(0 0 399.85)
(0 0 979.016)
(0 0 1370.2)
(0 0 1424.25)
(0 0 1049.53)
(0 0 463.28)
(0 0 -256.62)
(0 0 -1097.19)
(0 0 -2149.83)
(0 0 -3655.76)
(0 0 -5114.31)
(0 0 -6357.71)
(0 0 -7437.87)
(0 0 -8481.4)
(0 0 -9464.52)
(0 0 -10342.9)
(0 0 -11131.2)
(0 0 -11907.8)
(0 0 -12735.4)
(0 0 -13563.3)
(0 0 -14249.3)
(0 0 -14743.5)
(0 0 -15117)
(0 0 -15427.8)
(0 0 -15699)
(0 0 -15810.9)
(0 0 -15826.5)
(0 0 -16231)
(0 0 -16775.6)
(0 0 -18014.1)
(0 0 -18702.3)
(0 0 -18199.6)
(0 0 -19111.5)
(0 0 -18737.5)
(0 0 -16583)
(0 0 -16597.3)
(0 0 -15359.9)
(0 0 -14971.5)
(0 0 -13805.1)
(0 0 -13766.2)
(0 0 -13418.5)
(0 0 -12887.2)
(0 0 -11902.8)
(0 0 -12039.4)
(0 0 -11386.3)
(0 0 -9679.98)
(0 0 -9747.21)
(0 0 -10171)
(0 0 -9531.64)
(0 0 -7632.8)
(0 0 -6949.47)
(0 0 -5828.94)
(0 0 -4595.17)
(0 0 -5216.01)
(0 0 -5664.38)
(0 0 -4688.42)
(0 0 -5264.32)
(0 0 -5951.38)
(0 0 -6162.53)
(0 0 -5661.71)
(0 0 -4252.39)
(0 0 -3588.88)
(0 0 -4213.38)
(0 0 -4019.77)
(0 0 -4213.13)
(0 0 -3311.77)
(0 0 -4342.47)
(0 0 -4723.42)
(0 0 -4754.93)
(0 0 -3729)
(0 0 -4057.41)
(0 0 -3538.23)
(0 0 -3011.06)
(0 0 -2209.73)
(0 0 -1413.76)
(0 0 -1788.4)
(0 0 -1999.38)
(0 0 -2540.67)
(0 0 -1403.99)
(0 0 -3026.05)
(0 0 413.748)
(0 0 79.818)
(0 0 241.576)
(0 0 408.667)
(0 0 158.06)
(0 0 887.881)
(0 0 220.076)
(0 0 -419.647)
(0 0 -887.942)
(0 0 -975.543)
(0 0 -606.245)
(0 0 -974.121)
(0 0 -475.649)
(0 0 -312.419)
(0 0 -1497.06)
(0 0 -2390.1)
(0 0 -1848.5)
(0 0 -2511.18)
(0 0 -372.245)
(0 0 1575.53)
(0 0 2730.87)
(0 0 3339.87)
(0 0 3717.25)
(0 0 3487.43)
(0 0 3061.75)
(0 0 2429.48)
(0 0 1668.64)
(0 0 815.369)
(0 0 -254.631)
(0 0 -1827.68)
(0 0 -3412.81)
(0 0 -4744.78)
(0 0 -5947.51)
(0 0 -7179.82)
(0 0 -8352.68)
(0 0 -9352.15)
(0 0 -10216.1)
(0 0 -11038.2)
(0 0 -11908.9)
(0 0 -12813.3)
(0 0 -13601.3)
(0 0 -14209)
(0 0 -14706.9)
(0 0 -15151.5)
(0 0 -15548)
(0 0 -15920)
(0 0 -16168.9)
(0 0 -16544)
(0 0 -17205.9)
(0 0 -17964.6)
(0 0 -19251.8)
(0 0 -18658.3)
(0 0 -19229.4)
(0 0 -19059.4)
(0 0 -17113.7)
(0 0 -17416.4)
(0 0 -17047)
(0 0 -15239.8)
(0 0 -14513.6)
(0 0 -13249.1)
(0 0 -13673.8)
(0 0 -13751.7)
(0 0 -13371.8)
(0 0 -12170)
(0 0 -12363.5)
(0 0 -10965.5)
(0 0 -9806.37)
(0 0 -10476.7)
(0 0 -10421.3)
(0 0 -9137.24)
(0 0 -9427.06)
(0 0 -7771.01)
(0 0 -6679.67)
(0 0 -6097.81)
(0 0 -7284.65)
(0 0 -7399.94)
(0 0 -6294.12)
(0 0 -5882.42)
(0 0 -6272.54)
(0 0 -6095.45)
(0 0 -4694.26)
(0 0 -4033.27)
(0 0 -5024.93)
(0 0 -5384.51)
(0 0 -5541.38)
(0 0 -4355.38)
(0 0 -3800.85)
(0 0 -4278.75)
(0 0 -5021.64)
(0 0 -4770.59)
(0 0 -3777.1)
(0 0 -3392.39)
(0 0 -3185.94)
(0 0 -2449.98)
(0 0 -1738.18)
(0 0 -1583.67)
(0 0 -1969.79)
(0 0 -2550.1)
(0 0 -1788.53)
(0 0 -3359.19)
(0 0 180.374)
(0 0 -141.101)
(0 0 247.528)
(0 0 40.8114)
(0 0 597.514)
(0 0 1156.76)
(0 0 233.278)
(0 0 -580.856)
(0 0 -1230.09)
(0 0 -983.644)
(0 0 -1174.88)
(0 0 -946.516)
(0 0 -1167.3)
(0 0 -322.989)
(0 0 -1232.54)
(0 0 -2079.46)
(0 0 -1288.66)
(0 0 -1576.42)
(0 0 1878.39)
(0 0 3397.3)
(0 0 4533.48)
(0 0 5278.23)
(0 0 5643.52)
(0 0 5317.58)
(0 0 4821.53)
(0 0 4106.09)
(0 0 3246.85)
(0 0 2331.21)
(0 0 1143.71)
(0 0 -254.721)
(0 0 -1987.4)
(0 0 -3372.68)
(0 0 -4623.64)
(0 0 -5916.1)
(0 0 -7144.03)
(0 0 -8157)
(0 0 -9015.83)
(0 0 -9885.17)
(0 0 -10845.5)
(0 0 -11858.8)
(0 0 -12771.5)
(0 0 -13507.1)
(0 0 -14139.4)
(0 0 -14665.6)
(0 0 -15126.4)
(0 0 -15537.1)
(0 0 -15968.7)
(0 0 -16406.5)
(0 0 -17118.4)
(0 0 -17952.5)
(0 0 -18070.5)
(0 0 -18959.3)
(0 0 -18168.2)
(0 0 -18285.1)
(0 0 -16805.4)
(0 0 -17261)
(0 0 -17048.3)
(0 0 -15807.7)
(0 0 -15780.1)
(0 0 -14739.7)
(0 0 -13420)
(0 0 -13755.7)
(0 0 -13642.4)
(0 0 -12507.2)
(0 0 -12860.6)
(0 0 -12298.8)
(0 0 -10980.8)
(0 0 -11415.9)
(0 0 -11290.1)
(0 0 -9733.52)
(0 0 -10144.2)
(0 0 -10008.6)
(0 0 -9651.91)
(0 0 -8396.1)
(0 0 -9164.27)
(0 0 -9046.73)
(0 0 -7935.12)
(0 0 -7860.21)
(0 0 -6496.19)
(0 0 -6108.49)
(0 0 -4865.98)
(0 0 -4180.18)
(0 0 -4977.32)
(0 0 -5089.47)
(0 0 -5546.4)
(0 0 -5620.96)
(0 0 -4708.04)
(0 0 -3718.97)
(0 0 -4715.16)
(0 0 -4538.75)
(0 0 -3600.05)
(0 0 -3245.14)
(0 0 -3058.1)
(0 0 -2780.12)
(0 0 -2361.98)
(0 0 -1971.93)
(0 0 -1650)
(0 0 -2528.23)
(0 0 -2339.21)
(0 0 -3872.52)
(0 0 -58.1446)
(0 0 -141.018)
(0 0 -234.082)
(0 0 332.631)
(0 0 816.196)
(0 0 356.557)
(0 0 -165.291)
(0 0 -815.882)
(0 0 -826.395)
(0 0 -1447.19)
(0 0 -1131.34)
(0 0 -1771.42)
(0 0 -1159.69)
(0 0 -172.841)
(0 0 -1100.08)
(0 0 -1715.27)
(0 0 -749.148)
(0 0 -509.948)
(0 0 3218.36)
(0 0 4309.59)
(0 0 5477.64)
(0 0 6394.51)
(0 0 7002.53)
(0 0 6908.35)
(0 0 6484.01)
(0 0 5768.64)
(0 0 4842.35)
(0 0 3836.06)
(0 0 2632.98)
(0 0 1073.88)
(0 0 -748.169)
(0 0 -2321.49)
(0 0 -3662.84)
(0 0 -5040.53)
(0 0 -6316.08)
(0 0 -7289.94)
(0 0 -8072.61)
(0 0 -8857.77)
(0 0 -9758.07)
(0 0 -10765.6)
(0 0 -11711.9)
(0 0 -12476.1)
(0 0 -13121.4)
(0 0 -13718.9)
(0 0 -14285.8)
(0 0 -14762.2)
(0 0 -15214.9)
(0 0 -15726.6)
(0 0 -16317.7)
(0 0 -17655)
(0 0 -18157.1)
(0 0 -17920.7)
(0 0 -18086.3)
(0 0 -17196.2)
(0 0 -17078.1)
(0 0 -15959.5)
(0 0 -15728.5)
(0 0 -15754.7)
(0 0 -15629.6)
(0 0 -15267.5)
(0 0 -13798)
(0 0 -14073.4)
(0 0 -13673.7)
(0 0 -12365.3)
(0 0 -12429.8)
(0 0 -11112)
(0 0 -10063.1)
(0 0 -10574)
(0 0 -10618.8)
(0 0 -9491.94)
(0 0 -9614.63)
(0 0 -8963.67)
(0 0 -8384.98)
(0 0 -7346.62)
(0 0 -7911.6)
(0 0 -8066.48)
(0 0 -6643.54)
(0 0 -5891.35)
(0 0 -5702.76)
(0 0 -4755.81)
(0 0 -4930.49)
(0 0 -4267.06)
(0 0 -3649.83)
(0 0 -2966.95)
(0 0 -3589.12)
(0 0 -3310.37)
(0 0 -3855.39)
(0 0 -2961.8)
(0 0 -3927.89)
(0 0 -3629.61)
(0 0 -3539.85)
(0 0 -3012.34)
(0 0 -2793.55)
(0 0 -2422.14)
(0 0 -1666.37)
(0 0 -1289.24)
(0 0 -1452.52)
(0 0 -2259.49)
(0 0 -2885.76)
(0 0 -4017.13)
(0 0 -160.72)
(0 0 -478.229)
(0 0 -6.42766)
(0 0 425.947)
(0 0 31.1451)
(0 0 -155.099)
(0 0 149.834)
(0 0 -730.392)
(0 0 -1263.31)
(0 0 -1188.64)
(0 0 -1891.49)
(0 0 -1987.98)
(0 0 -1465.26)
(0 0 -497.772)
(0 0 -1275.71)
(0 0 -1536.14)
(0 0 -395.007)
(0 0 477.855)
(0 0 3675.44)
(0 0 4961.43)
(0 0 6345.39)
(0 0 7794.47)
(0 0 9007.75)
(0 0 9628.67)
(0 0 10195.9)
(0 0 10955.5)
(0 0 11271.3)
(0 0 9762.24)
(0 0 7822.19)
(0 0 5657.96)
(0 0 3550.31)
(0 0 1754.77)
(0 0 322.232)
(0 0 -1554.52)
(0 0 -3695.39)
(0 0 -5204.93)
(0 0 -6236.8)
(0 0 -7147.84)
(0 0 -8138.8)
(0 0 -9252.58)
(0 0 -10301.9)
(0 0 -11115.2)
(0 0 -11783.9)
(0 0 -12382.1)
(0 0 -12905.7)
(0 0 -13374.7)
(0 0 -13860.3)
(0 0 -14291.1)
(0 0 -14826.4)
(0 0 -15449.2)
(0 0 -16417.9)
(0 0 -16520.8)
(0 0 -15976.7)
(0 0 -15855.1)
(0 0 -14744.6)
(0 0 -14390.1)
(0 0 -13095.8)
(0 0 -12833.1)
(0 0 -12522.4)
(0 0 -11456)
(0 0 -11895.1)
(0 0 -11585.2)
(0 0 -11204.6)
(0 0 -10681.5)
(0 0 -10715)
(0 0 -10600.4)
(0 0 -9133.16)
(0 0 -9569.15)
(0 0 -9369.83)
(0 0 -8209.9)
(0 0 -8133.04)
(0 0 -6637.49)
(0 0 -6731.13)
(0 0 -6261.6)
(0 0 -5192.87)
(0 0 -5506.07)
(0 0 -5695.17)
(0 0 -4335.88)
(0 0 -4776.44)
(0 0 -4404.49)
(0 0 -3456.96)
(0 0 -3243.28)
(0 0 -3742.79)
(0 0 -2522.75)
(0 0 -3096.86)
(0 0 -3621.65)
(0 0 -3334.86)
(0 0 -2428.57)
(0 0 -1849.68)
(0 0 -1594.2)
(0 0 -1568.42)
(0 0 -1947.04)
(0 0 -1883.19)
(0 0 -1710.04)
(0 0 -1156.47)
(0 0 -1526.4)
(0 0 -1231.7)
(0 0 -2031.31)
(0 0 -3451.13)
(0 0 -4526.16)
(0 0 -382.715)
(0 0 -345.043)
(0 0 10.4909)
(0 0 -230.586)
(0 0 -330.408)
(0 0 107.266)
(0 0 -328.182)
(0 0 -253.145)
(0 0 -489.275)
(0 0 -1534.66)
(0 0 -2311)
(0 0 -1910.24)
(0 0 -1708.24)
(0 0 -1933.09)
(0 0 -2276.73)
(0 0 -1944.96)
(0 0 -574.273)
(0 0 631.154)
(0 0 3724)
(0 0 5377.27)
(0 0 7922.98)
(0 0 10919.5)
(0 0 13942.3)
(0 0 16267.3)
(0 0 17207.4)
(0 0 16782.2)
(0 0 16270.5)
(0 0 14857)
(0 0 14627.5)
(0 0 14619.7)
(0 0 12843.5)
(0 0 10657.1)
(0 0 5913.93)
(0 0 3249.73)
(0 0 5672.83)
(0 0 6476.98)
(0 0 5537.82)
(0 0 4131.58)
(0 0 2473.6)
(0 0 71.2524)
(0 0 -2526.49)
(0 0 -4466.55)
(0 0 -5942.11)
(0 0 -7115.63)
(0 0 -8059.82)
(0 0 -8770.66)
(0 0 -9320.72)
(0 0 -9743.44)
(0 0 -10129.9)
(0 0 -10639.3)
(0 0 -10209.1)
(0 0 -10793.2)
(0 0 -10384.3)
(0 0 -10103.5)
(0 0 -10103)
(0 0 -8924.02)
(0 0 -8574.32)
(0 0 -7438.45)
(0 0 -7559.07)
(0 0 -6523.24)
(0 0 -6978.7)
(0 0 -7066.44)
(0 0 -7046.39)
(0 0 -6775.28)
(0 0 -6981.31)
(0 0 -6003.72)
(0 0 -4912.97)
(0 0 -5461.26)
(0 0 -5440.78)
(0 0 -4312.67)
(0 0 -4631.29)
(0 0 -4480.12)
(0 0 -3522.95)
(0 0 -4105.53)
(0 0 -3423.16)
(0 0 -3854.15)
(0 0 -3949.45)
(0 0 -2639.23)
(0 0 -3077.4)
(0 0 -2842.58)
(0 0 -2084.54)
(0 0 -1931.76)
(0 0 -1676.55)
(0 0 -983.594)
(0 0 -1625.98)
(0 0 -2279.74)
(0 0 -2398.15)
(0 0 -1696.18)
(0 0 -1098.52)
(0 0 -1670.93)
(0 0 -733.841)
(0 0 -1024.29)
(0 0 -1306.46)
(0 0 -1382.14)
(0 0 -850.451)
(0 0 -1566.54)
(0 0 -1469.18)
(0 0 -1492.6)
(0 0 -3291.41)
(0 0 -4682.1)
(0 0 -239.296)
(0 0 -315.246)
(0 0 -188.923)
(0 0 -200.748)
(0 0 -164.758)
(0 0 -138.946)
(0 0 -4.86688)
(0 0 -250.89)
(0 0 -600.983)
(0 0 -1146.3)
(0 0 -1558.09)
(0 0 -1218.91)
(0 0 -1383.21)
(0 0 -2309.55)
(0 0 -2303.06)
(0 0 -1405.22)
(0 0 -1039.32)
(0 0 -110.529)
(0 0 2109.9)
(0 0 3919.77)
(0 0 6648.72)
(0 0 9031.11)
(0 0 10566.2)
(0 0 11648.3)
(0 0 12802.1)
(0 0 13677.8)
(0 0 13667.4)
(0 0 12691.7)
(0 0 11561.4)
(0 0 11302.2)
(0 0 11592)
(0 0 12777.1)
(0 0 15449.2)
(0 0 17335.5)
(0 0 16248.1)
(0 0 14110.2)
(0 0 11726)
(0 0 9413.66)
(0 0 5985.98)
(0 0 4975.94)
(0 0 6929.12)
(0 0 7076.98)
(0 0 6557.85)
(0 0 5744.81)
(0 0 4918.34)
(0 0 4153.54)
(0 0 3383.49)
(0 0 2592.44)
(0 0 1929.23)
(0 0 1086.54)
(0 0 -354.363)
(0 0 -1179.57)
(0 0 -2441.17)
(0 0 -2301.61)
(0 0 -2889.17)
(0 0 -1920.36)
(0 0 -2105.82)
(0 0 -2264.56)
(0 0 -1782.53)
(0 0 -1540.33)
(0 0 -1210.12)
(0 0 -1566.58)
(0 0 -1676.47)
(0 0 -1759.92)
(0 0 -1565.9)
(0 0 -1518.79)
(0 0 -1530.39)
(0 0 -1662.3)
(0 0 -1342.18)
(0 0 -1454.41)
(0 0 -1332.91)
(0 0 -1239.95)
(0 0 -999.218)
(0 0 -1013.52)
(0 0 -734.737)
(0 0 -960.65)
(0 0 -1341.08)
(0 0 -515.886)
(0 0 -611.6)
(0 0 -368.345)
(0 0 -838.78)
(0 0 -844.132)
(0 0 -913.108)
(0 0 -384.291)
(0 0 -611.452)
(0 0 -598.729)
(0 0 -519.596)
(0 0 -1098.04)
(0 0 -1327.66)
(0 0 -811.867)
(0 0 -340.213)
(0 0 -673.49)
(0 0 -348.828)
(0 0 -708.822)
(0 0 -538.591)
(0 0 -624.437)
(0 0 -620.487)
(0 0 -483.001)
(0 0 -1815.19)
(0 0 -2828.03)
)
;

boundaryField
{
    inlet
    {
        type            extrapolatedCalculated;
        value           nonuniform List<vector> 
40
(
(0 0 -82.127)
(0 0 -52.339)
(0 0 186.042)
(0 0 287.027)
(0 0 316.886)
(0 0 410.298)
(0 0 474.995)
(0 0 505.266)
(0 0 556.626)
(0 0 589.827)
(0 0 517.021)
(0 0 419.572)
(0 0 437.097)
(0 0 467.425)
(0 0 518.185)
(0 0 394.633)
(0 0 180.385)
(0 0 248.965)
(0 0 289.803)
(0 0 223.553)
(0 0 304.088)
(0 0 390.943)
(0 0 508.194)
(0 0 698.534)
(0 0 841.711)
(0 0 813.684)
(0 0 797.879)
(0 0 797.157)
(0 0 734.373)
(0 0 745.101)
(0 0 774.562)
(0 0 737.132)
(0 0 701.805)
(0 0 583.163)
(0 0 413.748)
(0 0 180.374)
(0 0 -58.1446)
(0 0 -160.72)
(0 0 -382.715)
(0 0 -239.296)
)
;
    }
    outlet
    {
        type            extrapolatedCalculated;
        value           nonuniform List<vector> 
40
(
(0 0 773.856)
(0 0 1524.95)
(0 0 2493.83)
(0 0 2123)
(0 0 2443.61)
(0 0 2866.44)
(0 0 2376.15)
(0 0 1349.24)
(0 0 695.284)
(0 0 492.282)
(0 0 -210.735)
(0 0 -950.846)
(0 0 -417.943)
(0 0 -103.862)
(0 0 301.096)
(0 0 421.411)
(0 0 -661.437)
(0 0 -923.912)
(0 0 -360.864)
(0 0 2024.04)
(0 0 3762.56)
(0 0 3298.17)
(0 0 1906.08)
(0 0 1369.93)
(0 0 1263.59)
(0 0 826.882)
(0 0 783.528)
(0 0 351.861)
(0 0 75.3772)
(0 0 -528.337)
(0 0 -1376.87)
(0 0 -2259.49)
(0 0 -2709.73)
(0 0 -3026.05)
(0 0 -3359.19)
(0 0 -3872.52)
(0 0 -4017.13)
(0 0 -4526.16)
(0 0 -4682.1)
(0 0 -2828.03)
)
;
    }
    lowerWall
    {
        type            extrapolatedCalculated;
        value           nonuniform List<vector> 
100
(
(0 0 -82.127)
(0 0 -59.9085)
(0 0 9.1795)
(0 0 120.812)
(0 0 176.292)
(0 0 184.504)
(0 0 234.614)
(0 0 208.574)
(0 0 251.365)
(0 0 278.581)
(0 0 554.297)
(0 0 811.627)
(0 0 1070.62)
(0 0 1557.38)
(0 0 1969.82)
(0 0 2532.22)
(0 0 3117.65)
(0 0 3867.24)
(0 0 4542.65)
(0 0 5385.8)
(0 0 6685.63)
(0 0 8821.97)
(0 0 10557)
(0 0 11736)
(0 0 12443.1)
(0 0 13784.4)
(0 0 13972.5)
(0 0 14757.4)
(0 0 14633.6)
(0 0 13440.2)
(0 0 12005.6)
(0 0 12121.8)
(0 0 11758)
(0 0 11399.6)
(0 0 12622)
(0 0 12869.4)
(0 0 13276.6)
(0 0 13021.8)
(0 0 14377.6)
(0 0 14383.4)
(0 0 15287.3)
(0 0 15390.5)
(0 0 16008.7)
(0 0 16859.1)
(0 0 16115.9)
(0 0 15888.6)
(0 0 14735)
(0 0 13070.4)
(0 0 12383.1)
(0 0 10688.4)
(0 0 8716.46)
(0 0 7360.33)
(0 0 6223.93)
(0 0 5098.04)
(0 0 4638.41)
(0 0 3839.01)
(0 0 3674.95)
(0 0 3215.99)
(0 0 3022.21)
(0 0 2961.74)
(0 0 2618.39)
(0 0 2511.07)
(0 0 2158.76)
(0 0 1881.79)
(0 0 1760.52)
(0 0 1756.15)
(0 0 1471.45)
(0 0 1220.73)
(0 0 1030.04)
(0 0 947.782)
(0 0 673.772)
(0 0 505.963)
(0 0 403.235)
(0 0 454.226)
(0 0 505.567)
(0 0 506.415)
(0 0 621.349)
(0 0 425.461)
(0 0 428.81)
(0 0 295.184)
(0 0 634.846)
(0 0 297.753)
(0 0 382.266)
(0 0 227.578)
(0 0 134.483)
(0 0 534.895)
(0 0 155.172)
(0 0 -0.776817)
(0 0 558.736)
(0 0 211.347)
(0 0 514.279)
(0 0 59.3071)
(0 0 326.769)
(0 0 -209.002)
(0 0 -431.696)
(0 0 7.80659)
(0 0 35.5313)
(0 0 -67.7494)
(0 0 200.669)
(0 0 773.856)
)
;
    }
    upperWall
    {
        type            extrapolatedCalculated;
        value           nonuniform List<vector> 
100
(
(0 0 -239.296)
(0 0 -315.246)
(0 0 -188.923)
(0 0 -200.748)
(0 0 -164.758)
(0 0 -138.946)
(0 0 -4.86688)
(0 0 -250.89)
(0 0 -600.983)
(0 0 -1146.3)
(0 0 -1558.09)
(0 0 -1218.91)
(0 0 -1383.21)
(0 0 -2309.55)
(0 0 -2303.06)
(0 0 -1405.22)
(0 0 -1039.32)
(0 0 -110.529)
(0 0 2109.9)
(0 0 3919.77)
(0 0 6648.72)
(0 0 9031.11)
(0 0 10566.2)
(0 0 11648.3)
(0 0 12802.1)
(0 0 13677.8)
(0 0 13667.4)
(0 0 12691.7)
(0 0 11561.4)
(0 0 11302.2)
(0 0 11592)
(0 0 12777.1)
(0 0 15449.2)
(0 0 17335.5)
(0 0 16248.1)
(0 0 14110.2)
(0 0 11726)
(0 0 9413.66)
(0 0 5985.98)
(0 0 4975.94)
(0 0 6929.12)
(0 0 7076.98)
(0 0 6557.85)
(0 0 5744.81)
(0 0 4918.34)
(0 0 4153.54)
(0 0 3383.49)
(0 0 2592.44)
(0 0 1929.23)
(0 0 1086.54)
(0 0 -354.363)
(0 0 -1179.57)
(0 0 -2441.17)
(0 0 -2301.61)
(0 0 -2889.17)
(0 0 -1920.36)
(0 0 -2105.82)
(0 0 -2264.56)
(0 0 -1782.53)
(0 0 -1540.33)
(0 0 -1210.12)
(0 0 -1566.58)
(0 0 -1676.47)
(0 0 -1759.92)
(0 0 -1565.9)
(0 0 -1518.79)
(0 0 -1530.39)
(0 0 -1662.3)
(0 0 -1342.18)
(0 0 -1454.41)
(0 0 -1332.91)
(0 0 -1239.95)
(0 0 -999.218)
(0 0 -1013.52)
(0 0 -734.737)
(0 0 -960.65)
(0 0 -1341.08)
(0 0 -515.886)
(0 0 -611.6)
(0 0 -368.345)
(0 0 -838.78)
(0 0 -844.132)
(0 0 -913.108)
(0 0 -384.291)
(0 0 -611.452)
(0 0 -598.729)
(0 0 -519.596)
(0 0 -1098.04)
(0 0 -1327.66)
(0 0 -811.867)
(0 0 -340.213)
(0 0 -673.49)
(0 0 -348.828)
(0 0 -708.822)
(0 0 -538.591)
(0 0 -624.437)
(0 0 -620.487)
(0 0 -483.001)
(0 0 -1815.19)
(0 0 -2828.03)
)
;
    }
    frontAndBack
    {
        type            empty;
    }
}


// ************************************************************************* //
