/*--------------------------------*- C++ -*----------------------------------*\
| =========                 |                                                 |
| \\      /  F ield         | foam-extend: Open Source CFD                    |
|  \\    /   O peration     | Version:     5.0                                |
|   \\  /    A nd           | Web:         http://www.foam-extend.org         |
|    \\/     M anipulation  |                                                 |
\*---------------------------------------------------------------------------*/
FoamFile
{
    version     2.0;
    format      ascii;
    class       volVectorField;
    location    "0.07";
    object      U;
}
// * * * * * * * * * * * * * * * * * * * * * * * * * * * * * * * * * * * * * //

dimensions      [0 1 -1 0 0 0 0];

internalField   nonuniform List<vector> 
4000
(
(9.13913 -1.78206 0)
(15.2368 0.683682 0)
(12.0023 1.18584 0)
(6.28912 0.686711 0)
(5.03659 0.612793 0)
(0.0276817 1.14914 0)
(-10.7445 1.84302 0)
(-27.5924 2.68445 0)
(-49.5629 3.63541 0)
(-77.1215 4.3052 0)
(-110.933 5.6739 0)
(-152.17 7.08993 0)
(-201.897 6.73486 0)
(-246.457 5.36062 0)
(-278.492 2.88357 0)
(-289.869 2.31537 0)
(-323.259 7.32397 0)
(-377.575 9.35082 0)
(-444.935 8.43713 0)
(-484.691 3.29106 0)
(-567.014 6.36578 0)
(-564.583 1.15833 0)
(-594.687 -2.37485 0)
(-573.681 7.17676 0)
(-667.66 7.6039 0)
(-677.271 9.22695 0)
(-766.421 6.06833 0)
(-778.702 9.52102 0)
(-777.195 2.13226 0)
(-816.53 10.35 0)
(-882.67 10.0742 0)
(-917.549 6.65501 0)
(-1029.07 8.29779 0)
(-1130.43 0.590783 0)
(-1129.78 -7.17795 0)
(-1062.56 -9.61137 0)
(-1025.23 -4.11672 0)
(-1023.66 -9.09754 0)
(-957.386 -7.65642 0)
(-975.132 -4.06441 0)
(-919.187 -3.34601 0)
(-931.05 -3.79002 0)
(-918.985 -8.89882 0)
(-809.977 -2.87746 0)
(-768.948 -7.93571 0)
(-640.544 -3.18248 0)
(-591.167 0.749488 0)
(-577.336 -1.90261 0)
(-518.389 -4.16306 0)
(-529.237 -0.399845 0)
(-501.864 -0.367587 0)
(-522.375 -4.20012 0)
(-508.275 -9.50453 0)
(-431.124 -16.8952 0)
(-383.133 -13.7169 0)
(-294.136 -12.0358 0)
(-257.391 -7.73572 0)
(-201.89 -8.77424 0)
(-146.352 -4.91324 0)
(-131.002 -2.733 0)
(-92.4149 -2.70393 0)
(-82.6677 -2.01944 0)
(-58.1037 -1.67498 0)
(-53.5629 -1.63024 0)
(-37.8224 -0.768201 0)
(-44.4408 0.866776 0)
(-39.8934 -0.556689 0)
(-39.8006 -0.941811 0)
(-30.2398 -0.283907 0)
(-37.0122 -0.0714779 0)
(-32.5444 -0.717509 0)
(-24.4113 -1.16193 0)
(-17.8857 -1.47527 0)
(-3.1967 -1.98773 0)
(15.2903 -1.96027 0)
(29.0032 -1.22202 0)
(37.9372 -1.10112 0)
(45.671 -0.542148 0)
(45.1645 0.136306 0)
(45.6506 0.198059 0)
(40.8786 0.0745969 0)
(45.0546 -0.729521 0)
(49.0138 -0.949699 0)
(59.9116 -1.62963 0)
(76.2859 -1.82699 0)
(86.0032 -1.06562 0)
(94.8332 -0.848233 0)
(104.695 -0.722381 0)
(106.997 -0.777452 0)
(112.482 0.0790954 0)
(106.352 1.18064 0)
(99.606 1.72654 0)
(87.1953 0.48836 0)
(79.5723 0.735972 0)
(76.7806 0.870078 0)
(68.978 0.398781 0)
(66.4525 -0.229284 0)
(69.8961 -0.947871 0)
(70.5081 -0.0938005 0)
(75.4348 -0.729736 0)
(15.8889 -6.45835 0)
(30.9195 0.590004 0)
(34.1633 2.22974 0)
(27.6664 0.979432 0)
(27.7667 1.53125 0)
(16.3441 4.01808 0)
(-9.51922 6.88432 0)
(-41.8153 9.35407 0)
(-84.502 11.5314 0)
(-141.328 14.3555 0)
(-213.779 18.5425 0)
(-281.222 20.0847 0)
(-333.279 19.0342 0)
(-393.518 15.1295 0)
(-395.073 8.42332 0)
(-435.913 6.87803 0)
(-421.885 12.5152 0)
(-435.133 20.3818 0)
(-501.033 23.499 0)
(-556.325 19.7196 0)
(-541.754 11.067 0)
(-548.807 2.81788 0)
(-588.829 3.83907 0)
(-673.244 15.9847 0)
(-784.694 20.2707 0)
(-807.219 15.5181 0)
(-902.773 17.1976 0)
(-1019.78 11.1414 0)
(-1104.65 8.30533 0)
(-1161.53 12.4306 0)
(-1170.7 24.3687 0)
(-1339.2 36.0669 0)
(-1517.06 41.1031 0)
(-1657.64 20.2986 0)
(-1558.49 -12.564 0)
(-1518.14 -25.6447 0)
(-1391.37 -18.7943 0)
(-1290.25 -11.3174 0)
(-1298.83 -7.50975 0)
(-1241.74 -8.40554 0)
(-1246.42 -10.0232 0)
(-1165.59 -11.6314 0)
(-1065.04 -18.7833 0)
(-1040.76 -27.6052 0)
(-974.756 -37.5395 0)
(-805.647 -39.257 0)
(-726.134 -24.1701 0)
(-598.529 -11.0933 0)
(-590.007 -10.7237 0)
(-519.54 -4.53955 0)
(-504.089 2.35251 0)
(-472.887 3.05565 0)
(-494.416 -6.00013 0)
(-466.307 -17.62 0)
(-455.221 -22.2855 0)
(-389.414 -21.0305 0)
(-357.49 -17.8214 0)
(-289.811 -20.7037 0)
(-255.392 -15.9744 0)
(-190.353 -12.1078 0)
(-172.073 -10.667 0)
(-116.489 -8.96126 0)
(-110.664 -7.04672 0)
(-68.2477 -3.74459 0)
(-60.0281 -1.49005 0)
(-73.1353 -1.3671 0)
(-49.8827 -1.29228 0)
(-68.2448 -0.379047 0)
(-51.5705 -0.101 0)
(-69.5647 -0.310864 0)
(-63.3013 -1.83337 0)
(-52.1992 -3.21899 0)
(-31.1313 -6.07136 0)
(-4.76546 -8.50275 0)
(42.6638 -8.36677 0)
(74.7034 -5.45883 0)
(89.4333 -3.532 0)
(101.751 -1.31137 0)
(104.437 -0.160653 0)
(113.679 0.832517 0)
(99.9749 0.28174 0)
(111.522 -2.17919 0)
(115.705 -3.70079 0)
(140.832 -6.05932 0)
(172.775 -6.525 0)
(186.594 -4.89084 0)
(208.569 -3.53219 0)
(228.914 -2.83626 0)
(230.55 -2.65225 0)
(246.991 -0.246468 0)
(234.256 3.50288 0)
(225.772 5.46588 0)
(203.415 3.70934 0)
(177.971 3.16985 0)
(182.426 2.7354 0)
(164.205 1.09867 0)
(156.736 0.191969 0)
(146.039 -0.452303 0)
(130.067 -0.112417 0)
(132.813 -2.31331 0)
(15.0713 -14.1023 0)
(37.2369 -1.40113 0)
(50.1826 1.84265 0)
(51.1821 0.723873 0)
(60.019 2.58587 0)
(46.12 8.40466 0)
(28.7196 15.295 0)
(-22.5079 20.7638 0)
(-63.7168 24.9136 0)
(-125.848 29.9178 0)
(-173.654 35.3104 0)
(-235.901 35.9057 0)
(-292.822 31.4258 0)
(-331.378 21.7412 0)
(-328.995 12.4035 0)
(-360.691 8.44103 0)
(-343.781 14.11 0)
(-384.168 27.3766 0)
(-397.552 33.5135 0)
(-450.711 26.9209 0)
(-491.486 12.4552 0)
(-474.473 10.5334 0)
(-565.301 24.2667 0)
(-694.641 45.5784 0)
(-757.114 45.66 0)
(-883.551 35.926 0)
(-967.135 47.0234 0)
(-1115.73 44.025 0)
(-1137.56 28.2849 0)
(-1200.37 25.9182 0)
(-1251.83 57.0349 0)
(-1496.09 87.4215 0)
(-1677.18 76.7937 0)
(-1729.88 20.6199 0)
(-1597.76 -33.1795 0)
(-1534.69 -48.6633 0)
(-1412.61 -42.2279 0)
(-1391.63 -24.8579 0)
(-1299 -16.2146 0)
(-1295.44 -15.1436 0)
(-1217.04 -19.6078 0)
(-1206.28 -27.5249 0)
(-1165.96 -39.8498 0)
(-1050.32 -45.6638 0)
(-979.303 -55.9627 0)
(-898.856 -67.8622 0)
(-809.259 -48.8107 0)
(-659.527 -32.7131 0)
(-637.795 -23.2668 0)
(-590.103 -22.0601 0)
(-484.414 -13.33 0)
(-471.092 -7.54743 0)
(-411.864 -13.4796 0)
(-422.629 -23.4491 0)
(-392.326 -33.3729 0)
(-367.745 -32.9641 0)
(-292.314 -31.288 0)
(-252.264 -32.4038 0)
(-237.964 -26.6005 0)
(-173.337 -22.1388 0)
(-155.965 -19.2528 0)
(-97.7721 -16.966 0)
(-90.3539 -12.9972 0)
(-55.7037 -8.1324 0)
(-61.5267 -3.22785 0)
(-23.1807 -2.94412 0)
(-47.2776 -0.136006 0)
(-56.515 -0.254881 0)
(-38.3899 -0.308007 0)
(-51.5275 -0.256488 0)
(-36.6649 -3.19975 0)
(-38.1782 -7.07091 0)
(-0.469263 -13.7971 0)
(31.5564 -17.5252 0)
(65.4204 -18.0205 0)
(91.7604 -13.469 0)
(135.109 -8.75517 0)
(135.723 -4.28179 0)
(162.83 -1.29001 0)
(147.057 1.23278 0)
(158.569 0.703362 0)
(149.819 -3.44008 0)
(158.952 -8.98389 0)
(198.246 -13.0384 0)
(212.004 -12.8829 0)
(246.09 -10.6635 0)
(249.908 -8.04521 0)
(284.809 -6.30015 0)
(287.176 -4.97776 0)
(296.143 -1.04784 0)
(285.907 4.91527 0)
(294.677 8.87183 0)
(272.802 10.0106 0)
(225.989 7.0004 0)
(237.64 5.55213 0)
(216.48 5.52169 0)
(193.899 3.89459 0)
(171.725 6.03215 0)
(120.969 3.90285 0)
(128.973 -3.32543 0)
(11.8294 -21.6858 0)
(35.57 -5.04477 0)
(57.0975 -1.45696 0)
(71.8385 -1.8806 0)
(75.0517 2.50665 0)
(77.4711 12.164 0)
(46.7051 24.2459 0)
(9.26162 32.3743 0)
(-42.3773 36.5186 0)
(-84.8536 41.8046 0)
(-148.642 47.8327 0)
(-193.784 50.1977 0)
(-264.49 41.4024 0)
(-285.083 25.317 0)
(-293.747 14.0647 0)
(-314.463 9.54891 0)
(-329.821 17.8644 0)
(-341.995 34.6257 0)
(-380.972 41.193 0)
(-381.348 33.2258 0)
(-420.645 19.3385 0)
(-454.8 24.0636 0)
(-576.086 54.3723 0)
(-728.543 74.1246 0)
(-800.785 70.6464 0)
(-954.843 69.885 0)
(-1146.51 79.9793 0)
(-1185.91 60.3075 0)
(-1223.09 35.0815 0)
(-1238.25 40.3154 0)
(-1403.39 102.117 0)
(-1595.43 143.137 0)
(-1829.51 99.0336 0)
(-1731.51 0.330117 0)
(-1596.85 -65.9764 0)
(-1446.96 -73.0046 0)
(-1401.87 -54.4189 0)
(-1381.17 -39.9015 0)
(-1271.67 -35.1383 0)
(-1208.53 -30.9418 0)
(-1158.87 -28.3186 0)
(-1133.14 -37.2801 0)
(-1027.21 -53.7029 0)
(-989.926 -65.6651 0)
(-881.343 -78.3117 0)
(-843.336 -90.9851 0)
(-699.859 -75.7655 0)
(-618.542 -52.473 0)
(-553.448 -35.0689 0)
(-549.623 -36.7512 0)
(-457.447 -29.664 0)
(-395.312 -15.6224 0)
(-381.376 -17.7839 0)
(-355.739 -28.4129 0)
(-361.882 -37.5192 0)
(-301.799 -45.2006 0)
(-255.063 -41.4507 0)
(-260.118 -38.0308 0)
(-238.13 -35.4536 0)
(-173.492 -34.9511 0)
(-113.969 -29.316 0)
(-97.9034 -24.7713 0)
(-60.2098 -17.8695 0)
(-60.1017 -11.1775 0)
(-13.3097 -9.89988 0)
(7.79867 -3.70406 0)
(-30.9905 4.42382 0)
(-40.3052 1.31457 0)
(-41.7633 -1.4515 0)
(-22.1325 -2.01321 0)
(-27.7272 -4.93145 0)
(1.5096 -12.1843 0)
(22.2915 -21.3096 0)
(39.1758 -25.6215 0)
(88.4793 -26.799 0)
(114.861 -21.0078 0)
(143.598 -13.8678 0)
(154.079 -8.33425 0)
(182.352 -3.14941 0)
(174.003 2.16851 0)
(175.779 1.47486 0)
(170.041 -5.60318 0)
(195.691 -14.5877 0)
(220.044 -18.8291 0)
(241.071 -18.7542 0)
(248.668 -14.8889 0)
(276.24 -11.9563 0)
(282.391 -10.9277 0)
(310.161 -8.12224 0)
(313.776 -1.45293 0)
(316.264 6.56836 0)
(301.45 12.0128 0)
(297.218 16.4265 0)
(254.384 12.996 0)
(253.379 8.74559 0)
(221.608 10.6471 0)
(200.13 10.4226 0)
(163.869 15.7866 0)
(104.266 10.3068 0)
(101.956 -3.45441 0)
(1.94962 -28.6162 0)
(34.6141 -9.01802 0)
(52.3536 -6.3546 0)
(73.0995 -5.82258 0)
(88.0752 1.41552 0)
(79.3262 15.2959 0)
(67.7512 32.3723 0)
(21.717 43.7172 0)
(-13.3704 48.8364 0)
(-76.0905 55.8208 0)
(-135.349 63.2766 0)
(-187.031 66.8489 0)
(-256.462 54.3238 0)
(-281.111 31.8237 0)
(-294.785 16.9915 0)
(-285.202 12.0235 0)
(-284.2 21.77 0)
(-319.162 39.9503 0)
(-322.306 46.2461 0)
(-368.057 38.4414 0)
(-384.439 31.6691 0)
(-491.644 46.6402 0)
(-622.243 87.7799 0)
(-772.731 104.042 0)
(-867.093 103.268 0)
(-1033.99 110.08 0)
(-1199.9 108.531 0)
(-1270.77 70.312 0)
(-1291.94 40.2934 0)
(-1325.01 64.9211 0)
(-1608.3 155.135 0)
(-1831.46 195.156 0)
(-1918.94 105.022 0)
(-1707.87 -40.8174 0)
(-1474.81 -101.123 0)
(-1408.96 -98.5888 0)
(-1317.36 -67.9326 0)
(-1272.61 -53.1587 0)
(-1206.07 -47.6727 0)
(-1218.98 -37.4426 0)
(-1186.5 -46.0354 0)
(-1033.64 -61.8449 0)
(-969.654 -74.0537 0)
(-866.35 -81.85 0)
(-818.503 -94.2079 0)
(-720.562 -113.217 0)
(-590.441 -108.024 0)
(-458.539 -66.8074 0)
(-473.134 -38.1911 0)
(-436.949 -45.0256 0)
(-431.258 -43.2739 0)
(-396.826 -28.0043 0)
(-331.462 -23.2828 0)
(-325.63 -27.9864 0)
(-297.744 -44.8578 0)
(-298.02 -53.5481 0)
(-274.795 -46.1794 0)
(-253.469 -41.0275 0)
(-207.087 -46.599 0)
(-184.387 -47.9963 0)
(-115.716 -41.4901 0)
(-74.7828 -31.2335 0)
(-73.1709 -23.3755 0)
(-20.9797 -18.8938 0)
(8.58563 -16.0914 0)
(-14.1805 -0.670076 0)
(-23.4265 8.62554 0)
(-11.1234 1.66261 0)
(-25.8851 -1.96816 0)
(-4.7255 -4.33467 0)
(-12.0434 -8.01696 0)
(20.9083 -17.508 0)
(28.1301 -26.4311 0)
(62.4895 -33.2962 0)
(78.0997 -34.968 0)
(121.157 -28.339 0)
(128.464 -19.6061 0)
(158.246 -12.6939 0)
(158.448 -5.00981 0)
(172.741 2.4314 0)
(163.103 0.81997 0)
(186.966 -9.16888 0)
(200.985 -19.3444 0)
(203.694 -22.4633 0)
(212.435 -22.8471 0)
(238.895 -19.8851 0)
(248.829 -16.5139 0)
(284.531 -14.0622 0)
(275.172 -12.1051 0)
(310.164 -3.40384 0)
(292.731 7.46991 0)
(309.094 14.5285 0)
(279.781 21.4664 0)
(272.146 18.1687 0)
(238.451 14.567 0)
(224.515 17.0004 0)
(189.467 18.9105 0)
(154.62 29.3328 0)
(63.8995 19.9073 0)
(81.7355 -3.22869 0)
(-5.07188 -34.21 0)
(30.5303 -13.3556 0)
(53.3362 -11.404 0)
(71.1806 -10.4483 0)
(78.1021 0.239499 0)
(80.8589 17.0872 0)
(62.1615 39.271 0)
(37.5253 53.554 0)
(-6.26524 61.9661 0)
(-77.6542 70.7911 0)
(-131.473 76.855 0)
(-193.859 80.6364 0)
(-255.033 64.9018 0)
(-287.073 34.3758 0)
(-268.258 13.4309 0)
(-258.733 10.6793 0)
(-282.218 27.0028 0)
(-281.327 43.0592 0)
(-294.96 51.5708 0)
(-330.478 50.5136 0)
(-430.283 51.8378 0)
(-528.136 78.6201 0)
(-657.583 120.115 0)
(-787.1 138.385 0)
(-931.867 140.379 0)
(-1157.12 156.248 0)
(-1331.35 134.536 0)
(-1346.47 81.4216 0)
(-1407.5 52.2544 0)
(-1535.32 116.42 0)
(-2031.66 240.295 0)
(-2182.62 227.986 0)
(-1896.72 56.7403 0)
(-1569.65 -96.7117 0)
(-1399.89 -136.746 0)
(-1296.39 -115.416 0)
(-1253.93 -83.1576 0)
(-1169.17 -64.8257 0)
(-1186.1 -55.1793 0)
(-1137.39 -50.7749 0)
(-1001.27 -70.0618 0)
(-940.78 -85.7481 0)
(-834.403 -94.9568 0)
(-792.645 -104.844 0)
(-688.636 -116.423 0)
(-612.522 -141.581 0)
(-544.506 -137.138 0)
(-389.698 -81.825 0)
(-397.42 -42.4409 0)
(-359.709 -48.2935 0)
(-380.506 -48.3576 0)
(-340.093 -37.7205 0)
(-286.448 -34.1461 0)
(-277.845 -35.0773 0)
(-245.36 -47.2659 0)
(-261.494 -55.5568 0)
(-209.661 -52.2775 0)
(-188.541 -49.3245 0)
(-189.931 -51.3834 0)
(-148.573 -57.9044 0)
(-135.361 -51.6526 0)
(-81.8447 -38.8329 0)
(-76.1759 -30.7448 0)
(-22.9675 -26.2463 0)
(-27.0236 -15.4307 0)
(-33.4089 2.39746 0)
(-30.1015 7.88706 0)
(-19.6577 0.930197 0)
(-3.04883 -4.519 0)
(-1.37916 -6.48163 0)
(15.4369 -11.7582 0)
(33.0404 -20.9627 0)
(27.8316 -31.2496 0)
(63.4352 -39.5967 0)
(82.7463 -40.8905 0)
(89.47 -33.3822 0)
(115.01 -23.4812 0)
(115.941 -16.1294 0)
(141.299 -6.98286 0)
(135.235 1.27513 0)
(156.251 -0.628575 0)
(155.025 -12.8434 0)
(152.517 -22.2313 0)
(176.765 -24.1815 0)
(174.944 -24.5462 0)
(166.5 -25.557 0)
(216.789 -23.8067 0)
(251.002 -17.1369 0)
(236.181 -13.5457 0)
(253.569 -6.03698 0)
(254.533 5.99028 0)
(278.086 16.5911 0)
(254.33 25.0505 0)
(247.202 22.8869 0)
(232.422 20.8969 0)
(200.719 23.613 0)
(182.183 28.1094 0)
(110.678 46.1368 0)
(37.1404 29.4998 0)
(33.757 -2.57839 0)
(-10.721 -38.6905 0)
(24.3605 -18.0571 0)
(50.6388 -16.3256 0)
(58.3698 -13.8188 0)
(67.5842 -0.505418 0)
(56.0247 18.8537 0)
(54.3874 42.7018 0)
(34.384 61.2797 0)
(-18.675 74.6549 0)
(-80.769 85.6973 0)
(-144.412 94.1297 0)
(-220.119 97.2838 0)
(-251.872 75.9104 0)
(-278.052 34.9076 0)
(-262.106 11.3662 0)
(-259.377 10.4718 0)
(-254.764 29.0357 0)
(-285.941 46.8484 0)
(-296.419 59.0237 0)
(-354.134 69.2558 0)
(-450.491 81.8641 0)
(-612.58 115.097 0)
(-787.751 154.214 0)
(-928.713 173.983 0)
(-1082.36 190.857 0)
(-1325.14 205.126 0)
(-1394 155.724 0)
(-1451.32 95.4674 0)
(-1552.38 84.8779 0)
(-1873.85 223.497 0)
(-2603.61 344.608 0)
(-2258.87 151.495 0)
(-1743.19 -62.8014 0)
(-1411.11 -165.965 0)
(-1280.07 -172.376 0)
(-1220.25 -138.355 0)
(-1113.03 -100.42 0)
(-1063.58 -71.0201 0)
(-1069.34 -54.4062 0)
(-1012.85 -71.6593 0)
(-870.773 -96.8767 0)
(-796.775 -106.376 0)
(-730.746 -113.911 0)
(-639.608 -119.655 0)
(-616.122 -134.311 0)
(-558.397 -161.356 0)
(-454.986 -169.252 0)
(-306.014 -100.381 0)
(-308.405 -46.4591 0)
(-281.32 -47.6347 0)
(-323.667 -48.9381 0)
(-285.269 -48.1124 0)
(-276.561 -42.101 0)
(-227.919 -40.6324 0)
(-230.892 -48.3924 0)
(-207.872 -60.7552 0)
(-202.962 -58.5267 0)
(-165.288 -53.5645 0)
(-169.659 -55.9328 0)
(-135.026 -63.5728 0)
(-136.346 -57.8167 0)
(-110.278 -46.0654 0)
(-69.5699 -38.4274 0)
(-53.7718 -32.8876 0)
(-23.1251 -16.6884 0)
(-30.0392 0.530406 0)
(4.31884 4.35855 0)
(13.4399 -1.29108 0)
(-0.784671 -5.06749 0)
(19.1015 -9.40477 0)
(12.4197 -14.4898 0)
(39.8118 -23.0944 0)
(36.5785 -34.4569 0)
(42.5231 -43.5982 0)
(45.809 -44.6093 0)
(66.2248 -36.4522 0)
(63.0523 -26.5077 0)
(82.7692 -18.9443 0)
(81.3536 -10.0026 0)
(110.259 -2.1782 0)
(114.73 -2.41976 0)
(124.472 -12.1718 0)
(96.9489 -22.3522 0)
(103.693 -24.4458 0)
(90.4403 -25.2113 0)
(104.552 -28.7884 0)
(109.471 -33.8809 0)
(164.021 -23.3905 0)
(192.052 -15.3787 0)
(181.727 -8.09655 0)
(216.683 3.54483 0)
(213.213 14.1739 0)
(244.046 25.4295 0)
(234.113 27.3357 0)
(197.972 26.8682 0)
(190.237 30.3636 0)
(134.887 40.9757 0)
(70.3032 63.2542 0)
(2.45347 36.9653 0)
(8.28948 -0.00787109 0)
(-22.548 -41.2606 0)
(16.441 -22.7328 0)
(44.0487 -21.0636 0)
(48.9757 -15.6146 0)
(43.5022 0.244087 0)
(36.6629 20.668 0)
(17.9742 46.9484 0)
(8.97001 71.1784 0)
(-39.5302 88.8025 0)
(-89.914 101.82 0)
(-164.425 111.687 0)
(-221.887 108.44 0)
(-253.815 82.0341 0)
(-275.461 36.9138 0)
(-267.99 7.07945 0)
(-243.04 9.80223 0)
(-253.387 32.5378 0)
(-261.657 52.2568 0)
(-309.123 68.6796 0)
(-373.778 91.6221 0)
(-510.418 116.334 0)
(-660.269 156.957 0)
(-862.153 198.968 0)
(-1110.48 219.329 0)
(-1274.44 241.091 0)
(-1465.22 238.558 0)
(-1477.59 166.458 0)
(-1568.25 123.184 0)
(-1791.53 157.536 0)
(-2251.39 343.971 0)
(-2534.12 351.184 0)
(-1795.85 0.09578 0)
(-1465.26 -167.919 0)
(-1262.67 -207.105 0)
(-1183.53 -188.621 0)
(-1121.64 -156.224 0)
(-1039.92 -116.599 0)
(-1017.85 -74.9399 0)
(-973.232 -71.2404 0)
(-835.771 -99.9967 0)
(-753.446 -121.915 0)
(-637.021 -127.033 0)
(-564.35 -126.954 0)
(-550.452 -127.432 0)
(-525.954 -143.734 0)
(-434.357 -180.872 0)
(-391.564 -197.266 0)
(-235.191 -119.506 0)
(-224.2 -49.0838 0)
(-204.662 -46.0662 0)
(-218.385 -47.9196 0)
(-253.719 -48.3354 0)
(-228.155 -48.422 0)
(-217.36 -46.7092 0)
(-218.767 -50.095 0)
(-214.632 -65.6044 0)
(-175.892 -64.1593 0)
(-170.856 -56.6584 0)
(-133.134 -58.5079 0)
(-149.715 -65.4154 0)
(-143.583 -62.6859 0)
(-95.311 -53.5228 0)
(-86.3963 -44.7179 0)
(-45.3815 -36.803 0)
(-39.4159 -19.7727 0)
(-11.0063 -3.45589 0)
(-4.50971 -0.915649 0)
(19.2519 -2.44022 0)
(6.31942 -5.84257 0)
(24.2844 -11.0191 0)
(12.184 -16.8623 0)
(37.9097 -24.3361 0)
(20.9537 -33.4918 0)
(9.49515 -44.4037 0)
(21.1709 -45.9558 0)
(12.5459 -38.1474 0)
(26.0929 -28.1258 0)
(20.2165 -20.9236 0)
(41.3074 -12.7483 0)
(44.7536 -6.23015 0)
(68.8156 -4.30412 0)
(72.4813 -9.35964 0)
(32.6971 -18.8889 0)
(33.1918 -22.0874 0)
(13.3521 -23.132 0)
(6.29551 -31.5715 0)
(38.7592 -40.2384 0)
(53.6021 -32.5535 0)
(114.398 -20.1245 0)
(110.165 -10.653 0)
(126.5 -2.13615 0)
(171.505 7.69977 0)
(193.481 24.1961 0)
(176.44 30.229 0)
(176.479 32.2444 0)
(138.924 39.8833 0)
(89.55 55.3149 0)
(50.2864 76.4415 0)
(-10.422 45.3234 0)
(-5.69089 2.66811 0)
(-37.6385 -41.5625 0)
(9.01337 -27.6889 0)
(36.1754 -25.3714 0)
(35.2576 -15.7999 0)
(22.7537 3.51048 0)
(5.07715 23.9046 0)
(-6.31957 50.4607 0)
(-21.9349 78.5162 0)
(-61.0978 99.2632 0)
(-113.217 116.058 0)
(-175.501 127.948 0)
(-247.406 120.49 0)
(-261.022 86.8687 0)
(-261.401 39.4682 0)
(-259.165 3.4958 0)
(-242.904 6.13975 0)
(-232.392 34.3643 0)
(-264.236 60.3041 0)
(-306.554 85.5525 0)
(-423.305 119.276 0)
(-546.988 153.932 0)
(-755.862 201.135 0)
(-996.481 255.857 0)
(-1294.63 281.01 0)
(-1511.72 291.158 0)
(-1519.22 248.515 0)
(-1571.4 175.949 0)
(-1674.55 164.139 0)
(-1863.26 245.417 0)
(-2354.52 415.401 0)
(-2116.98 265.515 0)
(-1501.44 -113.726 0)
(-1327.38 -227.332 0)
(-1190.96 -241.495 0)
(-1082.96 -208.898 0)
(-1021.23 -172.884 0)
(-983.259 -123.095 0)
(-924.619 -88.2157 0)
(-815.306 -95.2881 0)
(-731.677 -124.557 0)
(-632.376 -148.005 0)
(-560.265 -146.494 0)
(-530.031 -138.066 0)
(-486.926 -139.918 0)
(-394.172 -158.189 0)
(-362.27 -199.318 0)
(-277.039 -219.49 0)
(-189.414 -136.653 0)
(-117.901 -53.7591 0)
(-156.669 -43.8074 0)
(-148.11 -43.2047 0)
(-204.007 -44.7048 0)
(-180.386 -50.9635 0)
(-189.933 -46.4818 0)
(-201.548 -50.2846 0)
(-174.674 -69.2648 0)
(-177.063 -69.3367 0)
(-142.343 -62.9697 0)
(-143.155 -62.094 0)
(-114.326 -64.7708 0)
(-124.788 -66.3937 0)
(-86.8044 -60.0383 0)
(-84.7452 -51.3165 0)
(-48.1205 -43.1418 0)
(-44.7798 -26.3282 0)
(-6.79975 -9.61765 0)
(9.56008 -3.78978 0)
(7.91334 -2.61686 0)
(25.2279 -5.37776 0)
(10.6244 -10.7567 0)
(7.67592 -18.1692 0)
(15.8956 -24.2947 0)
(17.0037 -29.6621 0)
(-9.46242 -41.0817 0)
(-21.8326 -46.2401 0)
(-18.0556 -38.3033 0)
(-33.2909 -28.9302 0)
(-18.2409 -22.4226 0)
(-27.2126 -15.7211 0)
(-4.222 -9.3019 0)
(-7.04089 -5.46524 0)
(-9.13797 -6.45919 0)
(-34.8207 -11.2696 0)
(-80.5764 -16.5326 0)
(-101.102 -22.6616 0)
(-75.6853 -34.274 0)
(-70.8429 -44.8865 0)
(-48.1139 -42.9619 0)
(20.3911 -29.8367 0)
(35.4325 -15.1017 0)
(64.1317 -8.31163 0)
(90.7485 1.44002 0)
(109.572 20.6303 0)
(138.63 31.3011 0)
(114.297 38.5298 0)
(87.4428 50.1681 0)
(48.6761 66.2012 0)
(16.2822 85.6665 0)
(-39.2939 50.7228 0)
(-11.7382 2.94248 0)
(-40.5094 -40.5717 0)
(9.22709 -31.9359 0)
(27.4431 -28.497 0)
(13.5293 -13.8959 0)
(-6.34471 7.3373 0)
(-23.0101 27.7126 0)
(-41.2727 54.7154 0)
(-51.6016 85.7385 0)
(-86.475 109.263 0)
(-133.191 130.851 0)
(-201.922 144.574 0)
(-256.277 131.586 0)
(-282.679 88.3879 0)
(-259.454 35.1272 0)
(-237.194 0.341995 0)
(-228.454 3.54659 0)
(-229.585 38.1352 0)
(-255.733 71.7938 0)
(-348.567 108.912 0)
(-472.41 152.55 0)
(-631.481 197.76 0)
(-894.544 271.735 0)
(-1337.04 346.429 0)
(-1467.82 341.89 0)
(-1573.04 303.843 0)
(-1478.93 233.289 0)
(-1434.69 188.793 0)
(-1529.6 211.19 0)
(-1829.05 334.358 0)
(-2150.66 419.091 0)
(-1488.4 136.242 0)
(-1071.24 -186.092 0)
(-1069.52 -248.526 0)
(-1047.06 -257.685 0)
(-1000.79 -227.508 0)
(-982.164 -185.002 0)
(-932.38 -142.851 0)
(-835.593 -113.227 0)
(-724.605 -122.278 0)
(-627.265 -149.222 0)
(-570.177 -164.832 0)
(-517.58 -159.351 0)
(-449.902 -153.133 0)
(-365.634 -153.504 0)
(-337.43 -172.024 0)
(-267.371 -214.871 0)
(-250.342 -241.432 0)
(-117.128 -155.982 0)
(-68.5944 -57.4854 0)
(-100.826 -38.2624 0)
(-124.017 -36.0577 0)
(-138.79 -40.9692 0)
(-129.201 -51.1641 0)
(-160.356 -44.702 0)
(-142.608 -50.4154 0)
(-163.664 -71.0261 0)
(-137.381 -71.7021 0)
(-144.289 -66.4633 0)
(-114.822 -64.9661 0)
(-122.333 -68.3013 0)
(-93.6046 -71.0435 0)
(-94.6758 -64.1357 0)
(-63.8522 -54.495 0)
(-62.8214 -46.5915 0)
(-37.5096 -30.3054 0)
(-25.346 -14.897 0)
(3.05058 -7.12172 0)
(0.364514 -6.07394 0)
(22.162 -6.69792 0)
(10.1904 -8.74854 0)
(17.7593 -18.2178 0)
(4.62249 -23.9428 0)
(-10.2949 -26.5776 0)
(-11.4444 -37.6436 0)
(-33.4243 -42.5362 0)
(-66.6326 -35.0184 0)
(-69.278 -27.9366 0)
(-84.5084 -21.6757 0)
(-73.9611 -16.9103 0)
(-82.9714 -10.5102 0)
(-70.2308 -3.54822 0)
(-105.265 -1.14465 0)
(-132.77 -2.38844 0)
(-181.076 -8.41635 0)
(-192.535 -21.9676 0)
(-196.671 -38.6351 0)
(-153.447 -49.1742 0)
(-138.075 -52.48 0)
(-96.6871 -41.3091 0)
(-36.7086 -24.9404 0)
(16.9688 -16.3738 0)
(37.4221 -3.7135 0)
(46.5791 15.8085 0)
(81.27 30.4064 0)
(59.4936 44.0046 0)
(43.5063 57.1397 0)
(22.9819 74.8893 0)
(-24.0113 93.4665 0)
(-47.9169 51.6307 0)
(-21.2976 4.3843 0)
(-38.8856 -40.3197 0)
(11.5253 -34.5799 0)
(18.104 -28.3238 0)
(-14.398 -8.74608 0)
(-44.1916 13.0411 0)
(-57.3987 31.3186 0)
(-71.8246 58.301 0)
(-78.2392 90.6979 0)
(-112.587 118.652 0)
(-161.638 145.397 0)
(-220.126 159.673 0)
(-272.155 139.735 0)
(-275.124 88.9507 0)
(-268.505 29.64 0)
(-237.815 -6.91179 0)
(-208.296 0.833791 0)
(-211.637 43.89 0)
(-277.537 89.1592 0)
(-380.549 137.812 0)
(-519.729 194.334 0)
(-755.562 265.826 0)
(-1178.27 373.562 0)
(-1424.57 402.362 0)
(-1533.65 349.322 0)
(-1397.32 274.175 0)
(-1243.82 212.86 0)
(-1266.29 202.858 0)
(-1410.53 269.504 0)
(-1673.26 386.972 0)
(-1616.03 329.797 0)
(-1011.54 11.9553 0)
(-770.034 -224.288 0)
(-791.388 -258.24 0)
(-757.25 -257.651 0)
(-783.533 -227.223 0)
(-821.111 -192.198 0)
(-815 -159.755 0)
(-692.408 -136.141 0)
(-609.528 -144.685 0)
(-555.358 -165.621 0)
(-482.489 -180.967 0)
(-426.914 -178.157 0)
(-338.083 -168.024 0)
(-330.501 -166.377 0)
(-279.52 -184.01 0)
(-236.718 -223.311 0)
(-238.709 -259.682 0)
(-90.7755 -178.362 0)
(-37.2961 -58.5734 0)
(-31.7383 -32.9653 0)
(-84.5735 -31.3594 0)
(-82.7482 -38.627 0)
(-111.143 -46.7452 0)
(-142.016 -43.6088 0)
(-109.832 -50.8223 0)
(-142.229 -71.7715 0)
(-112.889 -74.785 0)
(-102.935 -67.8806 0)
(-120.403 -66.9805 0)
(-97.8851 -70.54 0)
(-103.127 -73.9608 0)
(-76.6293 -67.3787 0)
(-76.707 -58.9174 0)
(-50.3601 -50.0998 0)
(-50.2941 -35.026 0)
(-20.2328 -18.6863 0)
(-16.9896 -9.66849 0)
(2.98047 -8.24212 0)
(6.83005 -6.78488 0)
(16.2126 -9.55566 0)
(5.47627 -16.3565 0)
(2.6621 -20.3976 0)
(-29.1947 -22.427 0)
(-30.5571 -32.9288 0)
(-78.7634 -35.6653 0)
(-96.4287 -29.4138 0)
(-133.392 -24.2803 0)
(-130.845 -20.7268 0)
(-148.232 -15.4877 0)
(-144.801 -9.75948 0)
(-163.127 0.115664 0)
(-176.576 5.67098 0)
(-240.497 8.8212 0)
(-263.591 0.739342 0)
(-316.979 -18.8511 0)
(-292.534 -42.5283 0)
(-279.14 -58.0634 0)
(-218.732 -61.6052 0)
(-178.99 -53.2543 0)
(-143.055 -38.7155 0)
(-66.3191 -28.0782 0)
(-31.8774 -9.99235 0)
(1.83025 9.87571 0)
(9.75941 29.1688 0)
(4.16504 46.4633 0)
(9.64699 61.4538 0)
(-23.5187 82.3072 0)
(-36.5235 97.9807 0)
(-72.6323 52.3753 0)
(-36.6091 5.36924 0)
(-43.1466 -40.3805 0)
(12.5612 -35.3465 0)
(5.33274 -24.6934 0)
(-44.0504 -0.716494 0)
(-77.5083 19.5247 0)
(-95.9248 34.6015 0)
(-107.188 61.0912 0)
(-106.878 95.8465 0)
(-140.826 127.326 0)
(-184.172 158.29 0)
(-236.113 172.47 0)
(-274.698 145.557 0)
(-270.815 88.0578 0)
(-252.619 24.1751 0)
(-219.948 -14.0995 0)
(-209.401 -0.57764 0)
(-225.371 53.0327 0)
(-293.629 111.35 0)
(-406.178 170.837 0)
(-596.481 247.971 0)
(-905.116 364.371 0)
(-1393.09 457.106 0)
(-1416.75 413.106 0)
(-1297.18 320.955 0)
(-1083.88 234.601 0)
(-1067.12 208.722 0)
(-1111.22 230.365 0)
(-1214.48 308.712 0)
(-1305.69 385.601 0)
(-1021.47 244.349 0)
(-599.066 -62.1893 0)
(-455.27 -241.667 0)
(-443.894 -254.967 0)
(-444.019 -250.964 0)
(-493.967 -212.852 0)
(-562.398 -172.314 0)
(-643.524 -166.964 0)
(-616.613 -163.365 0)
(-535.233 -162.967 0)
(-447.43 -179.759 0)
(-408.768 -194.511 0)
(-337.596 -191.162 0)
(-305.281 -176.956 0)
(-300.099 -170.011 0)
(-276.08 -189.019 0)
(-286.309 -233.191 0)
(-239.009 -281.235 0)
(-131.6 -203.002 0)
(-44.6717 -66.8972 0)
(-9.82745 -29.4337 0)
(-55.6045 -25.9776 0)
(-45.6154 -34.1864 0)
(-92.5703 -40.0184 0)
(-91.1372 -42.9968 0)
(-104.958 -50.1377 0)
(-96.9977 -70.5603 0)
(-113.936 -76.7025 0)
(-115.635 -68.0837 0)
(-99.6749 -67.0151 0)
(-112.437 -72.191 0)
(-83.8352 -76.6811 0)
(-95.6176 -70.2509 0)
(-63.8315 -61.5463 0)
(-69.8403 -53.5074 0)
(-39.0883 -39.0749 0)
(-40.0261 -23.2042 0)
(-12.218 -13.1078 0)
(-14.1388 -11.4401 0)
(5.04097 -9.30701 0)
(-0.494863 -8.49636 0)
(4.896 -14.6011 0)
(-26.8884 -15.2017 0)
(-30.0046 -19.8675 0)
(-52.5345 -24.4834 0)
(-104.719 -25.2009 0)
(-161.718 -21.4348 0)
(-180.323 -19.6564 0)
(-206.873 -16.6992 0)
(-205.705 -14.092 0)
(-232.73 -6.27949 0)
(-238.778 5.47496 0)
(-266.285 14.3777 0)
(-321.884 20.2886 0)
(-367.387 12.7653 0)
(-430.276 -14.0834 0)
(-422.725 -50.025 0)
(-364.249 -69.2015 0)
(-332.197 -73.2518 0)
(-284.688 -64.6229 0)
(-208.23 -54.0566 0)
(-143.802 -40.9164 0)
(-121.923 -18.9745 0)
(-67.008 3.92662 0)
(-56.9453 27.4735 0)
(-41.4599 46.3179 0)
(-47.7461 64.1584 0)
(-56.2606 87.3123 0)
(-63.7486 98.9286 0)
(-80.29 52.1903 0)
(-49.1906 3.40614 0)
(-48.0896 -40.1897 0)
(11.0381 -34.1663 0)
(-13.59 -17.6973 0)
(-70.3022 9.30119 0)
(-107.082 26.9598 0)
(-128.166 38.302 0)
(-142.854 62.5713 0)
(-136.992 100.404 0)
(-172.546 136.647 0)
(-211.547 170.344 0)
(-251.471 182.074 0)
(-269.255 148.665 0)
(-268.859 84.1397 0)
(-251.457 15.9845 0)
(-201.117 -21.418 0)
(-193.749 2.92941 0)
(-244.443 68.7341 0)
(-331.825 136.011 0)
(-471.303 211.178 0)
(-695.255 317.416 0)
(-1063.45 456.879 0)
(-1283.94 483.382 0)
(-1211.83 392.283 0)
(-991.562 271.382 0)
(-914.049 219.61 0)
(-906.49 214.918 0)
(-925.366 238.773 0)
(-939.876 315.756 0)
(-886.811 342.474 0)
(-593.045 157.47 0)
(-287.009 -117.558 0)
(-217.587 -257.786 0)
(-218.587 -268.103 0)
(-175.12 -247.53 0)
(-240.333 -194.611 0)
(-349.066 -155.944 0)
(-438.619 -151.226 0)
(-468.366 -162.55 0)
(-444.33 -183.083 0)
(-390.675 -197.826 0)
(-341.028 -207.84 0)
(-315.054 -202.899 0)
(-292.907 -183.1 0)
(-265.583 -171.363 0)
(-286.95 -187.233 0)
(-272.19 -236.156 0)
(-284.717 -296.218 0)
(-187.974 -229.145 0)
(-31.697 -85.3789 0)
(7.41337 -30.7473 0)
(-32.9024 -20.8719 0)
(-50.7264 -28.8844 0)
(-55.5868 -35.0475 0)
(-80.1112 -41.7634 0)
(-66.7881 -49.6744 0)
(-86.0701 -66.4917 0)
(-118.912 -74.5043 0)
(-96.3966 -68.6276 0)
(-117.537 -68.4279 0)
(-96.5115 -74.1496 0)
(-100.833 -77.5616 0)
(-114.364 -72.0053 0)
(-73.617 -64.9293 0)
(-83.6025 -57.4496 0)
(-43.052 -42.9558 0)
(-50.9512 -25.3982 0)
(-24.1834 -16.8353 0)
(-15.496 -13.3307 0)
(-19.8687 -10.1364 0)
(-4.98427 -8.80912 0)
(-26.3495 -9.64094 0)
(-56.5246 -11.2432 0)
(-59.9823 -14.1428 0)
(-113.289 -12.7436 0)
(-176.68 -13.1462 0)
(-211.343 -11.3372 0)
(-257.767 -13.1488 0)
(-263.185 -13.6834 0)
(-288.371 -9.77474 0)
(-301.861 -2.39568 0)
(-316.885 11.6342 0)
(-372.86 26.8571 0)
(-442.277 34.1009 0)
(-490.722 25.7279 0)
(-523.626 -11.2741 0)
(-484.254 -56.3391 0)
(-464.496 -79.4128 0)
(-412.858 -86.5919 0)
(-339.449 -81.1869 0)
(-281.951 -70.034 0)
(-245.498 -52.7804 0)
(-185.265 -29.8579 0)
(-153.094 -3.30391 0)
(-111.4 22.0619 0)
(-106.538 44.6127 0)
(-93.9806 65.5139 0)
(-107.009 88.4201 0)
(-76.056 95.0396 0)
(-85.7552 51.9112 0)
(-60.8461 11.2578 0)
(-55.6018 -38.5202 0)
(3.32608 -30.6256 0)
(-39.047 -8.40795 0)
(-96.8519 20.3459 0)
(-133.95 35.6506 0)
(-159.879 43.0657 0)
(-177.522 64.4679 0)
(-166.613 103.761 0)
(-204.136 145.119 0)
(-235.257 177.801 0)
(-253.017 185.157 0)
(-273.789 149.962 0)
(-252.521 83.4813 0)
(-229.335 11.541 0)
(-198.531 -27.6534 0)
(-199.98 7.27976 0)
(-243.615 87.223 0)
(-376.17 167.333 0)
(-541.321 264.973 0)
(-834.92 404.226 0)
(-1189.71 524.224 0)
(-1100.06 470.474 0)
(-908.369 342.568 0)
(-789.618 247.221 0)
(-743.229 214.175 0)
(-731.118 211.789 0)
(-689.95 237.414 0)
(-668.463 300.803 0)
(-534.015 289.091 0)
(-239.141 100.966 0)
(-64.6029 -151.529 0)
(-16.8018 -269.395 0)
(7.1158 -272.6 0)
(36.757 -245.598 0)
(-25.4268 -176.629 0)
(-104.401 -127.016 0)
(-237.186 -132.262 0)
(-295.4 -158.761 0)
(-307.663 -183.488 0)
(-318.803 -206.174 0)
(-286.879 -217.802 0)
(-266.158 -209.839 0)
(-253.084 -185.354 0)
(-266.107 -170.884 0)
(-271.689 -185.254 0)
(-295.266 -235.92 0)
(-291.123 -310.32 0)
(-208.414 -259.688 0)
(-20.0083 -108.793 0)
(-8.81311 -31.1909 0)
(-3.08118 -16.6877 0)
(-45.4275 -24.4686 0)
(-38.272 -33.4338 0)
(-47.1888 -40.383 0)
(-61.0946 -46.9093 0)
(-83.5556 -61.6978 0)
(-82.5257 -71.9231 0)
(-104.812 -67.4435 0)
(-100.58 -68.4108 0)
(-87.9038 -75.3103 0)
(-112.727 -75.6876 0)
(-97.2286 -74.6933 0)
(-104.659 -68.0891 0)
(-76.7935 -61.877 0)
(-73.578 -45.6614 0)
(-51.9392 -27.1326 0)
(-54.758 -19.4798 0)
(-50.3166 -14.9744 0)
(-29.0688 -11.9804 0)
(-38.2709 -6.14332 0)
(-60.2414 -4.07472 0)
(-71.9488 -6.28774 0)
(-119.282 -5.05187 0)
(-147.978 0.656509 0)
(-222.968 2.46199 0)
(-290.986 -0.872306 0)
(-319.047 -6.91245 0)
(-349.589 -7.73634 0)
(-352.085 -4.41548 0)
(-395.584 3.80909 0)
(-409.766 21.6733 0)
(-470.782 41.755 0)
(-527.879 49.5725 0)
(-589.06 34.759 0)
(-578.333 -12.1506 0)
(-562.162 -62.1322 0)
(-528.596 -91.0283 0)
(-460.003 -100.423 0)
(-425.785 -96.7046 0)
(-370.334 -81.9675 0)
(-297.771 -66.2101 0)
(-259.518 -41.8853 0)
(-203.232 -13.3579 0)
(-179.95 16.4128 0)
(-155.368 42.1312 0)
(-154.035 65.2998 0)
(-143.775 85.4461 0)
(-118.423 87.0902 0)
(-114.733 49.5797 0)
(-87.9139 16.4463 0)
(-55.2762 -35.4739 0)
(-12.7559 -24.3204 0)
(-61.5606 3.02685 0)
(-118.786 31.4492 0)
(-158.523 43.2283 0)
(-186.158 47.3303 0)
(-206.304 65.7117 0)
(-197.511 106.407 0)
(-229.888 150.373 0)
(-255.741 183.808 0)
(-265.017 193.003 0)
(-260.241 151.026 0)
(-245.26 75.8797 0)
(-207.397 1.78923 0)
(-180.768 -34.0997 0)
(-186.584 15.6296 0)
(-264.542 112.721 0)
(-423.511 207.616 0)
(-611.982 323.384 0)
(-951.921 479.884 0)
(-1010.19 518.056 0)
(-868.758 432.534 0)
(-694.148 313.356 0)
(-653.214 233.254 0)
(-595.092 202.943 0)
(-504.659 201.159 0)
(-444.796 221.97 0)
(-366.28 272.737 0)
(-249.005 233.183 0)
(-3.6959 51.719 0)
(129.793 -172.726 0)
(127.043 -277.46 0)
(174.539 -282.505 0)
(207.506 -241.347 0)
(154.671 -160.7 0)
(78.8556 -97.4748 0)
(-43.3177 -102.057 0)
(-119.856 -141.994 0)
(-154.013 -175.552 0)
(-183.013 -202.624 0)
(-201.916 -221.387 0)
(-195.267 -207.355 0)
(-235.183 -182.192 0)
(-243.762 -164.702 0)
(-284.729 -179.373 0)
(-290.018 -231.856 0)
(-354.667 -323.502 0)
(-217.523 -294.038 0)
(-50.8988 -130.855 0)
(4.91249 -37.2896 0)
(-9.41239 -12.5305 0)
(-27.9325 -20.6855 0)
(-27.6419 -31.6028 0)
(-55.5254 -39.2835 0)
(-45.0121 -44.9808 0)
(-52.2423 -56.4244 0)
(-84.793 -68.713 0)
(-81.832 -66.8054 0)
(-76.5292 -68.2789 0)
(-108.618 -73.7208 0)
(-96.2401 -75.0399 0)
(-113.561 -74.446 0)
(-99.7729 -71.0365 0)
(-77.3127 -65.1738 0)
(-99.3698 -48.0144 0)
(-67.0156 -30.9869 0)
(-59.7644 -20.0584 0)
(-54.5016 -16.8121 0)
(-66.8362 -12.3915 0)
(-56.0029 -2.25736 0)
(-92.9061 2.63212 0)
(-126.216 0.442952 0)
(-149.843 5.9785 0)
(-214.292 14.9455 0)
(-267.16 19.6469 0)
(-351.112 12.8336 0)
(-416.185 2.17385 0)
(-426.889 -6.57362 0)
(-426.476 0.131879 0)
(-466.016 12.4516 0)
(-511.827 32.4718 0)
(-548.553 55.59 0)
(-617.253 64.6039 0)
(-649.639 40.6061 0)
(-642.817 -17.5275 0)
(-598.653 -74.8218 0)
(-536.217 -101.79 0)
(-515.307 -110.728 0)
(-475.905 -108.183 0)
(-401.991 -97.4319 0)
(-356.409 -79.7644 0)
(-314.001 -52.7167 0)
(-243.106 -24.3581 0)
(-219.156 9.87355 0)
(-212.461 39.6821 0)
(-201.671 64.1019 0)
(-199.267 79.9779 0)
(-150.389 76.5495 0)
(-130.837 46.3254 0)
(-106.43 22.1657 0)
(-48.3031 -31.0219 0)
(-27.8594 -14.6908 0)
(-81.8453 14.1058 0)
(-142.532 42.5053 0)
(-177.373 53.8373 0)
(-207.734 56.2318 0)
(-232.783 69.2603 0)
(-231.364 110.2 0)
(-250.579 157.096 0)
(-263.307 186.637 0)
(-269.8 186.944 0)
(-254.106 140.333 0)
(-211.447 68.2827 0)
(-183.067 -4.52372 0)
(-151.737 -34.4156 0)
(-194.741 30.7377 0)
(-305.932 144.814 0)
(-479.254 254.082 0)
(-709.314 397.445 0)
(-989.374 514.457 0)
(-796.666 481.783 0)
(-669.591 393.885 0)
(-527.681 290.921 0)
(-473.741 220.17 0)
(-416.463 180.422 0)
(-290.079 175.36 0)
(-170.658 201.972 0)
(-159.736 248.771 0)
(2.70814 191.72 0)
(135.223 9.50795 0)
(259.635 -180.318 0)
(191.539 -284.717 0)
(214.036 -295.534 0)
(294.206 -243.96 0)
(258.634 -145.431 0)
(181.37 -73.5205 0)
(64.7158 -80.9868 0)
(11.4914 -130.237 0)
(-22.0283 -168.357 0)
(-58.5593 -194.033 0)
(-111.779 -213.226 0)
(-170.575 -204.205 0)
(-216.975 -175.196 0)
(-242.367 -157.804 0)
(-277.842 -169.215 0)
(-321.867 -218.455 0)
(-399.651 -333.879 0)
(-272.601 -335.378 0)
(-70.0543 -158.573 0)
(-13.6636 -42.9054 0)
(-3.40142 -10.4603 0)
(-12.3765 -17.5218 0)
(-46.1392 -28.093 0)
(-52.0952 -37.1526 0)
(-69.1789 -45.2438 0)
(-51.7797 -55.0215 0)
(-62.2239 -64.5732 0)
(-96.561 -64.6485 0)
(-86.3457 -65.7728 0)
(-95.9266 -70.8455 0)
(-118.288 -72.8057 0)
(-118.41 -74.5515 0)
(-104.734 -73.9819 0)
(-108.341 -65.0146 0)
(-125.728 -49.1563 0)
(-92.0678 -34.5934 0)
(-98.5401 -21.6487 0)
(-80.9837 -16.3378 0)
(-109.199 -10.96 0)
(-115.382 0.692845 0)
(-113.516 8.15077 0)
(-133.676 11.0347 0)
(-210.524 18.5447 0)
(-251.947 30.7388 0)
(-346.147 38.2063 0)
(-428.135 32.0671 0)
(-501.613 11.2622 0)
(-507.067 -2.21387 0)
(-524.917 4.79461 0)
(-534.473 21.5304 0)
(-583.183 43.6861 0)
(-623.145 65.2484 0)
(-669.96 75.3255 0)
(-701.889 42.3745 0)
(-655.531 -26.0586 0)
(-621.983 -87.4602 0)
(-558.492 -112.362 0)
(-534.777 -120.226 0)
(-480.067 -120.836 0)
(-442.057 -111.977 0)
(-375.326 -92.229 0)
(-327.942 -67.0974 0)
(-292.107 -32.9226 0)
(-264.781 6.74065 0)
(-250.733 38.1541 0)
(-257.351 61.9014 0)
(-237.85 73.5055 0)
(-211.43 65.5046 0)
(-175.175 37.1299 0)
(-100.016 22.8979 0)
(-49.852 -24.5672 0)
(-43.0672 -1.69847 0)
(-104.798 27.0414 0)
(-156.907 53.8376 0)
(-194.515 60.8642 0)
(-224.596 59.8055 0)
(-254.643 72.2392 0)
(-259.399 110.779 0)
(-274.19 157.09 0)
(-276.528 187.724 0)
(-252.42 189.877 0)
(-223.586 141.143 0)
(-199.267 61.561 0)
(-147.511 -10.9068 0)
(-142.608 -34.8952 0)
(-192.266 49.9568 0)
(-349.327 184.851 0)
(-536.486 307.604 0)
(-795.164 453.861 0)
(-801.779 501.696 0)
(-683.405 449.02 0)
(-484.888 357.125 0)
(-395.892 267.264 0)
(-293.565 203.832 0)
(-210.312 149.135 0)
(-48.0968 143.319 0)
(28.3255 184.721 0)
(36.9602 232.436 0)
(156.891 158.884 0)
(243.981 -1.49628 0)
(381.684 -174.657 0)
(334.8 -280.739 0)
(307.984 -305.937 0)
(308.096 -251.201 0)
(238.166 -137.672 0)
(203.979 -54.3938 0)
(128.447 -61.0534 0)
(87.8451 -118.175 0)
(61.5994 -158.636 0)
(34.3351 -181.218 0)
(-24.4969 -194.536 0)
(-116.957 -186.024 0)
(-199.423 -162.976 0)
(-233.671 -145.664 0)
(-311.476 -157.615 0)
(-345.159 -204.343 0)
(-422.286 -340.439 0)
(-339.634 -372.597 0)
(-143.242 -190.231 0)
(-33.0296 -54.6825 0)
(-0.716338 -12.3452 0)
(-26.3037 -11.3981 0)
(-43.0554 -22.8964 0)
(-46.2171 -34.8802 0)
(-77.36 -43.0102 0)
(-81.8723 -55.0751 0)
(-66.9006 -61.9311 0)
(-88.9812 -62.6213 0)
(-88.131 -64.7371 0)
(-124.454 -66.9272 0)
(-119.226 -70.5215 0)
(-148.169 -75.2691 0)
(-126.653 -75.0761 0)
(-143.77 -61.4394 0)
(-142.176 -49.5359 0)
(-142.751 -37.6978 0)
(-117.108 -24.0042 0)
(-127.474 -13.1645 0)
(-155.814 -7.2717 0)
(-155.871 1.38848 0)
(-144.043 10.4408 0)
(-188.346 22.8969 0)
(-267.596 34.7201 0)
(-309.18 49.6806 0)
(-416.944 59.394 0)
(-498.112 51.3301 0)
(-568.062 25.2773 0)
(-595.859 3.79032 0)
(-584.698 7.48403 0)
(-609.281 27.8923 0)
(-630.272 54.2831 0)
(-697.439 76.9839 0)
(-740.782 82.042 0)
(-708.052 36.9932 0)
(-664.03 -37.612 0)
(-603.13 -98.953 0)
(-571.752 -123.924 0)
(-531.558 -127.851 0)
(-507.308 -132.179 0)
(-448.233 -124.946 0)
(-407.889 -105.116 0)
(-342.265 -77.0676 0)
(-321.85 -40.7608 0)
(-292.142 1.51461 0)
(-295.187 37.5195 0)
(-287.894 60.8747 0)
(-291.413 69.2212 0)
(-249.178 51.2955 0)
(-187.137 19.5368 0)
(-65.4732 15.9463 0)
(-59.0434 -16.1599 0)
(-53.2756 12.5174 0)
(-111.299 38.7832 0)
(-175.039 64.3254 0)
(-211.621 70.12 0)
(-238.186 71.2394 0)
(-273.591 80.1104 0)
(-274.002 113.938 0)
(-279.483 158.503 0)
(-265.796 184.66 0)
(-243.34 178.581 0)
(-201.386 123.508 0)
(-154.179 47.8515 0)
(-132.683 -19.2581 0)
(-116.754 -28.1642 0)
(-221.792 85.3025 0)
(-372.523 232.542 0)
(-594.168 365.298 0)
(-768.031 471.608 0)
(-616.271 470.893 0)
(-493.561 410.049 0)
(-335.489 323.576 0)
(-250.731 241.592 0)
(-108.897 174.481 0)
(24.1632 120.004 0)
(134.918 117.792 0)
(164.269 181.862 0)
(167.013 210.666 0)
(278.157 136.031 0)
(612.744 -43.3629 0)
(914.681 -202.109 0)
(823.72 -259.762 0)
(713.448 -284.373 0)
(642.55 -226.536 0)
(430.156 -99.6075 0)
(226.306 -24.576 0)
(114.529 -53.0127 0)
(114.51 -119.72 0)
(103.172 -152.784 0)
(94.0813 -169.928 0)
(59.4176 -176.159 0)
(-30.8663 -161.241 0)
(-162.023 -144.081 0)
(-233.833 -129.729 0)
(-317.645 -141.725 0)
(-367.196 -194.806 0)
(-422.333 -341.635 0)
(-454.387 -408.454 0)
(-207.026 -229.625 0)
(-55.7104 -74.8634 0)
(-28.4547 -16.1414 0)
(-22.462 -8.05517 0)
(-36.3714 -18.7665 0)
(-67.1839 -31.3331 0)
(-67.1296 -40.9445 0)
(-68.7387 -53.7627 0)
(-94.403 -59.5302 0)
(-95.8424 -58.1296 0)
(-124.426 -59.6085 0)
(-129.9 -62.8574 0)
(-155.096 -66.6823 0)
(-159.686 -73.4761 0)
(-176.547 -74.7367 0)
(-164.145 -61.0461 0)
(-180.412 -50.4144 0)
(-160.791 -40.5015 0)
(-164.733 -25.0392 0)
(-169.854 -9.97521 0)
(-169.807 -1.63526 0)
(-208.751 0.814198 0)
(-191.381 13.9824 0)
(-241.319 36.3365 0)
(-299.569 52.7219 0)
(-388.78 69.6992 0)
(-484.46 85.945 0)
(-606.545 69.8897 0)
(-635.47 31.4745 0)
(-654.958 3.87391 0)
(-631.383 7.51826 0)
(-640.298 34.0747 0)
(-678.715 69.3019 0)
(-739.992 91.2038 0)
(-754.572 81.5139 0)
(-696.384 24.663 0)
(-633.122 -52.3478 0)
(-585.833 -112.376 0)
(-550.437 -131.97 0)
(-541.707 -135.328 0)
(-499.017 -141.676 0)
(-467.391 -137.103 0)
(-408.93 -119.836 0)
(-366.849 -86.6703 0)
(-331.65 -46.9789 0)
(-323.272 -1.76738 0)
(-317.874 37.7532 0)
(-329.081 61.0902 0)
(-318.663 63.1451 0)
(-246.2 32.2596 0)
(-173.632 -5.08899 0)
(-58.7443 8.05588 0)
(-74.3352 -5.90727 0)
(-55.8848 26.0332 0)
(-131.239 53.516 0)
(-183.108 75.0712 0)
(-202.396 78.8777 0)
(-247.247 78.4336 0)
(-275.826 82.6944 0)
(-276.317 111.418 0)
(-273.111 154.278 0)
(-245.632 178.678 0)
(-206.382 171.828 0)
(-161.505 116.474 0)
(-114.939 45.742 0)
(-99.3334 -13.5911 0)
(-114.903 -15.2381 0)
(-216.711 110.807 0)
(-378.37 279.02 0)
(-604.865 408.367 0)
(-584.259 457.941 0)
(-491.207 441.005 0)
(-312.401 375.807 0)
(-213.974 293.416 0)
(-87.429 212.161 0)
(54.4439 135.447 0)
(227.92 88.0922 0)
(303.442 102.958 0)
(251.473 180.241 0)
(391.511 190.434 0)
(713.114 69.2582 0)
(1012.95 -122.34 0)
(1179.44 -216.027 0)
(1114.18 -248.269 0)
(980.889 -257.303 0)
(784.67 -199.623 0)
(590.989 -68.4436 0)
(388.366 19.0639 0)
(272.176 -23.9548 0)
(169.525 -106.766 0)
(94.3096 -152.205 0)
(116.438 -171.602 0)
(122.143 -163.852 0)
(43.7811 -134.387 0)
(-92.8581 -112.362 0)
(-176.106 -103.487 0)
(-258.264 -122.658 0)
(-303.997 -175.156 0)
(-396.995 -324.215 0)
(-557.555 -427.592 0)
(-308.266 -278.546 0)
(-99.3221 -102.075 0)
(-45.7112 -23.4724 0)
(-42.6303 -5.46121 0)
(-69.6633 -13.2103 0)
(-79.022 -28.2872 0)
(-100.138 -39.9714 0)
(-84.0672 -49.49 0)
(-131.633 -55.0042 0)
(-149.809 -55.1596 0)
(-144.095 -57.9834 0)
(-164.057 -57.9861 0)
(-200.528 -61.768 0)
(-211.186 -71.236 0)
(-200.927 -74.4112 0)
(-210.991 -61.3646 0)
(-195.645 -49.2957 0)
(-200.677 -39.6845 0)
(-219.868 -23.5576 0)
(-198.796 -9.97322 0)
(-208.858 2.02837 0)
(-218.56 7.49745 0)
(-254.288 19.2603 0)
(-278.418 48.4541 0)
(-358.931 71.6587 0)
(-445.06 95.2663 0)
(-580.344 114.996 0)
(-689.227 86.81 0)
(-706.264 33.1444 0)
(-694.695 -0.890869 0)
(-658.131 4.31071 0)
(-670.342 39.1733 0)
(-696.962 78.4296 0)
(-758.641 93.4813 0)
(-732.411 69.9525 0)
(-664.744 9.7598 0)
(-576.243 -68.7113 0)
(-534.431 -120.842 0)
(-530.99 -134.96 0)
(-519.877 -139.682 0)
(-501.878 -150.726 0)
(-463.895 -148.38 0)
(-406.347 -129.987 0)
(-380.755 -94.1779 0)
(-351.464 -50.1655 0)
(-335.326 -2.61871 0)
(-346.78 39.2539 0)
(-348.372 61.5855 0)
(-319.752 52.9932 0)
(-240.623 9.86946 0)
(-169.43 -25.8606 0)
(-50.8424 -3.43816 0)
(-85.9594 7.75746 0)
(-60.8915 40.2748 0)
(-135.885 65.3798 0)
(-170.11 82.1966 0)
(-206.837 87.7809 0)
(-246.369 86.4694 0)
(-259.073 86.7092 0)
(-260.661 111.981 0)
(-252.981 149.275 0)
(-218.428 168.787 0)
(-175.739 160.048 0)
(-123.001 104.16 0)
(-85.8239 33.5347 0)
(-50.0953 -16.5865 0)
(-85.5268 1.41749 0)
(-208.153 157.666 0)
(-386.144 328.787 0)
(-503.699 421.254 0)
(-430.099 436.075 0)
(-288.68 405.307 0)
(-165.572 345.122 0)
(-84.1064 266.602 0)
(46.7334 173.397 0)
(228.278 95.4959 0)
(370.981 62.4717 0)
(387.334 107.62 0)
(397.023 159.625 0)
(700.533 98.1898 0)
(1095.31 -33.1335 0)
(1303.84 -171.328 0)
(1326.18 -226.66 0)
(1225.7 -219.378 0)
(987.193 -204.678 0)
(713.77 -137.351 0)
(493.784 -18.2738 0)
(371.682 51.7335 0)
(331.482 3.49569 0)
(229.983 -78.0454 0)
(124.408 -142.359 0)
(134.969 -177.719 0)
(154.821 -160.001 0)
(90.6476 -111.139 0)
(-45.9721 -87.1553 0)
(-124.323 -84.8898 0)
(-194.555 -110.808 0)
(-227.33 -158.579 0)
(-300.436 -276.962 0)
(-619.929 -446.553 0)
(-400.249 -335.249 0)
(-177.427 -136.846 0)
(-82.5464 -34.1936 0)
(-82.2497 -3.8676 0)
(-86.0702 -8.46297 0)
(-125.654 -26.4383 0)
(-121.803 -39.2571 0)
(-136.814 -45.4319 0)
(-155.546 -48.3579 0)
(-167.769 -52.4876 0)
(-186.123 -53.364 0)
(-213.25 -50.65 0)
(-226.646 -57.4212 0)
(-232.869 -71.8653 0)
(-246.173 -73.3882 0)
(-267.681 -62.6936 0)
(-236.113 -51.5773 0)
(-255.57 -37.6164 0)
(-246.708 -23.6094 0)
(-257.882 -13.3274 0)
(-242.829 3.58434 0)
(-259.677 11.8272 0)
(-280.449 27.0948 0)
(-342.758 65.3832 0)
(-425.48 96.5238 0)
(-524.963 125.923 0)
(-665.063 146.238 0)
(-751.297 102.082 0)
(-732.78 32.0519 0)
(-711.835 -3.6462 0)
(-675.48 1.73432 0)
(-669.791 43.1637 0)
(-700.772 92.4464 0)
(-742.459 98.7857 0)
(-691.542 57.4479 0)
(-589.02 -13.9814 0)
(-501.814 -84.9091 0)
(-483.42 -126.051 0)
(-490.228 -135.42 0)
(-496.791 -141.444 0)
(-477.884 -158.059 0)
(-441.215 -159.389 0)
(-411.166 -140.305 0)
(-372.589 -101.71 0)
(-361.009 -57.0679 0)
(-354.481 -1.95616 0)
(-362.333 42.0098 0)
(-355.389 56.0708 0)
(-290.845 37.8878 0)
(-182.959 -12.524 0)
(-150.797 -45.4827 0)
(-43.668 -13.3209 0)
(-98.1186 22.4616 0)
(-69.2086 53.0489 0)
(-132.619 75.9126 0)
(-173.33 91.3799 0)
(-191.288 96.1646 0)
(-221.76 92.8182 0)
(-227.582 88.3022 0)
(-243.183 110.635 0)
(-219.686 143.327 0)
(-188.592 158.866 0)
(-143.835 147.218 0)
(-82.9439 91.2584 0)
(-47.6639 26.1923 0)
(-28.1931 -16.3374 0)
(-39.9606 9.75165 0)
(-164.932 183.014 0)
(-351.994 362.405 0)
(-364.735 415.042 0)
(-263.51 411.224 0)
(-152.966 374.773 0)
(-55.0462 318.415 0)
(60.0434 239.222 0)
(178.319 134.626 0)
(346.049 56.0276 0)
(476.035 43.2991 0)
(436.266 106.128 0)
(572.966 103.678 0)
(959.625 6.54641 0)
(1228.5 -82.6295 0)
(1370.11 -172.507 0)
(1334.71 -199.755 0)
(1089.15 -168.218 0)
(800.918 -140.311 0)
(556.245 -87.1327 0)
(310.048 19.8818 0)
(255.12 69.4702 0)
(281.83 17.296 0)
(245.854 -57.7427 0)
(193.918 -130.166 0)
(180.14 -179.159 0)
(161.438 -150.229 0)
(117.874 -86.8827 0)
(9.15555 -59.6414 0)
(-61.4218 -64.6312 0)
(-124.419 -97.981 0)
(-157.044 -146.48 0)
(-205.803 -231.128 0)
(-484.483 -412.638 0)
(-472.311 -376.362 0)
(-242.706 -173.231 0)
(-149.702 -52.3546 0)
(-103.182 -4.31175 0)
(-119.872 -2.77782 0)
(-144.43 -21.6415 0)
(-169.32 -36.8324 0)
(-164.539 -41.5009 0)
(-199.624 -42.1158 0)
(-220.175 -47.3929 0)
(-243.85 -51.4392 0)
(-235.501 -48.5299 0)
(-240.246 -52.1752 0)
(-271.097 -66.1679 0)
(-300.204 -68.2751 0)
(-300.856 -62.784 0)
(-310.019 -53.0133 0)
(-297.008 -36.9539 0)
(-276.948 -22.908 0)
(-302.166 -12.0899 0)
(-317.349 3.22091 0)
(-302.586 17.2964 0)
(-329.211 39.426 0)
(-382.229 79.8994 0)
(-472.801 118.156 0)
(-592.185 159.115 0)
(-748.048 171.259 0)
(-747.249 104.07 0)
(-739.93 27.1555 0)
(-688.567 -11.1915 0)
(-645.692 -4.39854 0)
(-652.285 45.8166 0)
(-674.048 94.4451 0)
(-704.519 92.0684 0)
(-618.017 38.0399 0)
(-504.838 -36.2503 0)
(-429.491 -96.0684 0)
(-423.383 -125.965 0)
(-446.506 -132.879 0)
(-452.159 -141.941 0)
(-438.372 -163.951 0)
(-415.433 -166.255 0)
(-395.699 -148.619 0)
(-359.09 -106.912 0)
(-354.148 -59.4959 0)
(-357.894 -2.40868 0)
(-367.927 41.2738 0)
(-334.816 40.1785 0)
(-204.093 11.5166 0)
(-59.7636 -32.7902 0)
(-69.7545 -57.874 0)
(-4.42465 -21.2839 0)
(-105.621 39.4942 0)
(-72.2141 64.7878 0)
(-131.709 84.9141 0)
(-162.072 96.3136 0)
(-178.013 101.723 0)
(-186.309 96.9724 0)
(-205.816 91.4743 0)
(-204.048 109.188 0)
(-187.404 135.696 0)
(-148.744 148.153 0)
(-110.382 133.202 0)
(-48.8675 77.6684 0)
(-3.99271 18.233 0)
(20.2079 -12.4385 0)
(-7.63299 38.0943 0)
(-137.821 231.833 0)
(-281.011 378.973 0)
(-223.703 396.714 0)
(-123.416 382.259 0)
(-7.1821 351.891 0)
(54.2501 294.96 0)
(167.823 208.361 0)
(333.233 99.1405 0)
(495.474 21.1526 0)
(513.242 36.7702 0)
(546.733 80.4972 0)
(817.392 23.7669 0)
(1097.27 -62.3922 0)
(1289.71 -128.18 0)
(1369.02 -182.54 0)
(1249.77 -150.39 0)
(949.008 -71.4871 0)
(479.121 -43.4575 0)
(100.458 -17.3233 0)
(-47.2869 41.3238 0)
(95.865 57.8618 0)
(267.469 2.33192 0)
(310.115 -57.2745 0)
(304.916 -119.873 0)
(248.942 -163.963 0)
(122.455 -149.356 0)
(84.0412 -76.5829 0)
(23.5967 -36.4261 0)
(-10.8875 -48.1698 0)
(-62.0954 -87.0519 0)
(-97.2797 -131.913 0)
(-155.105 -209.383 0)
(-333.952 -353.32 0)
(-583.772 -407.578 0)
(-318.611 -214.818 0)
(-193.774 -71.9094 0)
(-151.459 -9.91549 0)
(-147.012 3.21817 0)
(-189.958 -15.8933 0)
(-196.244 -34.0343 0)
(-214.435 -36.399 0)
(-214.949 -38.0592 0)
(-236.378 -42.6162 0)
(-258.542 -47.6903 0)
(-279.282 -46.446 0)
(-268.272 -49.5555 0)
(-303.185 -59.9939 0)
(-341.632 -64.8363 0)
(-337.816 -61.4442 0)
(-363.09 -52.8325 0)
(-331.331 -41.9666 0)
(-322.137 -24.5518 0)
(-322.981 -8.0721 0)
(-358.914 4.578 0)
(-365.394 20.2588 0)
(-371.009 47.0641 0)
(-421.702 99.1588 0)
(-517.348 148.22 0)
(-650.092 193.954 0)
(-771.163 187.622 0)
(-718.024 96.3669 0)
(-690.095 6.11573 0)
(-621.556 -28.0313 0)
(-590.842 -4.33051 0)
(-595.922 53.8956 0)
(-633.659 107.054 0)
(-612.354 79.911 0)
(-514.663 10.1227 0)
(-395.811 -59.4715 0)
(-353.543 -104.385 0)
(-363.486 -123.578 0)
(-397.34 -126.718 0)
(-400.826 -142.393 0)
(-395.58 -167.703 0)
(-385.244 -170.453 0)
(-369.293 -154.858 0)
(-351.643 -110.722 0)
(-347.542 -56.2178 0)
(-357.713 1.1568 0)
(-357.811 35.5701 0)
(-286.466 15.2607 0)
(-110.145 -27.7173 0)
(28.0973 -52.9879 0)
(28.2179 -68.0632 0)
(88.4301 -28.0986 0)
(-108.339 56.9313 0)
(-67.3943 76.443 0)
(-126.024 92.7874 0)
(-149.724 99.5946 0)
(-158.754 105.175 0)
(-163.406 100.678 0)
(-165.256 91.9675 0)
(-160.844 105.909 0)
(-137.934 129.693 0)
(-107.993 140.782 0)
(-72.9012 122.48 0)
(-7.21623 66.8789 0)
(40.6329 9.92639 0)
(64.007 -13.1025 0)
(41.8437 45.0139 0)
(-92.6854 251.871 0)
(-144.27 380.559 0)
(-73.6865 380.794 0)
(-5.84616 357.656 0)
(82.9456 332.444 0)
(182.789 273.963 0)
(283.425 171.51 0)
(445.355 58.3953 0)
(627.276 -1.72822 0)
(603.026 34.885 0)
(671.612 44.5084 0)
(1019.53 -49.5327 0)
(1218.8 -114.646 0)
(1380.98 -159.107 0)
(1442.81 -171.238 0)
(1326.79 -97.7986 0)
(1056.03 21.1557 0)
(712.394 85.1082 0)
(169.386 73.2932 0)
(-137.258 40.6737 0)
(107.898 -0.150232 0)
(353.285 -32.8192 0)
(410.899 -68.0026 0)
(374.062 -112.491 0)
(287.695 -136.632 0)
(173.765 -113.283 0)
(41.6752 -55.4883 0)
(-58.1168 -33.4736 0)
(-12.9788 -40.6656 0)
(-35.1088 -80.259 0)
(-41.6349 -122.631 0)
(-75.6151 -182.21 0)
(-253.147 -303.559 0)
(-549.584 -392.717 0)
(-387.147 -257.733 0)
(-255.706 -95.44 0)
(-197.029 -17.0687 0)
(-178.784 5.42425 0)
(-213.689 -9.54285 0)
(-247.391 -30.6577 0)
(-243.317 -35.1231 0)
(-245.17 -32.994 0)
(-278.842 -34.9311 0)
(-286.967 -42.9056 0)
(-327.561 -45.8572 0)
(-309.184 -46.5788 0)
(-342.356 -50.5507 0)
(-361.576 -58.1577 0)
(-390.44 -58.6501 0)
(-397.188 -53.3499 0)
(-377.826 -45.7574 0)
(-375.704 -22.9349 0)
(-366.439 -2.61624 0)
(-387.759 10.1659 0)
(-387.827 21.1723 0)
(-408.051 54.159 0)
(-461.741 116.72 0)
(-560.775 177.571 0)
(-673.519 220.479 0)
(-727.926 187.754 0)
(-645.737 85.4757 0)
(-628.559 -7.31756 0)
(-565.634 -40.1679 0)
(-525.923 -11.1069 0)
(-517.168 54.1887 0)
(-551.594 103.506 0)
(-497.03 62.8636 0)
(-384.218 -16.7793 0)
(-286.823 -77.4848 0)
(-273.312 -105.974 0)
(-303.65 -116.108 0)
(-342.798 -122.914 0)
(-338.775 -141.189 0)
(-357.319 -168.304 0)
(-347.081 -172.315 0)
(-349.208 -156.41 0)
(-351.809 -111.797 0)
(-341.905 -55.8163 0)
(-350.346 1.37437 0)
(-331.759 25.719 0)
(-233.65 -20.6811 0)
(-30.9847 -64.2104 0)
(88.7373 -73.9741 0)
(104.922 -75.7865 0)
(154.71 -33.1498 0)
(-104.921 73.536 0)
(-58.1095 86.8091 0)
(-110.283 99.3073 0)
(-129.387 101.794 0)
(-132.537 106.641 0)
(-130.167 100.056 0)
(-115.194 91.1582 0)
(-99.7812 99.9425 0)
(-87.1244 121.641 0)
(-63.5577 130.699 0)
(-31.4889 109.612 0)
(35.8314 52.0657 0)
(86.136 1.77753 0)
(96.0615 -9.46001 0)
(67.2992 70.9317 0)
(-32.3391 277.996 0)
(-26.3709 373.025 0)
(63.6563 362.524 0)
(123.029 339.694 0)
(182.085 307.68 0)
(285.126 245.139 0)
(421.368 137.837 0)
(575.284 17.5009 0)
(693.33 -22.5758 0)
(750.206 17.5686 0)
(895.051 -11.9073 0)
(1164.85 -110.596 0)
(1330.73 -155.758 0)
(1452.89 -183.609 0)
(1485.32 -161.314 0)
(1394.5 -53.1006 0)
(1173.13 88.7024 0)
(871.433 167.662 0)
(601.927 156.475 0)
(339.459 53.8711 0)
(300.333 -46.7016 0)
(449.738 -66.319 0)
(471.403 -58.3745 0)
(388.935 -80.1889 0)
(227.289 -100.153 0)
(45.0233 -76.8454 0)
(-112.039 -31.7058 0)
(-162.524 -23.3518 0)
(-70.3155 -51.3996 0)
(-44.0606 -83.6537 0)
(-26.2108 -118.122 0)
(-42.3434 -161.702 0)
(-165.308 -256.802 0)
(-355.859 -340.846 0)
(-473.579 -295.526 0)
(-318.756 -120.395 0)
(-244.604 -28.477 0)
(-220.523 6.94806 0)
(-240.478 -0.848132 0)
(-303.891 -26.1662 0)
(-288.331 -36.3623 0)
(-305.398 -30.6585 0)
(-311.781 -31.6669 0)
(-340.394 -37.0185 0)
(-351.035 -42.0392 0)
(-363.044 -45.0291 0)
(-362.416 -46.9728 0)
(-390.334 -51.9254 0)
(-414.91 -53.4274 0)
(-442.067 -53.5581 0)
(-435.343 -49.7022 0)
(-405.418 -28.0426 0)
(-388.852 -5.75989 0)
(-400.287 13.0405 0)
(-407.554 27.2111 0)
(-428.036 62.1953 0)
(-502.072 135.397 0)
(-587.809 202.761 0)
(-674.674 238.419 0)
(-641.11 179.672 0)
(-563.336 75.4375 0)
(-537.949 -16.4009 0)
(-512.436 -48.1719 0)
(-464.626 -15.1384 0)
(-432.732 59.0239 0)
(-433.716 92.9738 0)
(-338.138 38.2763 0)
(-250.66 -39.7053 0)
(-187.878 -87.195 0)
(-200.858 -101.308 0)
(-239.214 -108.185 0)
(-276.669 -117.84 0)
(-281.373 -137.527 0)
(-310.022 -166.148 0)
(-317.044 -171.146 0)
(-330.852 -154.172 0)
(-343.908 -109.969 0)
(-340.848 -54.7745 0)
(-331.52 -2.47392 0)
(-303.087 5.88599 0)
(-149.311 -65.5433 0)
(26.1662 -97.5789 0)
(113.376 -90.8722 0)
(115.634 -79.3137 0)
(150.768 -41.509 0)
(-102.779 87.7609 0)
(-46.3851 94.8327 0)
(-81.5972 104.913 0)
(-100.727 102.072 0)
(-97.1798 106.924 0)
(-83.7348 97.8144 0)
(-64.9478 84.4872 0)
(-30.3337 97.5242 0)
(-25.4708 118.752 0)
(-2.09647 125.842 0)
(18.7747 100.914 0)
(82.7451 39.7143 0)
(125.987 -6.12277 0)
(142.32 -8.42849 0)
(128.033 80.1029 0)
(47.8857 278.138 0)
(84.6826 357.897 0)
(178.159 346.03 0)
(240.158 325.232 0)
(308.725 287.53 0)
(406.536 217.381 0)
(518.654 105.448 0)
(681.961 -17.399 0)
(780.592 -46.156 0)
(810.892 0.906641 0)
(1078.85 -71.1886 0)
(1269.5 -158.913 0)
(1407.42 -189.66 0)
(1512.24 -199.155 0)
(1547.57 -150.787 0)
(1472.04 -18.6294 0)
(1312.11 141.159 0)
(1145.38 224.302 0)
(969.415 194.66 0)
(872.18 100.799 0)
(695.471 -15.5875 0)
(469.547 -69.0909 0)
(349.238 -61.3127 0)
(218.771 -60.3106 0)
(-9.11757 -69.3462 0)
(-220.224 -53.9944 0)
(-269.644 -26.7037 0)
(-203.175 -43.3019 0)
(-105.971 -64.9283 0)
(-64.1157 -92.4129 0)
(-34.2667 -119.247 0)
(-38.5152 -147.924 0)
(-116.781 -224.012 0)
(-287.039 -303.52 0)
(-452.531 -285.355 0)
(-388.976 -151.583 0)
(-301.956 -42.7413 0)
(-261.53 5.27321 0)
(-277.928 8.947 0)
(-331.768 -18.2252 0)
(-340.618 -34.6317 0)
(-349.078 -27.485 0)
(-349.757 -27.9056 0)
(-356.776 -32.9287 0)
(-382.696 -38.4172 0)
(-379.373 -43.635 0)
(-387.666 -43.247 0)
(-396.828 -45.1475 0)
(-434.659 -47.1216 0)
(-467.548 -49.8607 0)
(-464.523 -52.9508 0)
(-434.928 -33.499 0)
(-405.678 -7.54688 0)
(-427.153 15.7 0)
(-432.468 32.9963 0)
(-444.52 74.1301 0)
(-524.036 152.824 0)
(-592.041 224.47 0)
(-648.919 235.631 0)
(-554.259 161.538 0)
(-447.853 63.8859 0)
(-451.641 -20.1889 0)
(-447.497 -58.1976 0)
(-400.221 -25.4928 0)
(-355.787 46.8295 0)
(-329.721 85.0158 0)
(-203.31 14.4616 0)
(-138.773 -53.525 0)
(-102.294 -89.2482 0)
(-126.659 -94.5304 0)
(-165.605 -99.7603 0)
(-197.547 -110.46 0)
(-230.164 -131.796 0)
(-246.018 -162.112 0)
(-286.593 -167.089 0)
(-303.738 -149.589 0)
(-325.499 -109.109 0)
(-322.436 -58.3935 0)
(-312.037 -8.54236 0)
(-259.417 -13.5926 0)
(-109.051 -107.235 0)
(57.2472 -124.348 0)
(109.145 -104.05 0)
(105.123 -82.0604 0)
(124.703 -46.9948 0)
(-96.424 99.748 0)
(-32.9982 98.8814 0)
(-45.8994 107.58 0)
(-63.5025 101.965 0)
(-57.2136 104.826 0)
(-33.2811 93.4589 0)
(-8.76757 75.962 0)
(29.8199 90.6003 0)
(35.9721 116.322 0)
(53.7141 119.358 0)
(80.9625 86.6237 0)
(137.244 27.5058 0)
(173.305 -13.1648 0)
(189.193 -7.85465 0)
(176.775 91.6241 0)
(123.785 280.431 0)
(183.997 341.419 0)
(282.716 325.602 0)
(349.9 307.754 0)
(428.675 267.326 0)
(533.773 189.491 0)
(661.976 70.7085 0)
(824.871 -49.585 0)
(888.94 -64.3215 0)
(973.577 -41.411 0)
(1197.89 -124.002 0)
(1324.87 -194.925 0)
(1441.81 -219.016 0)
(1541.4 -216.179 0)
(1590.01 -146.673 0)
(1532.24 6.78987 0)
(1426.44 171.83 0)
(1349.18 253.293 0)
(1269.1 223.445 0)
(1131.88 120.477 0)
(1005.03 34.0167 0)
(852.276 7.48332 0)
(639.356 7.88724 0)
(415.612 13.9129 0)
(174.427 13.4077 0)
(-40.2718 -0.454122 0)
(-114.467 -21.8927 0)
(-127.452 -52.6779 0)
(-68.3159 -80.0505 0)
(-37.6483 -104.302 0)
(-26.5338 -120.646 0)
(-47.9289 -144.995 0)
(-70.422 -201.43 0)
(-230.705 -263.658 0)
(-349.978 -252.364 0)
(-405.188 -157.79 0)
(-375.99 -57.5281 0)
(-348.435 -3.80623 0)
(-327.274 13.1466 0)
(-346.427 -11.1657 0)
(-380.415 -31.4418 0)
(-383.775 -26.8225 0)
(-374.166 -28.2426 0)
(-375.672 -29.5784 0)
(-390.335 -34.9294 0)
(-405.875 -43.6591 0)
(-394.511 -42.2522 0)
(-407.746 -39.2252 0)
(-435.98 -38.5176 0)
(-472.08 -43.8633 0)
(-482.269 -55.2712 0)
(-454.86 -41.6443 0)
(-437.379 -10.5668 0)
(-449.174 18.1525 0)
(-449.189 37.0706 0)
(-453.519 82.9885 0)
(-524.905 167.593 0)
(-583.678 238.11 0)
(-591.399 226.964 0)
(-442.211 132.206 0)
(-343.66 51.2364 0)
(-348.042 -24.9631 0)
(-349.965 -62.3957 0)
(-332.675 -33.9228 0)
(-282.057 34.8365 0)
(-216.979 61.3518 0)
(-95.9225 -7.06019 0)
(-22.0412 -65.3107 0)
(-18.2689 -88.8688 0)
(-52.995 -86.7571 0)
(-81.9479 -90.8986 0)
(-129.302 -102.071 0)
(-156.234 -124.112 0)
(-191.702 -152.099 0)
(-244.09 -158.531 0)
(-266.477 -144.376 0)
(-291.011 -108.039 0)
(-288.409 -62.2446 0)
(-275.843 -20.9174 0)
(-212.296 -40.5458 0)
(-60.3507 -149.831 0)
(70.6922 -144.047 0)
(99.8971 -110.201 0)
(86.4462 -80.9875 0)
(108.357 -53.2554 0)
(-83.076 109.022 0)
(-18.556 99.9684 0)
(-14.2954 108.182 0)
(-24.733 100.929 0)
(-19.9876 101.765 0)
(6.92066 87.1975 0)
(47.4029 68.2915 0)
(79.5726 84.4056 0)
(90.3598 111.685 0)
(116.587 113.046 0)
(146.616 76.8147 0)
(189.079 18.555 0)
(221.321 -19.0845 0)
(235.074 -8.52416 0)
(228.635 98.5021 0)
(204.483 273.322 0)
(278.362 321.961 0)
(379.1 305.061 0)
(454.531 287.402 0)
(549.101 242.541 0)
(666.719 160.063 0)
(798.481 37.572 0)
(962.441 -84.1089 0)
(1001.64 -80.6337 0)
(1081.12 -74.5404 0)
(1250.91 -160.565 0)
(1341.39 -223.419 0)
(1443.01 -246.335 0)
(1541.29 -234.513 0)
(1602.96 -145.761 0)
(1581.35 22.7123 0)
(1529.7 187.435 0)
(1497.75 266.36 0)
(1453.93 243.417 0)
(1356.98 157.597 0)
(1181.78 74.8009 0)
(970.703 42.8407 0)
(794.311 52.3797 0)
(602.582 65.7897 0)
(349.295 58.1705 0)
(136.837 23.6902 0)
(55.0281 -16.9783 0)
(10.8361 -52.8846 0)
(19.3985 -84.0841 0)
(17.1173 -107.677 0)
(21.4139 -119.439 0)
(11.4152 -138.395 0)
(-54.4602 -178.173 0)
(-151.944 -230.945 0)
(-327.058 -227.86 0)
(-389.548 -152.965 0)
(-365.231 -60.6414 0)
(-365.535 -5.70985 0)
(-372.342 14.7488 0)
(-395.239 -6.94505 0)
(-399.501 -28.9348 0)
(-396.486 -27.2371 0)
(-394.325 -29.5968 0)
(-406.075 -30.1708 0)
(-391.768 -32.6794 0)
(-408.415 -42.1337 0)
(-408.453 -42.0916 0)
(-414.668 -36.4552 0)
(-434.658 -32.5745 0)
(-467.719 -36.3003 0)
(-475.362 -54.5059 0)
(-472.815 -46.4629 0)
(-446.218 -13.5387 0)
(-458.048 18.9377 0)
(-451.771 40.1453 0)
(-455.886 89.3227 0)
(-516.399 181.957 0)
(-560.328 244.175 0)
(-482.401 200.13 0)
(-327.55 104.01 0)
(-239.839 39.2845 0)
(-213.637 -27.7482 0)
(-247.061 -61.8283 0)
(-251.535 -39.9364 0)
(-185.106 18.3772 0)
(-118.286 37.5428 0)
(14.6611 -32.446 0)
(79.557 -74.9106 0)
(61.7663 -83.1578 0)
(32.5048 -78.6123 0)
(-4.47336 -81.415 0)
(-60.4912 -91.6294 0)
(-88.1269 -113.573 0)
(-144.724 -142.7 0)
(-183.489 -148.559 0)
(-218.196 -135.951 0)
(-251.948 -104.094 0)
(-247.603 -63.3744 0)
(-234.988 -29.2996 0)
(-163.668 -65.0653 0)
(-7.89181 -181.794 0)
(77.3236 -157.701 0)
(88.0656 -114.125 0)
(62.2185 -80.5133 0)
(90.3638 -57.3328 0)
(-59.4157 114.362 0)
(-6.0807 98.6495 0)
(11.7952 105.87 0)
(9.58548 99.0405 0)
(15.1585 98.5689 0)
(47.3126 79.5881 0)
(91.5679 58.0849 0)
(127.971 78.8373 0)
(141.105 107.379 0)
(170.048 105.465 0)
(204.054 67.3557 0)
(235.243 10.4587 0)
(264.147 -24.8339 0)
(270.11 -9.95876 0)
(281.479 100.747 0)
(284.581 262.908 0)
(367.147 300.747 0)
(470.137 282.489 0)
(557.978 264.194 0)
(669.522 213.791 0)
(800.499 128.231 0)
(931.497 3.84483 0)
(1059.93 -108.418 0)
(1071.88 -93.827 0)
(1144.74 -99.0293 0)
(1259.95 -186.66 0)
(1319.41 -246.223 0)
(1409.71 -271.687 0)
(1511.17 -255.046 0)
(1594.18 -152.125 0)
(1611.49 27.1409 0)
(1606.82 192.006 0)
(1609.14 271.29 0)
(1588.12 257.823 0)
(1505.39 187.976 0)
(1361.74 121.467 0)
(1184.5 94.7969 0)
(1002.85 100.005 0)
(829.101 118.221 0)
(631.492 112.861 0)
(442.623 65.7918 0)
(310.454 5.44975 0)
(199.79 -40.2828 0)
(164.217 -76.9132 0)
(115.385 -104.105 0)
(81.6898 -115.699 0)
(62.6117 -128.687 0)
(-8.25779 -161.601 0)
(-93.6671 -197.166 0)
(-281.373 -196.915 0)
(-351.853 -140.139 0)
(-373.549 -58.5972 0)
(-371.295 -6.2061 0)
(-363.674 14.7292 0)
(-352.697 -3.81396 0)
(-373.752 -26.4724 0)
(-377.122 -28.4268 0)
(-367.808 -30.251 0)
(-374.907 -29.2594 0)
(-374.199 -31.6039 0)
(-388.452 -40.3823 0)
(-393.801 -41.2248 0)
(-391.307 -34.4665 0)
(-412.416 -28.3043 0)
(-443.402 -30.89 0)
(-452.432 -52.7277 0)
(-465.039 -48.7571 0)
(-448.459 -16.5997 0)
(-456.877 19.7166 0)
(-445.27 42.1266 0)
(-450.745 94.3803 0)
(-497.966 191.232 0)
(-504.898 236.532 0)
(-369.313 166.547 0)
(-226.587 74.306 0)
(-96.5204 19.3942 0)
(-66.5547 -27.2446 0)
(-122.237 -58.0153 0)
(-131.055 -45.1551 0)
(-81.2042 -0.299061 0)
(-10.842 14.4775 0)
(123.137 -54.4107 0)
(171.062 -79.4982 0)
(146.701 -76.611 0)
(109.147 -69.4295 0)
(63.8645 -71.2462 0)
(20.4323 -81.3158 0)
(-14.6256 -101.843 0)
(-73.5556 -128.774 0)
(-138.733 -137.58 0)
(-166.851 -128.03 0)
(-206.418 -100.149 0)
(-202.752 -64.8838 0)
(-184.832 -42.0144 0)
(-85.0216 -97.1031 0)
(42.502 -208.79 0)
(79.1495 -163.118 0)
(62.512 -112.971 0)
(44.7122 -80.5964 0)
(80.8807 -64.6623 0)
(-48.6668 116.322 0)
(7.58764 96.2945 0)
(32.8353 101.73 0)
(37.4635 96.104 0)
(46.4172 93.0965 0)
(89.9187 70.6095 0)
(130.03 48.477 0)
(167.14 71.7131 0)
(186.432 100.008 0)
(219.57 97.492 0)
(251.457 58.6304 0)
(287.344 3.72225 0)
(300.39 -28.4618 0)
(325.702 -10.5983 0)
(325.565 97.1145 0)
(360.11 246.392 0)
(450.891 277.998 0)
(556.916 258.35 0)
(662.771 236.949 0)
(792.042 181.171 0)
(921.364 96.5438 0)
(1042.06 -24.9841 0)
(1112.54 -124.192 0)
(1092.73 -104.117 0)
(1148.49 -115.408 0)
(1227.75 -203.914 0)
(1262.81 -264.205 0)
(1337.77 -295.252 0)
(1440.23 -278.104 0)
(1546.76 -167.348 0)
(1608.8 20.2502 0)
(1646.92 187.254 0)
(1677.36 270.379 0)
(1674.43 268.525 0)
(1609.71 213.424 0)
(1490.59 157.653 0)
(1345.43 134.713 0)
(1194.65 143.291 0)
(1034.69 160.896 0)
(865.203 154.889 0)
(701.74 105.249 0)
(555.924 37.7226 0)
(408.158 -15.4045 0)
(339.172 -58.7869 0)
(242.433 -90.0357 0)
(165.334 -104.038 0)
(125.575 -118.501 0)
(87.1397 -142.689 0)
(-36.6785 -161.049 0)
(-177.555 -167.515 0)
(-301.016 -120.089 0)
(-318.28 -60.346 0)
(-318.854 -9.02247 0)
(-310.405 10.7 0)
(-289.497 -4.50152 0)
(-292.586 -24.5661 0)
(-312.124 -26.8238 0)
(-311.341 -29.5391 0)
(-310.781 -28.3447 0)
(-326.885 -30.4015 0)
(-333.937 -38.2569 0)
(-337.561 -40.2495 0)
(-341.963 -32.6907 0)
(-375.761 -23.3684 0)
(-395.483 -24.7487 0)
(-413.386 -46.7005 0)
(-450.919 -46.4693 0)
(-453.19 -19.4659 0)
(-455.162 17.9547 0)
(-423.326 44.1354 0)
(-422.222 96.2632 0)
(-457.243 194.221 0)
(-423.467 216.696 0)
(-231.216 133.038 0)
(-80.2036 40.9183 0)
(55.1663 -0.807655 0)
(83.9731 -25.1543 0)
(31.9932 -48.8292 0)
(-0.494019 -48.5964 0)
(27.9895 -12.029 0)
(104.125 -10.5908 0)
(244.811 -74.9134 0)
(261.186 -80.4826 0)
(221.371 -68.7017 0)
(192.598 -59.675 0)
(145.344 -59.695 0)
(81.5666 -70.4211 0)
(55.9362 -88.4263 0)
(-18.3554 -114.722 0)
(-66.8881 -125.649 0)
(-124.253 -116.716 0)
(-150.075 -95.3002 0)
(-155.222 -68.5154 0)
(-114.973 -58.6673 0)
(-5.94777 -123.521 0)
(80.9143 -219.983 0)
(72.6562 -161.825 0)
(52.9423 -109.781 0)
(26.0497 -82.433 0)
(70.2827 -70.4795 0)
(-31.303 115.197 0)
(17.4029 92.8441 0)
(49.228 96.3609 0)
(63.101 91.4322 0)
(77.5172 86.0171 0)
(125.698 60.5094 0)
(165.447 39.5579 0)
(198.935 64.4058 0)
(225.67 92.135 0)
(262.167 89.1937 0)
(296.934 50.5412 0)
(324.665 -2.48431 0)
(350.072 -33.0462 0)
(357.6 -15.1564 0)
(385.976 94.5237 0)
(410.384 227.152 0)
(529.47 251.81 0)
(642.766 231.254 0)
(762.453 205.524 0)
(894.964 146.872 0)
(995.674 69.3814 0)
(1116.62 -43.057 0)
(1113.13 -127.534 0)
(1050.58 -108.052 0)
(1088.09 -124.194 0)
(1150.69 -213.938 0)
(1160.7 -278.369 0)
(1216.49 -319.564 0)
(1317.88 -306.848 0)
(1448.16 -190.922 0)
(1556.63 3.35949 0)
(1637.38 174.15 0)
(1697.71 264.061 0)
(1716.08 274.764 0)
(1674.35 233.445 0)
(1583.67 187.642 0)
(1467.64 168.773 0)
(1342.57 178.502 0)
(1209.63 199.784 0)
(1065.66 195.119 0)
(920.222 141.589 0)
(787.497 73.1141 0)
(633.072 15.591 0)
(547.63 -31.9002 0)
(433.521 -68.4152 0)
(363.406 -88.7547 0)
(292.333 -102.872 0)
(201.259 -118.476 0)
(66.0884 -128.349 0)
(-61.4302 -133.683 0)
(-189.633 -108.101 0)
(-206.43 -55.494 0)
(-226.736 -10.2892 0)
(-203.41 6.5796 0)
(-206.841 -6.39053 0)
(-191.586 -21.7597 0)
(-226.111 -24.7902 0)
(-215.315 -29.3575 0)
(-237.385 -26.1833 0)
(-237.628 -25.8074 0)
(-260.08 -35.7159 0)
(-256.565 -38.1534 0)
(-264.574 -26.1692 0)
(-304.687 -15.836 0)
(-325.368 -18.5653 0)
(-377.15 -38.3162 0)
(-396.768 -40.0603 0)
(-412.508 -18.7387 0)
(-430.269 12.5198 0)
(-390.976 41.7631 0)
(-370.709 96.5782 0)
(-374.517 185.048 0)
(-264.6 180.975 0)
(-76.7583 89.8802 0)
(105.577 1.90724 0)
(219.383 -22.4775 0)
(219.796 -24.5267 0)
(184.819 -39.6179 0)
(138.222 -45.7145 0)
(154.77 -23.4414 0)
(238.99 -35.2356 0)
(356.323 -89.0664 0)
(337.204 -77.8965 0)
(304.456 -59.1772 0)
(249.489 -49.5584 0)
(219.407 -48.2264 0)
(176.277 -59.0308 0)
(129.542 -75.5992 0)
(75.8212 -98.0608 0)
(-8.95538 -110.259 0)
(-44.8519 -107.47 0)
(-79.7415 -91.983 0)
(-66.0223 -74.4723 0)
(-22.5065 -77.429 0)
(66.4308 -147.081 0)
(114.847 -220.889 0)
(60.4184 -156.28 0)
(56.4959 -106.099 0)
(12.5612 -83.2158 0)
(45.9291 -76.7372 0)
(-20.0803 111.449 0)
(22.8428 88.3649 0)
(63.1309 88.9825 0)
(86.5904 85.6767 0)
(109.61 77.5915 0)
(158.475 50.9543 0)
(192.984 30.1617 0)
(229.617 56.9325 0)
(255.463 83.3922 0)
(293.041 79.4365 0)
(334.299 42.0878 0)
(362.371 -7.38199 0)
(366.447 -36.5274 0)
(397.691 -19.7213 0)
(415.748 83.2688 0)
(499.124 204.204 0)
(600.349 225.159 0)
(716.364 201.925 0)
(832.614 172.567 0)
(973.761 118.366 0)
(1044.79 45.4596 0)
(1133.83 -46.8777 0)
(1065.73 -115.753 0)
(948.126 -109.337 0)
(957.373 -134.167 0)
(1029.46 -220.46 0)
(1022.22 -285.574 0)
(1054.27 -337.508 0)
(1139.74 -336.048 0)
(1284.91 -224.838 0)
(1439.21 -26.832 0)
(1563.55 150.03 0)
(1658.07 248.954 0)
(1704.73 273.367 0)
(1693.67 246.672 0)
(1638.39 210.414 0)
(1557.41 196.486 0)
(1462.16 208.269 0)
(1353.65 230.617 0)
(1236.22 227.021 0)
(1115.88 177.061 0)
(991.982 104.918 0)
(852.593 46.2437 0)
(771.736 -4.11578 0)
(646.158 -44.2337 0)
(553.327 -66.7262 0)
(467.481 -79.4325 0)
(374.67 -90.1572 0)
(258.559 -97.3187 0)
(126.975 -101.893 0)
(13.7604 -79.6046 0)
(-78.0902 -54.0055 0)
(-56.8426 -12.2115 0)
(-84.1826 10.202 0)
(-65.7655 -7.05558 0)
(-86.2403 -21.5781 0)
(-67.3347 -20.2638 0)
(-97.5687 -24.325 0)
(-148.028 -20.9567 0)
(-141.684 -25.713 0)
(-132.329 -34.0753 0)
(-155.288 -35.4759 0)
(-186.764 -24.0749 0)
(-181.587 -8.39226 0)
(-218.633 -5.79141 0)
(-270.95 -28.7393 0)
(-328.026 -34.355 0)
(-322.213 -17.6723 0)
(-356.485 10.706 0)
(-329.939 36.7892 0)
(-292.665 90.799 0)
(-245.645 162.601 0)
(-60.7859 140.72 0)
(181.37 40.8278 0)
(317.222 -29.7357 0)
(391.967 -28.9936 0)
(358.759 -18.5794 0)
(325.37 -29.9337 0)
(286.666 -41.7496 0)
(302.387 -39.8016 0)
(385 -59.8515 0)
(456.586 -94.6896 0)
(425.648 -69.8153 0)
(383.367 -48.1975 0)
(331.595 -40.1023 0)
(310.195 -38.6485 0)
(247.866 -47.0229 0)
(227.702 -62.5753 0)
(170.897 -82.5652 0)
(95.9685 -95.5388 0)
(31.2131 -97.719 0)
(27.6308 -91.3981 0)
(21.1512 -83.3458 0)
(78.2655 -93.4812 0)
(137.897 -161.496 0)
(133.785 -210.945 0)
(55.3813 -147.21 0)
(35.4119 -101.279 0)
(4.10582 -81.8753 0)
(14.8008 -79.5952 0)
(-3.0031 106.038 0)
(31.3241 83.6256 0)
(74.298 79.6698 0)
(110.232 76.6485 0)
(137.701 67.7882 0)
(191.065 41.2149 0)
(216.661 22.9899 0)
(249.928 48.3199 0)
(281.875 74.3811 0)
(316.567 69.5219 0)
(356.792 34.9086 0)
(371.12 -10.9839 0)
(387.665 -39.1487 0)
(390.057 -25.1677 0)
(439.91 69.0947 0)
(506.597 177.089 0)
(649.347 196.171 0)
(761.055 170.98 0)
(904.427 141.734 0)
(998.157 94.4235 0)
(1088.7 26.4984 0)
(1077.81 -37.1122 0)
(979.32 -85.3582 0)
(774.177 -88.2572 0)
(693.112 -128.135 0)
(841.235 -232.835 0)
(836.321 -291.223 0)
(848.497 -349.538 0)
(906.991 -363.054 0)
(1052.78 -263.853 0)
(1247.21 -66.2951 0)
(1417.45 117.63 0)
(1547.81 226.772 0)
(1625.19 264.89 0)
(1649.86 249.11 0)
(1638.57 221.349 0)
(1602.77 213.566 0)
(1547.3 230.741 0)
(1470.45 256.164 0)
(1377.77 254.194 0)
(1281.41 204.469 0)
(1181.37 134.952 0)
(1052.52 72.9213 0)
(986.726 23.4971 0)
(861.307 -16.9335 0)
(756.519 -42.8546 0)
(661.695 -57.7661 0)
(572.443 -66.7707 0)
(478.917 -67.7184 0)
(335.771 -65.766 0)
(183.389 -52.2071 0)
(118.925 -30.0564 0)
(43.4501 -11.5906 0)
(57.8602 8.04654 0)
(94.8081 -6.61247 0)
(50.5165 -20.3647 0)
(72.1104 -15.9264 0)
(17.5977 -16.2255 0)
(29.2243 -17.1473 0)
(-23.0188 -22.7381 0)
(-22.577 -33.0468 0)
(-31.2051 -31.2101 0)
(-35.111 -18.2832 0)
(-90.25 -6.23755 0)
(-89.3053 2.00497 0)
(-120.82 -11.4769 0)
(-185.386 -25.7699 0)
(-194.663 -16.6712 0)
(-230.325 13.7583 0)
(-197.229 30.7735 0)
(-132.6 71.4038 0)
(-15.4508 122.015 0)
(275.201 76.8035 0)
(487.971 -12.1756 0)
(552.418 -48.6716 0)
(540.586 -28.1911 0)
(483.479 -13.2406 0)
(478.561 -21.9076 0)
(472.024 -39.5185 0)
(478.173 -49.2813 0)
(544.711 -72.7222 0)
(537.681 -92.7381 0)
(499.214 -63.2771 0)
(483.941 -37.7355 0)
(436.472 -28.3707 0)
(376.293 -29.0118 0)
(335.059 -37.9221 0)
(310.673 -52.5607 0)
(281.939 -67.2023 0)
(203.158 -78.229 0)
(136.749 -89.0482 0)
(142.842 -90.5405 0)
(128.444 -89.7252 0)
(181.445 -105.764 0)
(203.565 -163.948 0)
(135.595 -194.345 0)
(60.4184 -135.971 0)
(38.2522 -94.0052 0)
(-5.83411 -78.5473 0)
(-15.4328 -78.8451 0)
(-1.05944 98.0858 0)
(44.1844 77.2984 0)
(84.7652 69.5692 0)
(128.825 66.6791 0)
(167.19 57.206 0)
(213.595 32.2153 0)
(237.786 15.8971 0)
(265.445 40.2268 0)
(298.951 64.9598 0)
(337.198 61.6009 0)
(372.373 29.4103 0)
(379.824 -13.205 0)
(366.93 -42.5205 0)
(389.064 -29.9139 0)
(412.874 52.3647 0)
(527.016 148.731 0)
(656.355 163.689 0)
(804.216 140.426 0)
(915.999 111.862 0)
(1030.54 70.2772 0)
(1042.4 27.4144 0)
(1007.81 -19.7336 0)
(918.445 -56.7076 0)
(699.103 -68.4917 0)
(538.823 -129.093 0)
(603.365 -242.732 0)
(564.392 -292.647 0)
(580.175 -359.712 0)
(609.79 -385.617 0)
(736.63 -305.894 0)
(960.216 -115.915 0)
(1178.37 73.8727 0)
(1351.87 195.437 0)
(1463.15 248.02 0)
(1526.47 242.432 0)
(1564.23 221.722 0)
(1581.9 219.705 0)
(1576.54 241.469 0)
(1541.79 271.637 0)
(1481.73 273.446 0)
(1413.19 225.812 0)
(1340.96 157.043 0)
(1238.73 96.5988 0)
(1187.92 48.8749 0)
(1073.03 9.78083 0)
(969.163 -16.4767 0)
(869.434 -31.7343 0)
(768.08 -40.1453 0)
(650.451 -38.6146 0)
(572.66 -35.5477 0)
(441.521 -25.9485 0)
(384.254 -16.7725 0)
(312.037 -0.333344 0)
(267.943 6.24503 0)
(309.142 -3.94661 0)
(265.689 -15 0)
(237.926 -11.6441 0)
(252.291 -12.3264 0)
(214.311 -14.1253 0)
(257.725 -20.8408 0)
(231.496 -27.1712 0)
(185.302 -21.0657 0)
(111.36 -8.65684 0)
(87.0951 -3.98607 0)
(111.236 4.65412 0)
(106.398 1.84226 0)
(41.1502 -13.1142 0)
(40.1638 -9.4722 0)
(-13.3737 10.6838 0)
(59.0713 17.2666 0)
(172.009 40.9685 0)
(317.613 67.1601 0)
(578.339 21.7927 0)
(720.893 -35.3107 0)
(741.91 -44.5706 0)
(697.877 -14.6467 0)
(648.114 -3.31739 0)
(615.589 -24.6513 0)
(635.886 -43.5583 0)
(663.872 -57.2794 0)
(665.245 -74.4554 0)
(668.377 -83.8464 0)
(616.545 -54.3365 0)
(574.791 -31.5637 0)
(563.523 -17.3622 0)
(505.226 -15.3657 0)
(440.181 -30.9995 0)
(420.538 -46.5327 0)
(399.004 -53.3372 0)
(328.529 -62.3034 0)
(279.671 -79.3057 0)
(247.292 -90.1551 0)
(257.619 -93.3754 0)
(254.819 -110.51 0)
(247.563 -153.312 0)
(142.958 -170.281 0)
(68.2093 -121.667 0)
(17.3159 -85.5671 0)
(-11.1695 -73.7849 0)
(-36.2528 -75.413 0)
(8.02118 89.4669 0)
(53.6188 69.8729 0)
(104.001 58.1776 0)
(149.224 55.0849 0)
(187.841 45.9404 0)
(236.415 24.1919 0)
(250.103 11.8445 0)
(274.721 32.7158 0)
(305.308 53.6767 0)
(346.193 51.2063 0)
(382.699 24.1367 0)
(382.812 -11.3674 0)
(369.084 -38.912 0)
(348.927 -33.7652 0)
(391.533 32.5269 0)
(484.609 115.967 0)
(661.468 128.001 0)
(800.208 107.898 0)
(911.685 86.8426 0)
(992.733 56.3694 0)
(962.078 32.0551 0)
(917.312 9.72022 0)
(806.885 1.97531 0)
(629.042 -15.0686 0)
(531.109 -104.333 0)
(567.351 -240.03 0)
(490.794 -287.274 0)
(338.868 -355.945 0)
(245.366 -402.288 0)
(317.287 -349.133 0)
(552.156 -174.532 0)
(817.738 18.4662 0)
(1042.03 153.345 0)
(1192.6 221.365 0)
(1297.18 223.745 0)
(1390.69 208.144 0)
(1473.24 212.031 0)
(1531.57 240.813 0)
(1550.28 278.352 0)
(1529.42 286.043 0)
(1493.65 240.564 0)
(1454.25 171.846 0)
(1385.67 111.45 0)
(1365.69 67.4447 0)
(1274.4 33.7582 0)
(1185.91 7.93497 0)
(1096.83 -6.9005 0)
(1001 -15.0688 0)
(893.174 -16.4883 0)
(828.17 -12.2586 0)
(712.674 -2.4346 0)
(663.028 2.57137 0)
(579.459 12.2117 0)
(522.239 8.06165 0)
(559.169 0.09309 0)
(490.899 -9.65474 0)
(528.244 -9.2889 0)
(482.268 -11.0018 0)
(508.214 -13.2618 0)
(450.746 -13.7842 0)
(443.867 -19.7207 0)
(433.946 -11.2584 0)
(430.129 2.36702 0)
(374.938 -2.64439 0)
(397.219 0.0638227 0)
(432.238 7.60462 0)
(415.467 -4.76419 0)
(404.215 -4.4135 0)
(371.165 3.27686 0)
(464.244 -3.17263 0)
(520.551 7.18715 0)
(689.515 15.7255 0)
(838.736 -17.8317 0)
(908.774 -43.0367 0)
(858.997 -38.914 0)
(852.77 -5.52181 0)
(814.452 4.38341 0)
(787.258 -19.7457 0)
(764.295 -47.2329 0)
(787.45 -62.1166 0)
(820.845 -72.9892 0)
(769.342 -71.9996 0)
(696.661 -45.7534 0)
(700.852 -25.4696 0)
(656.133 -9.20371 0)
(647.563 -4.10936 0)
(588.25 -17.4104 0)
(534.472 -35.2281 0)
(479.016 -44.6825 0)
(455.486 -49.7594 0)
(414.627 -68.3275 0)
(384.451 -84.884 0)
(339.488 -92.3234 0)
(339.819 -105.291 0)
(277.83 -134.302 0)
(163.836 -142.961 0)
(55.2977 -105.634 0)
(21.2212 -77.0365 0)
(-12.4717 -67.0675 0)
(-59.6684 -70.1416 0)
(18.5069 78.0666 0)
(71.8394 59.2199 0)
(122.201 46.378 0)
(163.136 43.5227 0)
(210.043 35.3595 0)
(243.89 16.3887 0)
(260.623 7.69445 0)
(285.414 27.5278 0)
(309.731 45.3233 0)
(351.525 40.9635 0)
(393.139 20.1022 0)
(386.305 -9.0897 0)
(361.701 -35.4243 0)
(335.035 -33.2761 0)
(364.256 16.5378 0)
(451.711 80.0396 0)
(635.22 92.3948 0)
(768.551 76.5073 0)
(886.61 63.2474 0)
(899.34 59.4925 0)
(875.996 50.1611 0)
(908.765 27.5152 0)
(885.126 18.72 0)
(807.952 -2.64368 0)
(678.47 -81.1608 0)
(548.008 -207.743 0)
(435.776 -256.812 0)
(245.518 -304.691 0)
(-26.692 -379.414 0)
(-169.303 -377.854 0)
(10.4129 -238.429 0)
(320.178 -51.0824 0)
(607.475 98.7621 0)
(801.194 186.241 0)
(939.333 194.118 0)
(1085.06 178.997 0)
(1239.11 186.345 0)
(1376.59 222.475 0)
(1465.58 270.673 0)
(1493.94 288.308 0)
(1496.78 246.439 0)
(1496.28 178.509 0)
(1466.76 119.3 0)
(1483.33 79.0364 0)
(1425.51 49.8845 0)
(1365.29 26.9189 0)
(1300.64 12.5351 0)
(1232.86 6.01481 0)
(1161.63 3.30583 0)
(1079.37 7.69461 0)
(992.249 13.1628 0)
(969.916 19.0173 0)
(894.892 23.5766 0)
(840.587 10.1064 0)
(882.832 2.95181 0)
(832.579 -5.49668 0)
(805.427 -10.0623 0)
(858.881 -11.0079 0)
(828.169 -11.0357 0)
(863.164 -10.955 0)
(838.536 -16.5269 0)
(805.123 -6.03499 0)
(751.102 6.93647 0)
(779.351 0.158897 0)
(736.734 -6.11149 0)
(783.647 2.59061 0)
(827.937 -7.16091 0)
(833.856 -5.47328 0)
(791.591 -2.88419 0)
(857.049 -14.3323 0)
(849.594 -18.9049 0)
(975.98 -18.031 0)
(1067.31 -32.8986 0)
(1055.59 -35.4274 0)
(993.842 -25.4263 0)
(939.608 -1.86747 0)
(966.999 9.79489 0)
(942.731 -15.2899 0)
(926.858 -46.5393 0)
(892.766 -64.8131 0)
(903.068 -67.9817 0)
(861.213 -54.6948 0)
(797.756 -35.5583 0)
(773.522 -19.1541 0)
(729.498 -4.15293 0)
(738.269 5.27948 0)
(690.77 -2.50011 0)
(619.673 -22.4572 0)
(597.672 -33.2415 0)
(531.718 -43.0867 0)
(531.58 -59.9545 0)
(478.716 -73.4228 0)
(397.409 -83.1271 0)
(363.684 -93.8588 0)
(280.004 -110.552 0)
(178.514 -113.624 0)
(67.117 -85.5812 0)
(0.0927158 -66.4016 0)
(-17.4691 -62.1671 0)
(-63.2863 -64.6091 0)
(27.9432 63.8952 0)
(87.5895 47.998 0)
(134.918 34.7214 0)
(180.258 32.575 0)
(215.819 25.3594 0)
(248.202 11.213 0)
(264.168 3.92196 0)
(280.485 21.9301 0)
(301.877 35.0099 0)
(352.964 30.2086 0)
(385.919 15.5334 0)
(391.423 -6.091 0)
(356.315 -27.038 0)
(326.612 -29.9913 0)
(347.76 1.83845 0)
(416.993 44.9071 0)
(587.28 56.5432 0)
(725.121 44.8944 0)
(810.18 51.8029 0)
(847.072 51.8655 0)
(900.385 27.827 0)
(953.964 14.366 0)
(954.369 21.2685 0)
(918.483 14.194 0)
(817.201 -49.1537 0)
(640.216 -156.352 0)
(397.042 -206.237 0)
(154.202 -237.624 0)
(-158.799 -295.653 0)
(-595.215 -350.056 0)
(-674.55 -294.96 0)
(-332.134 -144.219 0)
(36.7023 24.8887 0)
(286.342 139.762 0)
(444.095 155.066 0)
(626.686 135.756 0)
(849.718 141.946 0)
(1080.25 184.644 0)
(1260.66 246.611 0)
(1349.97 277.963 0)
(1390.73 240.94 0)
(1428.17 173.376 0)
(1439.71 115.994 0)
(1495.19 81.3176 0)
(1473.19 58.8316 0)
(1441.77 39.4726 0)
(1397.78 26.395 0)
(1351.41 21.3689 0)
(1301.92 19.9525 0)
(1242.88 22.9576 0)
(1242.31 22.5549 0)
(1176 29.8579 0)
(1188.87 31.8826 0)
(1135.09 10.4136 0)
(1174.33 6.04886 0)
(1127.1 -1.07528 0)
(1102.28 -12.9487 0)
(1147.43 -13.705 0)
(1089.67 -13.4764 0)
(1129.12 -14.7237 0)
(1153.41 -11.4475 0)
(1112.18 1.30976 0)
(1065.12 8.12327 0)
(1101.21 -1.63503 0)
(1054.92 -10.6584 0)
(1090.52 -9.16954 0)
(1136.6 -12.3602 0)
(1125.8 -5.60775 0)
(1092.71 -6.73638 0)
(1143.96 -18.4215 0)
(1112.37 -26.7459 0)
(1107.58 -31.5801 0)
(1128.81 -33.854 0)
(1126.26 -25.8237 0)
(1061.76 -15.0791 0)
(1014.65 0.301859 0)
(1043.68 11.4378 0)
(991.152 -11.9049 0)
(1016.03 -43.8289 0)
(955.44 -60.9398 0)
(940.588 -59.0164 0)
(895.303 -40.9816 0)
(827.274 -24.6614 0)
(779.939 -11.3923 0)
(780.919 0.946541 0)
(743.395 7.74864 0)
(744.286 6.99008 0)
(716.697 -10.3786 0)
(660.958 -24.239 0)
(611.095 -37.1214 0)
(611.112 -51.0519 0)
(545.811 -55.6067 0)
(460.875 -64.6009 0)
(366.68 -74.807 0)
(282.03 -85.9921 0)
(178.846 -88.8005 0)
(83.9615 -63.9315 0)
(2.87002 -53.9872 0)
(-13.7783 -55.6676 0)
(-86.799 -56.2501 0)
(35.5849 47.4833 0)
(95.9139 35.0942 0)
(145.627 23.7174 0)
(184.465 22.0287 0)
(225.366 16.1337 0)
(248.072 5.64414 0)
(257.558 2.63324 0)
(263.042 16.903 0)
(290.574 25.7134 0)
(329.741 20.3966 0)
(374.938 9.62472 0)
(367.979 -3.74282 0)
(358.703 -20.4863 0)
(318.535 -25.8112 0)
(331.741 -9.22864 0)
(370.56 16.065 0)
(510.791 23.6176 0)
(628.14 20.5407 0)
(703.197 30.8082 0)
(779.95 33.6447 0)
(823.005 19.0498 0)
(869.81 14.5813 0)
(882.457 27.1325 0)
(871.64 28.7855 0)
(812.201 -18.2288 0)
(676.307 -96.5208 0)
(409.221 -142.105 0)
(196.97 -169.113 0)
(-97.1381 -201.49 0)
(-505.366 -245.847 0)
(-968.124 -262.181 0)
(-1106.97 -182.699 0)
(-1007.26 -38.5343 0)
(-664.518 80.4022 0)
(-338.168 98.2926 0)
(-75.9563 72.3756 0)
(219.161 71.1939 0)
(555.97 116.909 0)
(870.534 201.341 0)
(1061.75 262.381 0)
(1144.48 235.011 0)
(1215.26 165.307 0)
(1267.15 107.057 0)
(1363.68 77.1375 0)
(1381.67 61.3637 0)
(1385.63 46.3277 0)
(1374.4 35.2505 0)
(1355.77 29.3808 0)
(1360.56 27.9276 0)
(1327.3 28.5597 0)
(1307.46 31.0198 0)
(1342.55 35.4919 0)
(1311.71 30.995 0)
(1345.31 16.4347 0)
(1299.37 7.12847 0)
(1336.8 3.70321 0)
(1311.16 -11.4766 0)
(1277.83 -13.4847 0)
(1301.67 -13.447 0)
(1269.47 -17.0085 0)
(1301.36 -7.84612 0)
(1256.61 10.9036 0)
(1226.56 10.4085 0)
(1261.55 0.234562 0)
(1205.16 -10.4788 0)
(1250.01 -13.8907 0)
(1257.86 -11.3248 0)
(1228.29 -2.46663 0)
(1199.26 -5.71393 0)
(1233.72 -13.2847 0)
(1180.43 -20.5173 0)
(1150.41 -32.3139 0)
(1165.28 -32.3329 0)
(1113.11 -14.7655 0)
(1050.88 -4.80572 0)
(1003.41 1.03801 0)
(1035.62 11.562 0)
(1032.5 -6.6425 0)
(987.451 -36.217 0)
(966.145 -49.4196 0)
(876.194 -45.2687 0)
(845.843 -28.6882 0)
(825.881 -14.676 0)
(780.049 -6.87599 0)
(745.358 1.74823 0)
(765.18 9.94279 0)
(750.56 10.6401 0)
(750.182 -1.05329 0)
(706.662 -14.6129 0)
(673.52 -29.691 0)
(617.46 -38.7025 0)
(566.536 -37.2263 0)
(480.371 -42.3342 0)
(378.92 -52.6714 0)
(300.062 -61.1044 0)
(199.51 -60.249 0)
(89.9376 -42.6825 0)
(25.4089 -37.4692 0)
(-19.0577 -45.4913 0)
(-112.205 -47.333 0)
(40.0885 30.2269 0)
(94.4916 21.9178 0)
(144.499 13.1714 0)
(176.404 11.8297 0)
(210.185 8.70958 0)
(230.675 2.05568 0)
(230.547 1.33442 0)
(244.032 12.8643 0)
(263.485 17.3373 0)
(311.46 10.2016 0)
(328.368 5.40881 0)
(344.457 -2.75117 0)
(318.302 -13.8696 0)
(300.091 -19.8731 0)
(297.807 -14.9409 0)
(294.68 -3.03395 0)
(378.367 -1.90121 0)
(484.391 -5.67681 0)
(521.098 12.0486 0)
(611.356 20.6602 0)
(644.232 10.3449 0)
(683.863 10.7685 0)
(709.744 27.0428 0)
(724.31 36.6607 0)
(712.89 9.60912 0)
(631.852 -47.3618 0)
(483.832 -94.8042 0)
(326.744 -118.666 0)
(75.5385 -124.874 0)
(-296.334 -140.275 0)
(-743.029 -165.091 0)
(-1085.81 -160.932 0)
(-1269.42 -96.0173 0)
(-1129.63 6.96261 0)
(-939.95 27.6096 0)
(-819.855 3.86929 0)
(-657.267 -8.6922 0)
(-397.608 37.4802 0)
(-90.5872 145.987 0)
(191.171 223.725 0)
(493.177 200.225 0)
(687.68 133.692 0)
(819.962 80.5013 0)
(975.022 57.9423 0)
(1051.61 51.0128 0)
(1101.19 42.9503 0)
(1131.14 34.4089 0)
(1146.27 27.4807 0)
(1176.6 29.1672 0)
(1185.66 31.9201 0)
(1190.91 29.9484 0)
(1196.62 29.367 0)
(1277.91 30.2597 0)
(1248.98 14.8309 0)
(1288.25 12.2249 0)
(1244.69 4.55405 0)
(1273.1 -4.63753 0)
(1228.69 -6.72171 0)
(1184.33 -9.13935 0)
(1195.47 -12.9692 0)
(1147.24 -2.50124 0)
(1127.09 13.689 0)
(1158.27 10.2868 0)
(1183.16 2.20677 0)
(1133.3 -8.8882 0)
(1145.05 -13.9368 0)
(1161.47 -4.80666 0)
(1114.51 1.53149 0)
(1083.8 -3.40064 0)
(1109.77 -7.16614 0)
(1039.08 -12.9704 0)
(1040.29 -24.3882 0)
(957.051 -21.6422 0)
(952.342 -5.48233 0)
(966.346 3.08643 0)
(929.737 3.82193 0)
(921.677 10.092 0)
(951.521 -0.43345 0)
(887.436 -26.147 0)
(813.016 -34.4914 0)
(755.066 -30.0948 0)
(726.639 -20.0681 0)
(680.791 -6.15906 0)
(678.262 2.14472 0)
(649.367 5.35164 0)
(635.341 7.40647 0)
(664.807 8.55326 0)
(682.668 4.2024 0)
(675.312 -5.34652 0)
(628.428 -17.0365 0)
(576.834 -22.2875 0)
(515.918 -19.1651 0)
(437.325 -20.9855 0)
(369.731 -29.7398 0)
(291.377 -37.2105 0)
(188.319 -34.8993 0)
(113.153 -21.8679 0)
(32.0026 -19.9437 0)
(-12.9105 -29.8469 0)
(-116.724 -35.6808 0)
(36.9164 14.024 0)
(83.5911 9.28015 0)
(118.758 4.17587 0)
(144.128 4.63025 0)
(170.171 3.1619 0)
(174.661 0.434335 0)
(180.218 0.660382 0)
(185.964 6.79306 0)
(221.877 8.68667 0)
(258.576 4.13002 0)
(266.004 1.84694 0)
(276.733 -2.81947 0)
(258.406 -9.62096 0)
(229.033 -14.1767 0)
(200.163 -12.7687 0)
(146.77 -11.685 0)
(172.243 -12.9076 0)
(201.175 -13.8125 0)
(176.399 -5.59229 0)
(276.947 0.954249 0)
(308.304 -1.95133 0)
(348.76 1.19223 0)
(412.914 9.87905 0)
(500.015 12.7747 0)
(548.784 -6.1396 0)
(498.066 -30.7063 0)
(339.442 -59.6382 0)
(103.261 -68.1958 0)
(-121.509 -64.4595 0)
(-313.856 -69.3258 0)
(-573.059 -77.2648 0)
(-887.071 -72.1293 0)
(-1278.7 -39.1408 0)
(-1505.63 -5.52901 0)
(-1526.42 5.90615 0)
(-1390.64 -7.73477 0)
(-1309.53 -32.2224 0)
(-1285.35 -30.7363 0)
(-1133.53 9.11468 0)
(-676.753 86.2952 0)
(-136.556 114.075 0)
(73.8279 80.8812 0)
(179.71 39.4363 0)
(285.726 25.5547 0)
(390.955 27.9732 0)
(448.154 27.245 0)
(542.166 24.1306 0)
(567.367 22.5493 0)
(594.787 23.35 0)
(578.437 24.3035 0)
(658.882 21.6353 0)
(693.085 17.5895 0)
(816.203 20.0016 0)
(858.753 16.4012 0)
(855.41 9.71831 0)
(898.336 6.57852 0)
(848.748 1.66219 0)
(867.903 2.46467 0)
(810.416 -3.38852 0)
(829.085 -4.69712 0)
(790.83 3.56676 0)
(772.482 8.85443 0)
(817.495 5.05467 0)
(849.105 3.84131 0)
(803.629 -5.49013 0)
(797.37 -12.5041 0)
(814.094 -0.229118 0)
(780.765 6.10387 0)
(745.727 -1.58516 0)
(791.592 -0.344053 0)
(760.016 -3.91313 0)
(709.399 -13.6434 0)
(680.562 -12.344 0)
(636.74 -3.07383 0)
(672.941 5.02336 0)
(650.696 5.75403 0)
(648.4 8.51306 0)
(711.414 5.73506 0)
(654.685 -9.83662 0)
(560.281 -18.515 0)
(516.782 -18.6045 0)
(484.158 -11.3451 0)
(469.183 -2.4505 0)
(449.701 4.25115 0)
(459.534 6.69998 0)
(455.259 4.05154 0)
(466.73 2.7259 0)
(497.868 2.16521 0)
(506.331 -0.104152 0)
(464.119 -5.91297 0)
(439.391 -9.63154 0)
(393.859 -5.54116 0)
(356.069 -7.16067 0)
(290.803 -13.1029 0)
(237.294 -15.9176 0)
(167.302 -13.6004 0)
(102.234 -6.36694 0)
(72.2617 -6.04358 0)
(42.3311 -14.9772 0)
(-125.869 -19.7409 0)
(18.7738 3.85362 0)
(40.4517 2.02919 0)
(54.3574 0.853201 0)
(61.8529 0.736996 0)
(69.4886 0.56342 0)
(71.1933 0.241496 0)
(69.4651 0.518633 0)
(79.6526 2.89765 0)
(100.882 2.52978 0)
(116.769 0.114888 0)
(114.013 0.231416 0)
(114.975 0.697551 0)
(106.931 -4.53681 0)
(74.2772 -8.70004 0)
(43.4937 -5.5819 0)
(13.2191 -6.30604 0)
(-26.5041 -12.8982 0)
(-22.5732 -13.9055 0)
(-98.1137 -9.21675 0)
(-97.3078 -2.2429 0)
(-146.189 -6.77877 0)
(-169.289 -19.4125 0)
(-185.194 -11.1575 0)
(-174.067 -10.1485 0)
(-143.794 -3.07113 0)
(-153.901 -16.437 0)
(-245.59 -18.5563 0)
(-379.018 -21.9188 0)
(-533.763 -19.8759 0)
(-668.415 -7.73134 0)
(-822.525 -13.1291 0)
(-954.578 2.45995 0)
(-1019.99 7.29547 0)
(-924.968 -9.48661 0)
(-874.278 -15.1322 0)
(-909.757 -37.5145 0)
(-1052.25 -38.3777 0)
(-1168.03 -32.4044 0)
(-1215.45 -19.1816 0)
(-1164.49 10.1301 0)
(-898.929 35.0605 0)
(-590.921 41.209 0)
(-425.939 29.2616 0)
(-327.182 18.4574 0)
(-267.952 15.9674 0)
(-209.476 15.7506 0)
(-131.184 13.9496 0)
(-81.3733 12.0752 0)
(10.165 14.4789 0)
(78.2495 21.0158 0)
(174.327 6.51333 0)
(189.083 -8.93218 0)
(190.586 1.20162 0)
(227.559 -4.7961 0)
(244.351 6.93312 0)
(304.33 8.15383 0)
(284.055 0.479975 0)
(295.509 1.08026 0)
(302.759 -0.865869 0)
(278.536 -4.12397 0)
(294.941 3.08091 0)
(302.872 7.68611 0)
(327.978 0.692381 0)
(331.208 1.56611 0)
(333.716 -1.22982 0)
(289.838 -8.92315 0)
(286.563 1.39419 0)
(314.907 8.66203 0)
(296.037 -1.55577 0)
(301.41 -1.9306 0)
(316.551 0.801433 0)
(266.506 -2.778 0)
(244.15 -4.13864 0)
(219.243 -3.13156 0)
(237.613 1.79236 0)
(236.346 3.103 0)
(247.786 3.45585 0)
(292.762 3.53789 0)
(293.761 0.310991 0)
(245.8 -2.51884 0)
(204.537 -6.73349 0)
(170.122 -6.74284 0)
(151.245 -0.812686 0)
(155.369 3.12816 0)
(181.402 3.95092 0)
(190.866 3.58849 0)
(202.377 0.00792051 0)
(206.003 -1.75653 0)
(204.588 0.352238 0)
(199.308 -1.04355 0)
(174.661 -1.95057 0)
(166.493 -0.0714352 0)
(155.314 -0.352934 0)
(132.183 -2.73822 0)
(98.8182 -3.78197 0)
(70.6675 -3.70889 0)
(43.0922 -0.0602477 0)
(48.2322 3.91315 0)
(59.7796 -0.948347 0)
(-30.8946 -6.27978 0)
)
;

boundaryField
{
    inlet
    {
        type            fixedValue;
        value           uniform (1 0 0);
    }
    outlet
    {
        type            zeroGradient;
    }
    lowerWall
    {
        type            fixedValue;
        value           uniform (0 0 0);
    }
    upperWall
    {
        type            fixedValue;
        value           uniform (0 0 0);
    }
    frontAndBack
    {
        type            empty;
    }
}


// ************************************************************************* //
