/*--------------------------------*- C++ -*----------------------------------*\
| =========                 |                                                 |
| \\      /  F ield         | foam-extend: Open Source CFD                    |
|  \\    /   O peration     | Version:     5.0                                |
|   \\  /    A nd           | Web:         http://www.foam-extend.org         |
|    \\/     M anipulation  |                                                 |
\*---------------------------------------------------------------------------*/
FoamFile
{
    version     2.0;
    format      ascii;
    class       volScalarField;
    location    "0.06";
    object      alpha1;
}
// * * * * * * * * * * * * * * * * * * * * * * * * * * * * * * * * * * * * * //

dimensions      [0 0 0 0 0 0 0];

internalField   nonuniform List<scalar> 
4000
(
1
0.999904
0.998308
1
0.895926
0.711658
0.816195
0.999854
0.985411
0.326649
0.999844
0.803977
0.703189
0.999735
1
0.914632
0.955716
1
0.71391
0.661275
0.919927
0.107685
0.994877
0.99969
0.854559
0.356742
1
0
0.752207
1
0.757262
0
1
0.821093
0.466771
0.854992
0.99978
0.183513
0.38797
1
0.829641
0.999844
1
0
1
0
1
1
0
1
1
0
1
0
1
0.275645
0.978502
0.737632
0
1
0
1
0.78178
0.753986
0.745874
1
0
1
1
0.881173
0.348787
1
1
1
1
0.999997
1
1
0.989538
0
1
0
1
0.904733
0
1
1
0
1
0
1
0
1
0.242834
0
0.891962
1
1
1
0
0.991448
1
0.868202
0.999715
1
0
0
0.999646
1
0
0.793567
1
0
0.997399
0.948877
0.959128
1
0
0.985448
1
0
0.962723
0.999267
1
0.20309
0
0.99141
0.624725
0.889884
1
0
0
1
0.645379
0
1
0.568794
0.527615
1
0
1
0
0
1
0.0941679
0
1
0
1
0
1
0
1
0
1
0
1
0
1
0
1
0
0.8386
1
0
1
0
1
1
0
1
0
0.0711945
0.899682
1
1
1
0
1
0
0.949441
0.311576
0
1
0
1
1
0
0.921408
1
1
0
1
0.0373943
0
1
0
1
0
0
1
1
0.836684
0.999701
0
1
0
0.999691
0.848309
0.855141
1
0
0
0.987054
0.966912
0.590542
1
0.655277
0
0.999449
0.999671
0.987513
0.999438
1
0.292798
0
0.468824
1
0
0.210268
0
1
0
1
0
0.302189
0.197521
1
0.367368
1
0
1
0.0238538
0
0
1
1
0
0.47087
1
0
0
1
1
0
0.779128
1
0
1
0
1
0
0.770301
0
1
1
0
1
0.404096
1
0.257914
1
1
0
0
1
0
1
0
1
1
0
1
0
1
0
1
0.391892
0
0
1
1
0
0.198835
1
1
0.368713
0
0.897279
1
0
0
0.999618
0.999818
1
0
1
0
0.99947
0.999637
1
0
0.9986
1
0
0.370909
1
0.963233
0.0536348
0
0.999483
1
0.923714
1
0
0.724608
1
0
0.81781
0.827154
0
0.571732
1
0.619678
0
0.230578
1
0
0
0.79076
0
1
0
1
0
0.943276
0
1
0
0
0
0
1
0
0
1
0
0
1
0
0
1
0
0
1
1
0
1
1
0
0.994081
1
0
1
1
1
0
0.731572
0.786588
1
0
1
1
1
0
1
0
1
0.593803
1
0
1
0
1
0.177086
0
0
1
1
0
0
0
0
0.999747
0.994801
1
0
0
0
0.927906
1
0
1
0
0.599065
1
0
1
0
1
0
0.999521
0.999529
1
0
0.983956
1
0.487315
1
0
1
0.862489
1
0.584502
0
1
0
0.451863
1
0.729803
0
0
1
0
1
1
0
0.999971
1
0
0.22171
1
0
1
0
0.158851
0.355041
1
0
1
0
0
0
1
1
0
1
0
1
0
0
0.973342
1
0
1
1
0.52383
0
1
0
0.844602
1
0
0
1
0
1
0
1
0
1
0
1
0
1
0
1
1
1
0
1
0.15614
0
0
0.99977
0.999782
1
0.0784091
0
1
1
0.527392
0
1
0
0
0
0.999603
0.548285
1
0
0.998374
0.989389
0
0.977305
1
1
0
1
0
0.155354
0
0.109825
1
1
0
1
1
1
0
0
0.949002
0
1
0
0
1
0
1
0
1
0
0
1
0
0
1
0
1
0
1
0
1
1
1
0
0.8755
1
0
1
0
0
0
1
0
1
0.00110936
0.413701
0
1
1
0
1
1
0
0
1
1
0
0
1
0
0.937032
1
0
1
0
1
0
1
0.9999
1
0.598893
1
0
0.999554
0.999733
1
0
0.899268
0.0495134
1
0
1
0
0.00759425
0
0.971034
1
0.784376
0
1
0.944284
0.511894
1
1
0
0.999908
0
0
1
1
0
0.207325
0
1
0
1
1
0
0
1
1
0.999904
0.999924
1
1
0
1
0
1
0
1
0
1
0
1
0
1
0
1
1
0
1
0
0
1
1
1
0
1
1
0
0
1
0
1
0
0
0.974825
1
0
0.676188
1
1
0
0
1
0
1
0
0.153164
1
0
1
1
0
1
0
0.843298
0.996706
0.999863
1
0
1
0
0.443218
0.277533
1
0
1
0
0
0
1
0
0.349769
0
0.872335
1
1
0
0
1
0
0
1
0.999261
0
1
0
1
0.999691
0
1
0.160755
0
1
0
0
1
0
1
0.999863
0
0
0.319886
0
1
0
0.498725
1
0
1
1
0
0.00259524
1
1
0
1
0
1
0
1
0
1
0.609613
1
0
1
1
1
1
0
1
0
1
0
0
1
0
1
1
0
1
0
1
0
0
0.974856
1
0
1
1
0
0.636209
1
0
0.552061
0
0.999874
1
0
0
1
0
0
0
1
0
0
1
0
0
1
0
0
0.999768
1
0
0.99975
0
1
0
1
0
0
1
1
1
0
0
1
0
1
1
1
0
1
0
1
1
0
0
1
0
1
0.581561
1
0
1
0
1
1
0
1
0
1
0.556667
1
0
1
0
1
0.266838
0
1
1
0
0.503403
1
1
0
1
0
0.967836
0
1
0.0778002
0
1
0
1
1
1
0
1
1
1
0.623307
0
1
1
0.388704
0
1
0
1
0.568736
0
0
1
1
1
0
1
0
0.999729
0
1
0
0
1
0
0.933079
1
0
1
1
0.952045
0
1
0
1
0
1
0
1
0
0
1
0.99971
0.794862
0
1
0
1
1
0
0
1
0
0
1
0
1
0
0.345948
1
0.205601
0
0
1
0
1
0
1
0
1
0
0.983398
0
1
0
1
0
0.908323
0
1
0
0
1
0.999106
0
1
0
1
0
0.709137
0
1
0
1
0
1
1
0
1
1
0.162376
0
1
0
0
1
0
1
0
0
1
1
0.281147
0.999826
0.999802
1
0
1
0
1
0
1
0
0.925614
1
0
0
1
1
0
1
0
1
0
0
1
0
1
0
0
1
0
1
0
1
0
1
0
0
1
0
0
0
1
0
1
1
1
1
0
0.906215
0
1
1
0
1
0
0.348597
1
0
1
0.283713
1
0
1
0
0.965775
0.984932
1
0
1
0
1
0.968275
1
1
1
0
1
0
1
0
1
0
1
0.988832
1
0
0.917852
0.680607
0.0741987
1
0
0
0
0.231138
1
0
1
0.966672
0.999949
1
0
0
0
0.215888
0
0
1
0.81095
0.999819
0.999855
1
0
1
0.234642
0.474353
0
0
1
1
0.413572
0
1
0
0.668684
1
0
0.629049
0.917894
0
1
0
0.0238606
1
1
0
0.209863
1
0
1
0
0.180499
1
1
0.999979
0
1
0.134494
0
1
0
1
0
1
0
1
1
0.172695
1
0.206297
1
0
0.985701
0.641704
0.857754
0.97984
1
0
1
0
0
1
1
1
1
0
1
0
1
1
0
1
1
1
1
0
1
1
0
0
1
0
1
0
1
0
0
1
0
0.999954
0
0
0
0
0
1
0.469904
0
0.643341
1
0
1
1
0
1
1
0
1
0
0
1
1
0.524417
0
1
0
1
1
0.515445
1
0
1
0.616223
0
1
1
1
0.482911
0
0
1
1
0
1
0
1
0.858334
0
0
1
1
0
1
0
1
1
0.482049
0.977312
0
1
1
0.730394
1
0
1
0
0.776677
1
0
0.347178
1
0
1
0.968388
0
1
0
1
0
0
1
1
1
0
0
1
1
0
0.904915
0
1
1
0
1
0
1
1
1
1
0
0
0.703979
1
1
1
0.993122
0.999869
0.81845
1
0
1
0
1
0.959098
1
0
0.99985
0
1
0
0
0.0803411
1
0
0
1
0
0.535558
1
0.21218
1
0
1
0
0.999911
0
1
0
1
1
1
0
1
0
1
0
0.999993
0
1
0
1
0
0
0
1
0
1
0.560508
0
1
0
1
1
0.999933
0
1
0.932497
0
1
0
0
1
0
0
1
0.785564
1
0
1
0
1
0
0
0
1
0
0
1
0.9948
0
0
1
1
0
1
0
0
1
1
0
1
1
1
0
0.999891
0.999829
0.00490861
0.315854
0.764796
0.463978
0.999902
1
0.244466
1
0
0
1
1
0
0
1
0
0.0933049
1
0
0
0
0.439213
1
0
1
0
0
1
0
0
1
0.999928
0
1
0
1
0.999979
0.999986
0
1
0
1
0
1
0.434265
1
0.977683
0
0
1
0
0.546064
1
1
1
0
1
1
0
1
1
1
0
1
1
0
1
0
1
0.754791
0
0
1
0.999282
0
1
0
1
1
0
1
0.99463
0
1
1
0
0
1
1
1
1
0
1
1
0.995276
0.999945
0
1
0.999909
0
0
0.0842273
0.614903
1
0.782343
0.328622
0.504269
0
1
0
0
1
0
1
0
0.970207
0
0.554267
1
1
0
1
0
1
0
1
0.291371
0
1
0
1
0
1
0
1
1
0.999977
0
1
0.851426
0
1
0.962736
0
0.083344
1
1
1
0
0
1
0
0
1
1
0
1
0.99965
0
1
1
0.684622
0
0.10193
1
0.999992
0.999979
0
1
0.322026
0
1
0
1
0
1
1
0
0
0
1
0
1
1
1
1
1
0
0.0450871
1
1
1
1
0.99947
0.999632
0.999947
0
0
0
0
1
1
0.623682
0
0
1
0.384608
1
0
1
0
1
1
0
0.99965
0.999766
0
0
1
0
1
0
0
1
0
1
0.999937
0
1
0.999979
0.999974
0
0
1
0.679882
0.999996
0
1
0.999997
0.999991
0
1
1
0
1
0
0.2993
1
1
0
0
0.270981
1
0
0
0.288467
1
0.205471
0.999992
0
1
1
0
0
1
0.999396
0
1
0
1
0.999941
0
1
0.764031
1
1
0
1
0
1
0
1
0
1
1
1
0
1
0
0
1
0.999999
0.403818
0.476854
0.995086
0
0
1
0.276213
1
0.99993
0
1
0.916078
0.437058
0
0.129709
0
1
0
1
0
1
0
1
0.999864
0.999847
0
0.508232
1
0
0
1
1
0
1
0
1
1
0.999991
0
0
1
0.924712
1
0
0.557522
1
1
0
1
0
0
1
0
0.122295
1
0.210286
1
1
0
1
0
1
0
1
0
1
0
0
0
1
1
0
1
0
1
0
1
1
0.999999
0
1
1
0
0
0
1
0
0.59738
1
0
0
0
1
0
1
0
1
0.999998
0
1
0
0
0
0
1
0
0
1
0.873227
0
0.82517
1
0.864731
0
0.697217
0.0620966
1
0
0
1
0
0
0
1
0.999912
0.999929
0
0.415537
1
0
1
0
1
0
1
0
1
1
0
1
1
1
0
1
1
1
1
0
1
1
0
0
1
1
0
1
0.999998
0.999998
0
0
1
1
0.999998
0
1
0
1
0.999997
0
0.138138
1
1
0
0.999996
0
1
0
1
0.179633
0
1
0
1
0
1
0.865036
0
1
0
1
1
0
1
0.999995
0
1
0
1
0
0.804632
1
1
1
1
0.999989
0
1
0.999984
0
0
0.00915721
0.0429274
1
0
0
0.295491
1
0.99995
0
0
1
0.984758
0
1
1
0.99996
0
0
0
1
0
1
1
1
0
1
1
1
1
1
1
1
1
1
1
1
1
1
0
1
1
0
0.999999
0
1
0
1
0.999994
0
0
1
0
0
0.284936
1
0
0.999994
0
1
0
0.45808
0.159457
1
1
0.310574
0
1
0
1
0.998839
0
1
0
1
0.474235
0
1
0
1
0.999991
0.999992
0
0
1
0.999992
0
1
1
1
0.39354
0.30375
1
1
1
1
1
1
0.938883
0
1
1
1
0
1
1
0
0
1
1
0
0
1
0.831404
0
0.637968
1
1
0
0
0.0546189
1
1
1
1
1
1
1
1
1
1
1
1
1
1
1
1
1
1
1
1
0
1
0
0
0.999994
0.663625
0
1
1
1
0
0
1
1
0
1
0.999989
0
1
0.999985
0
0
0
1
0.939631
0
0
0.00615998
1
0.999977
0.99998
0
0.16788
1
0.999975
0
1
0
1
0.999982
0.999983
0
0
1
0.999988
0.999986
0
1
0
0.525624
0
0.853463
1
1
1
1
1
0
1
0
1
0
1
0
1
1
1
0
1
1
0
0
1
1
0
0.694874
1
1
1
0
0
1
1
1
1
1
1
1
1
1
1
1
1
1
1
1
1
1
1
1
1
0
1
0.170494
1
0
1
0
0
0
1
0
1
0.999985
0
0
0
0
0
1
0.999981
0.999978
0
0.744765
1
0
0.0470713
0.482255
1
0.999969
0
0
0
1
0
1
0
0.720565
1
0.99997
0
0.486272
1
0
0.999979
0
0.0114387
0
1
1
1
1
0.954049
0.999602
1
1
1
1
0
1
0.549662
1
0.4644
0.986984
0
0
0
1
1
1
1
1
0
0
1
0
0
1
1
1
1
1
1
1
1
1
1
1
1
1
1
1
1
1
1
1
1
1
1
1
1
0.999997
0
0.212732
1
0.999985
0
1
0.999982
0
1
0.782235
1
0
1
0
1
1
0.0350034
1
0.93937
1
0
1
0
0.99997
0
1
0
0
1
0
1
0.999971
0
0
1
1
0.999967
0
1
0
1
0.999971
0
0
0
1
0.698891
0.999993
0.999996
1
1
0.988268
1
1
1
1
0
0
1
1
1
1
1
1
1
1
1
1
1
1
1
1
1
1
1
1
1
1
1
1
1
1
1
1
1
1
1
1
1
1
1
1
1
1
1
1
1
1
1
0.999997
0
0.170076
1
0.999983
0.999982
0.537373
0
1
0
0.999975
0
1
0
1
0.999971
0
0
1
0.999966
0
1
0
1
0
1
0
1
1
0
1
0.999927
0
0
1
0
1
0.9872
0
0.0571767
0
1
0.999963
0
0
1
0.887611
1
0.999992
0.999996
0
1
1
1
1
1
0
1
0.917645
0
1
1
1
1
1
1
1
1
1
1
1
1
1
1
1
1
1
1
1
1
1
1
1
1
1
1
1
1
1
1
1
1
1
1
1
1
1
1
1
1
0
1
0
1
0.99998
0.988077
0.999977
0
0.703449
1
0.999965
0
0
0
1
0.999974
0
0
1
0.999961
0.999953
0.99994
0
1
0.563187
0.243805
1
1
0
0
0.999959
0
0
1
0
1
0.987125
0
1
0.109778
1
0.999967
0
0
1
0.999976
0
0
0
0.999995
0.37693
1
0.992372
0
1
1
0
0
1
1
0
1
1
1
1
1
1
1
1
1
1
1
1
1
1
1
1
1
1
1
1
1
1
1
1
1
1
1
1
1
1
1
1
1
1
1
1
1
0
1
0
0
1
0.644068
1
1
0.999974
0
1
0
1
0
1
0
1
0.999968
0
0.0632547
1
1
0.999943
0.999923
0
1
0.044375
0
1
0
0
1
0
1
0.383288
0
1
1
0
1
0
1
1
0.999941
0
0.918123
1
0
0
0.844822
1
0
1
0
1
0.975018
0
1
0.954926
0
0.231724
1
0
1
1
1
1
1
1
1
1
1
1
1
1
1
1
1
1
1
1
1
1
1
1
1
1
1
1
1
1
1
1
1
1
1
1
1
1
0
1
0
1
0.999987
0
0
1
0.999969
0
0
0.689927
1
0
1
0
0
1
0
1
0.0421646
0.933771
1
0.999938
0.999934
0
0
0.00217467
1
0
1
1
1
0.999937
0
1
1
0
0
0
1
0
1
0.999809
0
1
1
0
1
1
1
0
0.999995
0
0.545226
0.00996942
1
0.951418
0
1
0.947933
0
0.185044
1
0
1
1
1
1
1
1
1
1
1
1
1
1
1
1
1
1
1
1
1
1
1
1
1
1
1
1
1
1
1
1
1
1
1
1
0
1
1
0
1
0.769616
0.996738
1
0
0
1
1
0
1
0
1
0
1
1
0
0
0
0
1
0.999925
0.99993
0
1
1
0.105707
0
0.815712
0.827669
1
0
0.999883
0
0.552445
0
0
1
0
0
0
0.99992
0.999945
0.999961
0
0.999967
0.999976
1
0
0.999991
0
1
1
0
0.0230267
1
1
0
1
0.796654
0
0.0976674
1
0
1
0
1
1
1
1
1
1
1
1
1
1
1
1
1
1
1
1
1
1
1
1
1
1
1
1
1
1
1
1
1
1
1
1
1
1
1
0
1
0
1
1
0
0
0
1
0
1
0
0.704531
0.975943
0
1
1
1
1
0
1
1
0.955417
0
0
0.923296
1
0
0
0.999879
1
0
1
1
1
1
1
0.938684
0.892513
1
0
0.999948
0.999954
0.82289
0
0
0.999975
0.999983
0.999989
1
1
1
1
0
0.663303
1
1
0
1
0.232198
0
0
1
0
1
0
1
1
1
1
0
1
1
1
1
1
1
1
1
1
1
1
1
1
1
1
1
1
1
1
1
1
1
1
1
1
1
1
1
1
0.999993
0.999983
0
0.888561
0
1
1
1
0
1
0
1
0.137651
0
0.999939
1
0.278373
0
0
1
0
0
0
1
0.288035
0
0.999934
1
0
0.999949
1
1
0
1
0.909473
0.957319
0.832642
1
0.264195
0.063088
1
0
0.999966
1
0
1
0
0.999981
0.999933
0.999997
1
1
1
1
0
1
0
1
0
1
1
1
0
1
0
1
0
1
0
1
0
1
1
1
1
1
1
1
1
1
1
1
1
1
1
1
1
1
1
1
1
1
1
1
1
1
1
1
1
1
0.999991
0.999985
1
0
1
0
0.799793
0.999959
0.999959
1
1
1
0.667729
0
0.999956
1
0.991666
1
0
1
0
0.99994
1
0
1
0
0.914792
1
0.844165
0
1
1
0
0
0
0
0.999956
1
1
0.289893
0
1
0
1
0.793527
1
0
0
1
0.999991
0
1
0
0
1
0
1
0
1
0.00767399
0
0
1
0
1
0
1
0
1
0
1
1
1
1
1
1
1
1
1
1
1
1
1
1
1
1
1
1
1
1
1
1
1
1
1
1
1
1
1
1
0.999994
0.99999
1
0
0.999974
0.999973
0.999973
0
0.803165
1
0
0
1
0
0
0.99996
0.999966
1
0
1
0
0.999947
1
0
0.999943
0
0
1
1
0
0
0
0
1
1
0
0
0.998305
1
1
0.625593
1
0
0.999951
1
0
1
0.888881
0
0.999992
1
0
0
1
0
1
0
1
0
0
0.82384
1
0
0
0
1
0
1
0
1
1
1
1
1
1
1
1
1
1
1
1
1
1
1
1
1
1
1
1
1
1
1
1
1
1
1
1
1
1
1
0.999995
0.999991
1
0
0.999979
0.999977
0.426518
1
0
0.2194
0.997667
1
0.938903
0.282119
0
0.999966
0.999963
1
0
1
1
0
1
0
0.999949
1
1
0
0
1
0
1
1
0
1
1
0.130644
0
0.997976
0.999966
1
0
1
0
1
0
1
0.527672
0
0.999994
1
1
0.985643
0
1
0
1
0.999988
0.990471
0.855939
1
0
0
0
1
0
1
0
1
1
1
1
1
1
1
1
1
1
1
1
1
1
1
1
1
1
1
1
1
1
1
1
1
1
1
1
1
1
1
1
0.999995
0.999991
1
0
0.99998
0.999978
1
0
0.999974
0.999974
0.174187
0
1
0.88883
0
0.999971
0.999965
1
0
1
0
0.00520499
0
0.999952
0
0.99995
0.999965
1
0.832446
0
0
0.943322
0.99994
1
0
0.999932
1
0.713317
0
0.984314
1
0.672453
0.801481
0
0.999965
0.999971
1
0.749552
1
0.901771
1
1
1
1
0
1
1
0.999173
1
0
1
0
0
1
1
0
1
0
1
1
1
1
1
1
1
1
1
1
1
1
1
1
1
1
1
1
1
1
1
1
1
1
1
1
1
1
1
1
1
1
0.999995
0.99999
1
0
0.99998
0.999977
0.999976
0.999976
0.999975
0.999975
1
0.466976
0
1
0
0
0.99997
1
0
1
0
0
0
0.999954
1
0
0.999953
1
0.977142
0
0
0.999946
0.999948
0.999964
0
0
0.999936
1
1
0
1
0.839221
0.831588
0
0.99996
0.999958
1
0.894693
1
0.999997
1
0
1
0
0
1
1
1
0
1
0
1
0
1
1
0
1
0
1
1
1
1
1
1
1
1
1
1
1
1
1
1
1
1
1
1
1
1
1
1
1
1
1
1
1
1
1
1
1
1
0.999995
0.99999
1
0
0.999979
0.999976
0.999975
0.81612
0
0.999973
0.999972
1
0
1
0.686801
0
0.999969
1
0
1
1
0.113475
0
0.999953
1
0
0.999952
0
1
0.0293573
0
0.999939
0.999945
0.999943
1
0.283701
0
0.999961
0.999949
0.999968
1
0.640266
0.893636
0
0
0
1
0
1
0.999997
0
1
0
0
1
1
1
0
1
0
1
0
0
0.998471
1
0
1
0
1
1
1
1
1
1
1
1
1
1
1
1
1
1
1
1
1
1
1
1
1
1
1
1
1
1
1
1
1
1
1
1
0
0.999989
1
1
0
0.999973
0.999972
1
0
0
0.999967
1
0
1
0
0
0.999964
1
0
1
0
0
0.999947
0.999948
1
0
0.343455
1
1
1
0
0
0.999939
0.999937
1
1
0
1
0.995009
0.999966
1
0.44584
0.900921
0
1
1
0
1
0
0
1
0
0
1
1
0
1
0.394066
0
1
0.515881
0
0
0.943724
1
0
1
0
1
1
1
1
1
1
1
1
1
1
1
1
1
1
1
1
1
1
1
1
1
1
1
1
1
1
1
1
1
1
1
1
1
0
0.99998
0
1
0
0.999965
1
0
0.999959
0.999959
0.999959
0.490845
1
0.950354
0
0.999949
0.999947
0.999947
1
0
0.167347
0
0.999938
0.999942
1
0
1
1
0
0.987501
1
0
0.999925
1
0.559305
0
0.999837
0.999888
0.756092
1
1
0.947632
0
1
0
1
0
0
1
1
1
1
1
0
1
0
0
0.993027
1
0.0734376
0
0.954188
0.965035
1
0
1
0
1
1
1
1
1
1
1
1
1
1
1
1
1
1
1
1
1
1
1
1
1
1
1
1
1
1
1
1
1
1
1
1
1
0
0.213446
1
0
1
0.684049
1
0
0.999945
0.999946
1
1
0.214216
0
0
0.999934
0.999932
0.999933
1
1
0
1
0
0.99992
1
0
0.996141
1
0
0
0
0.999906
0.999907
1
0.406034
0
0
1
0.799772
1
1
1
0
0.99994
1
0.58906
0.758641
0.491149
0.516867
1
1
1
1
1
0.0740837
1
1
1
1
0
0.991076
0.9925
1
0
0.917034
1
0
1
1
1
1
1
1
1
1
1
1
1
1
1
1
1
1
1
1
1
1
1
1
1
1
1
1
1
1
1
1
1
0.999994
0.999988
1
0
1
0
0.943458
1
0
0
0.999968
0.999969
0.999968
1
0
0
0
0.99996
0.99996
0.999965
1
0.489913
0.495115
0
0.999954
0.999953
1
0
1
0.682198
1
0.306941
0
0.999948
0.999947
1
0.983837
0.8349
1
0
0.999969
1
0.367926
1
0
0.446856
1
0
1
1
0.227906
)
;

boundaryField
{
    inlet
    {
        type            zeroGradient;
    }
    outlet
    {
        type            zeroGradient;
    }
    lowerWall
    {
        type            zeroGradient;
    }
    upperWall
    {
        type            zeroGradient;
    }
    frontAndBack
    {
        type            empty;
    }
}


// ************************************************************************* //
