/*--------------------------------*- C++ -*----------------------------------*\
| =========                 |                                                 |
| \\      /  F ield         | foam-extend: Open Source CFD                    |
|  \\    /   O peration     | Version:     5.0                                |
|   \\  /    A nd           | Web:         http://www.foam-extend.org         |
|    \\/     M anipulation  |                                                 |
\*---------------------------------------------------------------------------*/
FoamFile
{
    version     2.0;
    format      ascii;
    class       volVectorField;
    location    "0.06";
    object      bodyForce;
}
// * * * * * * * * * * * * * * * * * * * * * * * * * * * * * * * * * * * * * //

dimensions      [0 1 -2 0 0 0 0];

internalField   nonuniform List<vector> 
4000
(
(3478.54 -0 0)
(6680.69 -0 0)
(7551.23 -0 0)
(8769.36 -0 0)
(7218 -0 0)
(9469.23 -0 0)
(10302.9 -0 0)
(10078.7 -0 0)
(2797.32 -0 0)
(7787.78 -0 0)
(13259.6 -0 0)
(11509.7 -0 0)
(15497.3 -0 0)
(18965.6 -0 0)
(22309.9 -0 0)
(26012.2 -0 0)
(26931.8 -0 0)
(31273 -0 0)
(34327.2 -0 0)
(37089.7 -0 0)
(33710 -0 0)
(35287.7 -0 0)
(36266.9 -0 0)
(38750.6 -0 0)
(33504.6 -0 0)
(38187.4 -0 0)
(39385 -0 0)
(42779.2 -0 0)
(30444.1 -0 0)
(30888.4 -0 0)
(31747.1 -0 0)
(30691.9 -0 0)
(27048 -0 0)
(25041.9 -0 0)
(22218.2 -0 0)
(17371.2 -0 0)
(20880.7 -0 0)
(21715.1 -0 0)
(11108.3 -0 0)
(10792.2 -0 0)
(8183.7 -0 0)
(11418.8 -0 0)
(4968.67 -0 0)
(6583.52 -0 0)
(-7384.16 0 0)
(-4127.83 0 0)
(-3613.74 0 0)
(-2847.4 0 0)
(-2997.9 0 0)
(-6657.3 0 0)
(-19312.9 0 0)
(-13828.6 0 0)
(-14366.5 0 0)
(-6785.51 0 0)
(-14310.4 0 0)
(-12076.6 0 0)
(-13053.7 0 0)
(-14710.4 0 0)
(-15878.3 0 0)
(-21787.4 0 0)
(-17708.6 0 0)
(-17225.8 0 0)
(-18615.8 0 0)
(-17980.8 0 0)
(-10915.7 0 0)
(-13256.4 0 0)
(-9392.16 0 0)
(-11556.7 0 0)
(-9771.7 0 0)
(-9787.22 0 0)
(-8589.65 0 0)
(-6524.07 0 0)
(-4835.96 0 0)
(-5571.02 0 0)
(-5265.95 0 0)
(-4451.84 0 0)
(-4989.14 0 0)
(-6342.55 0 0)
(-9369.19 0 0)
(-10441.5 0 0)
(-16633.3 0 0)
(-11102.5 0 0)
(-9274.45 0 0)
(-14664.9 0 0)
(-9345.88 0 0)
(-7610.18 0 0)
(-16661.1 0 0)
(-9699.74 0 0)
(-17392.1 0 0)
(-11583.5 0 0)
(-15952.9 0 0)
(-4997.94 0 0)
(-13859.3 0 0)
(-9116.53 0 0)
(-7980.37 0 0)
(-10238.5 0 0)
(-11934.1 0 0)
(-26594.4 0 0)
(-37549.9 0 0)
(-37194.4 0 0)
(8438.58 -0 0)
(14495.6 -0 0)
(18157.9 -0 0)
(20964.4 -0 0)
(12273.3 -0 0)
(17592.6 -0 0)
(21920.9 -0 0)
(23212.5 -0 0)
(9320.7 -0 0)
(17544.9 -0 0)
(24866.4 -0 0)
(18983.6 -0 0)
(31808.1 -0 0)
(38889 -0 0)
(45670.5 -0 0)
(54609.9 -0 0)
(48652.3 -0 0)
(59628.4 -0 0)
(68259.7 -0 0)
(63273.1 -0 0)
(73243.5 -0 0)
(76352.3 -0 0)
(78020.9 -0 0)
(68095.8 -0 0)
(62230 -0 0)
(71682 -0 0)
(72875.4 -0 0)
(77319.3 -0 0)
(59085.6 -0 0)
(62990.8 -0 0)
(65295.3 -0 0)
(53949.9 -0 0)
(48346.6 -0 0)
(51075 -0 0)
(46536.8 -0 0)
(31049.6 -0 0)
(40978.8 -0 0)
(43508.7 -0 0)
(28245 -0 0)
(26556 -0 0)
(12927.8 -0 0)
(15873 -0 0)
(5510.15 -0 0)
(-4357.25 0 0)
(-14974 0 0)
(-6040.51 0 0)
(-4000.31 0 0)
(-1582.62 0 0)
(-17910.1 0 0)
(-22321.6 0 0)
(-36183.6 0 0)
(-25207 0 0)
(-34597 0 0)
(-29042.8 0 0)
(-33414.9 0 0)
(-23572.4 0 0)
(-21694.5 0 0)
(-20135.2 0 0)
(-35370.2 0 0)
(-42029 0 0)
(-46722.3 0 0)
(-35446.7 0 0)
(-30833.8 0 0)
(-29242.3 0 0)
(-17649.6 0 0)
(-25311 0 0)
(-15925.8 0 0)
(-15057.6 0 0)
(-11885.7 0 0)
(-9761.61 0 0)
(-16508 0 0)
(-9308.26 0 0)
(-2851.59 0 0)
(-3113.56 0 0)
(-1517.56 0 0)
(-12336 0 0)
(-17738.9 0 0)
(-9519.62 0 0)
(-8898.05 0 0)
(-8942.89 0 0)
(-21419.3 0 0)
(-24516.9 0 0)
(-15777.1 0 0)
(-22284.2 0 0)
(-18120.7 0 0)
(-11259.2 0 0)
(-25861.3 0 0)
(-19154.5 0 0)
(-18079.2 0 0)
(-12803.7 0 0)
(-24798.5 0 0)
(-12908.7 0 0)
(-25472.8 0 0)
(-17199.1 0 0)
(-12935.3 0 0)
(-30139.3 0 0)
(-26882.7 0 0)
(-46250.6 0 0)
(-63683.1 0 0)
(-62069.9 0 0)
(9489.44 -0 0)
(16557.8 -0 0)
(22167.6 -0 0)
(26287.3 -0 0)
(26187 -0 0)
(14869.3 -0 0)
(22041.7 -0 0)
(26782.7 -0 0)
(27760.3 -0 0)
(32801.5 -0 0)
(21548.5 -0 0)
(33053.8 -0 0)
(43102 -0 0)
(48396.3 -0 0)
(53530.4 -0 0)
(66554.2 -0 0)
(64071.4 -0 0)
(56067.4 -0 0)
(69963.9 -0 0)
(83091.1 -0 0)
(88986.1 -0 0)
(91531.1 -0 0)
(94678.1 -0 0)
(81253.3 -0 0)
(71061.6 -0 0)
(77366.3 -0 0)
(83891.3 -0 0)
(68408.6 -0 0)
(70953.4 -0 0)
(72986.1 -0 0)
(75577.1 -0 0)
(59699.7 -0 0)
(65139.4 -0 0)
(51945.7 -0 0)
(54732.8 -0 0)
(37080.5 -0 0)
(44165.4 -0 0)
(47318.3 -0 0)
(44057.4 -0 0)
(24134.6 -0 0)
(27558.5 -0 0)
(12800.8 -0 0)
(2530.07 -0 0)
(-10053.9 0 0)
(-4117.11 0 0)
(727.857 -0 0)
(-15113.6 0 0)
(-8950.23 0 0)
(-26629.2 0 0)
(-38888.5 0 0)
(-33125 0 0)
(-25928.5 0 0)
(-40066 0 0)
(-44474.8 0 0)
(-35431.1 0 0)
(-25842.7 0 0)
(-31713.8 0 0)
(-21951.8 0 0)
(-36440.3 0 0)
(-43339.6 0 0)
(-48320.7 0 0)
(-37623.3 0 0)
(-30267.6 0 0)
(-24189.2 0 0)
(-12200.7 0 0)
(-22985.1 0 0)
(-13091.8 0 0)
(-8669.84 0 0)
(-4233.65 0 0)
(-9918.61 0 0)
(-4145.44 0 0)
(-12852.8 0 0)
(918.425 -0 0)
(-8273.71 0 0)
(888.854 -0 0)
(-16297.2 0 0)
(-5591.29 0 0)
(-16309.4 0 0)
(-8089.26 0 0)
(-6311.02 0 0)
(-20741.1 0 0)
(-13646 0 0)
(-25149 0 0)
(-15384.8 0 0)
(-30255.3 0 0)
(-18634 0 0)
(-30918.8 0 0)
(-39108.1 0 0)
(-27348.7 0 0)
(-15678.5 0 0)
(-21658.2 0 0)
(-30462.5 0 0)
(-26956.9 0 0)
(-20054.3 0 0)
(-18083.3 0 0)
(-32651.5 0 0)
(-46503 0 0)
(-41337.2 0 0)
(-47038.8 0 0)
(-72118.9 0 0)
(5308.25 -0 0)
(13775.3 -0 0)
(19289.9 -0 0)
(24152.2 -0 0)
(17581 -0 0)
(21236.3 -0 0)
(10710.2 -0 0)
(21631.4 -0 0)
(28672.6 -0 0)
(36017.4 -0 0)
(21684.1 -0 0)
(38350.2 -0 0)
(44403.1 -0 0)
(38999.6 -0 0)
(56523.7 -0 0)
(60343.3 -0 0)
(65182 -0 0)
(56345 -0 0)
(60622.5 -0 0)
(78116.1 -0 0)
(88606.7 -0 0)
(94287.8 -0 0)
(98854 -0 0)
(78814.2 -0 0)
(89920.4 -0 0)
(95349.8 -0 0)
(77612 -0 0)
(63638.2 -0 0)
(73969 -0 0)
(77179.3 -0 0)
(73443.3 -0 0)
(56238.6 -0 0)
(65673.5 -0 0)
(63852.8 -0 0)
(54616.2 -0 0)
(39899.4 -0 0)
(36354.1 -0 0)
(41085.3 -0 0)
(34525.6 -0 0)
(34567.6 -0 0)
(33646.3 -0 0)
(15763.5 -0 0)
(6572.8 -0 0)
(-7965.17 0 0)
(-2737.55 0 0)
(-1678.78 0 0)
(-5273.4 0 0)
(-20266.5 0 0)
(-36050 0 0)
(-46154.8 0 0)
(-37873.2 0 0)
(-30301.2 0 0)
(-42852.7 0 0)
(-49540.8 0 0)
(-33930 0 0)
(-28540 0 0)
(-20061.4 0 0)
(-17506.7 0 0)
(-34962.2 0 0)
(-33305.7 0 0)
(-25080.1 0 0)
(-38011 0 0)
(-28706.8 0 0)
(-20047.7 0 0)
(-9598.85 0 0)
(-20564 0 0)
(-12931.2 0 0)
(-8285.97 0 0)
(-9980.14 0 0)
(-295.06 0 0)
(9314.7 -0 0)
(-3068.71 0 0)
(6952.83 -0 0)
(9064.7 -0 0)
(2115.71 -0 0)
(-15604.8 0 0)
(-3982.9 0 0)
(-1132.09 0 0)
(-3482.28 0 0)
(-13021.4 0 0)
(-8584.48 0 0)
(-22398.3 0 0)
(-28811.4 0 0)
(-29841.4 0 0)
(-21636.1 0 0)
(-30943.7 0 0)
(-22194.2 0 0)
(-17191.8 0 0)
(-14970.6 0 0)
(-16428 0 0)
(-8614.74 0 0)
(-24654.4 0 0)
(-16184.7 0 0)
(-30431.5 0 0)
(-42560.6 0 0)
(-34097.4 0 0)
(-31780 0 0)
(-29436.8 0 0)
(-55856.8 0 0)
(-61018 0 0)
(-1588.85 0 0)
(7973.54 -0 0)
(13449.2 -0 0)
(20029 -0 0)
(19335.2 -0 0)
(12923.9 -0 0)
(3879.72 -0 0)
(15229.8 -0 0)
(23609.6 -0 0)
(30239.1 -0 0)
(20283.3 -0 0)
(33927.5 -0 0)
(29821.3 -0 0)
(41584.1 -0 0)
(48128.5 -0 0)
(39491.9 -0 0)
(58553.1 -0 0)
(60909.7 -0 0)
(73947.3 -0 0)
(66128.4 -0 0)
(83286.2 -0 0)
(93897.6 -0 0)
(99291.1 -0 0)
(80612.9 -0 0)
(92817.4 -0 0)
(97320.3 -0 0)
(76835.7 -0 0)
(63660.3 -0 0)
(75244.3 -0 0)
(80435 -0 0)
(61910.5 -0 0)
(50025.6 -0 0)
(57534.1 -0 0)
(55344.3 -0 0)
(54944.2 -0 0)
(55613.5 -0 0)
(51232.9 -0 0)
(27970.5 -0 0)
(31821.1 -0 0)
(30900.2 -0 0)
(13261.9 -0 0)
(10153.8 -0 0)
(-4112.32 0 0)
(21.701 -0 0)
(-15457.5 0 0)
(-27931.7 0 0)
(-21321.3 0 0)
(-14810.9 0 0)
(-36045 0 0)
(-29315.6 0 0)
(-28320 0 0)
(-43798 0 0)
(-35124.7 0 0)
(-48464.8 0 0)
(-31814.7 0 0)
(-22087.2 0 0)
(-20028 0 0)
(-31987.2 0 0)
(-23548.5 0 0)
(-20326.2 0 0)
(-21125.9 0 0)
(-14749.9 0 0)
(-15585.4 0 0)
(-12652.4 0 0)
(-19663.9 0 0)
(-21384.9 0 0)
(-27684.3 0 0)
(-17091.4 0 0)
(-24176 0 0)
(-6356.12 0 0)
(7232.98 -0 0)
(13336.4 -0 0)
(2113.41 -0 0)
(6540.71 -0 0)
(10740.7 -0 0)
(-12014.8 0 0)
(-11284.6 0 0)
(-10099.9 0 0)
(-25423.4 0 0)
(-21385 0 0)
(-13951.5 0 0)
(-28624.3 0 0)
(-17259.8 0 0)
(-13573 0 0)
(-28632.6 0 0)
(-18619.7 0 0)
(-31411.8 0 0)
(-22248.8 0 0)
(-17151.9 0 0)
(-8139.57 0 0)
(-23064.1 0 0)
(-14607 0 0)
(-26945.1 0 0)
(-19210.4 0 0)
(-37001.7 0 0)
(-30546 0 0)
(-29494.3 0 0)
(-29076.4 0 0)
(-58610.2 0 0)
(-64750.1 0 0)
(-3528.07 0 0)
(1594.52 -0 0)
(6164.44 -0 0)
(12025.8 -0 0)
(18989.3 -0 0)
(24471.8 -0 0)
(9773.01 -0 0)
(4212.79 -0 0)
(17672.4 -0 0)
(12130.4 -0 0)
(11985.3 -0 0)
(16383.9 -0 0)
(33140.5 -0 0)
(25376.4 -0 0)
(22981.8 -0 0)
(36220.7 -0 0)
(54777.7 -0 0)
(66187.5 -0 0)
(77208.2 -0 0)
(65958.4 -0 0)
(86135.3 -0 0)
(93134.3 -0 0)
(96997 -0 0)
(96318.5 -0 0)
(92772.4 -0 0)
(78509.8 -0 0)
(68665 -0 0)
(72569.7 -0 0)
(79034.7 -0 0)
(80332.6 -0 0)
(62186.4 -0 0)
(51729.3 -0 0)
(42834.6 -0 0)
(32497.2 -0 0)
(36793.6 -0 0)
(43412 -0 0)
(29033.9 -0 0)
(12459.3 -0 0)
(13912.7 -0 0)
(15732.9 -0 0)
(-2856.95 0 0)
(-15328.7 0 0)
(-8264.76 0 0)
(-21378.9 0 0)
(-13995.5 0 0)
(-23740.9 0 0)
(-39874.2 0 0)
(-27646.4 0 0)
(-46794.2 0 0)
(-35879.1 0 0)
(-47795.4 0 0)
(-55590.6 0 0)
(-40955 0 0)
(-50935.5 0 0)
(-34934.3 0 0)
(-24432 0 0)
(-38872.1 0 0)
(-27264.4 0 0)
(-18190 0 0)
(-12251.1 0 0)
(-28841.5 0 0)
(-15036.7 0 0)
(-14003.5 0 0)
(-22283.6 0 0)
(-30585.4 0 0)
(-16353.7 0 0)
(-10859.9 0 0)
(-23968.6 0 0)
(-14681.8 0 0)
(-1946.69 0 0)
(7150.41 -0 0)
(9711.82 -0 0)
(9197.53 -0 0)
(-5661.48 0 0)
(558.589 -0 0)
(-18805.6 0 0)
(-31042.7 0 0)
(-42492 0 0)
(-30301.5 0 0)
(-39171.4 0 0)
(-42452.8 0 0)
(-30203 0 0)
(-19445.4 0 0)
(-33244.6 0 0)
(-27806 0 0)
(-22293.2 0 0)
(-16751.2 0 0)
(-35754.9 0 0)
(-31477.4 0 0)
(-17875.4 0 0)
(-33557 0 0)
(-20348.5 0 0)
(-16624.1 0 0)
(-30298.3 0 0)
(-24617.7 0 0)
(-27494.2 0 0)
(-31147 0 0)
(-47068.6 0 0)
(-57175.3 0 0)
(-73223.3 0 0)
(-3504.95 0 0)
(2806.5 -0 0)
(49.5307 -0 0)
(2208.82 -0 0)
(10998.7 -0 0)
(20646.5 -0 0)
(23459.2 -0 0)
(9867.31 -0 0)
(18395 -0 0)
(23031.8 -0 0)
(26296.5 -0 0)
(18355 -0 0)
(36283.9 -0 0)
(25701.9 -0 0)
(21372.5 -0 0)
(22005 -0 0)
(43607 -0 0)
(62037.2 -0 0)
(70758.9 -0 0)
(64663.2 -0 0)
(85217 -0 0)
(89935.4 -0 0)
(88425.7 -0 0)
(92347.2 -0 0)
(76899.4 -0 0)
(69429.8 -0 0)
(66667.1 -0 0)
(76110.1 -0 0)
(79740.8 -0 0)
(64370.8 -0 0)
(55099.3 -0 0)
(53544.5 -0 0)
(53893 -0 0)
(35010.2 -0 0)
(22851.5 -0 0)
(16350.8 -0 0)
(21306.5 -0 0)
(-442.873 0 0)
(-6846.22 0 0)
(-2424.66 0 0)
(-19356.4 0 0)
(-31230.7 0 0)
(-38298.3 0 0)
(-24734.9 0 0)
(-19586.2 0 0)
(-36029.3 0 0)
(-48931.9 0 0)
(-38953.4 0 0)
(-56752.8 0 0)
(-45542.5 0 0)
(-41726.1 0 0)
(-40573.7 0 0)
(-49821 0 0)
(-41089.6 0 0)
(-48178.6 0 0)
(-32186.2 0 0)
(-41952.2 0 0)
(-27569.8 0 0)
(-20482.9 0 0)
(-13251.3 0 0)
(-31825.2 0 0)
(-18716.1 0 0)
(-18440 0 0)
(-28982 0 0)
(-35775.3 0 0)
(-20280.8 0 0)
(-11604.2 0 0)
(-10915 0 0)
(-22021.3 0 0)
(-5876.27 0 0)
(3437.05 -0 0)
(-6287.62 0 0)
(-11532.7 0 0)
(-7736.91 0 0)
(-18917.2 0 0)
(-18155 0 0)
(-33946.5 0 0)
(-46979.4 0 0)
(-37082 0 0)
(-28474.7 0 0)
(-44661.5 0 0)
(-38683.9 0 0)
(-27022.6 0 0)
(-41403.2 0 0)
(-46603.9 0 0)
(-40247.8 0 0)
(-27124.5 0 0)
(-46400.6 0 0)
(-35713.4 0 0)
(-40989.9 0 0)
(-43501.9 0 0)
(-27628.3 0 0)
(-38415.6 0 0)
(-28483.1 0 0)
(-26070.6 0 0)
(-44619.9 0 0)
(-38874.1 0 0)
(-58293.8 0 0)
(-67270.4 0 0)
(-89749.3 0 0)
(-5349.81 0 0)
(4977.76 -0 0)
(3494.68 -0 0)
(6794.16 -0 0)
(3627.32 -0 0)
(13225.9 -0 0)
(21935.9 -0 0)
(22128.8 -0 0)
(10842.3 -0 0)
(11980.7 -0 0)
(12809.1 -0 0)
(19515.5 -0 0)
(35384.1 -0 0)
(37568.1 -0 0)
(29785.9 -0 0)
(31044 -0 0)
(31987.2 -0 0)
(54784.9 -0 0)
(72383.8 -0 0)
(76526.2 -0 0)
(75730.5 -0 0)
(90593.7 -0 0)
(90434.2 -0 0)
(79728.6 -0 0)
(83594.5 -0 0)
(71032.7 -0 0)
(63991.9 -0 0)
(75775.9 -0 0)
(76427.1 -0 0)
(60256.1 -0 0)
(64240.7 -0 0)
(55235 -0 0)
(50162.8 -0 0)
(36445.6 -0 0)
(18994.7 -0 0)
(6802.35 -0 0)
(-695.434 0 0)
(-16808.9 0 0)
(-16424.9 0 0)
(-21455.9 0 0)
(-36703.2 0 0)
(-35275.1 0 0)
(-46352.3 0 0)
(-32374.6 0 0)
(-28320.6 0 0)
(-42097.8 0 0)
(-53679.8 0 0)
(-50092.4 0 0)
(-65746 0 0)
(-54206.1 0 0)
(-42700.9 0 0)
(-55212.9 0 0)
(-46396.3 0 0)
(-37699.8 0 0)
(-49371.1 0 0)
(-34322.9 0 0)
(-27816.2 0 0)
(-23301.2 0 0)
(-34045 0 0)
(-20226.8 0 0)
(-37804.3 0 0)
(-26995.8 0 0)
(-35599.1 0 0)
(-24870 0 0)
(-36187.7 0 0)
(-22255.5 0 0)
(-14139.2 0 0)
(-8150.54 0 0)
(-22775.7 0 0)
(-8275.55 0 0)
(-274.415 0 0)
(2839.87 -0 0)
(-14071.8 0 0)
(-22680 0 0)
(-22120 0 0)
(-38953 0 0)
(-31351.2 0 0)
(-43241.6 0 0)
(-51978.5 0 0)
(-37054.5 0 0)
(-48824.1 0 0)
(-38568 0 0)
(-31407.2 0 0)
(-45992.1 0 0)
(-39666.7 0 0)
(-50998.8 0 0)
(-36398.9 0 0)
(-51861.7 0 0)
(-37067.1 0 0)
(-33268.2 0 0)
(-31690.2 0 0)
(-40795.6 0 0)
(-33193.5 0 0)
(-30333.2 0 0)
(-44485.8 0 0)
(-52438.9 0 0)
(-44638.8 0 0)
(-65362.8 0 0)
(-75620.7 0 0)
(-97642.3 0 0)
(-6948.83 0 0)
(3853.39 -0 0)
(1353.2 -0 0)
(3017.31 -0 0)
(8377.25 -0 0)
(4223.21 -0 0)
(13553 -0 0)
(19962.7 -0 0)
(22231.6 -0 0)
(10678.3 -0 0)
(20874 -0 0)
(32243.4 -0 0)
(26766.7 -0 0)
(27325.8 -0 0)
(40895.3 -0 0)
(35957.9 -0 0)
(39924.5 -0 0)
(59166.7 -0 0)
(71241 -0 0)
(74715.4 -0 0)
(86934.4 -0 0)
(90860.5 -0 0)
(86604.6 -0 0)
(77741.9 -0 0)
(82194 -0 0)
(68084.6 -0 0)
(70419.6 -0 0)
(73039.7 -0 0)
(65046.5 -0 0)
(55464.3 -0 0)
(56591 -0 0)
(45287.1 -0 0)
(33016 -0 0)
(16109.5 -0 0)
(13031.1 -0 0)
(-2426.97 0 0)
(-12575 0 0)
(-28361.1 0 0)
(-35696.2 0 0)
(-50379 0 0)
(-46442.8 0 0)
(-61740.2 0 0)
(-52757.3 0 0)
(-41577.3 0 0)
(-40306.1 0 0)
(-54499.5 0 0)
(-67432.8 0 0)
(-73472.4 0 0)
(-61841.9 0 0)
(-70152.5 0 0)
(-54045.1 0 0)
(-65714.4 0 0)
(-53192 0 0)
(-40928.9 0 0)
(-49426 0 0)
(-37347.8 0 0)
(-31580 0 0)
(-29708.1 0 0)
(-29479.8 0 0)
(-29970.6 0 0)
(-44504.7 0 0)
(-33495.4 0 0)
(-29851.6 0 0)
(-23059.6 0 0)
(-36091 0 0)
(-26090.6 0 0)
(-19593.1 0 0)
(-12217.3 0 0)
(-24906.6 0 0)
(-13112.1 0 0)
(-10618.3 0 0)
(-4796.72 0 0)
(-20641 0 0)
(-25233.4 0 0)
(-41325.8 0 0)
(-40660.2 0 0)
(-37420 0 0)
(-36310.2 0 0)
(-49128.6 0 0)
(-52806.2 0 0)
(-41857.1 0 0)
(-51769.1 0 0)
(-41797.6 0 0)
(-51294.3 0 0)
(-53954.9 0 0)
(-55233.4 0 0)
(-43142.7 0 0)
(-39509.5 0 0)
(-33176.2 0 0)
(-42038.9 0 0)
(-47427.4 0 0)
(-38707.4 0 0)
(-34238.6 0 0)
(-46863.6 0 0)
(-55842.8 0 0)
(-51087.7 0 0)
(-50497.4 0 0)
(-67362.8 0 0)
(-74529.8 0 0)
(-58957.7 0 0)
(-8080.07 0 0)
(2706.61 -0 0)
(3637.2 -0 0)
(4651.61 -0 0)
(6156.82 -0 0)
(7912.09 -0 0)
(4144.68 -0 0)
(12626.8 -0 0)
(19733.3 -0 0)
(20999.4 -0 0)
(16369.5 -0 0)
(30583.1 -0 0)
(38546.4 -0 0)
(32402.9 -0 0)
(43523.2 -0 0)
(53488.8 -0 0)
(49058.4 -0 0)
(65226.3 -0 0)
(69489.1 -0 0)
(78503 -0 0)
(84064.7 -0 0)
(75325.2 -0 0)
(72077.5 -0 0)
(65807.8 -0 0)
(70218.4 -0 0)
(65629.1 -0 0)
(71414.6 -0 0)
(63041 -0 0)
(56016.3 -0 0)
(44793 -0 0)
(37191.4 -0 0)
(24503.8 -0 0)
(8743.86 -0 0)
(-4076.75 0 0)
(-5701.2 0 0)
(-18840.5 0 0)
(-21987.6 0 0)
(-39839.4 0 0)
(-55768 0 0)
(-64447.7 0 0)
(-61725.1 0 0)
(-73001 0 0)
(-60189.2 0 0)
(-55822.7 0 0)
(-63500.1 0 0)
(-59678.2 0 0)
(-78280.2 0 0)
(-71377.8 0 0)
(-63754.4 0 0)
(-59756.9 0 0)
(-69143.5 0 0)
(-74847.2 0 0)
(-58726 0 0)
(-46500 0 0)
(-40731.1 0 0)
(-49132.7 0 0)
(-38369.3 0 0)
(-47263.8 0 0)
(-44298.7 0 0)
(-47565 0 0)
(-41559.5 0 0)
(-35081.1 0 0)
(-33310.4 0 0)
(-36887 0 0)
(-31338 0 0)
(-38751.4 0 0)
(-31220.7 0 0)
(-20999 0 0)
(-19766.2 0 0)
(-27177.1 0 0)
(-32690.1 0 0)
(-22472.9 0 0)
(-26500.4 0 0)
(-45353.9 0 0)
(-50316.8 0 0)
(-57933.2 0 0)
(-48533.8 0 0)
(-54088.2 0 0)
(-46356.4 0 0)
(-56208.2 0 0)
(-42974.3 0 0)
(-54452.8 0 0)
(-50877.9 0 0)
(-48554.2 0 0)
(-49196.5 0 0)
(-47699.1 0 0)
(-52143.3 0 0)
(-42442 0 0)
(-35288.6 0 0)
(-43127.5 0 0)
(-50456 0 0)
(-40288.8 0 0)
(-48147.3 0 0)
(-55768.1 0 0)
(-55747.1 0 0)
(-51570.1 0 0)
(-56524.2 0 0)
(-66186 0 0)
(-67265.4 0 0)
(-44193.2 0 0)
(-8248.11 0 0)
(2128.79 -0 0)
(6736.73 -0 0)
(7390.81 -0 0)
(8816.48 -0 0)
(4590.97 -0 0)
(8483.63 -0 0)
(4118.5 -0 0)
(13746.7 -0 0)
(15159.5 -0 0)
(23860.1 -0 0)
(23071.7 -0 0)
(36528.2 -0 0)
(42088.1 -0 0)
(36539.5 -0 0)
(55071.1 -0 0)
(62750.4 -0 0)
(60002.4 -0 0)
(67086 -0 0)
(73591.1 -0 0)
(68597.2 -0 0)
(64896.4 -0 0)
(60918.6 -0 0)
(52704.3 -0 0)
(57553 -0 0)
(58116.3 -0 0)
(49629.5 -0 0)
(51977.5 -0 0)
(31702.6 -0 0)
(27666.5 -0 0)
(9541.35 -0 0)
(-1715.77 0 0)
(-7123.14 0 0)
(-20139.6 0 0)
(-18251.7 0 0)
(-40385.2 0 0)
(-42997.6 0 0)
(-54735.1 0 0)
(-72826.7 0 0)
(-77935.8 0 0)
(-77301.2 0 0)
(-76537.8 0 0)
(-77190.9 0 0)
(-74532.8 0 0)
(-69015.2 0 0)
(-77601.7 0 0)
(-82756.5 0 0)
(-85701.9 0 0)
(-81586.1 0 0)
(-65373.2 0 0)
(-77002.8 0 0)
(-67606.8 0 0)
(-58328.1 0 0)
(-57832.4 0 0)
(-47210.1 0 0)
(-53825.4 0 0)
(-48228.3 0 0)
(-51997.2 0 0)
(-56555.7 0 0)
(-52877.9 0 0)
(-44290.1 0 0)
(-39702.1 0 0)
(-48282.7 0 0)
(-42633.8 0 0)
(-43955.9 0 0)
(-38939.1 0 0)
(-42370 0 0)
(-33414 0 0)
(-33934.1 0 0)
(-29710.5 0 0)
(-41267.8 0 0)
(-39910.5 0 0)
(-44221.6 0 0)
(-56426.5 0 0)
(-60447.1 0 0)
(-59985.5 0 0)
(-52764 0 0)
(-49921.2 0 0)
(-55225.1 0 0)
(-55761.8 0 0)
(-48422.6 0 0)
(-51999 0 0)
(-67293.9 0 0)
(-62894.6 0 0)
(-66764.4 0 0)
(-56588.8 0 0)
(-57859.5 0 0)
(-47338.1 0 0)
(-40929.1 0 0)
(-43701.4 0 0)
(-45150 0 0)
(-44358.8 0 0)
(-52198.7 0 0)
(-56754.9 0 0)
(-58123.3 0 0)
(-53581.2 0 0)
(-59477.5 0 0)
(-61816.6 0 0)
(-56550.3 0 0)
(-25559 0 0)
(-8828.82 0 0)
(2534.18 -0 0)
(6061.69 -0 0)
(5553.54 -0 0)
(7110.53 -0 0)
(5603.28 -0 0)
(6957.14 -0 0)
(7246.66 -0 0)
(9561.41 -0 0)
(17410.3 -0 0)
(25759.7 -0 0)
(32528.1 -0 0)
(29261.2 -0 0)
(38372 -0 0)
(38429.3 -0 0)
(51328.9 -0 0)
(58503 -0 0)
(53904.2 -0 0)
(58520.2 -0 0)
(60724.2 -0 0)
(52281.9 -0 0)
(38165.5 -0 0)
(38555.3 -0 0)
(46401 -0 0)
(33216.4 -0 0)
(38318.8 -0 0)
(22390.6 -0 0)
(11513.7 -0 0)
(-2198.34 0 0)
(-6498.44 0 0)
(-18804.4 0 0)
(-16802.4 0 0)
(-34239.7 0 0)
(-30751.3 0 0)
(-36058.5 0 0)
(-51152.8 0 0)
(-64387.2 0 0)
(-61485.3 0 0)
(-80973.2 0 0)
(-88473 0 0)
(-82069.9 0 0)
(-85380.9 0 0)
(-85231 0 0)
(-83948.3 0 0)
(-81152.1 0 0)
(-79221.2 0 0)
(-76239 0 0)
(-82747.5 0 0)
(-73044.6 0 0)
(-66401.1 0 0)
(-76721.9 0 0)
(-65776.7 0 0)
(-64359.9 0 0)
(-55443.7 0 0)
(-53612.7 0 0)
(-52766.1 0 0)
(-59863.9 0 0)
(-66421.8 0 0)
(-64413.5 0 0)
(-51785.7 0 0)
(-50949.8 0 0)
(-47535.2 0 0)
(-59130 0 0)
(-52831.3 0 0)
(-44658 0 0)
(-44703.1 0 0)
(-53210.2 0 0)
(-45480.8 0 0)
(-35222.3 0 0)
(-40737.2 0 0)
(-57134.5 0 0)
(-57767.8 0 0)
(-59913.5 0 0)
(-67981.8 0 0)
(-65959 0 0)
(-63342.6 0 0)
(-58190.6 0 0)
(-53432.5 0 0)
(-62547.5 0 0)
(-59998.2 0 0)
(-57540.2 0 0)
(-64304.9 0 0)
(-73622 0 0)
(-75260.1 0 0)
(-72680.9 0 0)
(-68942.9 0 0)
(-64463.6 0 0)
(-46571.8 0 0)
(-51611.5 0 0)
(-50345.8 0 0)
(-47919 0 0)
(-49284.8 0 0)
(-60040.3 0 0)
(-57223.7 0 0)
(-60400.4 0 0)
(-55016.5 0 0)
(-58750.1 0 0)
(-54310.4 0 0)
(-42944.6 0 0)
(-20615.6 0 0)
(-9357.28 0 0)
(2390.12 -0 0)
(4728.63 -0 0)
(3507.65 -0 0)
(5609.23 -0 0)
(3738.49 -0 0)
(3715.23 -0 0)
(4678.59 -0 0)
(6281.53 -0 0)
(12934.4 -0 0)
(20696.9 -0 0)
(30826.9 -0 0)
(29096.3 -0 0)
(33340.1 -0 0)
(35346.5 -0 0)
(43333.2 -0 0)
(44969 -0 0)
(40273.1 -0 0)
(46426.6 -0 0)
(41444.2 -0 0)
(38546.4 -0 0)
(34717.2 -0 0)
(31600.7 -0 0)
(15843.5 -0 0)
(11543.5 -0 0)
(21770 -0 0)
(932.766 -0 0)
(2616.01 -0 0)
(-18569.3 0 0)
(-41604.4 0 0)
(-41122.7 0 0)
(-51081.4 0 0)
(-49472.5 0 0)
(-68187.9 0 0)
(-69488.2 0 0)
(-62049.3 0 0)
(-72705.2 0 0)
(-74633.6 0 0)
(-94263.5 0 0)
(-90255.9 0 0)
(-93258.5 0 0)
(-89067.7 0 0)
(-96720.9 0 0)
(-97310.1 0 0)
(-91101.6 0 0)
(-85814.7 0 0)
(-80383.1 0 0)
(-82680 0 0)
(-74495.3 0 0)
(-62294.6 0 0)
(-75031.3 0 0)
(-65485.9 0 0)
(-64443.3 0 0)
(-55103 0 0)
(-53192 0 0)
(-54269.2 0 0)
(-67788 0 0)
(-69934.3 0 0)
(-66859.3 0 0)
(-58903.9 0 0)
(-49684.9 0 0)
(-65229.5 0 0)
(-73140.4 0 0)
(-71565.1 0 0)
(-60169.9 0 0)
(-62701.7 0 0)
(-61337.8 0 0)
(-57256.4 0 0)
(-50212.9 0 0)
(-57996.9 0 0)
(-70588.1 0 0)
(-65364.6 0 0)
(-74473 0 0)
(-75800.7 0 0)
(-67861 0 0)
(-62826.7 0 0)
(-58222.7 0 0)
(-65557 0 0)
(-59796.1 0 0)
(-69523.3 0 0)
(-69000.3 0 0)
(-66001.6 0 0)
(-84020.7 0 0)
(-84480.8 0 0)
(-81452.3 0 0)
(-76210.1 0 0)
(-69558.1 0 0)
(-52298.1 0 0)
(-61657.5 0 0)
(-57666.7 0 0)
(-58933.4 0 0)
(-53953 0 0)
(-64533.4 0 0)
(-60594.3 0 0)
(-55633.7 0 0)
(-57693 0 0)
(-52371.4 0 0)
(-45535.8 0 0)
(-49491.5 0 0)
(-34380.2 0 0)
(-8317.87 0 0)
(2448.46 -0 0)
(3158.36 -0 0)
(2070.1 -0 0)
(3552.54 -0 0)
(871.991 -0 0)
(363.231 -0 0)
(2414.96 -0 0)
(5690.53 -0 0)
(12071.6 -0 0)
(20455.9 -0 0)
(27264.7 -0 0)
(25960.8 -0 0)
(26173 -0 0)
(28914 -0 0)
(34269.4 -0 0)
(26896.1 -0 0)
(22150.2 -0 0)
(25169.7 -0 0)
(30328.3 -0 0)
(14667.6 -0 0)
(17969.7 -0 0)
(25857.7 -0 0)
(14958.5 -0 0)
(-568.841 0 0)
(5118 -0 0)
(-16440.2 0 0)
(-42932.4 0 0)
(-52323.1 0 0)
(-63618.2 0 0)
(-68236.8 0 0)
(-66145.2 0 0)
(-76873.1 0 0)
(-73380.8 0 0)
(-93232.3 0 0)
(-95036.1 0 0)
(-99673.5 0 0)
(-86382.4 0 0)
(-100150 0 0)
(-88513.3 0 0)
(-94260.2 0 0)
(-106649 0 0)
(-110018 0 0)
(-104591 0 0)
(-105449 0 0)
(-89078.8 0 0)
(-85725.9 0 0)
(-82395.3 0 0)
(-73384.2 0 0)
(-61469.5 0 0)
(-68808.6 0 0)
(-58382.1 0 0)
(-63913.1 0 0)
(-57378 0 0)
(-53612 0 0)
(-50083 0 0)
(-63774 0 0)
(-56649.8 0 0)
(-66440.7 0 0)
(-58399.9 0 0)
(-55844.4 0 0)
(-72532 0 0)
(-70022.8 0 0)
(-76826.9 0 0)
(-70948.9 0 0)
(-66900.3 0 0)
(-55515.1 0 0)
(-71552.7 0 0)
(-63855 0 0)
(-61531.3 0 0)
(-80473.1 0 0)
(-82907.1 0 0)
(-72969.7 0 0)
(-79197.2 0 0)
(-69698.7 0 0)
(-57544.6 0 0)
(-69867.5 0 0)
(-70494.6 0 0)
(-72407 0 0)
(-65428.2 0 0)
(-82885.1 0 0)
(-68966.3 0 0)
(-81939.4 0 0)
(-82829.7 0 0)
(-76602.1 0 0)
(-65057.2 0 0)
(-77476.4 0 0)
(-71906.8 0 0)
(-66791.4 0 0)
(-76888.5 0 0)
(-73146.8 0 0)
(-64510 0 0)
(-53175 0 0)
(-52390.9 0 0)
(-59245.9 0 0)
(-54405.7 0 0)
(-58318.2 0 0)
(-51686.8 0 0)
(-57203.9 0 0)
(-45640.4 0 0)
(-7791.13 0 0)
(384.556 -0 0)
(-2157.56 0 0)
(-4837.54 0 0)
(-2467.95 0 0)
(-5104.54 0 0)
(-2308.03 0 0)
(1882.27 -0 0)
(8623.43 -0 0)
(17203.8 -0 0)
(13443.7 -0 0)
(16476.9 -0 0)
(17292.8 -0 0)
(18402.8 -0 0)
(27911.9 -0 0)
(19822.1 -0 0)
(11834.8 -0 0)
(21439.2 -0 0)
(11004.1 -0 0)
(1328.28 -0 0)
(-4418.16 0 0)
(-910.614 0 0)
(359.165 -0 0)
(5266.83 -0 0)
(-6601.49 0 0)
(-24815.4 0 0)
(-24983.7 0 0)
(-46814.9 0 0)
(-40054.6 0 0)
(-55159.4 0 0)
(-74772.4 0 0)
(-70576.6 0 0)
(-87210.5 0 0)
(-81518.9 0 0)
(-88931.4 0 0)
(-104723 0 0)
(-107303 0 0)
(-99126.8 0 0)
(-111979 0 0)
(-105618 0 0)
(-103720 0 0)
(-111485 0 0)
(-105300 0 0)
(-120361 0 0)
(-114984 0 0)
(-98072.7 0 0)
(-83228.3 0 0)
(-80044.4 0 0)
(-65494.2 0 0)
(-75233.1 0 0)
(-56132.9 0 0)
(-50889.5 0 0)
(-57760.7 0 0)
(-60786.2 0 0)
(-55521.2 0 0)
(-43823.8 0 0)
(-50713.8 0 0)
(-57247.6 0 0)
(-50447.7 0 0)
(-57229.8 0 0)
(-68805.5 0 0)
(-82538.8 0 0)
(-78984.4 0 0)
(-72629.9 0 0)
(-82374.9 0 0)
(-75412.1 0 0)
(-63345.8 0 0)
(-83868 0 0)
(-81846.7 0 0)
(-78500.1 0 0)
(-77352.1 0 0)
(-94850.9 0 0)
(-95026.2 0 0)
(-89134.6 0 0)
(-77060 0 0)
(-66159.6 0 0)
(-83920.4 0 0)
(-76277.3 0 0)
(-62569.2 0 0)
(-76015.4 0 0)
(-97729.6 0 0)
(-82904.2 0 0)
(-63103.5 0 0)
(-70999.1 0 0)
(-59380.3 0 0)
(-57363.1 0 0)
(-62979 0 0)
(-70977.6 0 0)
(-90140.1 0 0)
(-87892.7 0 0)
(-84679.8 0 0)
(-78096.7 0 0)
(-66549.8 0 0)
(-59197.8 0 0)
(-48311.2 0 0)
(-51281.7 0 0)
(-60543.4 0 0)
(-58833 0 0)
(-68011 0 0)
(-49831.2 0 0)
(-9532.22 0 0)
(-4216.95 0 0)
(-6624.35 0 0)
(-8352.55 0 0)
(-1679.48 0 0)
(-7910.69 0 0)
(-3089.12 0 0)
(3945.96 -0 0)
(13347.5 -0 0)
(12427.3 -0 0)
(4527.27 -0 0)
(6804.08 -0 0)
(6322.56 -0 0)
(9796.02 -0 0)
(21014.7 -0 0)
(13865.3 -0 0)
(3950.6 -0 0)
(15693.5 -0 0)
(2835.63 -0 0)
(-14856.8 0 0)
(-9881.89 0 0)
(-24627.1 0 0)
(-24710.4 0 0)
(-25090.8 0 0)
(-17170.1 0 0)
(-39296.2 0 0)
(-42564.8 0 0)
(-68109.3 0 0)
(-64429.1 0 0)
(-86563 0 0)
(-80785 0 0)
(-102984 0 0)
(-99476.8 0 0)
(-118375 0 0)
(-113850 0 0)
(-96933.1 0 0)
(-114402 0 0)
(-106221 0 0)
(-116857 0 0)
(-103835 0 0)
(-119922 0 0)
(-111080 0 0)
(-118252 0 0)
(-121601 0 0)
(-117744 0 0)
(-101754 0 0)
(-104159 0 0)
(-80791 0 0)
(-66437.7 0 0)
(-77787.7 0 0)
(-62906.3 0 0)
(-44553.3 0 0)
(-52506.4 0 0)
(-66691.2 0 0)
(-63326.6 0 0)
(-54065.3 0 0)
(-45939 0 0)
(-51973.1 0 0)
(-64214 0 0)
(-57256.1 0 0)
(-69648.2 0 0)
(-86020.6 0 0)
(-84287.6 0 0)
(-75282.8 0 0)
(-96470.5 0 0)
(-85610.9 0 0)
(-72386.3 0 0)
(-89546 0 0)
(-88180.4 0 0)
(-79132.2 0 0)
(-73468.2 0 0)
(-84006.2 0 0)
(-99983.5 0 0)
(-94261.3 0 0)
(-84491.2 0 0)
(-75289.4 0 0)
(-86826.8 0 0)
(-79009.8 0 0)
(-82589.8 0 0)
(-100439 0 0)
(-102357 0 0)
(-97146.9 0 0)
(-79874 0 0)
(-67383 0 0)
(-79642.9 0 0)
(-76118.8 0 0)
(-60337.1 0 0)
(-70215 0 0)
(-82447.5 0 0)
(-75890.5 0 0)
(-89742.5 0 0)
(-86513.9 0 0)
(-76431.3 0 0)
(-65528.9 0 0)
(-56449.3 0 0)
(-47835.2 0 0)
(-50552.1 0 0)
(-59422.9 0 0)
(-68353.4 0 0)
(-42937.5 0 0)
(-13418.3 0 0)
(-6312.47 0 0)
(-8094.18 0 0)
(-10068.4 0 0)
(-6394.41 0 0)
(-9734.55 0 0)
(-800.809 0 0)
(3698.28 -0 0)
(-1985.82 0 0)
(-4595.53 0 0)
(-7331.3 0 0)
(4871.21 -0 0)
(-5640.68 0 0)
(162.054 -0 0)
(7630.96 -0 0)
(-3322.24 0 0)
(3991.49 -0 0)
(-6501.06 0 0)
(-9333.39 0 0)
(-23822.4 0 0)
(-36060.8 0 0)
(-40958.5 0 0)
(-46186.2 0 0)
(-40660.5 0 0)
(-33063.6 0 0)
(-51903.8 0 0)
(-76833.6 0 0)
(-81457.8 0 0)
(-103577 0 0)
(-102690 0 0)
(-96635.8 0 0)
(-118920 0 0)
(-112372 0 0)
(-133244 0 0)
(-132287 0 0)
(-119844 0 0)
(-133922 0 0)
(-129426 0 0)
(-127361 0 0)
(-112960 0 0)
(-120473 0 0)
(-128120 0 0)
(-124199 0 0)
(-125521 0 0)
(-115514 0 0)
(-128146 0 0)
(-116801 0 0)
(-96301.3 0 0)
(-76702.3 0 0)
(-80120.4 0 0)
(-68259.9 0 0)
(-46301.7 0 0)
(-59628.6 0 0)
(-51709 0 0)
(-57771.1 0 0)
(-71322.8 0 0)
(-71087.9 0 0)
(-66596.9 0 0)
(-54507.4 0 0)
(-62468.8 0 0)
(-78670.4 0 0)
(-72171 0 0)
(-65346.6 0 0)
(-80509 0 0)
(-106745 0 0)
(-96214.8 0 0)
(-83226.4 0 0)
(-71832.9 0 0)
(-90987.5 0 0)
(-86361 0 0)
(-70783.8 0 0)
(-79689.6 0 0)
(-95648.1 0 0)
(-92496.4 0 0)
(-82401.2 0 0)
(-94940.5 0 0)
(-87001 0 0)
(-102231 0 0)
(-96306.1 0 0)
(-80386.5 0 0)
(-101712 0 0)
(-100055 0 0)
(-92231 0 0)
(-82212.5 0 0)
(-67145.6 0 0)
(-83163.5 0 0)
(-69750 0 0)
(-80742.7 0 0)
(-69426.6 0 0)
(-80713.5 0 0)
(-69991.3 0 0)
(-82373.2 0 0)
(-78655.3 0 0)
(-66104.7 0 0)
(-58558.5 0 0)
(-56464.6 0 0)
(-52047.5 0 0)
(-39673 0 0)
(-51760.1 0 0)
(-21667.3 0 0)
(-13967.6 0 0)
(-7163.06 0 0)
(-9957.89 0 0)
(-7449.21 0 0)
(-3204.6 0 0)
(-11109.1 0 0)
(2263.09 -0 0)
(-15524.9 0 0)
(-11589 0 0)
(226.404 -0 0)
(-19988.5 0 0)
(-17106.4 0 0)
(-17845.9 0 0)
(-15221.3 0 0)
(-7166.81 0 0)
(2729.27 -0 0)
(1535.1 -0 0)
(-7503.17 0 0)
(-26635.7 0 0)
(-29929.9 0 0)
(-45270.3 0 0)
(-50824.8 0 0)
(-64948.2 0 0)
(-72616.6 0 0)
(-70622.4 0 0)
(-75922.8 0 0)
(-104194 0 0)
(-110141 0 0)
(-113526 0 0)
(-105444 0 0)
(-120704 0 0)
(-134346 0 0)
(-125080 0 0)
(-139994 0 0)
(-129045 0 0)
(-136426 0 0)
(-151435 0 0)
(-137744 0 0)
(-124425 0 0)
(-134410 0 0)
(-141033 0 0)
(-127981 0 0)
(-122547 0 0)
(-114736 0 0)
(-125404 0 0)
(-135975 0 0)
(-118390 0 0)
(-97991.8 0 0)
(-105564 0 0)
(-92511.3 0 0)
(-80848.3 0 0)
(-63408.6 0 0)
(-49211 0 0)
(-58764.7 0 0)
(-83032.2 0 0)
(-94009.2 0 0)
(-89541.7 0 0)
(-78928.3 0 0)
(-64555.7 0 0)
(-78184.4 0 0)
(-68606.6 0 0)
(-80162.9 0 0)
(-70056.1 0 0)
(-85768.4 0 0)
(-82100.4 0 0)
(-91195.1 0 0)
(-79634.8 0 0)
(-62984 0 0)
(-73365.2 0 0)
(-94458.1 0 0)
(-89946.1 0 0)
(-79800.8 0 0)
(-87039.5 0 0)
(-75556.4 0 0)
(-96995 0 0)
(-89915 0 0)
(-103034 0 0)
(-96857.4 0 0)
(-90496.3 0 0)
(-73383.2 0 0)
(-95557.3 0 0)
(-97570.4 0 0)
(-90045.2 0 0)
(-80477.4 0 0)
(-67104.4 0 0)
(-81224.8 0 0)
(-64417.2 0 0)
(-74719.2 0 0)
(-80402.7 0 0)
(-72857.9 0 0)
(-59785.5 0 0)
(-51493.3 0 0)
(-64620 0 0)
(-51688 0 0)
(-55741.5 0 0)
(-43252 0 0)
(-46603.2 0 0)
(-35553.7 0 0)
(-30350.7 0 0)
(1072.44 -0 0)
(-12577.2 0 0)
(-7826.28 0 0)
(-10484.4 0 0)
(-9189.82 0 0)
(-20218.5 0 0)
(-12521.1 0 0)
(-5013.31 0 0)
(-19956.2 0 0)
(-12967.1 0 0)
(-1989.97 0 0)
(-23199.7 0 0)
(-32328.3 0 0)
(-31450.4 0 0)
(-24798.5 0 0)
(-16746.9 0 0)
(-4848.99 0 0)
(-17219.4 0 0)
(-12854.4 0 0)
(-31034.2 0 0)
(-53094.1 0 0)
(-68161.6 0 0)
(-75595.3 0 0)
(-68090.7 0 0)
(-93247.4 0 0)
(-103403 0 0)
(-100325 0 0)
(-101295 0 0)
(-120006 0 0)
(-148679 0 0)
(-147383 0 0)
(-169891 0 0)
(-167376 0 0)
(-166099 0 0)
(-160148 0 0)
(-180899 0 0)
(-183656 0 0)
(-176128 0 0)
(-163375 0 0)
(-150982 0 0)
(-165218 0 0)
(-154839 0 0)
(-136715 0 0)
(-122926 0 0)
(-130176 0 0)
(-141226 0 0)
(-135837 0 0)
(-120021 0 0)
(-104751 0 0)
(-108626 0 0)
(-114694 0 0)
(-106273 0 0)
(-98989.8 0 0)
(-86873.8 0 0)
(-87386 0 0)
(-85849.7 0 0)
(-105832 0 0)
(-108233 0 0)
(-101093 0 0)
(-92971 0 0)
(-82519.2 0 0)
(-98740.1 0 0)
(-95256.5 0 0)
(-87992.9 0 0)
(-77350.7 0 0)
(-91695.4 0 0)
(-84608.3 0 0)
(-93956.3 0 0)
(-81976.3 0 0)
(-64835.4 0 0)
(-78856.3 0 0)
(-91010.7 0 0)
(-101561 0 0)
(-100484 0 0)
(-87016.5 0 0)
(-77769.3 0 0)
(-96614.8 0 0)
(-89853.5 0 0)
(-75541.5 0 0)
(-64644.6 0 0)
(-58296.2 0 0)
(-73866.2 0 0)
(-69413.6 0 0)
(-82401.9 0 0)
(-77227.3 0 0)
(-86071 0 0)
(-80149.3 0 0)
(-61182.3 0 0)
(-68304.8 0 0)
(-47959.7 0 0)
(-45342.2 0 0)
(-54053.2 0 0)
(-50792.8 0 0)
(-61616.6 0 0)
(-55492.1 0 0)
(-37041.2 0 0)
(-40071.7 0 0)
(-23427.2 0 0)
(-22273.5 0 0)
(-10608.1 0 0)
(23237.6 -0 0)
(-14803.6 0 0)
(-11989.8 0 0)
(-12947.7 0 0)
(-28994.9 0 0)
(-28010.7 0 0)
(-14020.7 0 0)
(-24928.3 0 0)
(-23349.7 0 0)
(-12753.7 0 0)
(-8193.08 0 0)
(-11198.5 0 0)
(-22138.9 0 0)
(-39401.7 0 0)
(-39191.4 0 0)
(-27892.3 0 0)
(-17483.8 0 0)
(-36282.7 0 0)
(-42654.4 0 0)
(-40802.7 0 0)
(-54255.8 0 0)
(-77991.4 0 0)
(-88638.7 0 0)
(-84809.4 0 0)
(-111663 0 0)
(-126250 0 0)
(-134795 0 0)
(-136408 0 0)
(-140208 0 0)
(-166515 0 0)
(-194494 0 0)
(-199517 0 0)
(-196930 0 0)
(-189421 0 0)
(-184962 0 0)
(-176369 0 0)
(-198145 0 0)
(-195885 0 0)
(-189383 0 0)
(-185824 0 0)
(-178853 0 0)
(-171493 0 0)
(-167634 0 0)
(-164510 0 0)
(-159314 0 0)
(-153149 0 0)
(-146994 0 0)
(-145667 0 0)
(-144311 0 0)
(-137399 0 0)
(-127752 0 0)
(-119939 0 0)
(-111391 0 0)
(-103335 0 0)
(-98884.6 0 0)
(-93504.9 0 0)
(-89551.7 0 0)
(-112125 0 0)
(-113849 0 0)
(-118270 0 0)
(-105796 0 0)
(-95662.2 0 0)
(-87476.8 0 0)
(-76461.6 0 0)
(-88747.4 0 0)
(-105328 0 0)
(-101491 0 0)
(-98088.3 0 0)
(-85629.3 0 0)
(-62781.7 0 0)
(-44697 0 0)
(-56239.7 0 0)
(-70550.9 0 0)
(-85936.1 0 0)
(-73462.8 0 0)
(-71568.3 0 0)
(-82118.4 0 0)
(-71947 0 0)
(-60398 0 0)
(-78274.9 0 0)
(-69943.9 0 0)
(-51793.1 0 0)
(-67546.2 0 0)
(-69153.7 0 0)
(-85553.5 0 0)
(-75728.5 0 0)
(-70320.6 0 0)
(-85260.5 0 0)
(-73592.3 0 0)
(-85285.6 0 0)
(-82564.6 0 0)
(-74880.2 0 0)
(-61357.9 0 0)
(-42534.4 0 0)
(-60345.1 0 0)
(-55850.9 0 0)
(-41756.7 0 0)
(-26815.3 0 0)
(-12817.4 0 0)
(-432.78 0 0)
(26221.8 -0 0)
(-16279.9 0 0)
(-20157.9 0 0)
(-32424.5 0 0)
(-41302 0 0)
(-38581.9 0 0)
(-35486.2 0 0)
(-35133.8 0 0)
(-31721.9 0 0)
(-21053.1 0 0)
(-33455 0 0)
(-39892.1 0 0)
(-38190 0 0)
(-30011 0 0)
(-44373.3 0 0)
(-39932.4 0 0)
(-40517.7 0 0)
(-48608.2 0 0)
(-58102.3 0 0)
(-55985.3 0 0)
(-55057.8 0 0)
(-74035.6 0 0)
(-97979.7 0 0)
(-108980 0 0)
(-113649 0 0)
(-136831 0 0)
(-155815 0 0)
(-164123 0 0)
(-162599 0 0)
(-162826 0 0)
(-184888 0 0)
(-204964 0 0)
(-203118 0 0)
(-201612 0 0)
(-199615 0 0)
(-196539 0 0)
(-193361 0 0)
(-190800 0 0)
(-189013 0 0)
(-185115 0 0)
(-178371 0 0)
(-172733 0 0)
(-169445 0 0)
(-165832 0 0)
(-160114 0 0)
(-152818 0 0)
(-146473 0 0)
(-141280 0 0)
(-135275 0 0)
(-124888 0 0)
(-111917 0 0)
(-99244.1 0 0)
(-116864 0 0)
(-107338 0 0)
(-98004.7 0 0)
(-92283.5 0 0)
(-90652.5 0 0)
(-74881.6 0 0)
(-81288.4 0 0)
(-91873.5 0 0)
(-104124 0 0)
(-93267.3 0 0)
(-76360.9 0 0)
(-96792.9 0 0)
(-96155.2 0 0)
(-77987.2 0 0)
(-91537.7 0 0)
(-86187.8 0 0)
(-73369.2 0 0)
(-89892.3 0 0)
(-80621.2 0 0)
(-74441 0 0)
(-72584.3 0 0)
(-61807 0 0)
(-77986.8 0 0)
(-69926.9 0 0)
(-55466.6 0 0)
(-42411.4 0 0)
(-55198.1 0 0)
(-78209.8 0 0)
(-67162.7 0 0)
(-50846.1 0 0)
(-40132.8 0 0)
(-58105 0 0)
(-83960.8 0 0)
(-80062.2 0 0)
(-66298 0 0)
(-80526.4 0 0)
(-69679 0 0)
(-84925 0 0)
(-72044.2 0 0)
(-60549.2 0 0)
(-53932.8 0 0)
(-36053.8 0 0)
(-53552.6 0 0)
(-44056.6 0 0)
(-36420.3 0 0)
(-19268.3 0 0)
(-2880.16 0 0)
(14530.7 -0 0)
(32568.8 -0 0)
(-16419.9 0 0)
(-21795.6 0 0)
(-36161 0 0)
(-46522.6 0 0)
(-45773.1 0 0)
(-44273.2 0 0)
(-42184.5 0 0)
(-35867.1 0 0)
(-54225.2 0 0)
(-53594.3 0 0)
(-53174.3 0 0)
(-43038 0 0)
(-42613.7 0 0)
(-34815.8 0 0)
(-43085.3 0 0)
(-55192.1 0 0)
(-68076 0 0)
(-67815.2 0 0)
(-69101.5 0 0)
(-74556.5 0 0)
(-84249 0 0)
(-86708 0 0)
(-104041 0 0)
(-125895 0 0)
(-129279 0 0)
(-152336 0 0)
(-180559 0 0)
(-186269 0 0)
(-192496 0 0)
(-196855 0 0)
(-196901 0 0)
(-194879 0 0)
(-192772 0 0)
(-190102 0 0)
(-186609 0 0)
(-182508 0 0)
(-180007 0 0)
(-178196 0 0)
(-174887 0 0)
(-169371 0 0)
(-164645 0 0)
(-161715 0 0)
(-158133 0 0)
(-152694 0 0)
(-146036 0 0)
(-139908 0 0)
(-133876 0 0)
(-125828 0 0)
(-113883 0 0)
(-98740.4 0 0)
(-83269.7 0 0)
(-68254.8 0 0)
(-73759.1 0 0)
(-82574.9 0 0)
(-96425.4 0 0)
(-89103.5 0 0)
(-105051 0 0)
(-109919 0 0)
(-98883.2 0 0)
(-87154.4 0 0)
(-104396 0 0)
(-98975.6 0 0)
(-94225.7 0 0)
(-83590.3 0 0)
(-77599.2 0 0)
(-74605.6 0 0)
(-64907.2 0 0)
(-54603.7 0 0)
(-64133 0 0)
(-76726.9 0 0)
(-71197.9 0 0)
(-60871.9 0 0)
(-41315.9 0 0)
(-55410 0 0)
(-45708.1 0 0)
(-31963.2 0 0)
(-35658.1 0 0)
(-51362.9 0 0)
(-61784.1 0 0)
(-50892.6 0 0)
(-37438.5 0 0)
(-26351.9 0 0)
(-40640.1 0 0)
(-56399.2 0 0)
(-53914 0 0)
(-63438.1 0 0)
(-50273 0 0)
(-61563.2 0 0)
(-59271.8 0 0)
(-42469 0 0)
(-24426.2 0 0)
(-32528.5 0 0)
(-43383.5 0 0)
(-38747.4 0 0)
(-22049.1 0 0)
(-11045.1 0 0)
(3231.33 -0 0)
(2804.45 -0 0)
(7087.44 -0 0)
(25380.8 -0 0)
(-14143.3 0 0)
(-21054.3 0 0)
(-35901.7 0 0)
(-45510.8 0 0)
(-51890.9 0 0)
(-51441 0 0)
(-53860.5 0 0)
(-55833.8 0 0)
(-53964.8 0 0)
(-70312.3 0 0)
(-73948.2 0 0)
(-66280.6 0 0)
(-66072.5 0 0)
(-63516.9 0 0)
(-69147.7 0 0)
(-74281.5 0 0)
(-74497.2 0 0)
(-76048 0 0)
(-81014.5 0 0)
(-88236.6 0 0)
(-98396.1 0 0)
(-109899 0 0)
(-125986 0 0)
(-141897 0 0)
(-153596 0 0)
(-168290 0 0)
(-177119 0 0)
(-179712 0 0)
(-180452 0 0)
(-178714 0 0)
(-176445 0 0)
(-175104 0 0)
(-172540 0 0)
(-169680 0 0)
(-166554 0 0)
(-163376 0 0)
(-161693 0 0)
(-160509 0 0)
(-158198 0 0)
(-154440 0 0)
(-151484 0 0)
(-150072 0 0)
(-148016 0 0)
(-144443 0 0)
(-139998 0 0)
(-135595 0 0)
(-131736 0 0)
(-125813 0 0)
(-116477 0 0)
(-104287 0 0)
(-91417.4 0 0)
(-78627.3 0 0)
(-66208.9 0 0)
(-84163.6 0 0)
(-105139 0 0)
(-100179 0 0)
(-88538 0 0)
(-99726.8 0 0)
(-86386 0 0)
(-68754.9 0 0)
(-82642.7 0 0)
(-74286.4 0 0)
(-64553.6 0 0)
(-50082 0 0)
(-53676.5 0 0)
(-35263.1 0 0)
(-44340.9 0 0)
(-57406.7 0 0)
(-60779 0 0)
(-76640.7 0 0)
(-67024.3 0 0)
(-56929.2 0 0)
(-44801.1 0 0)
(-60228.8 0 0)
(-52544.1 0 0)
(-46546.8 0 0)
(-30450 0 0)
(-42982.2 0 0)
(-31509.7 0 0)
(-17663.9 0 0)
(-19322.4 0 0)
(-30653.8 0 0)
(-47163.8 0 0)
(-43928.3 0 0)
(-45892.5 0 0)
(-37474.3 0 0)
(-37824.7 0 0)
(-49515.1 0 0)
(-40389.7 0 0)
(-21953.2 0 0)
(-36729 0 0)
(-34452 0 0)
(-27320.9 0 0)
(-20431.3 0 0)
(-2808.78 0 0)
(8193.21 -0 0)
(-1009.35 0 0)
(-9743.28 0 0)
(-8215.46 0 0)
(1936.13 -0 0)
(-12837.2 0 0)
(-18895.7 0 0)
(-34135.3 0 0)
(-42863.8 0 0)
(-49338.6 0 0)
(-52115.4 0 0)
(-56824.4 0 0)
(-60837 0 0)
(-63688.7 0 0)
(-61355.3 0 0)
(-75586.4 0 0)
(-79952.8 0 0)
(-83137.7 0 0)
(-77244 0 0)
(-80900.7 0 0)
(-80556.7 0 0)
(-78853.2 0 0)
(-81470.2 0 0)
(-88820.2 0 0)
(-98140 0 0)
(-110503 0 0)
(-123968 0 0)
(-137436 0 0)
(-148573 0 0)
(-156587 0 0)
(-161719 0 0)
(-161136 0 0)
(-157596 0 0)
(-152952 0 0)
(-147994 0 0)
(-144919 0 0)
(-144334 0 0)
(-143311 0 0)
(-140426 0 0)
(-137531 0 0)
(-135158 0 0)
(-134206 0 0)
(-133712 0 0)
(-132315 0 0)
(-130203 0 0)
(-129277 0 0)
(-129985 0 0)
(-130271 0 0)
(-129180 0 0)
(-127065 0 0)
(-124997 0 0)
(-123401 0 0)
(-120425 0 0)
(-113793 0 0)
(-103882 0 0)
(-92396.2 0 0)
(-79453 0 0)
(-68589 0 0)
(-89198.5 0 0)
(-115890 0 0)
(-110298 0 0)
(-98656.9 0 0)
(-86147.5 0 0)
(-71590.9 0 0)
(-84474 0 0)
(-77642 0 0)
(-71616.2 0 0)
(-54088.2 0 0)
(-69610.4 0 0)
(-58628.7 0 0)
(-72508.8 0 0)
(-66651.3 0 0)
(-49481.3 0 0)
(-52224.9 0 0)
(-71236.7 0 0)
(-64469.7 0 0)
(-53343.1 0 0)
(-42913.4 0 0)
(-26587.7 0 0)
(-40441.2 0 0)
(-27564 0 0)
(-41780.1 0 0)
(-32941.6 0 0)
(-42871.3 0 0)
(-37772.3 0 0)
(-28103 0 0)
(-39185.3 0 0)
(-34531.9 0 0)
(-19007.2 0 0)
(-31989.7 0 0)
(-46789.1 0 0)
(-37444.1 0 0)
(-44234.7 0 0)
(-32662 0 0)
(-18403.3 0 0)
(-2885.41 0 0)
(-5368.26 0 0)
(-14217.9 0 0)
(-5583.88 0 0)
(14630.8 -0 0)
(6286 -0 0)
(-872.067 0 0)
(2136.11 -0 0)
(-4249.32 0 0)
(-16812.7 0 0)
(-13287.9 0 0)
(-13186.3 0 0)
(-28385.7 0 0)
(-38486 0 0)
(-41128.2 0 0)
(-43881.4 0 0)
(-44748.7 0 0)
(-41166.1 0 0)
(-62458.3 0 0)
(-65429.6 0 0)
(-63300.3 0 0)
(-77809.4 0 0)
(-84990.3 0 0)
(-84807.1 0 0)
(-81644.4 0 0)
(-80123 0 0)
(-79698.1 0 0)
(-85620.9 0 0)
(-94185.1 0 0)
(-105448 0 0)
(-118154 0 0)
(-130084 0 0)
(-139485 0 0)
(-145153 0 0)
(-146904 0 0)
(-144164 0 0)
(-136809 0 0)
(-127594 0 0)
(-117646 0 0)
(-108778 0 0)
(-103553 0 0)
(-102541 0 0)
(-104464 0 0)
(-103684 0 0)
(-100912 0 0)
(-98949.6 0 0)
(-98470.8 0 0)
(-98269.1 0 0)
(-97177.4 0 0)
(-95989.7 0 0)
(-96745 0 0)
(-99808.4 0 0)
(-103014 0 0)
(-105026 0 0)
(-105830 0 0)
(-106442 0 0)
(-107223 0 0)
(-106704 0 0)
(-102947 0 0)
(-94683.9 0 0)
(-82355.9 0 0)
(-66841.4 0 0)
(-86893 0 0)
(-89520.1 0 0)
(-112572 0 0)
(-106300 0 0)
(-91826.7 0 0)
(-75875.4 0 0)
(-61212 0 0)
(-75975.5 0 0)
(-78694.7 0 0)
(-72865.5 0 0)
(-64438.7 0 0)
(-65338.3 0 0)
(-57965.7 0 0)
(-81624.7 0 0)
(-79569.3 0 0)
(-66670.3 0 0)
(-47422.5 0 0)
(-65411.3 0 0)
(-60633.3 0 0)
(-49339 0 0)
(-39348 0 0)
(-23009.2 0 0)
(-37949.2 0 0)
(-26865 0 0)
(-26916.3 0 0)
(-36982.2 0 0)
(-40488.8 0 0)
(-35785.9 0 0)
(-35553 0 0)
(-29159 0 0)
(-23847 0 0)
(-16847.6 0 0)
(-34261.6 0 0)
(-30223.7 0 0)
(-45525.3 0 0)
(-38197.4 0 0)
(-19408 0 0)
(-23063.1 0 0)
(-4048.34 0 0)
(-14428.2 0 0)
(-8734.51 0 0)
(683.915 -0 0)
(10980.8 -0 0)
(-1333.07 0 0)
(5963.9 -0 0)
(12250.7 -0 0)
(8060.53 -0 0)
(-27901.3 0 0)
(-12401.5 0 0)
(-9360.26 0 0)
(-21399.2 0 0)
(-29898.7 0 0)
(-26298.3 0 0)
(-34541.2 0 0)
(-35227.6 0 0)
(-26778.2 0 0)
(-41578.6 0 0)
(-58355.8 0 0)
(-63682.6 0 0)
(-62187.4 0 0)
(-79833.2 0 0)
(-85948.2 0 0)
(-79192.4 0 0)
(-78803.2 0 0)
(-80582.2 0 0)
(-87517.3 0 0)
(-97511.9 0 0)
(-108974 0 0)
(-120264 0 0)
(-129195 0 0)
(-134324 0 0)
(-134744 0 0)
(-130595 0 0)
(-121973 0 0)
(-110279 0 0)
(-97382.2 0 0)
(-82970 0 0)
(-69127.7 0 0)
(-59477.7 0 0)
(-55014.7 0 0)
(-54983.7 0 0)
(-58440.4 0 0)
(-58301.2 0 0)
(-56681.3 0 0)
(-56739 0 0)
(-56551.5 0 0)
(-54929.8 0 0)
(-53325.7 0 0)
(-54388.9 0 0)
(-59050.1 0 0)
(-65372.1 0 0)
(-71129.7 0 0)
(-76151 0 0)
(-80184.9 0 0)
(-83434.4 0 0)
(-85301.4 0 0)
(-85359.1 0 0)
(-83300.8 0 0)
(-72191.4 0 0)
(-58751.9 0 0)
(-50587.6 0 0)
(-63387.6 0 0)
(-79755.9 0 0)
(-72138.5 0 0)
(-81570.5 0 0)
(-67199.1 0 0)
(-44782.9 0 0)
(-57837.5 0 0)
(-46095.6 0 0)
(-41367.6 0 0)
(-31126.6 0 0)
(-47031.7 0 0)
(-45369.1 0 0)
(-70462.2 0 0)
(-68706.7 0 0)
(-56967.1 0 0)
(-41752.6 0 0)
(-59084.9 0 0)
(-60723.1 0 0)
(-47770.6 0 0)
(-35656.8 0 0)
(-19349.8 0 0)
(-32102 0 0)
(-28836.2 0 0)
(-18598.2 0 0)
(-15483.1 0 0)
(-8540.64 0 0)
(4026.69 -0 0)
(-11725 0 0)
(-770.776 0 0)
(-11661.5 0 0)
(-11206.9 0 0)
(-9309.18 0 0)
(-20933.9 0 0)
(-38036 0 0)
(-24868.4 0 0)
(-37738 0 0)
(-28317.9 0 0)
(-13939.5 0 0)
(-3752.67 0 0)
(6491.51 -0 0)
(6794.28 -0 0)
(10159.6 -0 0)
(13682.6 -0 0)
(22294.4 -0 0)
(28763.4 -0 0)
(26867.1 -0 0)
(-22568.5 0 0)
(-10472.5 0 0)
(-7089.74 0 0)
(-13163.4 0 0)
(-21239.8 0 0)
(-21815.1 0 0)
(-21049 0 0)
(-27603.7 0 0)
(-27756.7 0 0)
(-25568.1 0 0)
(-37797.7 0 0)
(-51933.4 0 0)
(-51023.4 0 0)
(-59188.5 0 0)
(-77913.7 0 0)
(-77643.2 0 0)
(-76018.3 0 0)
(-79386.7 0 0)
(-86660.3 0 0)
(-97664.4 0 0)
(-108149 0 0)
(-116690 0 0)
(-122349 0 0)
(-124153 0 0)
(-120927 0 0)
(-113213 0 0)
(-100179 0 0)
(-85851.9 0 0)
(-71341.5 0 0)
(-55345.2 0 0)
(-38939.5 0 0)
(-25229.7 0 0)
(-15812.6 0 0)
(-10634.7 0 0)
(-6734.12 0 0)
(-11474.1 0 0)
(-10750.1 0 0)
(-11460.6 0 0)
(-11794.8 0 0)
(-9755.51 0 0)
(-6768.02 0 0)
(-6126.9 0 0)
(-9814.21 0 0)
(-17720 0 0)
(-27251.2 0 0)
(-37381.9 0 0)
(-46569.5 0 0)
(-52812.8 0 0)
(-53998.6 0 0)
(-51500.7 0 0)
(-63310.8 0 0)
(-45334 0 0)
(-58624.9 0 0)
(-56457.6 0 0)
(-61861.5 0 0)
(-56383.6 0 0)
(-69339.7 0 0)
(-64130.5 0 0)
(-52298.6 0 0)
(-32450.7 0 0)
(-41522.7 0 0)
(-33944.2 0 0)
(-19663.7 0 0)
(-29197.8 0 0)
(-19606.4 0 0)
(-27618.4 0 0)
(-48475 0 0)
(-37757.5 0 0)
(-25740.2 0 0)
(-31343.7 0 0)
(-50335.4 0 0)
(-49220.4 0 0)
(-40668.3 0 0)
(-31966.8 0 0)
(-20573.1 0 0)
(-4248.84 0 0)
(-10194.3 0 0)
(-15641.4 0 0)
(-5272.15 0 0)
(8648.62 -0 0)
(19293.5 -0 0)
(-852.557 0 0)
(2220.12 -0 0)
(8281.62 -0 0)
(9388.47 -0 0)
(-4863.43 0 0)
(-8818.24 0 0)
(-14232.8 0 0)
(-9290.22 0 0)
(-27773 0 0)
(-20148 0 0)
(-5143.5 0 0)
(10913.4 -0 0)
(28558.8 -0 0)
(19715.9 -0 0)
(22995.2 -0 0)
(27275.8 -0 0)
(34442.4 -0 0)
(38844.7 -0 0)
(37124.6 -0 0)
(-6821.36 0 0)
(-9300.73 0 0)
(-4586.26 0 0)
(-6881.52 0 0)
(-11867 0 0)
(-15608.1 0 0)
(-17153.2 0 0)
(-16024.5 0 0)
(-22134.5 0 0)
(-22846.2 0 0)
(-21583.3 0 0)
(-33453.1 0 0)
(-45859.3 0 0)
(-52191.1 0 0)
(-67454.3 0 0)
(-74610.6 0 0)
(-73160 0 0)
(-81703.6 0 0)
(-83237.5 0 0)
(-94036.2 0 0)
(-102447 0 0)
(-108330 0 0)
(-109008 0 0)
(-106988 0 0)
(-100393 0 0)
(-89647 0 0)
(-75905 0 0)
(-62456.4 0 0)
(-49579.8 0 0)
(-36119 0 0)
(-21386 0 0)
(-7480.5 0 0)
(5261.03 -0 0)
(15970.2 -0 0)
(25803.4 -0 0)
(34209.7 -0 0)
(35387.8 -0 0)
(34597.9 -0 0)
(33601.5 -0 0)
(34347.8 -0 0)
(37208.3 -0 0)
(39424.5 -0 0)
(39477 -0 0)
(35337.2 -0 0)
(25868.2 -0 0)
(13412.4 -0 0)
(-1758.05 0 0)
(-16674.5 0 0)
(-21843.8 0 0)
(-46850.4 0 0)
(-52578.5 0 0)
(-38195.1 0 0)
(-53084.2 0 0)
(-56071.9 0 0)
(-47997.2 0 0)
(-24772.9 0 0)
(-33192.6 0 0)
(-30269.5 0 0)
(-33150.6 0 0)
(-38545.5 0 0)
(-30926.9 0 0)
(-22830.3 0 0)
(-16349.5 0 0)
(-18136.2 0 0)
(-7404.44 0 0)
(-11810.1 0 0)
(-38297.9 0 0)
(-47329.4 0 0)
(-33736.8 0 0)
(-22513.5 0 0)
(-31732.7 0 0)
(-19088.4 0 0)
(-19375.7 0 0)
(-18434.5 0 0)
(-13698 0 0)
(-7314.82 0 0)
(-17901.1 0 0)
(-10858 0 0)
(1605.17 -0 0)
(15166.4 -0 0)
(28454.4 -0 0)
(14837.9 -0 0)
(15837.2 -0 0)
(18887.6 -0 0)
(16459.5 -0 0)
(18602.2 -0 0)
(18319.7 -0 0)
(16789.4 -0 0)
(10898.5 -0 0)
(-3470.13 0 0)
(-7938.94 0 0)
(2035.72 -0 0)
(16949.4 -0 0)
(28423.7 -0 0)
(31529.4 -0 0)
(34775.1 -0 0)
(38500.3 -0 0)
(43198.9 -0 0)
(42371.1 -0 0)
(38240.3 -0 0)
(9906.97 -0 0)
(-8187.09 0 0)
(-2297.3 0 0)
(-1557.55 0 0)
(-5049.39 0 0)
(-8864.03 0 0)
(-11455.5 0 0)
(-11638.7 0 0)
(-13244.5 0 0)
(-16331.1 0 0)
(-14142.6 0 0)
(-21386.1 0 0)
(-34388.7 0 0)
(-44955.6 0 0)
(-57447.7 0 0)
(-65296.3 0 0)
(-67203.3 0 0)
(-73403.3 0 0)
(-81288.4 0 0)
(-89226.1 0 0)
(-91584.9 0 0)
(-91761.2 0 0)
(-90197.6 0 0)
(-87008.1 0 0)
(-80784.3 0 0)
(-71103.4 0 0)
(-58865 0 0)
(-46278.3 0 0)
(-33899.7 0 0)
(-21508.9 0 0)
(-7996.05 0 0)
(5107.18 -0 0)
(18023.9 -0 0)
(30383.4 -0 0)
(42373.8 -0 0)
(54166.6 -0 0)
(64617.4 -0 0)
(71264.3 -0 0)
(72946.3 -0 0)
(74318.6 -0 0)
(76276.9 -0 0)
(78691.9 -0 0)
(80383.9 -0 0)
(80186.8 -0 0)
(76804.5 -0 0)
(69597.7 -0 0)
(56315.5 -0 0)
(29265.2 -0 0)
(13457.5 -0 0)
(-3568.39 0 0)
(-27242.8 0 0)
(-44469.6 0 0)
(-39013.6 0 0)
(-56303.3 0 0)
(27816.1 -0 0)
(18729.1 -0 0)
(10428.2 -0 0)
(-515.885 0 0)
(-13931 0 0)
(-26187.2 0 0)
(-9837.18 0 0)
(-13745.9 0 0)
(-5440.58 0 0)
(-11459.4 0 0)
(6817.03 -0 0)
(13852.2 -0 0)
(-6427.72 0 0)
(-21746.8 0 0)
(-25285.2 0 0)
(-22229.1 0 0)
(6359.86 -0 0)
(6871.5 -0 0)
(8567.65 -0 0)
(6742.45 -0 0)
(2606.71 -0 0)
(-6332.58 0 0)
(-5450.66 0 0)
(2345.51 -0 0)
(13960.1 -0 0)
(27802.7 -0 0)
(39204.3 -0 0)
(32468 -0 0)
(30782 -0 0)
(35359.2 -0 0)
(38515.5 -0 0)
(43452.7 -0 0)
(42198 -0 0)
(42822.5 -0 0)
(38799.1 -0 0)
(26629.4 -0 0)
(12334.8 -0 0)
(13063.4 -0 0)
(25954.6 -0 0)
(36870.3 -0 0)
(42446.8 -0 0)
(45778.1 -0 0)
(48065.8 -0 0)
(50440 -0 0)
(48333.8 -0 0)
(48652.4 -0 0)
(23681.9 -0 0)
(-6836.55 0 0)
(-477.704 0 0)
(2007.08 -0 0)
(930.6 -0 0)
(-3439.68 0 0)
(-8783.03 0 0)
(-6236.38 0 0)
(-8219.33 0 0)
(-10775.3 0 0)
(-7314.34 0 0)
(-10625.9 0 0)
(-21211.4 0 0)
(-37761.2 0 0)
(-47192.8 0 0)
(-57536.9 0 0)
(-59931 0 0)
(-65241.5 0 0)
(-67224.7 0 0)
(-70653.1 0 0)
(-86529.6 0 0)
(-76969.2 0 0)
(-71536.9 0 0)
(-65097.5 0 0)
(-57867.6 0 0)
(-47876.5 0 0)
(-36370 0 0)
(-24494 0 0)
(-13015.2 0 0)
(-1732.85 0 0)
(9875.77 -0 0)
(21767.3 -0 0)
(33227.9 -0 0)
(44761 -0 0)
(56406.2 -0 0)
(68265.9 -0 0)
(80009.5 -0 0)
(90697.7 -0 0)
(99446.4 -0 0)
(103771 -0 0)
(107327 -0 0)
(110307 -0 0)
(112539 -0 0)
(113748 -0 0)
(113369 -0 0)
(110512 -0 0)
(104455 -0 0)
(92149.6 -0 0)
(75579 -0 0)
(60648.3 -0 0)
(36492.4 -0 0)
(-20348.6 0 0)
(-16009.2 0 0)
(29044.1 -0 0)
(49477.8 -0 0)
(56686.5 -0 0)
(39116.1 -0 0)
(26150 -0 0)
(12898.7 -0 0)
(19730.2 -0 0)
(17312.8 -0 0)
(27296.8 -0 0)
(15952 -0 0)
(13872.5 -0 0)
(36387.4 -0 0)
(46785.7 -0 0)
(27723.9 -0 0)
(28532.8 -0 0)
(8650.28 -0 0)
(9211.71 -0 0)
(8018.29 -0 0)
(31333.6 -0 0)
(38316.2 -0 0)
(36668.1 -0 0)
(26692 -0 0)
(8675.79 -0 0)
(20588.6 -0 0)
(26945.3 -0 0)
(26579.4 -0 0)
(40776.9 -0 0)
(53150.2 -0 0)
(45512.1 -0 0)
(39885.8 -0 0)
(55207.8 -0 0)
(55747.6 -0 0)
(59691.4 -0 0)
(58211.8 -0 0)
(61883.3 -0 0)
(59673.8 -0 0)
(52429.2 -0 0)
(40081.2 -0 0)
(31635.7 -0 0)
(37377.9 -0 0)
(47068.6 -0 0)
(52922.8 -0 0)
(55668.9 -0 0)
(55735.2 -0 0)
(56828.5 -0 0)
(55802.1 -0 0)
(63577.1 -0 0)
(49380.4 -0 0)
(-5916.08 0 0)
(25.9142 -0 0)
(2311.35 -0 0)
(3621.03 -0 0)
(2780.62 -0 0)
(-5423.16 0 0)
(-2838.02 0 0)
(-9427.3 0 0)
(-4333.71 0 0)
(-7718.63 0 0)
(-9244.07 0 0)
(-16332.8 0 0)
(-24087.5 0 0)
(-41361.4 0 0)
(-45416.9 0 0)
(-52965.4 0 0)
(-50832.3 0 0)
(-63319.4 0 0)
(-56982.9 0 0)
(-74111.1 0 0)
(-60290.9 0 0)
(-51665.5 0 0)
(-42361.2 0 0)
(-32453.2 0 0)
(-21839.9 0 0)
(-10828.7 0 0)
(319.385 -0 0)
(11174 -0 0)
(21807.1 -0 0)
(32372.3 -0 0)
(42696.4 -0 0)
(52927.6 -0 0)
(63279.9 -0 0)
(73687.7 -0 0)
(84486.5 -0 0)
(95534.2 -0 0)
(106302 -0 0)
(116222 -0 0)
(124804 -0 0)
(130386 -0 0)
(134948 -0 0)
(138455 -0 0)
(141038 -0 0)
(142698 -0 0)
(142730 -0 0)
(141106 -0 0)
(137484 -0 0)
(129632 -0 0)
(124052 -0 0)
(115160 -0 0)
(87581.7 -0 0)
(96815.8 -0 0)
(76676 -0 0)
(95651.7 -0 0)
(87926.9 -0 0)
(92982.9 -0 0)
(95905.1 -0 0)
(96153.3 -0 0)
(92439.7 -0 0)
(89621.7 -0 0)
(69931.6 -0 0)
(72915.8 -0 0)
(79335 -0 0)
(86076.1 -0 0)
(89315.4 -0 0)
(90693.5 -0 0)
(85049.1 -0 0)
(56867.9 -0 0)
(63050 -0 0)
(48404.9 -0 0)
(66476.9 -0 0)
(72071.1 -0 0)
(54094.9 -0 0)
(61768.9 -0 0)
(39325.9 -0 0)
(54659.7 -0 0)
(61109.4 -0 0)
(65587.3 -0 0)
(56467.6 -0 0)
(70748 -0 0)
(58764.5 -0 0)
(63142.6 -0 0)
(79972.1 -0 0)
(82401.9 -0 0)
(84749.8 -0 0)
(84147 -0 0)
(83620.9 -0 0)
(78580.2 -0 0)
(71212 -0 0)
(57587 -0 0)
(59973.7 -0 0)
(46595.9 -0 0)
(57802.6 -0 0)
(63649.5 -0 0)
(65819.5 -0 0)
(70884 -0 0)
(62894.5 -0 0)
(64130.4 -0 0)
(75657.4 -0 0)
(54030.2 -0 0)
(-3854.68 0 0)
(463.158 -0 0)
(4272.97 -0 0)
(9129.24 -0 0)
(5185.96 -0 0)
(2518.47 -0 0)
(-4526.71 0 0)
(-1808.7 0 0)
(-6401.84 0 0)
(-8417.79 0 0)
(740.803 -0 0)
(-1283.69 0 0)
(-18562.7 0 0)
(-33344.1 0 0)
(-41695.9 0 0)
(-38809.9 0 0)
(-46774.8 0 0)
(-47390.8 0 0)
(-54484.8 0 0)
(-46480 0 0)
(-37529.9 0 0)
(-28369.3 0 0)
(-17516.3 0 0)
(-6322.16 0 0)
(4839 -0 0)
(15857.2 -0 0)
(26702.8 -0 0)
(37226.3 -0 0)
(47501.5 -0 0)
(57502.4 -0 0)
(67008.7 -0 0)
(76191 -0 0)
(85385.2 -0 0)
(94889 -0 0)
(104493 -0 0)
(114426 -0 0)
(124349 -0 0)
(133863 -0 0)
(142834 -0 0)
(150645 -0 0)
(156597 -0 0)
(161600 -0 0)
(165798 -0 0)
(169354 -0 0)
(172093 -0 0)
(175675 -0 0)
(178673 -0 0)
(176805 -0 0)
(175712 -0 0)
(175166 -0 0)
(184575 -0 0)
(181298 -0 0)
(148110 -0 0)
(156804 -0 0)
(164625 -0 0)
(166858 -0 0)
(164420 -0 0)
(161957 -0 0)
(158937 -0 0)
(131550 -0 0)
(133714 -0 0)
(139796 -0 0)
(118549 -0 0)
(123280 -0 0)
(130270 -0 0)
(133483 -0 0)
(130329 -0 0)
(106053 -0 0)
(112300 -0 0)
(93375.2 -0 0)
(108641 -0 0)
(109643 -0 0)
(84905.5 -0 0)
(91602.3 -0 0)
(92296.6 -0 0)
(101111 -0 0)
(101562 -0 0)
(100172 -0 0)
(84782.9 -0 0)
(90787.1 -0 0)
(94956.2 -0 0)
(97443.2 -0 0)
(97222.2 -0 0)
(98863.9 -0 0)
(103045 -0 0)
(100780 -0 0)
(100262 -0 0)
(102046 -0 0)
(103062 -0 0)
(96476 -0 0)
(75521 -0 0)
(66420.8 -0 0)
(71740.1 -0 0)
(76009.3 -0 0)
(76998.3 -0 0)
(81520.6 -0 0)
(64946.9 -0 0)
(71802.5 -0 0)
(83841.6 -0 0)
(54658.5 -0 0)
(-1460.68 0 0)
(4738.87 -0 0)
(10956.3 -0 0)
(10605.3 -0 0)
(12106.6 -0 0)
(3587.57 -0 0)
(5683.33 -0 0)
(9825.81 -0 0)
(8447 -0 0)
(12212.9 -0 0)
(15572 -0 0)
(1787.1 -0 0)
(-12658.1 0 0)
(-15595.4 0 0)
(-25489.4 0 0)
(-35520.7 0 0)
(-32766.2 0 0)
(-43480.1 0 0)
(-34202.5 0 0)
(-24437.8 0 0)
(-14012 0 0)
(-3272.03 0 0)
(8352.85 -0 0)
(20155.7 -0 0)
(31661.1 -0 0)
(42775.9 -0 0)
(53536.4 -0 0)
(63938.5 -0 0)
(74046.3 -0 0)
(83769 -0 0)
(92898.6 -0 0)
(101530 -0 0)
(109951 -0 0)
(118479 -0 0)
(127335 -0 0)
(136379 -0 0)
(145342 -0 0)
(154095 -0 0)
(162544 -0 0)
(170726 -0 0)
(178062 -0 0)
(184265 -0 0)
(189873 -0 0)
(195422 -0 0)
(201601 -0 0)
(207163 -0 0)
(211538 -0 0)
(213643 -0 0)
(215313 -0 0)
(216691 -0 0)
(225015 -0 0)
(216740 -0 0)
(189386 -0 0)
(193083 -0 0)
(195000 -0 0)
(204194 -0 0)
(204020 -0 0)
(180504 -0 0)
(164960 -0 0)
(173415 -0 0)
(180645 -0 0)
(182479 -0 0)
(166755 -0 0)
(146941 -0 0)
(152768 -0 0)
(161827 -0 0)
(164169 -0 0)
(145058 -0 0)
(149628 -0 0)
(129546 -0 0)
(119226 -0 0)
(127490 -0 0)
(104791 -0 0)
(113353 -0 0)
(119700 -0 0)
(120874 -0 0)
(108555 -0 0)
(119862 -0 0)
(122965 -0 0)
(107299 -0 0)
(118272 -0 0)
(104983 -0 0)
(96246.7 -0 0)
(106365 -0 0)
(114703 -0 0)
(99262.3 -0 0)
(100314 -0 0)
(106100 -0 0)
(116820 -0 0)
(119945 -0 0)
(96952.4 -0 0)
(102513 -0 0)
(82928.4 -0 0)
(88886.7 -0 0)
(88883.7 -0 0)
(91708.6 -0 0)
(73621.4 -0 0)
(79039.2 -0 0)
(88852 -0 0)
(58581.7 -0 0)
(1227.29 -0 0)
(9445.97 -0 0)
(16305.5 -0 0)
(17667 -0 0)
(11603.9 -0 0)
(16274.2 -0 0)
(19562.2 -0 0)
(19112.5 -0 0)
(20105.3 -0 0)
(26382.4 -0 0)
(15599.1 -0 0)
(6711.66 -0 0)
(8828.46 -0 0)
(4457.35 -0 0)
(-13100.8 0 0)
(-15579.6 0 0)
(-30353.1 0 0)
(-22360.6 0 0)
(-13838.4 0 0)
(-3302.27 0 0)
(8531.7 -0 0)
(20649.7 -0 0)
(33146.5 -0 0)
(45559 -0 0)
(57462.6 -0 0)
(68786.8 -0 0)
(79631.9 -0 0)
(90069 -0 0)
(100161 -0 0)
(109808 -0 0)
(118821 -0 0)
(127230 -0 0)
(135272 -0 0)
(143236 -0 0)
(151346 -0 0)
(159617 -0 0)
(167888 -0 0)
(175983 -0 0)
(183758 -0 0)
(191379 -0 0)
(198851 -0 0)
(205884 -0 0)
(212530 -0 0)
(219095 -0 0)
(225157 -0 0)
(230762 -0 0)
(235170 -0 0)
(238549 -0 0)
(241716 -0 0)
(242479 -0 0)
(246604 -0 0)
(241235 -0 0)
(212938 -0 0)
(218204 -0 0)
(220000 -0 0)
(224163 -0 0)
(222174 -0 0)
(224695 -0 0)
(227489 -0 0)
(225765 -0 0)
(212456 -0 0)
(215540 -0 0)
(215175 -0 0)
(189917 -0 0)
(191881 -0 0)
(197660 -0 0)
(198241 -0 0)
(177940 -0 0)
(180876 -0 0)
(158092 -0 0)
(144221 -0 0)
(131366 -0 0)
(137085 -0 0)
(142744 -0 0)
(152210 -0 0)
(156547 -0 0)
(154872 -0 0)
(155273 -0 0)
(136621 -0 0)
(143763 -0 0)
(155060 -0 0)
(155631 -0 0)
(154315 -0 0)
(132335 -0 0)
(145987 -0 0)
(146701 -0 0)
(141615 -0 0)
(122505 -0 0)
(131424 -0 0)
(137944 -0 0)
(125208 -0 0)
(124344 -0 0)
(102003 -0 0)
(104407 -0 0)
(100838 -0 0)
(100120 -0 0)
(80825.9 -0 0)
(83675.2 -0 0)
(92213.6 -0 0)
(68718.3 -0 0)
(3697.08 -0 0)
(13840.5 -0 0)
(13892.9 -0 0)
(14112.3 -0 0)
(20628.5 -0 0)
(26931.2 -0 0)
(31675.2 -0 0)
(27383.5 -0 0)
(19043.1 -0 0)
(27788.6 -0 0)
(21527.8 -0 0)
(26333.9 -0 0)
(28542 -0 0)
(25687.8 -0 0)
(4378.09 -0 0)
(5629.97 -0 0)
(-14316.3 0 0)
(-3420.64 0 0)
(5705.83 -0 0)
(16703.9 -0 0)
(29445.5 -0 0)
(42581.8 -0 0)
(55861.3 -0 0)
(68898 -0 0)
(81276 -0 0)
(92919.7 -0 0)
(103953 -0 0)
(114504 -0 0)
(124663 -0 0)
(134340 -0 0)
(143412 -0 0)
(151802 -0 0)
(159700 -0 0)
(167349 -0 0)
(174953 -0 0)
(182552 -0 0)
(190050 -0 0)
(197340 -0 0)
(204426 -0 0)
(211334 -0 0)
(218030 -0 0)
(224597 -0 0)
(231022 -0 0)
(237151 -0 0)
(242867 -0 0)
(248057 -0 0)
(252648 -0 0)
(256185 -0 0)
(259194 -0 0)
(258534 -0 0)
(259812 -0 0)
(255480 -0 0)
(226296 -0 0)
(230740 -0 0)
(231305 -0 0)
(232654 -0 0)
(240620 -0 0)
(251317 -0 0)
(246397 -0 0)
(245472 -0 0)
(232041 -0 0)
(208910 -0 0)
(217046 -0 0)
(196185 -0 0)
(201866 -0 0)
(209473 -0 0)
(211592 -0 0)
(189938 -0 0)
(194148 -0 0)
(173353 -0 0)
(160456 -0 0)
(169069 -0 0)
(171421 -0 0)
(174216 -0 0)
(176770 -0 0)
(183755 -0 0)
(185603 -0 0)
(181761 -0 0)
(160183 -0 0)
(164333 -0 0)
(166787 -0 0)
(169801 -0 0)
(173377 -0 0)
(172493 -0 0)
(169861 -0 0)
(175498 -0 0)
(173605 -0 0)
(157403 -0 0)
(136052 -0 0)
(149784 -0 0)
(147200 -0 0)
(142530 -0 0)
(117756 -0 0)
(116402 -0 0)
(109085 -0 0)
(103734 -0 0)
(85372.7 -0 0)
(84586.4 -0 0)
(93767 -0 0)
(84521.4 -0 0)
(4320.54 -0 0)
(15962.1 -0 0)
(13157.6 -0 0)
(14963 -0 0)
(27035.8 -0 0)
(35061.1 -0 0)
(36896.4 -0 0)
(25272.9 -0 0)
(27114.9 -0 0)
(21590.6 -0 0)
(34069.1 -0 0)
(24395.1 -0 0)
(38433.6 -0 0)
(42221 -0 0)
(23559.1 -0 0)
(27564 -0 0)
(7653.69 -0 0)
(18448.2 -0 0)
(27217.1 -0 0)
(37765.3 -0 0)
(50477.1 -0 0)
(63766.2 -0 0)
(77210.5 -0 0)
(90321.7 -0 0)
(102668 -0 0)
(114144 -0 0)
(124902 -0 0)
(135124 -0 0)
(144926 -0 0)
(154195 -0 0)
(162932 -0 0)
(171032 -0 0)
(178547 -0 0)
(185774 -0 0)
(192866 -0 0)
(199849 -0 0)
(206641 -0 0)
(213161 -0 0)
(219408 -0 0)
(225504 -0 0)
(231398 -0 0)
(236998 -0 0)
(242465 -0 0)
(247747 -0 0)
(252744 -0 0)
(257309 -0 0)
(261163 -0 0)
(264017 -0 0)
(265670 -0 0)
(262097 -0 0)
(259471 -0 0)
(251697 -0 0)
(222223 -0 0)
(223251 -0 0)
(221894 -0 0)
(224996 -0 0)
(228711 -0 0)
(232860 -0 0)
(239367 -0 0)
(235941 -0 0)
(234773 -0 0)
(207988 -0 0)
(213966 -0 0)
(216433 -0 0)
(216035 -0 0)
(218373 -0 0)
(215954 -0 0)
(189007 -0 0)
(191175 -0 0)
(192972 -0 0)
(174994 -0 0)
(182007 -0 0)
(183285 -0 0)
(184570 -0 0)
(184638 -0 0)
(190294 -0 0)
(189566 -0 0)
(188134 -0 0)
(165232 -0 0)
(146394 -0 0)
(154026 -0 0)
(161432 -0 0)
(168021 -0 0)
(171447 -0 0)
(171395 -0 0)
(170632 -0 0)
(174514 -0 0)
(178889 -0 0)
(174623 -0 0)
(174085 -0 0)
(161567 -0 0)
(153638 -0 0)
(125095 -0 0)
(120379 -0 0)
(110072 -0 0)
(98497 -0 0)
(89863.7 -0 0)
(79808.6 -0 0)
(91962.2 -0 0)
(102607 -0 0)
(8422.19 -0 0)
(13635.9 -0 0)
(16127.7 -0 0)
(27484.5 -0 0)
(34530.2 -0 0)
(38494.2 -0 0)
(29069.9 -0 0)
(31810.8 -0 0)
(22611.5 -0 0)
(31925.9 -0 0)
(25825.7 -0 0)
(22296.9 -0 0)
(42793.7 -0 0)
(52471.4 -0 0)
(38922.1 -0 0)
(45970.5 -0 0)
(27436.6 -0 0)
(38228.6 -0 0)
(46479.8 -0 0)
(56304.4 -0 0)
(68455.3 -0 0)
(81246.2 -0 0)
(94143.3 -0 0)
(106735 -0 0)
(118526 -0 0)
(129367 -0 0)
(139373 -0 0)
(148747 -0 0)
(157621 -0 0)
(166003 -0 0)
(173935 -0 0)
(181296 -0 0)
(188074 -0 0)
(194442 -0 0)
(200583 -0 0)
(206504 -0 0)
(212130 -0 0)
(217514 -0 0)
(222553 -0 0)
(227225 -0 0)
(231654 -0 0)
(235922 -0 0)
(239905 -0 0)
(243790 -0 0)
(247468 -0 0)
(250608 -0 0)
(253023 -0 0)
(254247 -0 0)
(253935 -0 0)
(247922 -0 0)
(242898 -0 0)
(231912 -0 0)
(203114 -0 0)
(182977 -0 0)
(185832 -0 0)
(193044 -0 0)
(195554 -0 0)
(173142 -0 0)
(175251 -0 0)
(178996 -0 0)
(184793 -0 0)
(165031 -0 0)
(175925 -0 0)
(159101 -0 0)
(165829 -0 0)
(172262 -0 0)
(172827 -0 0)
(150409 -0 0)
(157444 -0 0)
(140131 -0 0)
(130645 -0 0)
(145923 -0 0)
(153070 -0 0)
(158057 -0 0)
(160143 -0 0)
(165803 -0 0)
(164926 -0 0)
(164851 -0 0)
(145802 -0 0)
(149728 -0 0)
(152052 -0 0)
(156073 -0 0)
(159548 -0 0)
(161211 -0 0)
(160338 -0 0)
(159122 -0 0)
(158316 -0 0)
(166034 -0 0)
(163827 -0 0)
(161288 -0 0)
(140698 -0 0)
(138005 -0 0)
(111203 -0 0)
(107819 -0 0)
(98545.3 -0 0)
(74728.7 -0 0)
(72937.5 -0 0)
(60739 -0 0)
(82921 -0 0)
(116535 -0 0)
(10081.3 -0 0)
(17761.7 -0 0)
(25668.8 -0 0)
(33107.6 -0 0)
(31094.2 -0 0)
(37210.3 -0 0)
(24235.9 -0 0)
(22236.4 -0 0)
(32821.2 -0 0)
(29952.7 -0 0)
(24917.2 -0 0)
(37244.4 -0 0)
(52151.6 -0 0)
(62324.3 -0 0)
(52325.1 -0 0)
(61975.5 -0 0)
(44736.6 -0 0)
(55444.3 -0 0)
(62648.4 -0 0)
(71000 -0 0)
(81149.1 -0 0)
(91491.7 -0 0)
(102168 -0 0)
(113015 -0 0)
(123394 -0 0)
(132644 -0 0)
(140875 -0 0)
(148296 -0 0)
(155098 -0 0)
(161550 -0 0)
(167753 -0 0)
(173622 -0 0)
(179052 -0 0)
(184065 -0 0)
(188806 -0 0)
(193265 -0 0)
(197583 -0 0)
(201406 -0 0)
(204681 -0 0)
(207505 -0 0)
(209957 -0 0)
(212254 -0 0)
(214491 -0 0)
(216738 -0 0)
(218989 -0 0)
(220678 -0 0)
(221699 -0 0)
(220774 -0 0)
(217775 -0 0)
(210021 -0 0)
(194966 -0 0)
(191506 -0 0)
(184171 -0 0)
(173159 -0 0)
(145066 -0 0)
(149276 -0 0)
(150796 -0 0)
(127636 -0 0)
(138024 -0 0)
(137357 -0 0)
(141121 -0 0)
(145738 -0 0)
(150258 -0 0)
(150104 -0 0)
(123394 -0 0)
(127336 -0 0)
(126304 -0 0)
(128712 -0 0)
(130275 -0 0)
(112877 -0 0)
(103777 -0 0)
(119033 -0 0)
(124222 -0 0)
(127653 -0 0)
(129105 -0 0)
(128768 -0 0)
(121310 -0 0)
(126035 -0 0)
(133331 -0 0)
(138754 -0 0)
(136732 -0 0)
(112764 -0 0)
(120626 -0 0)
(124335 -0 0)
(124903 -0 0)
(130145 -0 0)
(128262 -0 0)
(127371 -0 0)
(125813 -0 0)
(126582 -0 0)
(109403 -0 0)
(109664 -0 0)
(84886.2 -0 0)
(83721 -0 0)
(76249.4 -0 0)
(67922 -0 0)
(48331.1 -0 0)
(57357.3 -0 0)
(73009 -0 0)
(117623 -0 0)
(8070.34 -0 0)
(16600.8 -0 0)
(25494 -0 0)
(28146.3 -0 0)
(33638.1 -0 0)
(25071.3 -0 0)
(27930.4 -0 0)
(31446.4 -0 0)
(34493.6 -0 0)
(24561.1 -0 0)
(27187.8 -0 0)
(44055.6 -0 0)
(57307.8 -0 0)
(65522.7 -0 0)
(59878.3 -0 0)
(71715.1 -0 0)
(56631.5 -0 0)
(66386 -0 0)
(70383 -0 0)
(74507.8 -0 0)
(80813.4 -0 0)
(87311.2 -0 0)
(94597.7 -0 0)
(101769 -0 0)
(108400 -0 0)
(114048 -0 0)
(118426 -0 0)
(121948 -0 0)
(125245 -0 0)
(128684 -0 0)
(132143 -0 0)
(135462 -0 0)
(138575 -0 0)
(141416 -0 0)
(144094 -0 0)
(146715 -0 0)
(149055 -0 0)
(150897 -0 0)
(152148 -0 0)
(152849 -0 0)
(153183 -0 0)
(153489 -0 0)
(154035 -0 0)
(155118 -0 0)
(156543 -0 0)
(157411 -0 0)
(157435 -0 0)
(154025 -0 0)
(147548 -0 0)
(140612 -0 0)
(112057 -0 0)
(98108.7 -0 0)
(99998.6 -0 0)
(85637.6 -0 0)
(89013.2 -0 0)
(86772.9 -0 0)
(87644.2 -0 0)
(67899.2 -0 0)
(76715.9 -0 0)
(77590.7 -0 0)
(79470.5 -0 0)
(85658.2 -0 0)
(76521.7 -0 0)
(65826.5 -0 0)
(71607.5 -0 0)
(71790.2 -0 0)
(69436.5 -0 0)
(75863.9 -0 0)
(78515.4 -0 0)
(86881.6 -0 0)
(77509.8 -0 0)
(90605.5 -0 0)
(71171.5 -0 0)
(76881.5 -0 0)
(76587 -0 0)
(76366.9 -0 0)
(73857.4 -0 0)
(75994.1 -0 0)
(62686.5 -0 0)
(72552.6 -0 0)
(77009.5 -0 0)
(79430 -0 0)
(83987.3 -0 0)
(85102.4 -0 0)
(83657.1 -0 0)
(81751.2 -0 0)
(81365 -0 0)
(85116.8 -0 0)
(79730.6 -0 0)
(81937.9 -0 0)
(57851.7 -0 0)
(64152.8 -0 0)
(45161.5 -0 0)
(47574.6 -0 0)
(42326.5 -0 0)
(22611.8 -0 0)
(31018.1 -0 0)
(43283.2 -0 0)
(62321.7 -0 0)
(110760 -0 0)
(3162 -0 0)
(7945.36 -0 0)
(13073.4 -0 0)
(15951.7 -0 0)
(17060.4 -0 0)
(15263.5 -0 0)
(16132.5 -0 0)
(16866.5 -0 0)
(17221.4 -0 0)
(14363.9 -0 0)
(22618.4 -0 0)
(30729.5 -0 0)
(34751.6 -0 0)
(30174.8 -0 0)
(42176.1 -0 0)
(49974 -0 0)
(41217.4 -0 0)
(46897.4 -0 0)
(44204.6 -0 0)
(43458 -0 0)
(45213.3 -0 0)
(47419.9 -0 0)
(50078 -0 0)
(52658.3 -0 0)
(54717.1 -0 0)
(56031 -0 0)
(56600.4 -0 0)
(56639.2 -0 0)
(56381.2 -0 0)
(56470.7 -0 0)
(57008.9 -0 0)
(57524.2 -0 0)
(57785.5 -0 0)
(57919 -0 0)
(58082.4 -0 0)
(58302.6 -0 0)
(58418.9 -0 0)
(58258.1 -0 0)
(57718.3 -0 0)
(56832.1 -0 0)
(55847 -0 0)
(55040.5 -0 0)
(54711 -0 0)
(55045 -0 0)
(55779.9 -0 0)
(56126.4 -0 0)
(55928.7 -0 0)
(53508.9 -0 0)
(47528.6 -0 0)
(40651.1 -0 0)
(35743.2 -0 0)
(24253.7 -0 0)
(35180.2 -0 0)
(27902.7 -0 0)
(28428.2 -0 0)
(21824.5 -0 0)
(11918.9 -0 0)
(11583.7 -0 0)
(18340.8 -0 0)
(15256.7 -0 0)
(15016.8 -0 0)
(20597.3 -0 0)
(13130.5 -0 0)
(14961.5 -0 0)
(19012.4 -0 0)
(12754.8 -0 0)
(10305.5 -0 0)
(16091.7 -0 0)
(23175.7 -0 0)
(29742.4 -0 0)
(31604.9 -0 0)
(37918.4 -0 0)
(31448.5 -0 0)
(27824.8 -0 0)
(22782.5 -0 0)
(17432.6 -0 0)
(16219.9 -0 0)
(14630 -0 0)
(20645.1 -0 0)
(13137.4 -0 0)
(19072.5 -0 0)
(22113.8 -0 0)
(25411.5 -0 0)
(25240.6 -0 0)
(22329.6 -0 0)
(19156.7 -0 0)
(19288 -0 0)
(21238.9 -0 0)
(21980.6 -0 0)
(24991.4 -0 0)
(17110.3 -0 0)
(21664.9 -0 0)
(10589.7 -0 0)
(11506.1 -0 0)
(6007.94 -0 0)
(-4216.86 0 0)
(6201.08 -0 0)
(11594.9 -0 0)
(34206.4 -0 0)
(64541.4 -0 0)
)
;

boundaryField
{
    inlet
    {
        type            calculated;
        value           nonuniform List<vector> 
40
(
(3478.54 -0 0)
(8438.58 -0 0)
(9489.44 -0 0)
(5308.25 -0 0)
(-1588.85 0 0)
(-3528.07 0 0)
(-3504.95 0 0)
(-5349.81 0 0)
(-6948.83 0 0)
(-8080.07 0 0)
(-8248.11 0 0)
(-8828.82 0 0)
(-9357.28 0 0)
(-8317.87 0 0)
(-7791.13 0 0)
(-9532.22 0 0)
(-13418.3 0 0)
(-13967.6 0 0)
(-12577.2 0 0)
(-14803.6 0 0)
(-16279.9 0 0)
(-16419.9 0 0)
(-14143.3 0 0)
(-12837.2 0 0)
(-13287.9 0 0)
(-12401.5 0 0)
(-10472.5 0 0)
(-9300.73 0 0)
(-8187.09 0 0)
(-6836.55 0 0)
(-5916.08 0 0)
(-3854.68 0 0)
(-1460.68 0 0)
(1227.29 -0 0)
(3697.08 -0 0)
(4320.54 -0 0)
(8422.19 -0 0)
(10081.3 -0 0)
(8070.34 -0 0)
(3162 -0 0)
)
;
    }
    outlet
    {
        type            calculated;
        value           nonuniform List<vector> 
40
(
(-37194.4 0 0)
(-62069.9 0 0)
(-72118.9 0 0)
(-61018 0 0)
(-64750.1 0 0)
(-73223.3 0 0)
(-89749.3 0 0)
(-97642.3 0 0)
(-58957.7 0 0)
(-44193.2 0 0)
(-25559 0 0)
(-20615.6 0 0)
(-34380.2 0 0)
(-45640.4 0 0)
(-49831.2 0 0)
(-42937.5 0 0)
(-21667.3 0 0)
(1072.44 -0 0)
(23237.6 -0 0)
(26221.8 -0 0)
(32568.8 -0 0)
(25380.8 -0 0)
(1936.13 -0 0)
(-16812.7 0 0)
(-27901.3 0 0)
(-22568.5 0 0)
(-6821.36 0 0)
(9906.97 -0 0)
(23681.9 -0 0)
(49380.4 -0 0)
(54030.2 -0 0)
(54658.5 -0 0)
(58581.7 -0 0)
(68718.3 -0 0)
(84521.4 -0 0)
(102607 -0 0)
(116535 -0 0)
(117623 -0 0)
(110760 -0 0)
(64541.4 -0 0)
)
;
    }
    lowerWall
    {
        type            calculated;
        value           nonuniform List<vector> 
100
(
(3478.54 -0 0)
(6680.69 -0 0)
(7551.23 -0 0)
(8769.36 -0 0)
(7218 -0 0)
(9469.23 -0 0)
(10302.9 -0 0)
(10078.7 -0 0)
(2797.32 -0 0)
(7787.78 -0 0)
(13259.6 -0 0)
(11509.7 -0 0)
(15497.3 -0 0)
(18965.6 -0 0)
(22309.9 -0 0)
(26012.2 -0 0)
(26931.8 -0 0)
(31273 -0 0)
(34327.2 -0 0)
(37089.7 -0 0)
(33710 -0 0)
(35287.7 -0 0)
(36266.9 -0 0)
(38750.6 -0 0)
(33504.6 -0 0)
(38187.4 -0 0)
(39385 -0 0)
(42779.2 -0 0)
(30444.1 -0 0)
(30888.4 -0 0)
(31747.1 -0 0)
(30691.9 -0 0)
(27048 -0 0)
(25041.9 -0 0)
(22218.2 -0 0)
(17371.2 -0 0)
(20880.7 -0 0)
(21715.1 -0 0)
(11108.3 -0 0)
(10792.2 -0 0)
(8183.7 -0 0)
(11418.8 -0 0)
(4968.67 -0 0)
(6583.52 -0 0)
(-7384.16 0 0)
(-4127.83 0 0)
(-3613.74 0 0)
(-2847.4 0 0)
(-2997.9 0 0)
(-6657.3 0 0)
(-19312.9 0 0)
(-13828.6 0 0)
(-14366.5 0 0)
(-6785.51 0 0)
(-14310.4 0 0)
(-12076.6 0 0)
(-13053.7 0 0)
(-14710.4 0 0)
(-15878.3 0 0)
(-21787.4 0 0)
(-17708.6 0 0)
(-17225.8 0 0)
(-18615.8 0 0)
(-17980.8 0 0)
(-10915.7 0 0)
(-13256.4 0 0)
(-9392.16 0 0)
(-11556.7 0 0)
(-9771.7 0 0)
(-9787.22 0 0)
(-8589.65 0 0)
(-6524.07 0 0)
(-4835.96 0 0)
(-5571.02 0 0)
(-5265.95 0 0)
(-4451.84 0 0)
(-4989.14 0 0)
(-6342.55 0 0)
(-9369.19 0 0)
(-10441.5 0 0)
(-16633.3 0 0)
(-11102.5 0 0)
(-9274.45 0 0)
(-14664.9 0 0)
(-9345.88 0 0)
(-7610.18 0 0)
(-16661.1 0 0)
(-9699.74 0 0)
(-17392.1 0 0)
(-11583.5 0 0)
(-15952.9 0 0)
(-4997.94 0 0)
(-13859.3 0 0)
(-9116.53 0 0)
(-7980.37 0 0)
(-10238.5 0 0)
(-11934.1 0 0)
(-26594.4 0 0)
(-37549.9 0 0)
(-37194.4 0 0)
)
;
    }
    upperWall
    {
        type            calculated;
        value           nonuniform List<vector> 
100
(
(3162 -0 0)
(7945.36 -0 0)
(13073.4 -0 0)
(15951.7 -0 0)
(17060.4 -0 0)
(15263.5 -0 0)
(16132.5 -0 0)
(16866.5 -0 0)
(17221.4 -0 0)
(14363.9 -0 0)
(22618.4 -0 0)
(30729.5 -0 0)
(34751.6 -0 0)
(30174.8 -0 0)
(42176.1 -0 0)
(49974 -0 0)
(41217.4 -0 0)
(46897.4 -0 0)
(44204.6 -0 0)
(43458 -0 0)
(45213.3 -0 0)
(47419.9 -0 0)
(50078 -0 0)
(52658.3 -0 0)
(54717.1 -0 0)
(56031 -0 0)
(56600.4 -0 0)
(56639.2 -0 0)
(56381.2 -0 0)
(56470.7 -0 0)
(57008.9 -0 0)
(57524.2 -0 0)
(57785.5 -0 0)
(57919 -0 0)
(58082.4 -0 0)
(58302.6 -0 0)
(58418.9 -0 0)
(58258.1 -0 0)
(57718.3 -0 0)
(56832.1 -0 0)
(55847 -0 0)
(55040.5 -0 0)
(54711 -0 0)
(55045 -0 0)
(55779.9 -0 0)
(56126.4 -0 0)
(55928.7 -0 0)
(53508.9 -0 0)
(47528.6 -0 0)
(40651.1 -0 0)
(35743.2 -0 0)
(24253.7 -0 0)
(35180.2 -0 0)
(27902.7 -0 0)
(28428.2 -0 0)
(21824.5 -0 0)
(11918.9 -0 0)
(11583.7 -0 0)
(18340.8 -0 0)
(15256.7 -0 0)
(15016.8 -0 0)
(20597.3 -0 0)
(13130.5 -0 0)
(14961.5 -0 0)
(19012.4 -0 0)
(12754.8 -0 0)
(10305.5 -0 0)
(16091.7 -0 0)
(23175.7 -0 0)
(29742.4 -0 0)
(31604.9 -0 0)
(37918.4 -0 0)
(31448.5 -0 0)
(27824.8 -0 0)
(22782.5 -0 0)
(17432.6 -0 0)
(16219.9 -0 0)
(14630 -0 0)
(20645.1 -0 0)
(13137.4 -0 0)
(19072.5 -0 0)
(22113.8 -0 0)
(25411.5 -0 0)
(25240.6 -0 0)
(22329.6 -0 0)
(19156.7 -0 0)
(19288 -0 0)
(21238.9 -0 0)
(21980.6 -0 0)
(24991.4 -0 0)
(17110.3 -0 0)
(21664.9 -0 0)
(10589.7 -0 0)
(11506.1 -0 0)
(6007.94 -0 0)
(-4216.86 0 0)
(6201.08 -0 0)
(11594.9 -0 0)
(34206.4 -0 0)
(64541.4 -0 0)
)
;
    }
    frontAndBack
    {
        type            empty;
    }
}


// ************************************************************************* //
