/*--------------------------------*- C++ -*----------------------------------*\
| =========                 |                                                 |
| \\      /  F ield         | foam-extend: Open Source CFD                    |
|  \\    /   O peration     | Version:     5.0                                |
|   \\  /    A nd           | Web:         http://www.foam-extend.org         |
|    \\/     M anipulation  |                                                 |
\*---------------------------------------------------------------------------*/
FoamFile
{
    version     2.0;
    format      ascii;
    class       volVectorField;
    location    "0.06";
    object      U;
}
// * * * * * * * * * * * * * * * * * * * * * * * * * * * * * * * * * * * * * //

dimensions      [0 1 -1 0 0 0 0];

internalField   nonuniform List<vector> 
4000
(
(4.46098 0.315681 0)
(8.43658 -0.903952 0)
(20.251 -1.02125 0)
(29.7824 -1.65064 0)
(41.3384 -1.28932 0)
(47.4175 -0.17956 0)
(46.9082 0.39084 0)
(43.8334 0.575538 0)
(38.2232 -0.228912 0)
(38.5526 -0.0904379 0)
(31.7409 0.715533 0)
(32.1491 -0.0639659 0)
(31.2359 0.149244 0)
(26.0361 0.251483 0)
(33.7246 -0.458718 0)
(31.4983 0.187887 0)
(30.9016 1.59548 0)
(17.3956 0.0836109 0)
(33.8088 -0.614252 0)
(31.8104 -0.87634 0)
(53.946 -1.70537 0)
(48.8819 -2.39426 0)
(61.7127 0.573305 0)
(36.8741 3.43361 0)
(37.3116 0.720706 0)
(14.5226 1.62346 0)
(-6.95124 4.65354 0)
(-44.5217 4.08458 0)
(-34.0999 0.0674855 0)
(-53.7489 0.512527 0)
(-81.0652 2.51241 0)
(-76.9392 2.01923 0)
(-85.5041 0.432326 0)
(-89.9287 -0.174194 0)
(-80.9061 -0.329237 0)
(-76.3194 -1.06767 0)
(-61.3818 -2.0108 0)
(-48.3444 -2.23254 0)
(-18.1041 -2.67921 0)
(-1.22638 -3.15875 0)
(15.9116 -2.62424 0)
(36.8454 -2.89761 0)
(61.4577 -3.11777 0)
(83.5385 -1.30864 0)
(95.0935 -0.744952 0)
(101.478 -1.79878 0)
(124.463 -3.69319 0)
(156.162 -3.66546 0)
(170.8 -1.42748 0)
(176.763 1.32804 0)
(167.705 2.38972 0)
(146.66 3.88809 0)
(112.355 2.96543 0)
(96.7714 1.53133 0)
(79.1676 1.37263 0)
(73.8856 0.801246 0)
(67.0049 0.781479 0)
(67.9508 -0.300667 0)
(77.0191 -0.824369 0)
(77.7099 -0.017089 0)
(85.509 0.618458 0)
(77.2733 1.04372 0)
(64.618 0.703079 0)
(62.0046 1.15726 0)
(53.9073 0.317153 0)
(47.2147 -0.214094 0)
(50.9482 0.93652 0)
(38.2675 1.44964 0)
(29.343 1.50409 0)
(19.9334 0.86309 0)
(21.7244 -0.850687 0)
(30.4802 -1.42804 0)
(42.3623 -1.7142 0)
(60.9756 -2.54009 0)
(80.604 -2.15094 0)
(87.8227 -0.446605 0)
(87.0329 0.89421 0)
(79.3882 0.647144 0)
(78.4186 0.472053 0)
(79.0266 0.657439 0)
(68.4828 0.203209 0)
(73.0291 -0.808205 0)
(76.1981 -0.721642 0)
(80.8064 -1.00899 0)
(94.0451 -0.674418 0)
(100.052 -0.194652 0)
(96.1623 -0.592125 0)
(107.617 0.322053 0)
(98.3729 0.505994 0)
(102.055 0.0808225 0)
(93.5378 -0.483374 0)
(106.939 -1.14182 0)
(109.11 -0.96112 0)
(120.013 -0.105873 0)
(116.887 0.40109 0)
(115.868 -1.44692 0)
(129.183 -1.49511 0)
(134.272 -0.46788 0)
(135.129 0.11845 0)
(144.717 -1.31752 0)
(22.1369 -3.52357 0)
(42.0741 -5.61557 0)
(70.4056 -4.47723 0)
(83.2429 -5.53459 0)
(110.64 -4.28722 0)
(126.235 -1.31577 0)
(128.731 1.11984 0)
(116.264 1.94966 0)
(114.179 0.869804 0)
(102.059 2.06963 0)
(91.5535 1.88315 0)
(100.157 -0.0591535 0)
(92.7098 1.07771 0)
(78.5681 -0.164 0)
(97.4084 -1.07585 0)
(82.7628 0.225199 0)
(113.022 1.5448 0)
(107.895 -1.1071 0)
(103.014 -4.22323 0)
(144.434 -5.04858 0)
(150.76 -2.51828 0)
(149.539 -0.0277432 0)
(114.506 3.20079 0)
(116.599 6.01168 0)
(104.048 5.41874 0)
(44.335 9.55275 0)
(36.1276 11.3589 0)
(-11.8828 6.35662 0)
(-10.2978 4.08866 0)
(-56.5916 9.41494 0)
(-106.089 7.37312 0)
(-98.8304 1.98491 0)
(-101.231 1.19584 0)
(-120.19 -0.67897 0)
(-97.8692 -3.16713 0)
(-81.581 -4.16192 0)
(-59.5895 -7.4024 0)
(-41.063 -9.92513 0)
(9.37337 -9.0797 0)
(22.508 -7.98311 0)
(54.7349 -8.21508 0)
(92.6221 -10.0989 0)
(134.916 -11.5148 0)
(179.415 -6.52046 0)
(210.206 -4.38757 0)
(234.749 -6.71948 0)
(280.299 -12.712 0)
(341.581 -11.8569 0)
(355.043 -4.54041 0)
(369.112 3.19658 0)
(349.694 8.18439 0)
(317.93 11.677 0)
(252.722 11.2044 0)
(228.997 8.74757 0)
(190.489 5.54834 0)
(178.133 2.16678 0)
(171.742 1.34386 0)
(177.382 -1.66782 0)
(185.92 -3.28999 0)
(204.691 -2.76301 0)
(207.705 0.808345 0)
(198.756 5.10396 0)
(161.998 4.48321 0)
(159.527 3.15666 0)
(135.558 3.31674 0)
(111.973 1.48874 0)
(128.298 1.92165 0)
(107.137 3.88231 0)
(89.7242 4.76919 0)
(76.4774 2.83016 0)
(72.3235 -3.15403 0)
(95.9443 -5.68092 0)
(122.008 -6.59746 0)
(161.486 -9.76533 0)
(200.199 -7.16207 0)
(206.201 -0.612516 0)
(208.383 2.18178 0)
(197.303 1.73073 0)
(198.524 0.195512 0)
(202.371 1.41119 0)
(182.551 1.84282 0)
(177.293 -0.575953 0)
(189.264 -2.34046 0)
(192.397 -4.20982 0)
(220.509 -3.70704 0)
(235.926 -1.44041 0)
(228.378 -1.99979 0)
(254.612 -0.129436 0)
(245.186 1.93604 0)
(237.835 0.85741 0)
(222.138 -1.1431 0)
(250.101 -3.14574 0)
(248.042 -3.83623 0)
(269.802 -1.95331 0)
(266.245 1.24761 0)
(260.263 -2.17369 0)
(279.705 -4.07477 0)
(269.283 -3.18099 0)
(261.489 0.347821 0)
(279.583 -2.53129 0)
(33.6307 -12.8944 0)
(67.4418 -14.3263 0)
(108.59 -10.971 0)
(135.221 -11.2229 0)
(147.314 -9.77297 0)
(171.518 -4.26143 0)
(181.87 2.13784 0)
(175.995 4.31728 0)
(167.16 3.48389 0)
(138.711 3.30452 0)
(152.829 2.37841 0)
(148.324 1.17768 0)
(139.712 2.47646 0)
(138.022 -0.0512227 0)
(139.788 -0.613233 0)
(126.828 -2.35337 0)
(154.361 -2.94606 0)
(190.118 -3.43203 0)
(184.761 -5.56936 0)
(180.903 -6.94563 0)
(177.22 -4.14667 0)
(208.16 1.41914 0)
(165.664 6.19021 0)
(174.499 8.9686 0)
(158.642 14.0506 0)
(104.562 18.6963 0)
(61.8237 19.2699 0)
(62.2079 11.9412 0)
(21.9823 11.7848 0)
(-14.8916 18.1779 0)
(-52.18 12.5171 0)
(-37.7917 4.04545 0)
(-75.6313 2.23129 0)
(-54.2834 -1.46916 0)
(-66.2802 -6.50436 0)
(-37.2187 -9.5356 0)
(-18.6547 -13.6208 0)
(12.292 -17.7381 0)
(25.6153 -15.8284 0)
(61.7698 -13.7001 0)
(68.1596 -16.3916 0)
(113.612 -21.3902 0)
(147.595 -23.7517 0)
(201.945 -17.4481 0)
(256.834 -14.9842 0)
(302.124 -18.6549 0)
(352.293 -27.1567 0)
(402.521 -21.9043 0)
(404.967 -7.74922 0)
(420.458 3.74732 0)
(417.873 13.1004 0)
(381.763 23.4043 0)
(323.488 23.0174 0)
(283.56 17.3261 0)
(269.031 12.2095 0)
(234.392 4.57913 0)
(243.922 -0.145979 0)
(262.531 -4.67873 0)
(282.116 -6.26069 0)
(270.233 -4.10016 0)
(269.757 1.90488 0)
(262.852 10.1018 0)
(228.958 9.17621 0)
(227.288 7.18102 0)
(196.251 8.74834 0)
(166.757 3.26966 0)
(187.489 2.98321 0)
(171.522 7.784 0)
(154.211 8.97899 0)
(142.036 5.39928 0)
(148.64 -5.89392 0)
(158.392 -12.1714 0)
(195.043 -15.412 0)
(238.58 -20.0081 0)
(275.721 -14.5606 0)
(283.772 -1.5813 0)
(286.528 4.76276 0)
(268.833 2.44283 0)
(281.787 -0.843077 0)
(284.743 3.74441 0)
(265.094 5.10106 0)
(257.889 -0.14836 0)
(252.522 -5.10864 0)
(282.5 -8.92712 0)
(284.651 -7.9139 0)
(320.717 -4.65855 0)
(319.498 -5.86914 0)
(346.594 -2.48104 0)
(350.51 3.18793 0)
(335.771 3.64492 0)
(315.864 -1.07936 0)
(327.23 -6.10663 0)
(341.218 -6.7353 0)
(343.793 -3.12276 0)
(346.382 2.07622 0)
(346.622 -0.965352 0)
(329.616 -4.59535 0)
(327.608 -1.90594 0)
(298.287 3.5195 0)
(291.149 -2.55326 0)
(37.8619 -25.7494 0)
(81.0912 -24.9696 0)
(119.715 -18.962 0)
(141.545 -17.4777 0)
(175.871 -14.4175 0)
(183.786 -8.37558 0)
(199.724 1.412 0)
(196.726 6.20738 0)
(195.181 7.02583 0)
(167.611 4.9181 0)
(180.774 2.93806 0)
(167.002 3.57127 0)
(153.712 2.27759 0)
(175.339 -0.0706007 0)
(169.049 -0.351302 0)
(167.368 -5.90236 0)
(189.662 -11.3857 0)
(232.31 -7.07776 0)
(225.369 -3.1893 0)
(217.552 -6.27482 0)
(203.787 -7.60274 0)
(235.019 1.3596 0)
(197.506 9.182 0)
(208.84 14.6733 0)
(147.948 26.2059 0)
(82.5247 28.1916 0)
(82.1485 23.2837 0)
(51.2305 20.707 0)
(-0.860537 22.751 0)
(-47.4378 23.7129 0)
(-48.3232 14.3606 0)
(-36.7609 7.32179 0)
(-61.8874 4.57954 0)
(-81.9611 -2.51926 0)
(-61.9592 -9.21312 0)
(-58.5907 -13.5695 0)
(-29.9616 -19.3887 0)
(-17.8947 -22.7707 0)
(12.8514 -21.8086 0)
(36.0988 -18.929 0)
(44.3763 -22.8214 0)
(94.7763 -31.2864 0)
(116.035 -34.8719 0)
(174.857 -32.2256 0)
(256.939 -27.6832 0)
(322.49 -30.1315 0)
(369.63 -36.7009 0)
(388.306 -29.2505 0)
(410.928 -11.3307 0)
(407.585 2.77981 0)
(430.526 15.8458 0)
(414.797 33.5699 0)
(363.601 34.3276 0)
(343.038 24.4964 0)
(313.98 19.543 0)
(271.764 7.50659 0)
(284.716 -3.82654 0)
(304.076 -9.3781 0)
(315.82 -9.04374 0)
(330.726 -3.59143 0)
(317.45 6.06484 0)
(282.839 14.9904 0)
(287.832 12.2726 0)
(271.323 12.9095 0)
(235.976 16.1501 0)
(210.043 4.07802 0)
(225.874 2.07395 0)
(217.434 10.9054 0)
(198.289 12.3876 0)
(194.626 5.20595 0)
(212.511 -9.45276 0)
(215.645 -18.1179 0)
(252.588 -24.8154 0)
(291.402 -29.6732 0)
(306.509 -20.6472 0)
(318.243 -2.7737 0)
(323.911 6.58148 0)
(317.135 3.09383 0)
(318.989 -2.07824 0)
(319.805 4.118 0)
(318.465 9.08188 0)
(294.43 1.68144 0)
(308.167 -9.8989 0)
(335.001 -13.5323 0)
(346.48 -10.9399 0)
(354.593 -9.89605 0)
(383.875 -10.1951 0)
(391.092 -3.76665 0)
(391.053 5.40938 0)
(383.339 5.8166 0)
(379.485 0.332943 0)
(369.188 -7.65555 0)
(379.872 -8.12568 0)
(360.88 -3.55232 0)
(379.267 0.656511 0)
(371.427 2.2257 0)
(339.527 1.56543 0)
(291.902 4.72543 0)
(243.088 8.63685 0)
(268.647 -4.59536 0)
(35.2927 -39.55 0)
(78.291 -36.1369 0)
(121.908 -26.7731 0)
(149.237 -25.4836 0)
(180.609 -20.2718 0)
(193.991 -11.5092 0)
(205.575 -0.448048 0)
(212.207 7.03359 0)
(205.548 9.46185 0)
(183.276 6.80915 0)
(185.953 5.02398 0)
(166.244 5.24973 0)
(182.361 0.508084 0)
(175.694 -1.79836 0)
(185.086 -1.70158 0)
(210.913 -7.19383 0)
(199.744 -16.2992 0)
(234.25 -12.0193 0)
(216.44 -1.74467 0)
(242.571 -4.0427 0)
(224.152 -6.87467 0)
(206.886 3.0979 0)
(175.666 12.9183 0)
(173.854 23.9549 0)
(118.095 39.8674 0)
(49.5623 36.3001 0)
(35.15 29.4399 0)
(5.98711 32.3945 0)
(-48.6071 34.2987 0)
(-101.72 28.2723 0)
(-97.2279 14.2191 0)
(-105.838 10.7898 0)
(-125.228 8.1227 0)
(-133.684 -3.72867 0)
(-109.009 -11.1288 0)
(-113.371 -16.2398 0)
(-111.003 -24.11 0)
(-89.7299 -27.7635 0)
(-75.6403 -25.3924 0)
(-61.099 -24.5975 0)
(-17.7387 -31.1056 0)
(23.9747 -40.4482 0)
(60.4401 -46.4563 0)
(120.486 -49.1302 0)
(204.296 -51.5641 0)
(292.051 -48.1552 0)
(341.851 -43.3441 0)
(351.826 -32.2385 0)
(354.581 -13.9616 0)
(394.631 0.993353 0)
(402.747 16.596 0)
(392.645 38.4298 0)
(388.859 42.6463 0)
(334.646 31.9248 0)
(320.188 26.2333 0)
(298.927 10.8642 0)
(288.187 -6.33288 0)
(306.904 -15.8381 0)
(336.73 -12.6282 0)
(343.104 -2.34831 0)
(326.607 11.7298 0)
(312.473 18.4775 0)
(314.341 14.5647 0)
(287.369 20.3262 0)
(255.759 22.7363 0)
(240.122 6.73104 0)
(241.554 1.53776 0)
(248.326 12.524 0)
(224.187 15.4933 0)
(224.218 5.22412 0)
(246.6 -13.2635 0)
(245.326 -23.2649 0)
(271.242 -31.8988 0)
(294.859 -34.5092 0)
(293.204 -23.4207 0)
(297.774 -4.33019 0)
(316.472 6.88571 0)
(316.594 4.41015 0)
(309.756 -2.78644 0)
(322.696 2.84781 0)
(328.403 11.2546 0)
(311.257 2.6472 0)
(333.979 -14.8853 0)
(344.73 -17.7797 0)
(354.741 -13.8723 0)
(382.726 -14.4852 0)
(387.6 -14.7241 0)
(410.545 -5.19436 0)
(404.615 6.72409 0)
(401.291 6.95 0)
(386.801 1.75173 0)
(394.119 -6.57311 0)
(374.967 -6.33671 0)
(374.805 -2.33341 0)
(355.862 1.85965 0)
(350.103 8.40337 0)
(303.825 12.986 0)
(237.149 18.4781 0)
(171.999 14.7182 0)
(191.439 -5.9295 0)
(30.5827 -52.9885 0)
(69.3928 -47.0099 0)
(114.193 -35.8892 0)
(146.854 -33.8346 0)
(183.678 -25.5889 0)
(191.036 -15.22 0)
(205.947 -2.16952 0)
(211.857 7.65871 0)
(206.159 11.5146 0)
(196.315 9.46521 0)
(181.011 8.28876 0)
(181.738 5.57369 0)
(181.24 -1.77064 0)
(203.139 -3.33169 0)
(211.664 -4.4074 0)
(203.983 -8.86076 0)
(212.731 -17.4123 0)
(198.78 -13.6155 0)
(206.706 -4.06363 0)
(225.066 -2.83793 0)
(186.079 0.305344 0)
(141.569 9.11734 0)
(134.746 19.1991 0)
(66.5002 34.7588 0)
(43.3208 50.9264 0)
(11.1783 44.3415 0)
(-18.5343 38.1251 0)
(-69.1823 44.2987 0)
(-121.86 45.9274 0)
(-181.647 34.3694 0)
(-181.707 18.8122 0)
(-229.89 16.0274 0)
(-219.074 9.70048 0)
(-231.592 -3.65172 0)
(-227.476 -10.6194 0)
(-247.298 -15.9522 0)
(-222.162 -27.3985 0)
(-222.049 -31.1228 0)
(-195.485 -30.437 0)
(-164.762 -34.0262 0)
(-119.25 -42.5281 0)
(-59.6619 -51.0511 0)
(-19.0871 -58.3556 0)
(43.2025 -67.8729 0)
(136.533 -71.509 0)
(212.71 -62.6999 0)
(256.057 -52.2544 0)
(297.78 -36.4397 0)
(293.063 -20.0671 0)
(350.654 -4.63205 0)
(354.667 13.3664 0)
(378.589 36.8648 0)
(373.766 48.9452 0)
(327.393 39.7674 0)
(315.335 31.3451 0)
(295.007 14.79 0)
(276.185 -8.30953 0)
(315.3 -20.4702 0)
(322.768 -16.3768 0)
(339.226 -1.68739 0)
(318.353 15.4822 0)
(323.592 19.3973 0)
(314.233 17.7676 0)
(288.7 26.9971 0)
(269.558 26.7136 0)
(272.474 8.01485 0)
(260.099 1.98158 0)
(254.734 14.3666 0)
(248.802 17.4892 0)
(238.106 3.27521 0)
(259.402 -16.0989 0)
(258.141 -26.1859 0)
(265.083 -35.0811 0)
(261.747 -34.6364 0)
(242.949 -22.7206 0)
(234.753 -8.37277 0)
(264.159 1.6188 0)
(287.738 2.82099 0)
(292.984 -1.42978 0)
(271.659 0.967341 0)
(301.76 8.38634 0)
(314.813 2.29227 0)
(316.261 -17.6022 0)
(316.489 -21.7054 0)
(356.899 -18.176 0)
(366.247 -17.9902 0)
(377.249 -18.1449 0)
(377.929 -5.96603 0)
(402.907 7.22831 0)
(384.077 9.23169 0)
(370.847 2.62198 0)
(382.958 -4.27194 0)
(360.763 -2.90726 0)
(344.293 -0.0833829 0)
(335.708 7.05307 0)
(284.819 19.2405 0)
(240.602 28.6162 0)
(157.294 32.8398 0)
(105.628 24.9469 0)
(89.6809 -3.71888 0)
(23.842 -64.4728 0)
(58.5715 -57.2829 0)
(100.301 -44.7802 0)
(130.467 -42.8785 0)
(173.905 -32.2615 0)
(199.785 -18.0251 0)
(205.017 -4.39795 0)
(214.517 7.68703 0)
(213.653 12.739 0)
(198.37 12.62 0)
(179.897 10.6415 0)
(187.187 5.03699 0)
(179.929 -4.51765 0)
(199.86 -6.87818 0)
(206.93 -5.22065 0)
(211.444 -6.5616 0)
(199.468 -15.1179 0)
(175.696 -15.8017 0)
(203.004 -5.1154 0)
(184.063 3.68587 0)
(130.635 10.8137 0)
(76.4692 16.6014 0)
(57.2248 28.7246 0)
(-7.05959 44.3912 0)
(-7.33877 58.0098 0)
(-58.6444 56.2313 0)
(-135.399 51.6499 0)
(-178.567 60.1793 0)
(-254.64 59.2119 0)
(-281.811 39.7018 0)
(-307.131 26.4683 0)
(-340.786 21.9279 0)
(-375.014 10.1783 0)
(-371.845 -2.92505 0)
(-381.107 -9.20787 0)
(-372.43 -15.4104 0)
(-381.199 -30.4426 0)
(-359.156 -36.9597 0)
(-316.497 -37.9524 0)
(-287.434 -44.2831 0)
(-236.3 -56.243 0)
(-182.785 -66.9451 0)
(-110.787 -74.3453 0)
(-37.7959 -85.0666 0)
(33.2728 -90.5855 0)
(94.5594 -82.4187 0)
(171.171 -64.8271 0)
(210.382 -42.4663 0)
(214.907 -28.5324 0)
(288.414 -14.023 0)
(326.12 8.93881 0)
(332.187 36.6783 0)
(319.327 52.8966 0)
(323.28 46.9714 0)
(283.778 36.0806 0)
(284.587 18.2847 0)
(262.001 -8.40904 0)
(296.924 -26.3861 0)
(301.727 -18.9742 0)
(311.397 -1.05625 0)
(293.638 16.7521 0)
(310.634 20.2465 0)
(295.622 21.8656 0)
(281.218 30.3627 0)
(284.343 27.7435 0)
(281.265 10.4717 0)
(261.097 5.06959 0)
(262.448 15.5762 0)
(240.087 19.8442 0)
(241.165 3.39169 0)
(252.462 -17.7103 0)
(237.867 -25.6258 0)
(229.057 -32.6567 0)
(211.289 -29.7494 0)
(177.8 -20.2023 0)
(174.066 -8.3764 0)
(177.565 -4.01658 0)
(217.686 -3.27303 0)
(243.406 -1.52884 0)
(222.717 1.77266 0)
(226.905 4.0492 0)
(262.046 -2.42351 0)
(285.957 -18.4402 0)
(268.01 -26.5866 0)
(315.561 -25.0319 0)
(334.111 -21.3339 0)
(344.908 -18.7519 0)
(325.667 -8.17387 0)
(362.766 5.88964 0)
(342.076 10.6961 0)
(355.368 4.41089 0)
(345.518 -1.41877 0)
(317.398 0.899464 0)
(312.941 4.41427 0)
(270.329 18.2226 0)
(213.196 31.1654 0)
(183.095 44.4107 0)
(79.8894 49.4385 0)
(28.7152 32.9171 0)
(31.0819 -3.54556 0)
(15.1477 -73.6785 0)
(49.6953 -65.8155 0)
(85.9463 -54.1229 0)
(111.017 -52.6657 0)
(151.527 -41.7381 0)
(186.8 -23.8694 0)
(207.325 -5.25562 0)
(201.548 7.52751 0)
(208.795 13.9381 0)
(191.895 16.2912 0)
(183.066 12.6897 0)
(190.091 4.554 0)
(195.474 -6.97436 0)
(194.909 -10.0262 0)
(211.234 -6.25853 0)
(193.848 -5.02062 0)
(193.005 -9.10401 0)
(158.115 -12.7188 0)
(122.309 -2.46677 0)
(103.613 11.828 0)
(78.0223 23.9671 0)
(8.55702 29.4997 0)
(-68.0809 40.4389 0)
(-91.726 53.952 0)
(-160.635 66.3903 0)
(-185.025 68.6045 0)
(-226.315 66.0406 0)
(-286.029 75.0493 0)
(-362.31 71.1398 0)
(-396.577 49.1015 0)
(-467.434 36.7687 0)
(-483.256 29.5124 0)
(-509.488 15.3227 0)
(-542.628 -0.249636 0)
(-535.229 -9.88535 0)
(-520.801 -15.7108 0)
(-510.863 -34.3663 0)
(-490.905 -44.9084 0)
(-447.917 -46.6545 0)
(-416.597 -55.0269 0)
(-363.6 -69.9522 0)
(-296.258 -82.623 0)
(-236.045 -92.7876 0)
(-142.157 -103.762 0)
(-76.8858 -106.998 0)
(-12.2913 -97.4357 0)
(38.292 -77.7523 0)
(96.8174 -51.8919 0)
(125.704 -39.9893 0)
(207.251 -27.9573 0)
(257.421 2.36086 0)
(249.019 35.3008 0)
(286.022 52.3844 0)
(283.109 51.0879 0)
(245.785 40.9444 0)
(243.325 19.6281 0)
(250.818 -11.5514 0)
(248.55 -29.6889 0)
(238.489 -21.2944 0)
(263.997 -2.42555 0)
(249.455 16.2902 0)
(276.781 19.5319 0)
(259.379 23.5192 0)
(270.386 31.5507 0)
(251.691 27.5478 0)
(262.466 11.9124 0)
(245.405 7.549 0)
(247.849 18.1043 0)
(226.231 21.6314 0)
(233.158 3.6045 0)
(223.196 -16.2491 0)
(200.087 -21.7442 0)
(169.042 -27.2101 0)
(138.669 -23.0096 0)
(107.859 -14.9492 0)
(97.3831 -8.82051 0)
(116.408 -7.07224 0)
(112.786 -10.9868 0)
(159.561 -5.6577 0)
(170.531 1.7255 0)
(164.716 -0.675202 0)
(211.731 -8.43832 0)
(216.944 -19.2933 0)
(205.225 -30.7485 0)
(250.005 -31.1911 0)
(246.398 -24.9211 0)
(277.034 -19.5602 0)
(253.9 -10.8983 0)
(296.296 3.13506 0)
(290.985 10.5111 0)
(287.675 5.36479 0)
(274.462 1.37101 0)
(279.076 5.52013 0)
(232.187 14.4131 0)
(175.833 30.1833 0)
(140.427 42.5659 0)
(101.783 59.9514 0)
(7.90677 66.8405 0)
(-47.3381 42.9403 0)
(-62.4417 0.510766 0)
(10.3707 -81.2811 0)
(43.5009 -72.8255 0)
(71.6637 -60.867 0)
(91.8737 -60.1098 0)
(124.916 -50.9446 0)
(158.38 -31.8795 0)
(185.665 -8.41991 0)
(194.027 7.87581 0)
(186.953 14.4497 0)
(183.375 18.5576 0)
(168.717 13.8171 0)
(175.219 2.69718 0)
(199.113 -8.92051 0)
(198.245 -10.0706 0)
(185.068 -5.86484 0)
(188.605 -2.48919 0)
(171.72 -3.74414 0)
(122.975 -3.30009 0)
(59.5469 6.6234 0)
(40.8643 21.2704 0)
(-31.8229 36.4778 0)
(-78.1108 47.2765 0)
(-177.686 54.8123 0)
(-210.318 66.4997 0)
(-277.187 77.099 0)
(-301.761 79.4404 0)
(-384.347 81.8766 0)
(-433.784 89.1737 0)
(-465.487 84.8545 0)
(-549.601 66.4686 0)
(-639.625 49.0141 0)
(-661.375 34.4501 0)
(-678.987 20.5924 0)
(-681.621 1.97043 0)
(-684.204 -12.2725 0)
(-658.023 -19.9726 0)
(-644.833 -39.1931 0)
(-630.766 -51.9359 0)
(-582.865 -56.848 0)
(-549.249 -67.9121 0)
(-481.6 -84.2122 0)
(-427.7 -99.8824 0)
(-345.124 -112.234 0)
(-272.028 -121.462 0)
(-194.395 -122.468 0)
(-155.063 -113.657 0)
(-76.6727 -93.5491 0)
(-19.7141 -67.4213 0)
(47.7974 -54.1622 0)
(90.632 -41.5418 0)
(158.634 -6.4703 0)
(160.387 29.6118 0)
(216.424 47.663 0)
(205.631 55.4956 0)
(197.058 42.7907 0)
(212.683 18.7562 0)
(203.274 -10.6092 0)
(195.658 -27.7158 0)
(181.577 -21.2615 0)
(191.729 -3.80603 0)
(191.626 14.322 0)
(216.204 16.89 0)
(226.167 23.0529 0)
(220.337 32.7763 0)
(215.488 28.5871 0)
(218.306 12.2867 0)
(214.741 8.51588 0)
(216.548 19.9646 0)
(202.325 23.1545 0)
(210.886 5.95714 0)
(181.277 -9.95161 0)
(146.264 -12.8794 0)
(97.0624 -18.3636 0)
(66.2479 -14.2191 0)
(26.0555 -11.6458 0)
(23.4952 -8.82414 0)
(27.188 -7.69702 0)
(38.7636 -14.7752 0)
(42.2661 -12.2401 0)
(79.752 -3.20602 0)
(105.076 -5.90918 0)
(115.086 -13.8093 0)
(153.496 -20.7402 0)
(127.489 -32.6587 0)
(158.58 -36.6532 0)
(183.629 -29.5866 0)
(196.075 -20.3763 0)
(177.875 -10.3432 0)
(201.041 0.243893 0)
(198.197 8.24857 0)
(227.83 5.01225 0)
(230.603 4.53111 0)
(195.992 13.5078 0)
(148.189 26.6542 0)
(103.143 39.7801 0)
(88.3837 54.1876 0)
(8.28017 77.0337 0)
(-47.9319 81.2229 0)
(-113.168 53.2398 0)
(-117.493 2.90742 0)
(1.30474 -87.8085 0)
(35.9129 -78.6372 0)
(56.2555 -67.0465 0)
(69.3505 -66.6721 0)
(99.4786 -58.4391 0)
(125.522 -39.5973 0)
(153.51 -13.1095 0)
(167.886 6.80439 0)
(170.71 15.2854 0)
(161.83 20.1557 0)
(166.68 13.8948 0)
(171.488 -1.00356 0)
(176.206 -12.2701 0)
(191.361 -9.01393 0)
(172.644 -2.48687 0)
(143.251 1.84149 0)
(135.234 6.28908 0)
(70.0937 12.8164 0)
(-8.19146 20.4617 0)
(-59.8378 33.6293 0)
(-123.239 51.145 0)
(-166.027 64.3108 0)
(-264.537 73.7382 0)
(-345.382 80.2427 0)
(-378.683 89.8301 0)
(-452.329 93.4971 0)
(-502.333 96.0776 0)
(-576.748 100.594 0)
(-620.453 100.321 0)
(-711.432 86.9719 0)
(-774.581 62.83 0)
(-797.273 41.1737 0)
(-813.052 21.8323 0)
(-803.415 1.23196 0)
(-807.908 -16.4964 0)
(-776.821 -25.3499 0)
(-757.908 -42.8368 0)
(-750.926 -58.0682 0)
(-717.168 -67.4424 0)
(-659.039 -81.1801 0)
(-608.824 -99.0521 0)
(-549.321 -119.718 0)
(-442.843 -130.451 0)
(-385.766 -138.667 0)
(-330.269 -137.641 0)
(-265.269 -126.441 0)
(-220.989 -110.168 0)
(-126.635 -85.7148 0)
(-54.2106 -68.3379 0)
(-6.07907 -52.3825 0)
(25.4834 -16.6493 0)
(84.6384 18.388 0)
(134.107 42.0321 0)
(127.313 55.0267 0)
(154.341 41.1972 0)
(149.182 17.4368 0)
(167.592 -8.13337 0)
(136.279 -23.9494 0)
(132.551 -19.1421 0)
(110.237 -5.86499 0)
(138.945 9.16784 0)
(161.937 14.2472 0)
(152.967 22.5201 0)
(159.336 32.2024 0)
(179.588 28.0828 0)
(170.091 13.1014 0)
(164.75 8.60478 0)
(176.316 20.0796 0)
(173.653 23.3367 0)
(170.044 10.5177 0)
(131.943 -0.3595 0)
(103.855 -2.69403 0)
(31.9565 -4.02842 0)
(-21.2142 -5.38028 0)
(-47.9859 -5.8306 0)
(-77.4256 -8.44848 0)
(-54.9072 -8.60709 0)
(-67.9575 -16.6217 0)
(-46.761 -16.842 0)
(-41.7935 -9.73214 0)
(-0.093735 -11.4323 0)
(12.3253 -20.4904 0)
(52.17 -23.1687 0)
(37.0983 -33.7662 0)
(52.527 -40.4764 0)
(66.0653 -32.693 0)
(65.2016 -22.5776 0)
(93.4203 -11.8507 0)
(100.802 -2.04606 0)
(101.02 3.27078 0)
(138.728 0.683965 0)
(143.066 8.19227 0)
(96.3371 23.7819 0)
(69.9236 34.7209 0)
(43.467 48.3461 0)
(11.6735 68.418 0)
(-64.8624 92.8913 0)
(-118.732 91.7293 0)
(-152.549 62.7169 0)
(-169.117 7.9297 0)
(-2.34141 -92.8096 0)
(28.1306 -82.1758 0)
(39.5185 -70.719 0)
(45.7264 -71.4719 0)
(66.8766 -65.0918 0)
(90.4439 -46.1016 0)
(114.526 -17.8459 0)
(133.825 4.90758 0)
(137.337 14.0533 0)
(144.199 19.4669 0)
(144.762 14.2585 0)
(161.346 -2.30373 0)
(159.35 -13.6135 0)
(146.885 -7.43448 0)
(149.971 3.09691 0)
(111.178 8.17169 0)
(67.5522 17.3978 0)
(29.713 28.5959 0)
(-53.9116 38.7391 0)
(-115.237 51.5543 0)
(-211.334 66.7053 0)
(-296.816 84.2734 0)
(-372.913 95.4642 0)
(-459.977 95.6222 0)
(-516.383 102.965 0)
(-565.808 109.946 0)
(-657.117 112.794 0)
(-717.087 118.426 0)
(-782.874 120.329 0)
(-846.225 105.9 0)
(-876.598 73.0216 0)
(-906.489 44.4325 0)
(-920.516 21.4302 0)
(-913.724 2.04561 0)
(-922.263 -20.0339 0)
(-880.586 -32.5193 0)
(-867.155 -47.0173 0)
(-848.664 -63.6827 0)
(-809.713 -77.5112 0)
(-781.055 -94.9366 0)
(-705.758 -113.871 0)
(-656.183 -137.771 0)
(-586.518 -151.053 0)
(-490.909 -155.241 0)
(-429.75 -150.461 0)
(-390.138 -140.918 0)
(-336.356 -127.905 0)
(-240.709 -107.131 0)
(-179.751 -85.3934 0)
(-93.399 -62.8158 0)
(-75.6632 -29.8295 0)
(0.248664 6.06946 0)
(22.7212 37.1145 0)
(46.6891 50.301 0)
(87.1899 37.5715 0)
(83.0094 15.0747 0)
(107.859 -7.55077 0)
(94.6733 -17.7559 0)
(48.703 -14.673 0)
(45.4373 -6.20606 0)
(44.7201 5.11444 0)
(81.0745 10.7897 0)
(73.1572 20.3407 0)
(107.267 30.1042 0)
(102.494 26.2459 0)
(122.468 13.0572 0)
(107.742 8.87543 0)
(117.098 19.6669 0)
(108.886 23.4645 0)
(118.584 16.2616 0)
(70.9711 8.38298 0)
(43.4326 10.9255 0)
(-22.0527 11.7319 0)
(-92.1873 7.85737 0)
(-145.181 2.18251 0)
(-170.969 -5.96549 0)
(-169.503 -9.53087 0)
(-160.594 -17.4768 0)
(-170.218 -20.651 0)
(-131.668 -15.5263 0)
(-128.305 -17.2405 0)
(-92.4445 -26.0256 0)
(-98.8546 -27.9227 0)
(-61.6127 -35.6526 0)
(-66.9992 -42.7537 0)
(-35.0403 -34.4843 0)
(-41.781 -25.75 0)
(-24.6413 -14.7464 0)
(-2.78747 -5.44646 0)
(22.4771 -3.70254 0)
(44.9034 -1.4023 0)
(15.7126 13.2967 0)
(13.8962 30.6749 0)
(-17.5753 41.8983 0)
(-46.9618 57.235 0)
(-91.3937 81.5999 0)
(-131.26 103.772 0)
(-157.161 100.436 0)
(-204.275 71.0547 0)
(-202.598 12.7367 0)
(-8.2975 -96.6149 0)
(18.8018 -84.0149 0)
(26.8081 -73.1246 0)
(23.8144 -73.9034 0)
(36.6613 -69.4247 0)
(51.0873 -51.9622 0)
(76.6648 -22.3175 0)
(92.9882 2.117 0)
(107.732 11.6668 0)
(110.033 17.0192 0)
(129.162 11.7859 0)
(127.537 -3.23932 0)
(133.501 -11.1761 0)
(102.909 -4.82742 0)
(97.0657 8.43149 0)
(63.4473 18.8972 0)
(13.7796 27.4895 0)
(-20.4612 44.1036 0)
(-118.072 57.1706 0)
(-168.848 72.1374 0)
(-257.142 89.0902 0)
(-372.246 107.674 0)
(-479.158 115.833 0)
(-545.392 114.326 0)
(-617.73 119.526 0)
(-690.307 130.147 0)
(-784.981 135.691 0)
(-855.71 134.501 0)
(-906.019 130.072 0)
(-930.606 112.996 0)
(-969.302 80.7973 0)
(-997.93 50.2997 0)
(-995.271 22.1966 0)
(-1001.41 2.55308 0)
(-1012.07 -22.7136 0)
(-986.561 -39.6393 0)
(-954.843 -52.8927 0)
(-956.996 -67.9579 0)
(-923.447 -87.3353 0)
(-863.602 -108.549 0)
(-821.493 -128.231 0)
(-748.281 -154.161 0)
(-702.051 -167.631 0)
(-635.374 -173.613 0)
(-554.967 -168.169 0)
(-479.884 -155.607 0)
(-417.528 -144.129 0)
(-363.41 -126.849 0)
(-263.475 -102.558 0)
(-209.605 -75.9161 0)
(-176.684 -43.3556 0)
(-97.5839 -4.6482 0)
(-71.6342 28.6859 0)
(-20.2605 42.21 0)
(0.170076 31.5354 0)
(27.0086 12.157 0)
(21.5831 -7.54695 0)
(17.889 -13.4007 0)
(-20.43 -6.539 0)
(-48.0888 -4.23013 0)
(-27.6283 2.35468 0)
(-29.4842 6.47371 0)
(2.20517 14.4127 0)
(29.1432 27.2541 0)
(12.4989 24.6364 0)
(43.3131 9.83418 0)
(45.9801 9.85266 0)
(25.0239 20.1586 0)
(36.3227 23.4602 0)
(26.4884 19.9266 0)
(11.8153 16.8466 0)
(-35.4548 25.0687 0)
(-117.942 27.8964 0)
(-162.213 21.9812 0)
(-226.66 12.9705 0)
(-255.504 -1.47781 0)
(-252.433 -7.7489 0)
(-281.926 -16.5803 0)
(-268.247 -24.1 0)
(-262.272 -19.9172 0)
(-234.956 -21.648 0)
(-229.224 -28.1967 0)
(-237.886 -31.4651 0)
(-195.159 -40.6637 0)
(-197.501 -44.3909 0)
(-184.599 -37.7152 0)
(-170.977 -29.4993 0)
(-144.448 -20.9186 0)
(-86.092 -12.2338 0)
(-90.0649 -7.87946 0)
(-77.1164 -0.14365 0)
(-100.656 16.2452 0)
(-84.9971 32.7911 0)
(-125.943 48.3588 0)
(-133.144 65.2807 0)
(-166.967 90.748 0)
(-173.045 110.117 0)
(-210.87 108.308 0)
(-257.784 76.4804 0)
(-239.58 14.1264 0)
(-20.1246 -98.522 0)
(6.86846 -84.8084 0)
(9.52308 -73.7211 0)
(-4.06018 -74.5955 0)
(-2.12647 -72.2444 0)
(5.23542 -57.2258 0)
(27.5341 -27.6174 0)
(51.4655 -1.98971 0)
(68.491 8.42894 0)
(76.0749 14.0609 0)
(101.011 10.1692 0)
(102.064 -3.05732 0)
(86.5652 -8.8945 0)
(80.6057 -1.21088 0)
(62.3357 15.0372 0)
(29.5778 29.555 0)
(-19.9744 39.789 0)
(-81.4143 60.9868 0)
(-156.472 76.7157 0)
(-238.267 92.2315 0)
(-342.037 116.026 0)
(-450.383 135.484 0)
(-542.631 138.24 0)
(-640.72 131.304 0)
(-726.517 138.478 0)
(-803.411 153.521 0)
(-900.665 152.87 0)
(-960.576 145.355 0)
(-1015.75 136.12 0)
(-1010.31 117.956 0)
(-1044.19 88.4162 0)
(-1049.75 53.1084 0)
(-1069.4 23.3993 0)
(-1056.34 3.44214 0)
(-1060.52 -21.8569 0)
(-1069.24 -41.7468 0)
(-1059.01 -58.0875 0)
(-1026.3 -76.0359 0)
(-969.946 -96.8887 0)
(-961.387 -120.709 0)
(-891.041 -141 0)
(-868.328 -166.612 0)
(-812.904 -183.796 0)
(-721.487 -191.46 0)
(-677.677 -185.782 0)
(-593.286 -172.544 0)
(-544.709 -160.453 0)
(-451.793 -147.255 0)
(-383.268 -121.214 0)
(-297.198 -88.2937 0)
(-265.065 -56.3396 0)
(-202.888 -19.1094 0)
(-142.039 18.1705 0)
(-117.86 33.1516 0)
(-69.507 24.3392 0)
(-53.9791 8.852 0)
(-42.6472 -5.91457 0)
(-95.502 -6.90005 0)
(-89.7273 -0.710927 0)
(-127.688 -0.659933 0)
(-142.175 2.15417 0)
(-121.337 0.71309 0)
(-103.886 7.05318 0)
(-93.6571 26.5816 0)
(-94.9562 22.9764 0)
(-63.4376 5.90096 0)
(-77.2998 11.4639 0)
(-79.9151 22.3583 0)
(-76.1254 22.8094 0)
(-66.775 22.4935 0)
(-98.4574 25.9845 0)
(-166.248 40.9808 0)
(-209.742 42.4494 0)
(-276.603 35.8639 0)
(-309.029 21.7375 0)
(-332.944 5.01254 0)
(-373.745 -3.33516 0)
(-371.858 -15.3482 0)
(-394.69 -26.349 0)
(-367.088 -21.671 0)
(-372.436 -21.4638 0)
(-396.131 -29.275 0)
(-356.451 -35.8134 0)
(-356.35 -45.1915 0)
(-339.066 -47.0618 0)
(-314.332 -42.9924 0)
(-278.683 -36.8218 0)
(-244.705 -30.8212 0)
(-180.639 -21.3308 0)
(-182.064 -10.346 0)
(-152.688 2.67134 0)
(-191.06 18.8787 0)
(-188.278 35.6423 0)
(-203.377 53.0642 0)
(-235.587 69.7487 0)
(-226.189 94.3264 0)
(-236.673 114.415 0)
(-273.119 114.028 0)
(-282.619 80.0185 0)
(-258.166 17.5311 0)
(-30.8338 -97.6424 0)
(-5.54308 -83.9454 0)
(-11.8676 -72.4005 0)
(-34.3961 -72.1274 0)
(-43.6639 -71.9107 0)
(-44.1519 -60.3066 0)
(-26.4474 -32.7554 0)
(4.18211 -7.4712 0)
(22.6312 3.60718 0)
(40.0359 9.51771 0)
(55.3655 7.31377 0)
(63.7754 -1.23956 0)
(38.7235 -6.41065 0)
(38.1249 2.17773 0)
(9.21991 22.1642 0)
(-10.1348 39.3527 0)
(-61.1459 52.348 0)
(-110.224 77.3474 0)
(-203.93 97.4753 0)
(-281.259 117.081 0)
(-388.111 141.775 0)
(-501.799 162.577 0)
(-601.438 165.454 0)
(-712.244 159.966 0)
(-813.537 159.933 0)
(-890.927 174.442 0)
(-995.005 173.658 0)
(-1026.57 162.594 0)
(-1086.42 145.836 0)
(-1091.07 120.209 0)
(-1089.9 91.6031 0)
(-1105.08 55.8224 0)
(-1098.49 25.9302 0)
(-1130.26 4.10069 0)
(-1106.01 -23.331 0)
(-1111.44 -42.1761 0)
(-1103.6 -61.1859 0)
(-1094.65 -85.2133 0)
(-1031.31 -105.878 0)
(-1020.14 -128.786 0)
(-973.709 -151.99 0)
(-948.096 -179.145 0)
(-875.52 -199.563 0)
(-841.28 -206.095 0)
(-757.721 -201.996 0)
(-713.663 -189.515 0)
(-632.263 -178 0)
(-570.255 -166.731 0)
(-492.944 -139.647 0)
(-415.689 -105.999 0)
(-334.699 -71.4799 0)
(-297.398 -31.2401 0)
(-229.971 7.26546 0)
(-207.496 23.9544 0)
(-159.28 17.8105 0)
(-171.187 6.00361 0)
(-149.169 -3.37573 0)
(-201.294 -0.610197 0)
(-199.08 3.53019 0)
(-229.039 5.71005 0)
(-251.629 3.60253 0)
(-238.492 -2.5592 0)
(-265.401 2.80996 0)
(-209.127 24.1368 0)
(-181.205 20.1166 0)
(-200.436 4.47563 0)
(-206.449 10.8632 0)
(-167.122 22.1878 0)
(-185.921 24.3037 0)
(-209.743 26.2104 0)
(-220.206 34.9595 0)
(-268.243 54.6934 0)
(-337.026 55.9607 0)
(-374.659 47.5397 0)
(-429.632 30.982 0)
(-473.124 13.4561 0)
(-496.629 0.985019 0)
(-488.888 -14.5735 0)
(-491.349 -25.8739 0)
(-518.818 -23.0844 0)
(-478.876 -20.3306 0)
(-511.546 -29.7273 0)
(-487.453 -39.7257 0)
(-475.728 -49.9828 0)
(-446.583 -52.6914 0)
(-411.436 -52.5096 0)
(-342.147 -48.316 0)
(-295.296 -39.8647 0)
(-287.465 -27.5186 0)
(-252.348 -14.9509 0)
(-265.701 4.81823 0)
(-283.116 23.922 0)
(-304.377 39.3044 0)
(-322.125 56.0784 0)
(-306.24 71.2189 0)
(-310.458 93.3729 0)
(-274.265 115.376 0)
(-304.619 118.019 0)
(-319.131 78.6928 0)
(-265.697 16.356 0)
(-40.5859 -93.9003 0)
(-21.834 -81.1914 0)
(-35.6238 -68.8639 0)
(-64.2722 -67.6406 0)
(-81.332 -70.0008 0)
(-94.5551 -62.6097 0)
(-79.6742 -39.06 0)
(-40.1526 -14.239 0)
(-21.7099 -1.7744 0)
(3.0325 6.20963 0)
(9.23022 6.41272 0)
(12.2598 0.966339 0)
(-5.56847 -3.35119 0)
(-23.1212 5.75166 0)
(-33.3777 27.9684 0)
(-57.2203 47.673 0)
(-110.945 65.0401 0)
(-160.244 94.8501 0)
(-234.409 118.085 0)
(-319.798 139.023 0)
(-426.276 168.177 0)
(-529.274 187.812 0)
(-640.676 192.468 0)
(-762.621 185.978 0)
(-888.326 183.333 0)
(-952.176 196.725 0)
(-1036.91 189.665 0)
(-1083.12 171.479 0)
(-1127.11 151.908 0)
(-1142.23 121.078 0)
(-1137.35 91.8607 0)
(-1155.77 55.7741 0)
(-1140.05 25.9906 0)
(-1151.24 5.97968 0)
(-1160.54 -25.7947 0)
(-1135.05 -44.0995 0)
(-1132.41 -64.1923 0)
(-1128.56 -93.7499 0)
(-1067.96 -115.34 0)
(-1046.16 -135.3 0)
(-1044.44 -158.287 0)
(-991.976 -188.873 0)
(-987.282 -211.091 0)
(-910.191 -220.41 0)
(-876.15 -218.188 0)
(-793.761 -204.045 0)
(-750.711 -196.979 0)
(-646.165 -186.623 0)
(-586.932 -158.091 0)
(-482.252 -125.658 0)
(-440.163 -86.4906 0)
(-374.052 -43.19 0)
(-343.544 -2.21215 0)
(-286.818 15.2831 0)
(-274.651 14.8019 0)
(-283.499 4.78208 0)
(-279.806 0.72767 0)
(-304.106 4.1609 0)
(-337.569 8.15457 0)
(-350.871 9.83185 0)
(-350.333 6.71286 0)
(-362.65 0.642767 0)
(-405.374 1.27771 0)
(-376.821 15.1177 0)
(-312.135 16.4636 0)
(-327.719 6.77425 0)
(-339.761 7.242 0)
(-282.561 18.632 0)
(-303.685 28.8248 0)
(-314.776 33.5872 0)
(-392.396 44.7639 0)
(-402.892 62.7876 0)
(-429.35 69.6875 0)
(-499.938 59.818 0)
(-539.649 43.2326 0)
(-589.622 21.0663 0)
(-579.432 4.37497 0)
(-606.676 -11.233 0)
(-640.042 -21.1501 0)
(-664.17 -24.8356 0)
(-609.295 -23.4832 0)
(-616.882 -28.68 0)
(-625.809 -44.495 0)
(-564.9 -59.7788 0)
(-532.679 -62.1736 0)
(-466.256 -65.0777 0)
(-440.225 -61.6829 0)
(-404.25 -47.3632 0)
(-349.484 -34.5844 0)
(-365.441 -14.0776 0)
(-369.463 7.77347 0)
(-376.537 27.7618 0)
(-385.023 43.6546 0)
(-394.179 55.8935 0)
(-395.737 68.321 0)
(-358.806 88.7666 0)
(-323.702 111.519 0)
(-333.495 118.846 0)
(-320.287 72.8016 0)
(-243.483 12.16 0)
(-45.6386 -87.2642 0)
(-37.7162 -76.679 0)
(-58.9886 -64.3353 0)
(-94.7043 -61.3004 0)
(-116.903 -64.4718 0)
(-140.022 -61.8288 0)
(-125.407 -45.1011 0)
(-86.7228 -20.9876 0)
(-68.1924 -6.67335 0)
(-51.2998 2.0579 0)
(-38.6991 4.73322 0)
(-30.3655 3.16458 0)
(-59.915 1.16453 0)
(-77.2752 9.48824 0)
(-94.6352 33.3096 0)
(-105.235 57.1762 0)
(-162.023 78.4587 0)
(-225.999 110.586 0)
(-284.535 138.053 0)
(-373.231 165.129 0)
(-477.47 194.902 0)
(-575.855 214.068 0)
(-676.581 223.699 0)
(-794.713 220.491 0)
(-932.597 210.454 0)
(-1003.34 213.47 0)
(-1068.21 204.233 0)
(-1087.55 180.582 0)
(-1122.45 156.237 0)
(-1112.36 124.698 0)
(-1165.49 94.8923 0)
(-1128.35 54.9495 0)
(-1161.51 25.0461 0)
(-1121.96 5.26463 0)
(-1130.45 -23.9576 0)
(-1167.18 -45.3718 0)
(-1124.45 -67.9613 0)
(-1136.43 -99.8961 0)
(-1089.53 -122.269 0)
(-1114.08 -138.136 0)
(-1074.42 -163.643 0)
(-1062.58 -194.822 0)
(-1058.84 -219.826 0)
(-987.066 -234.523 0)
(-961.88 -229.994 0)
(-920.658 -221.977 0)
(-818.074 -216.532 0)
(-762.517 -204.155 0)
(-701.964 -178.287 0)
(-597.902 -144.82 0)
(-555.191 -101.217 0)
(-511.101 -53.393 0)
(-450.769 -16.0199 0)
(-386.464 7.4786 0)
(-389.027 14.1288 0)
(-377.282 8.76058 0)
(-417.207 6.0707 0)
(-471.441 11.8743 0)
(-464.025 13.0447 0)
(-495.697 13.9152 0)
(-518.579 10.4182 0)
(-525.977 5.25974 0)
(-558.246 2.22554 0)
(-537.796 4.94224 0)
(-454.788 8.83815 0)
(-460.253 7.18796 0)
(-469.056 2.742 0)
(-416.055 14.2915 0)
(-428.055 32.7717 0)
(-458.867 45.712 0)
(-531.447 56.9827 0)
(-557.177 69.3937 0)
(-573.063 76.4431 0)
(-628.162 70.7548 0)
(-636.08 53.4511 0)
(-690.639 27.5831 0)
(-689.086 8.12213 0)
(-717.86 -4.71306 0)
(-750.932 -16.5179 0)
(-737.134 -24.878 0)
(-748.158 -27.7656 0)
(-739.425 -30.726 0)
(-722.9 -48.7024 0)
(-698.687 -72.3157 0)
(-619.939 -77.572 0)
(-547.357 -77.2822 0)
(-535.07 -70.0365 0)
(-477.599 -57.2119 0)
(-451.272 -39.3594 0)
(-455.249 -14.9203 0)
(-420.813 8.40936 0)
(-439.61 29.5765 0)
(-448.746 45.2309 0)
(-452.399 55.8854 0)
(-446.257 64.6445 0)
(-415.188 80.6908 0)
(-381.952 104.04 0)
(-342.172 111.624 0)
(-291.558 60.3101 0)
(-190.216 3.2424 0)
(-52.3493 -77.9852 0)
(-57.3736 -68.6121 0)
(-90.0524 -56.9783 0)
(-127.609 -54.3915 0)
(-152.58 -59.6939 0)
(-179.736 -61.2194 0)
(-167.048 -49.7896 0)
(-137.782 -26.9031 0)
(-127.077 -11.1265 0)
(-103.903 -2.32033 0)
(-99.0247 3.00637 0)
(-88.562 5.72557 0)
(-113.079 6.62628 0)
(-136.311 13.4849 0)
(-148.156 35.3578 0)
(-152.942 64.7254 0)
(-216.56 92.3218 0)
(-277.866 124.799 0)
(-348.661 157.494 0)
(-446.703 188.754 0)
(-523.168 217.704 0)
(-632.276 237.303 0)
(-744.328 247.845 0)
(-837.008 248.399 0)
(-969.17 236.29 0)
(-1043.13 227.7 0)
(-1050.93 210.276 0)
(-1102.65 187.82 0)
(-1092.78 160.198 0)
(-1110.65 132.119 0)
(-1141.61 96.4156 0)
(-1106.19 54.2606 0)
(-1137.2 24.395 0)
(-1107.85 2.48428 0)
(-1102.98 -19.7735 0)
(-1147.16 -43.5452 0)
(-1103.8 -72.2276 0)
(-1120.89 -102.15 0)
(-1100.39 -121.08 0)
(-1133.38 -137.104 0)
(-1123.43 -171.533 0)
(-1072.45 -199.43 0)
(-1081.67 -226.822 0)
(-1039.74 -242.105 0)
(-1043.44 -239.163 0)
(-966.731 -237.645 0)
(-923.04 -232.211 0)
(-876.682 -218.529 0)
(-824.363 -196.341 0)
(-728.552 -162.806 0)
(-684.769 -113.378 0)
(-648.282 -64.8486 0)
(-585.229 -28.3931 0)
(-545.508 -1.23447 0)
(-534.088 11.0429 0)
(-504.283 11.9583 0)
(-551.614 19.2125 0)
(-594.961 20.3594 0)
(-628.674 18.7712 0)
(-649.084 19.7173 0)
(-656.077 15.694 0)
(-694.848 9.92697 0)
(-716.205 0.86393 0)
(-667.594 -7.90694 0)
(-589.424 -1.54687 0)
(-583.313 3.96685 0)
(-559.738 0.278422 0)
(-570.871 10.108 0)
(-536.027 36.0234 0)
(-573.629 58.4083 0)
(-645.572 68.8244 0)
(-691.123 80.3308 0)
(-719.949 84.6366 0)
(-740.951 76.8665 0)
(-784.151 59.2151 0)
(-786.649 33.4752 0)
(-819.8 11.1853 0)
(-794.474 -0.435282 0)
(-820.242 -12.2039 0)
(-853.116 -24.2951 0)
(-818.398 -26.5868 0)
(-833.809 -35.6221 0)
(-786.771 -54.4846 0)
(-780.112 -82.031 0)
(-743.022 -95.9037 0)
(-646.742 -89.0403 0)
(-625.424 -80.3327 0)
(-565.364 -66.0308 0)
(-555.394 -44.4239 0)
(-514.771 -19.75 0)
(-516.976 5.43061 0)
(-486.508 30.5178 0)
(-497.62 45.8492 0)
(-492.663 53.6843 0)
(-479.355 58.3791 0)
(-425.361 72.8652 0)
(-391.007 92.7648 0)
(-360.853 94.9946 0)
(-242.508 37.2707 0)
(-129.925 -11.2056 0)
(-68.3064 -65.1309 0)
(-73.9347 -58.7075 0)
(-119.995 -48.5314 0)
(-160.422 -46.0425 0)
(-187.858 -52.4274 0)
(-213.546 -58.8484 0)
(-208.436 -53.4884 0)
(-188.816 -31.9035 0)
(-186.748 -15.7548 0)
(-166.146 -6.09584 0)
(-155.497 1.14627 0)
(-154.052 7.3063 0)
(-165.212 11.7584 0)
(-191.76 17.8059 0)
(-201.168 38.5744 0)
(-210.745 74.9859 0)
(-279.447 109.807 0)
(-350.092 143.754 0)
(-412.491 177.645 0)
(-519.332 210.38 0)
(-594.112 242.435 0)
(-722.521 266.137 0)
(-805.253 274.176 0)
(-899.263 274.954 0)
(-982.311 260.048 0)
(-1054.44 239.444 0)
(-1057.67 215.519 0)
(-1062.52 191.458 0)
(-1083.05 164.161 0)
(-1110.11 134.522 0)
(-1066.7 93.4649 0)
(-1061.79 53.6904 0)
(-1085.03 25.0617 0)
(-1073.9 1.84749 0)
(-1097.4 -16.113 0)
(-1118.1 -45.4192 0)
(-1069.69 -75.7559 0)
(-1091.67 -100.65 0)
(-1124.24 -117.732 0)
(-1119.93 -140.632 0)
(-1075.92 -176.444 0)
(-1099.12 -203.22 0)
(-1080.97 -228.269 0)
(-1112.46 -243.049 0)
(-1108.15 -250.095 0)
(-1030.23 -252.014 0)
(-997.975 -243.573 0)
(-969.274 -230.962 0)
(-890.803 -211.19 0)
(-866.153 -176.941 0)
(-829.049 -124.375 0)
(-777.362 -75.8115 0)
(-758.67 -37.7514 0)
(-704.766 -7.64403 0)
(-676.215 7.1794 0)
(-687.657 14.283 0)
(-717.644 26.9639 0)
(-734.43 29.3357 0)
(-775.025 25.6062 0)
(-780.989 26.0645 0)
(-822.717 21.5094 0)
(-815.031 13.7075 0)
(-849.687 -2.14154 0)
(-808.738 -17.3855 0)
(-776.028 -16.4893 0)
(-703.493 -5.02857 0)
(-691.872 -0.916967 0)
(-698.603 10.9907 0)
(-697.28 36.4285 0)
(-679.341 64.9365 0)
(-736.973 85.6645 0)
(-818.658 91.2025 0)
(-861.837 94.557 0)
(-896.464 82.723 0)
(-887.575 63.5379 0)
(-912.389 36.3384 0)
(-892.982 10.5636 0)
(-869.361 -1.56263 0)
(-892.045 -7.98043 0)
(-916.504 -23.1213 0)
(-878.869 -29.2307 0)
(-897.145 -38.2273 0)
(-880.881 -60.2821 0)
(-855.163 -89.5258 0)
(-819.132 -111.529 0)
(-729.4 -104.76 0)
(-707.777 -89.7968 0)
(-677.193 -75.36 0)
(-617.424 -54.1295 0)
(-605.364 -26.328 0)
(-586.603 2.44176 0)
(-575.773 26.5883 0)
(-528.241 44.0347 0)
(-526.009 48.9835 0)
(-481.616 51.6742 0)
(-455.025 61.882 0)
(-384.722 80.5804 0)
(-334.756 73.8089 0)
(-194.523 8.96576 0)
(-85.6224 -27.0642 0)
(-80.0079 -48.2318 0)
(-98.4199 -46.2556 0)
(-150.3 -38.2008 0)
(-191.08 -38.652 0)
(-213.265 -47.6326 0)
(-248.223 -55.6181 0)
(-255.095 -54.4934 0)
(-250.687 -34.0835 0)
(-238.614 -17.7896 0)
(-232.295 -8.97817 0)
(-225.511 -0.519465 0)
(-208.073 8.45877 0)
(-226.143 15.6471 0)
(-242.202 22.067 0)
(-256.843 42.532 0)
(-273.915 84.1808 0)
(-334.682 126.633 0)
(-416.354 162.736 0)
(-502.938 199.212 0)
(-575.438 232.66 0)
(-682.658 266.01 0)
(-783.942 290.318 0)
(-889.096 295.667 0)
(-931.807 290.807 0)
(-984.602 275.634 0)
(-1026.14 249.727 0)
(-1057.22 217.954 0)
(-1036.73 188.073 0)
(-985.61 163.706 0)
(-996.941 131.379 0)
(-950.535 90.0465 0)
(-973.607 56.5034 0)
(-987.639 29.1099 0)
(-1016.37 3.80523 0)
(-992.542 -14.3604 0)
(-1005.05 -45.1662 0)
(-1013.91 -75.0894 0)
(-1032.91 -93.9267 0)
(-1059.03 -115.737 0)
(-1031.16 -142.108 0)
(-1055.66 -174.246 0)
(-1093.42 -198.52 0)
(-1127.71 -222.192 0)
(-1153.68 -243.954 0)
(-1111.46 -257.056 0)
(-1110.46 -264.829 0)
(-1048.49 -253.761 0)
(-1045.5 -240.138 0)
(-1018.01 -222.783 0)
(-950.48 -185.698 0)
(-941.836 -133.004 0)
(-925.853 -83.1512 0)
(-901.665 -46.1418 0)
(-879.925 -15.5918 0)
(-894.754 2.34826 0)
(-861.826 14.3211 0)
(-883.87 27.7147 0)
(-860.999 32.9549 0)
(-901.094 34.4244 0)
(-950.694 33.1367 0)
(-939.599 22.9214 0)
(-931.358 15.1514 0)
(-964.676 1.15128 0)
(-970.063 -23.9765 0)
(-901.673 -28.0837 0)
(-856.029 -19.1753 0)
(-793.002 -5.55615 0)
(-769.159 12.9987 0)
(-808.494 40.3109 0)
(-842.373 73.9873 0)
(-904.007 96.4424 0)
(-919.468 100.785 0)
(-921.729 102.169 0)
(-959.089 89.7744 0)
(-992.268 64.6776 0)
(-961.591 34.7783 0)
(-967.452 5.84382 0)
(-938.562 -2.13789 0)
(-941.963 -5.57726 0)
(-938.488 -25.4592 0)
(-908.475 -31.5088 0)
(-926.912 -40.9476 0)
(-888.958 -65.5 0)
(-878.734 -98.8723 0)
(-819.979 -124.067 0)
(-792.287 -115.095 0)
(-771.563 -97.2166 0)
(-722.557 -84.5834 0)
(-691.933 -61.7459 0)
(-660.149 -29.7338 0)
(-614.437 -0.077132 0)
(-621.944 20.9313 0)
(-574.36 36.3834 0)
(-563.365 42.0625 0)
(-534.564 39.766 0)
(-463.515 49.4917 0)
(-404.536 60.3089 0)
(-299.886 43.3042 0)
(-116.618 -23.3193 0)
(-52.9632 -36.7883 0)
(-85.5073 -26.95 0)
(-117.553 -31.268 0)
(-176.159 -27.4304 0)
(-205.859 -30.9706 0)
(-251 -38.5744 0)
(-280.49 -49.4622 0)
(-291.734 -52.1223 0)
(-315.001 -36.1251 0)
(-301.002 -19.2206 0)
(-301.005 -10.0917 0)
(-302.96 -2.71014 0)
(-289.999 7.47814 0)
(-275.435 18.4887 0)
(-298.693 26.2635 0)
(-314.409 47.1881 0)
(-338.402 92.9209 0)
(-379.968 142.7 0)
(-448.636 184.305 0)
(-557.408 222.088 0)
(-669.065 257.137 0)
(-749.859 290.337 0)
(-841.716 310.698 0)
(-920.937 314.03 0)
(-951.531 299.479 0)
(-953.801 279.791 0)
(-971.481 256.155 0)
(-963.604 219.023 0)
(-956.547 181.253 0)
(-910.737 153.546 0)
(-861.981 124.22 0)
(-858.173 88.5319 0)
(-866.029 59.1708 0)
(-880.056 34.2846 0)
(-893.235 7.23957 0)
(-916.514 -16.8968 0)
(-879.514 -43.6846 0)
(-911.903 -70.5238 0)
(-940.211 -88.3432 0)
(-959.026 -111.538 0)
(-978.43 -139.555 0)
(-1012.05 -165.033 0)
(-1051.47 -188.198 0)
(-1085.13 -213.063 0)
(-1117.95 -236.788 0)
(-1142.66 -257.159 0)
(-1143.54 -267.404 0)
(-1134.5 -260.604 0)
(-1079.26 -245.269 0)
(-1081.52 -227.888 0)
(-1062.48 -194.375 0)
(-1011.25 -138.809 0)
(-1025.61 -84.7548 0)
(-1042.44 -46.9845 0)
(-1056.71 -14.7772 0)
(-1047.15 1.37792 0)
(-1075.2 11.4732 0)
(-1026.62 25.2236 0)
(-1041.76 34.6388 0)
(-1054.97 40.5567 0)
(-1068.29 35.993 0)
(-1044.93 22.1542 0)
(-1059.54 16.8176 0)
(-1069.11 2.28362 0)
(-1048.56 -32.0935 0)
(-985.939 -42.1444 0)
(-934.017 -33.2787 0)
(-908.287 -16.5366 0)
(-882.481 11.4889 0)
(-875.707 49.9935 0)
(-940.969 89.313 0)
(-998.819 110.657 0)
(-1029.41 103.271 0)
(-1001.05 101.034 0)
(-988.645 93.7304 0)
(-1015.11 66.2503 0)
(-1001.73 29.5083 0)
(-964.938 3.68806 0)
(-979.434 -5.04826 0)
(-922.144 -12.0838 0)
(-913.092 -25.2223 0)
(-921.76 -30.9008 0)
(-905.535 -40.2388 0)
(-915.87 -70.8821 0)
(-855.581 -106.986 0)
(-836.17 -131.38 0)
(-824.762 -120.629 0)
(-770.5 -106.077 0)
(-762.306 -93.4074 0)
(-705.39 -72.1811 0)
(-688.662 -39.5578 0)
(-681.267 -6.20667 0)
(-664.755 14.9749 0)
(-643.949 27.2511 0)
(-581.191 33.7426 0)
(-562.589 31.0525 0)
(-507.297 33.2659 0)
(-419.456 33.6741 0)
(-263.568 1.88756 0)
(-54.0736 -51.124 0)
(-44.4387 -39.0216 0)
(-85.1567 -3.79246 0)
(-129.977 -15.4245 0)
(-179.672 -16.1938 0)
(-233.011 -20.4733 0)
(-276.845 -30.8643 0)
(-295.015 -42.672 0)
(-339.419 -45.6363 0)
(-362.574 -33.5316 0)
(-361.618 -19.0343 0)
(-365.995 -10.2313 0)
(-360.656 -4.94816 0)
(-355.352 3.98338 0)
(-354.026 17.2898 0)
(-345.062 29.9353 0)
(-371.599 53.9021 0)
(-386.599 102.063 0)
(-443.704 156.131 0)
(-513.18 203.595 0)
(-588.912 250.423 0)
(-731.831 287.793 0)
(-846.549 314.386 0)
(-880.2 328.715 0)
(-911.98 325.349 0)
(-952.056 305.166 0)
(-928.377 277.596 0)
(-889.706 250.094 0)
(-849.636 212.83 0)
(-817.684 174.337 0)
(-794.069 145.719 0)
(-765.01 115.356 0)
(-696.085 87.4521 0)
(-718.807 62.0339 0)
(-732.05 37.5859 0)
(-742.183 11.4179 0)
(-750.252 -15.5068 0)
(-761.595 -43.0738 0)
(-786.146 -63.6299 0)
(-808.946 -83.1736 0)
(-828.954 -106.481 0)
(-856.042 -131.812 0)
(-899.047 -155.743 0)
(-949.039 -178.543 0)
(-995.353 -203.798 0)
(-1040.54 -229.582 0)
(-1084.11 -252.088 0)
(-1114.07 -265.788 0)
(-1130.6 -264.489 0)
(-1124.97 -252.535 0)
(-1076.51 -235.383 0)
(-1046.23 -200.718 0)
(-1059.3 -140.885 0)
(-1039.37 -80.1271 0)
(-1091.76 -38.8437 0)
(-1148.29 -8.70386 0)
(-1179.92 5.55385 0)
(-1188.93 9.09502 0)
(-1167.24 22.041 0)
(-1138.98 36.1804 0)
(-1137.55 40.8168 0)
(-1106.22 35.6688 0)
(-1116.74 22.3239 0)
(-1135.44 14.986 0)
(-1093.6 -0.967707 0)
(-1086.52 -35.0194 0)
(-1075.79 -52.4592 0)
(-1025.18 -46.3441 0)
(-950.086 -26.4372 0)
(-946.299 8.83086 0)
(-923.338 56.0896 0)
(-981.262 98.8546 0)
(-993.921 113.703 0)
(-1028.4 107.019 0)
(-1044.41 98.0707 0)
(-1005.84 91.9283 0)
(-997.872 63.5236 0)
(-961.259 25.0278 0)
(-948.941 0.160148 0)
(-920.678 -13.8737 0)
(-860.585 -20.352 0)
(-865.824 -26.2971 0)
(-881.856 -29.5404 0)
(-889.951 -41.9782 0)
(-867.198 -80.2978 0)
(-811.549 -116.131 0)
(-808.492 -133.83 0)
(-809.958 -124.335 0)
(-762.46 -111.836 0)
(-764.841 -100.043 0)
(-699.929 -80.6842 0)
(-688.145 -43.019 0)
(-688.699 -7.80672 0)
(-676.5 11.2578 0)
(-655.675 17.9519 0)
(-589.591 22.044 0)
(-560.983 20.0366 0)
(-499.887 14.6553 0)
(-398.955 -0.374158 0)
(-197.947 -46.3141 0)
(-24.5426 -70.9612 0)
(-17.8724 -37.1995 0)
(-72.3064 20.7734 0)
(-123.837 3.26209 0)
(-192.923 -3.01908 0)
(-238.563 -9.38482 0)
(-286.53 -21.6545 0)
(-325.337 -33.0993 0)
(-369.495 -36.7925 0)
(-400.009 -30.6174 0)
(-386.411 -18.1098 0)
(-418.621 -9.55678 0)
(-409.987 -4.30641 0)
(-430.198 4.51638 0)
(-412.122 14.7114 0)
(-416.065 31.708 0)
(-435.714 60.2833 0)
(-452.93 109.884 0)
(-474.197 167.751 0)
(-540.907 225.731 0)
(-657.19 278.897 0)
(-778.907 317.041 0)
(-866.284 329.722 0)
(-918.833 336.627 0)
(-935.706 328.849 0)
(-872.375 301.023 0)
(-859.699 271.48 0)
(-809.028 235.776 0)
(-694.591 197.572 0)
(-659.134 166.055 0)
(-609.304 136.015 0)
(-568.839 105.192 0)
(-546.349 80.3319 0)
(-544.76 63.745 0)
(-546.051 39.7244 0)
(-549.923 13.0759 0)
(-555.831 -12.9623 0)
(-570.521 -37.3182 0)
(-599.012 -57.223 0)
(-627.878 -76.999 0)
(-655.855 -98.974 0)
(-691.957 -121.363 0)
(-744.075 -142.727 0)
(-804.668 -165.274 0)
(-864.093 -190.687 0)
(-922.904 -216.702 0)
(-976.741 -240.944 0)
(-1024.24 -257.53 0)
(-1063.95 -260.362 0)
(-1088.22 -254.794 0)
(-1087.44 -239.97 0)
(-1077.83 -203.49 0)
(-1052.7 -140.525 0)
(-1079.83 -69.5325 0)
(-1132.65 -20.4084 0)
(-1198.14 5.661 0)
(-1193.07 9.97917 0)
(-1219.7 7.38753 0)
(-1173.34 15.9607 0)
(-1163.66 32.683 0)
(-1160.75 39.2274 0)
(-1174.08 33.3764 0)
(-1126.8 21.2294 0)
(-1141.37 12.306 0)
(-1098.48 -4.19152 0)
(-1115.08 -37.4504 0)
(-1071.12 -63.7896 0)
(-1016.1 -60.8497 0)
(-985.879 -33.6721 0)
(-977.339 7.28158 0)
(-979.16 62.6193 0)
(-984.678 106.033 0)
(-991.163 119.621 0)
(-1006.03 110.758 0)
(-1009.88 97.1574 0)
(-989.484 83.7435 0)
(-944.521 53.688 0)
(-912.218 14.792 0)
(-862.308 -7.99599 0)
(-844.976 -23.2219 0)
(-798.405 -28.6404 0)
(-804.25 -26.221 0)
(-819.709 -25.2366 0)
(-815.042 -43.8334 0)
(-788.961 -90.5612 0)
(-751.473 -125.471 0)
(-764.37 -137.411 0)
(-740.865 -129.043 0)
(-745.535 -117.249 0)
(-713.357 -109.59 0)
(-660.047 -91.0513 0)
(-656.46 -42.2197 0)
(-664.221 -3.31765 0)
(-663.407 8.25455 0)
(-609.881 6.68815 0)
(-573.765 9.68853 0)
(-522.186 6.49892 0)
(-453.115 -6.16136 0)
(-335 -40.4792 0)
(-147.027 -88.9804 0)
(-1.15953 -92.7426 0)
(45.0367 -42.0598 0)
(-57.7968 39.4642 0)
(-89.9826 23.9813 0)
(-174.627 10.8509 0)
(-206.989 1.42928 0)
(-270.514 -9.34157 0)
(-325.372 -21.3528 0)
(-377.767 -27.9817 0)
(-394.497 -25.4602 0)
(-429.93 -14.0868 0)
(-430.591 -6.78071 0)
(-461.291 -2.27976 0)
(-458.83 4.99911 0)
(-451.655 13.6024 0)
(-455.974 32.953 0)
(-467.966 63.3866 0)
(-481.906 114.627 0)
(-544.586 182.117 0)
(-620.705 247.96 0)
(-720.228 305.319 0)
(-811.696 339.366 0)
(-864.547 344.866 0)
(-874.667 340.076 0)
(-846.733 319.246 0)
(-786.907 287.13 0)
(-714.255 253.628 0)
(-628.505 212.761 0)
(-546.045 177.196 0)
(-477.633 150.15 0)
(-412.893 123.558 0)
(-362.463 97.0641 0)
(-336.239 78.263 0)
(-328.294 63.0884 0)
(-326.201 40.1156 0)
(-328.844 14.3195 0)
(-336.419 -10.0924 0)
(-354.966 -31.7207 0)
(-388.144 -49.9943 0)
(-423.93 -69.2408 0)
(-460.34 -89.56 0)
(-505.123 -109.203 0)
(-565.099 -127.97 0)
(-634.742 -148.945 0)
(-705.383 -174.071 0)
(-776.319 -200.506 0)
(-840.677 -226.264 0)
(-903.428 -244.008 0)
(-961.386 -249.574 0)
(-1007.14 -248.539 0)
(-1035.99 -238.585 0)
(-1052 -205.77 0)
(-1054.76 -141.957 0)
(-1053.58 -61.258 0)
(-1135.19 -5.55096 0)
(-1188.14 14.219 0)
(-1178.09 10.3767 0)
(-1191.52 4.03566 0)
(-1180.83 8.40646 0)
(-1121.52 26.7365 0)
(-1124.01 40.5596 0)
(-1138.82 31.2734 0)
(-1094.65 14.6097 0)
(-1091.99 6.33576 0)
(-1076.29 -8.58963 0)
(-1080.36 -43.4871 0)
(-1035.3 -74.3417 0)
(-1014.95 -69.3336 0)
(-989.112 -40.5273 0)
(-942.553 7.62702 0)
(-975.685 65.2333 0)
(-967.919 106.593 0)
(-994.65 117.776 0)
(-954.626 108.095 0)
(-949.358 93.5971 0)
(-901.608 78.3058 0)
(-888.633 44.7121 0)
(-832.004 5.70836 0)
(-781.719 -16.4769 0)
(-730.072 -30.0161 0)
(-722.337 -31.4189 0)
(-730.178 -24.0647 0)
(-724.392 -24.4018 0)
(-700.675 -50.0505 0)
(-657.148 -95.3325 0)
(-676.882 -128.756 0)
(-678.807 -136.391 0)
(-690.911 -127.855 0)
(-680.408 -120.379 0)
(-648.571 -119.511 0)
(-628.827 -97.7536 0)
(-622.97 -43.1843 0)
(-598.076 -7.66541 0)
(-603.977 0.0220989 0)
(-555.263 -3.71618 0)
(-517.632 -2.78092 0)
(-455.65 -7.02239 0)
(-391.813 -29.0999 0)
(-286.425 -77.9462 0)
(-120.602 -133.64 0)
(5.75689 -124.153 0)
(127.751 -53.1022 0)
(-54.1069 53.3603 0)
(-67.9394 40.5358 0)
(-139.485 26.3249 0)
(-195.925 14.2094 0)
(-252.767 4.84236 0)
(-309.656 -7.08281 0)
(-365.248 -17.4883 0)
(-406.262 -18.7551 0)
(-415.124 -8.81931 0)
(-454.602 -0.454705 0)
(-492.244 1.69574 0)
(-475.496 4.74728 0)
(-497.092 14.9284 0)
(-514.48 35.3704 0)
(-530.554 67.1108 0)
(-552.065 124.26 0)
(-602.305 198.033 0)
(-675.902 268.935 0)
(-759.8 327.2 0)
(-812.258 353.683 0)
(-818.689 347.063 0)
(-783.139 331.497 0)
(-713.884 303.146 0)
(-627.651 266.938 0)
(-528.649 231.277 0)
(-427.036 191.442 0)
(-342.616 159.037 0)
(-268.958 133.359 0)
(-199.895 108.549 0)
(-143.845 86.8179 0)
(-110.929 72.9248 0)
(-97.3678 60.7946 0)
(-93.5855 40.1624 0)
(-98.7081 16.3116 0)
(-111.823 -5.93699 0)
(-137.46 -24.6768 0)
(-177.725 -41.0307 0)
(-221.338 -59.4142 0)
(-265.196 -78.2784 0)
(-316.441 -95.2544 0)
(-381.316 -111.437 0)
(-456.083 -130.597 0)
(-534.18 -154.961 0)
(-613.53 -182.025 0)
(-688.014 -208.818 0)
(-762.694 -227.178 0)
(-835.336 -234.257 0)
(-898.698 -235.869 0)
(-949.304 -228.992 0)
(-987.358 -201.105 0)
(-1012.44 -139.356 0)
(-1040.75 -50.0982 0)
(-1115.73 11.7231 0)
(-1162.61 18.9747 0)
(-1141.02 8.27788 0)
(-1153.6 -0.332303 0)
(-1130.36 1.60749 0)
(-1097.76 19.4096 0)
(-1089.33 39.3455 0)
(-1045.28 28.87 0)
(-1038.14 9.65134 0)
(-1019.1 2.82687 0)
(-1011.18 -8.99881 0)
(-986.907 -46.5858 0)
(-990.066 -80.6803 0)
(-953.995 -78.4353 0)
(-927.82 -51.3503 0)
(-907.924 5.34602 0)
(-916.902 70.3838 0)
(-919.148 108.952 0)
(-947.633 114.133 0)
(-894.115 99.5615 0)
(-872.63 86.3585 0)
(-827.009 68.0821 0)
(-764.648 31.3545 0)
(-729.338 -11.1149 0)
(-646.661 -29.8108 0)
(-619.158 -36.078 0)
(-612.464 -31.3556 0)
(-623.163 -25.0679 0)
(-636.999 -27.375 0)
(-563.378 -57.2249 0)
(-553.897 -94.8712 0)
(-569.932 -121.491 0)
(-606.818 -135.587 0)
(-599.558 -128.282 0)
(-606.192 -124.216 0)
(-572.687 -125.179 0)
(-570.228 -102.879 0)
(-559.059 -47.134 0)
(-534.522 -3.71527 0)
(-531.197 -2.46962 0)
(-492.853 -15.4893 0)
(-446.539 -16.867 0)
(-381.768 -24.1906 0)
(-324.267 -51.9549 0)
(-215.995 -109.706 0)
(-59.0701 -166.763 0)
(51.4214 -151.522 0)
(163.761 -74.9681 0)
(-41.9243 64.4907 0)
(-55.5992 52.357 0)
(-92.6206 39.7204 0)
(-154.758 29.2988 0)
(-216.143 19.4178 0)
(-270.244 7.22383 0)
(-324.977 -5.0671 0)
(-379.734 -11.4019 0)
(-388.362 -3.02011 0)
(-407.632 8.93838 0)
(-470.194 6.90275 0)
(-472.462 7.64369 0)
(-511.271 21.3867 0)
(-537.096 40.8793 0)
(-561.366 72.6199 0)
(-587.122 133.587 0)
(-632.745 213.082 0)
(-698.262 287.716 0)
(-756.559 340.816 0)
(-764.11 354.575 0)
(-719.484 336.973 0)
(-641.487 312.787 0)
(-538.819 280.654 0)
(-428.168 241.728 0)
(-316.839 204.65 0)
(-212.551 167.866 0)
(-127.296 138.394 0)
(-54.7824 115.319 0)
(13.9538 92.7759 0)
(70.1896 75.256 0)
(105.687 66.1065 0)
(121.688 57.0263 0)
(125.846 39.8329 0)
(117.27 18.4291 0)
(95.9309 -0.491905 0)
(61.6177 -15.8013 0)
(13.6908 -30.0047 0)
(-36.8886 -47.3849 0)
(-86.2449 -64.9682 0)
(-140.404 -79.6162 0)
(-205.448 -93.2728 0)
(-279.477 -110.756 0)
(-358.315 -133.621 0)
(-441.444 -161.014 0)
(-525.551 -188.614 0)
(-610.075 -207.498 0)
(-694.554 -215.619 0)
(-772.624 -219.433 0)
(-840.923 -215.301 0)
(-896.188 -191.299 0)
(-937.493 -130.235 0)
(-992.036 -35.3287 0)
(-1027.08 24.2115 0)
(-1103.99 27.4543 0)
(-1076.8 7.03326 0)
(-1075.31 -6.21729 0)
(-1035.42 -5.41093 0)
(-1000.74 14.1677 0)
(-987.1 32.9159 0)
(-934.841 21.356 0)
(-890.493 3.03855 0)
(-886.508 -1.00736 0)
(-872.025 -8.30057 0)
(-881.937 -43.7016 0)
(-901.871 -80.4661 0)
(-854.101 -83.6751 0)
(-849.08 -58.0614 0)
(-811.57 4.46347 0)
(-850.398 72.8616 0)
(-846.892 113.023 0)
(-858.687 108.409 0)
(-802.601 88.6371 0)
(-773.007 76.6018 0)
(-705.738 53.86 0)
(-621.673 18.1279 0)
(-590.688 -25.6724 0)
(-508.829 -43.5549 0)
(-483.534 -39.6872 0)
(-496.578 -30.2809 0)
(-529.784 -21.9625 0)
(-526.609 -34.9668 0)
(-426.716 -69.3922 0)
(-417.265 -96.7511 0)
(-430.442 -118.655 0)
(-462.644 -127.454 0)
(-505.559 -123.588 0)
(-489.309 -125.041 0)
(-489.527 -126.557 0)
(-506.345 -102.01 0)
(-500.291 -52.0634 0)
(-460.625 -12.4729 0)
(-438.142 -12.8853 0)
(-413.794 -26.5587 0)
(-376.554 -30.3883 0)
(-310.287 -37.1199 0)
(-232.048 -69.7962 0)
(-111.694 -143.399 0)
(21.4373 -197.114 0)
(109.679 -177.646 0)
(197.157 -92.0554 0)
(-27.4098 72.8638 0)
(-38.3461 61.1602 0)
(-65.6567 50.2275 0)
(-114.5 42.9166 0)
(-171.347 32.2707 0)
(-205.03 20.2582 0)
(-264.929 8.71258 0)
(-317.944 -0.808454 0)
(-363.398 1.92425 0)
(-364.213 15.5322 0)
(-392.601 16.9019 0)
(-454.921 14.7318 0)
(-474.185 29.893 0)
(-518.553 48.5596 0)
(-552.905 80.1725 0)
(-583.261 143.354 0)
(-626.083 226.799 0)
(-679.465 300.957 0)
(-702.377 343.585 0)
(-660.966 342.942 0)
(-568.693 316.074 0)
(-454.728 286.009 0)
(-329.573 250.97 0)
(-207.092 213.02 0)
(-92.6567 177.443 0)
(7.38335 144.82 0)
(88.4574 119.288 0)
(157.622 98.2044 0)
(222.399 77.9116 0)
(273.373 64.3403 0)
(303.133 60.1858 0)
(312.842 55.8734 0)
(307.483 42.2183 0)
(292.465 25.1707 0)
(264.521 9.0548 0)
(223.319 -3.5024 0)
(170.962 -16.6954 0)
(116.413 -34.3425 0)
(63.7008 -51.9227 0)
(9.49987 -65.8372 0)
(-50.3421 -78.4271 0)
(-114.71 -94.6612 0)
(-184.194 -115.441 0)
(-262.399 -139.629 0)
(-357.23 -165.637 0)
(-451.419 -183.487 0)
(-545.829 -193.298 0)
(-636.11 -199.273 0)
(-720.339 -197.735 0)
(-788.033 -178.435 0)
(-841.613 -119.038 0)
(-889.158 -21.8866 0)
(-948.134 43.7079 0)
(-975.035 30.9093 0)
(-935.415 1.81672 0)
(-942.561 -14.6685 0)
(-873.46 -15.6538 0)
(-848.617 7.53189 0)
(-829.813 23.5056 0)
(-751.348 9.58199 0)
(-722.838 -6.59416 0)
(-697.351 -4.51401 0)
(-705.399 -6.83312 0)
(-695.977 -41.8486 0)
(-742.98 -83.3213 0)
(-703.884 -91.1612 0)
(-721.224 -64.0476 0)
(-714.144 5.92744 0)
(-747.052 78.6628 0)
(-725.356 111.84 0)
(-695.875 100.446 0)
(-677.684 77.9101 0)
(-642.957 64.0901 0)
(-557.933 33.623 0)
(-452.925 -0.00246424 0)
(-415.903 -39.0918 0)
(-357.573 -54.5198 0)
(-339.046 -39.3779 0)
(-363.659 -21.9484 0)
(-381.834 -18.8035 0)
(-350.583 -48.8673 0)
(-255.082 -84.7055 0)
(-247.414 -97.3742 0)
(-270.739 -110.106 0)
(-330.956 -118.611 0)
(-374.942 -120.829 0)
(-354.522 -125.367 0)
(-385.73 -123.498 0)
(-404.058 -101.679 0)
(-419.744 -58.1257 0)
(-382.983 -17.8575 0)
(-348.072 -16.3596 0)
(-324.557 -31.7724 0)
(-294.625 -42.0175 0)
(-216.084 -59.7217 0)
(-111.428 -103.199 0)
(-7.87265 -173.073 0)
(89.8448 -218.663 0)
(144.683 -191.952 0)
(196.592 -105.423 0)
(-23.1948 78.1347 0)
(-20.4752 67.6363 0)
(-47.3145 57.4946 0)
(-68.1827 53.7369 0)
(-121.491 44.7196 0)
(-163.1 30.3204 0)
(-195.504 19.9271 0)
(-227.522 11.6598 0)
(-278.469 10.8357 0)
(-308.769 19.9016 0)
(-322.191 28.1733 0)
(-394.778 27.9812 0)
(-451.238 36.8975 0)
(-456.616 57.8224 0)
(-507.089 89.5122 0)
(-542.672 152.188 0)
(-581.659 237.587 0)
(-613.347 307.945 0)
(-593.506 336.476 0)
(-503.616 320.119 0)
(-372.087 286.117 0)
(-235.165 253.287 0)
(-98.9556 219.285 0)
(26.2551 182.955 0)
(134.859 151.114 0)
(224.447 123.138 0)
(297.042 101.082 0)
(359.813 81.8428 0)
(417.196 64.131 0)
(459.361 55.0156 0)
(479.269 55.9769 0)
(488.559 54.8922 0)
(492.481 43.277 0)
(484.026 28.4885 0)
(456.393 17.076 0)
(414.711 8.16542 0)
(362.788 -3.07929 0)
(305.857 -20.1532 0)
(250.631 -37.5368 0)
(197.087 -50.5634 0)
(140.607 -61.7807 0)
(79.628 -76.6959 0)
(11.6097 -96.2841 0)
(-67.5615 -118.702 0)
(-175.72 -145.671 0)
(-287.709 -163.491 0)
(-391.775 -168.803 0)
(-492.704 -173.725 0)
(-603.398 -176.756 0)
(-659.142 -162.848 0)
(-742.902 -105.8 0)
(-777.801 -8.86168 0)
(-795.116 50.6324 0)
(-787.088 28.8267 0)
(-770.612 -5.92872 0)
(-730.798 -22.3125 0)
(-705.522 -25.6246 0)
(-692.666 1.46175 0)
(-651.014 11.0811 0)
(-553.081 -5.03629 0)
(-507.942 -15.5349 0)
(-522.826 -6.85515 0)
(-490.446 -7.11466 0)
(-482.522 -37.4951 0)
(-516.503 -80.5706 0)
(-514.862 -89.7472 0)
(-576.188 -59.2418 0)
(-600.77 15.165 0)
(-598.926 82.5572 0)
(-538.731 105.153 0)
(-509.169 90.9369 0)
(-507.778 70.5646 0)
(-466.346 50.2092 0)
(-390.311 12.8397 0)
(-262.76 -21.7741 0)
(-200.389 -54.8679 0)
(-178.074 -59.0636 0)
(-186.537 -35.947 0)
(-208.606 -18.8338 0)
(-199.977 -26.5295 0)
(-143.284 -63.8911 0)
(-85.4404 -93.9078 0)
(-97.6463 -95.779 0)
(-116.629 -99.3882 0)
(-182.418 -105.549 0)
(-220.889 -114.673 0)
(-228.366 -121.991 0)
(-271.819 -116.077 0)
(-290.962 -97.7483 0)
(-321.523 -59.2162 0)
(-295.127 -24.4945 0)
(-252.03 -26.9227 0)
(-223.897 -40.9747 0)
(-191.147 -58.125 0)
(-107.942 -83.8924 0)
(-8.76406 -125.016 0)
(68.2479 -190.843 0)
(123.907 -232.506 0)
(175.335 -203.578 0)
(179.397 -120.363 0)
(-14.0656 80.8073 0)
(-6.71635 71.9082 0)
(-24.7531 62.4249 0)
(-39.6624 60.3325 0)
(-69.1542 54.4154 0)
(-104.145 39.9926 0)
(-141.229 27.064 0)
(-155.209 19.6229 0)
(-185.462 20.2855 0)
(-212.186 27.7053 0)
(-247.831 37.9274 0)
(-292.551 44.5246 0)
(-367.388 47.5703 0)
(-383.678 64.902 0)
(-432.58 99.338 0)
(-471.115 161.125 0)
(-495.588 243.635 0)
(-495.135 304.062 0)
(-435.647 315.676 0)
(-300.217 288.237 0)
(-142.702 249.946 0)
(1.32419 218.091 0)
(137.796 186.259 0)
(256.079 154.368 0)
(354.28 127.102 0)
(433.702 103.509 0)
(497.918 84.5753 0)
(551.382 67.3458 0)
(595.882 53.0974 0)
(622.831 49.3445 0)
(640.398 52.7436 0)
(658.89 51.8746 0)
(666.051 43.5177 0)
(659.352 33.4225 0)
(636.713 25.2047 0)
(603.585 18.3426 0)
(559.538 8.48945 0)
(507.536 -7.16954 0)
(450.316 -24.0636 0)
(392.035 -37.43 0)
(333.877 -49.389 0)
(275.434 -64.3002 0)
(212.972 -80.9126 0)
(140.201 -95.8787 0)
(45.2842 -108.355 0)
(-125.083 -129.136 0)
(-239.878 -143.938 0)
(-344.417 -151.905 0)
(-425.398 -155.525 0)
(-524.242 -144.195 0)
(-620.061 -91.9155 0)
(-646.095 -2.03557 0)
(-641.481 50.2736 0)
(-551.312 22.8002 0)
(-520.901 -12.7558 0)
(-504.163 -33.6495 0)
(-505.863 -28.7186 0)
(-513.188 -4.85443 0)
(-428.934 -5.00717 0)
(-341.141 -22.2364 0)
(-302.915 -21.3979 0)
(-315.826 -10.2085 0)
(-281.061 -11.2183 0)
(-241.738 -37.316 0)
(-265.315 -75.9284 0)
(-312.723 -85.1727 0)
(-390.694 -51.4044 0)
(-433.984 15.5608 0)
(-426 73.2913 0)
(-342.417 95.1895 0)
(-300.37 83.9477 0)
(-302.213 64.8937 0)
(-252.866 37.453 0)
(-164.975 -11.3561 0)
(-35.6785 -46.9698 0)
(13.3777 -64.3028 0)
(-14.0311 -59.5502 0)
(-21.8637 -31.4202 0)
(-32.865 -21.6236 0)
(15.1804 -37.0895 0)
(57.3992 -73.3403 0)
(68.4827 -94.8396 0)
(43.1219 -89.9493 0)
(16.0769 -90.229 0)
(-34.1862 -95.6181 0)
(-63.3698 -108.729 0)
(-93.6965 -113.721 0)
(-150.244 -104.34 0)
(-185.274 -91.5737 0)
(-234.123 -57.3496 0)
(-201.663 -31.9091 0)
(-150.577 -35.9296 0)
(-118.96 -49.063 0)
(-55.3653 -73.0712 0)
(6.13703 -102.445 0)
(65.0043 -143.404 0)
(117.146 -207.322 0)
(166.549 -244.029 0)
(182.532 -205.007 0)
(144.02 -123.865 0)
(-4.47544 81.0722 0)
(6.2898 74.22 0)
(-2.19122 65.7246 0)
(-15.6663 64.8125 0)
(-30.9001 60.5996 0)
(-56.0925 46.5203 0)
(-71.4084 32.5343 0)
(-91.1076 23.9732 0)
(-92.1826 25.0405 0)
(-107.291 35.0011 0)
(-139.737 50.2145 0)
(-198.496 58.5884 0)
(-241.645 59.6991 0)
(-299.735 73.2222 0)
(-320.371 108.232 0)
(-364.472 166.787 0)
(-353.743 245.093 0)
(-329.325 295.814 0)
(-238.248 286.474 0)
(-61.1258 248.427 0)
(98.7959 210.749 0)
(238.987 182.034 0)
(370.625 155.125 0)
(479.347 129.188 0)
(565 106.951 0)
(630.962 87.1285 0)
(683.272 71.2161 0)
(723.596 57.6048 0)
(753.738 47.0469 0)
(777.328 44.412 0)
(797.91 47.8384 0)
(814.93 48.6546 0)
(827.449 43.186 0)
(829.153 36.5108 0)
(816.527 31.657 0)
(790.747 27.1797 0)
(756.165 19.1556 0)
(711.913 5.71525 0)
(658.452 -9.24271 0)
(599.848 -22.0347 0)
(538.377 -33.6436 0)
(472.772 -46.4696 0)
(397.272 -60.5788 0)
(309.095 -72.4227 0)
(213.25 -83.6918 0)
(103.573 -96.9933 0)
(-43.4314 -114.56 0)
(-165.25 -123.427 0)
(-267.813 -130.876 0)
(-376.676 -122.054 0)
(-445.345 -79.9557 0)
(-476.138 -4.69874 0)
(-371.452 28.7672 0)
(-227.402 -0.179594 0)
(-186.111 -19.4507 0)
(-216.263 -28.8269 0)
(-266.633 -23.8405 0)
(-264.716 -14.5036 0)
(-175.49 -27.2726 0)
(-81.7979 -37.2234 0)
(-80.3185 -25.204 0)
(-86.8588 -14.5813 0)
(-52.3346 -18.5164 0)
(-0.789309 -40.2715 0)
(-15.1084 -60.6635 0)
(-110.875 -65.0679 0)
(-227.709 -32.2456 0)
(-272.989 20.2307 0)
(-204.968 56.6992 0)
(-90.8139 80.9045 0)
(-50.013 75.3386 0)
(-40.9152 55.772 0)
(28.7183 17.4737 0)
(151.058 -39.517 0)
(220.987 -62.8792 0)
(213.711 -62.8617 0)
(164.479 -52.2696 0)
(159.003 -27.7087 0)
(146.14 -27.0032 0)
(193.867 -50.2791 0)
(245.964 -77.0311 0)
(217.096 -89.3138 0)
(187.964 -82.316 0)
(137.707 -79.3971 0)
(90.7948 -86.4874 0)
(68.6511 -99.9349 0)
(29.8345 -101.304 0)
(-15.723 -93.2989 0)
(-63.8352 -82.0546 0)
(-127.405 -54.824 0)
(-93.7984 -39.5824 0)
(-48.7912 -47.5276 0)
(13.7763 -64.6142 0)
(76.3135 -89.2974 0)
(120.894 -115.542 0)
(158.245 -154.447 0)
(170.121 -215.724 0)
(192.745 -244.839 0)
(161.364 -198.516 0)
(94.169 -121.95 0)
(5.05152 78.835 0)
(18.1813 74.2484 0)
(17.9444 67.2774 0)
(14.1225 67.0409 0)
(7.92538 64.1119 0)
(-4.14505 50.4679 0)
(-9.48262 35.1039 0)
(-16.1301 25.3449 0)
(-14.7784 25.6152 0)
(-8.70325 37.9243 0)
(-21.5198 59.2051 0)
(-58.1156 71.6825 0)
(-119.866 74.0191 0)
(-165.958 84.0738 0)
(-216.038 116.155 0)
(-225.108 169.245 0)
(-229.603 239.022 0)
(-137.889 274.514 0)
(-20.4528 249.675 0)
(150.553 203.194 0)
(338.767 173.88 0)
(462.406 149.878 0)
(585.889 126.16 0)
(682.492 104.943 0)
(754.894 88.7793 0)
(806.76 74.8731 0)
(848.626 62.4154 0)
(885.298 49.6142 0)
(915.175 39.7905 0)
(935.331 39.1249 0)
(950.06 43.1073 0)
(967.339 43.9852 0)
(980.345 40.688 0)
(984.583 37.2607 0)
(978.717 35.6347 0)
(963.181 33.8223 0)
(938.165 28.086 0)
(902.947 17.1658 0)
(857.007 4.50583 0)
(801.881 -6.88694 0)
(740.657 -17.4584 0)
(672.326 -28.5922 0)
(593.42 -39.2598 0)
(501.131 -48.3512 0)
(399.129 -54.3302 0)
(292.15 -64.2178 0)
(173.604 -80.1005 0)
(62.299 -96.8778 0)
(-37.1836 -103.573 0)
(-163.163 -99.8066 0)
(-237.6 -76.2277 0)
(-190.96 -19.7793 0)
(-45.6581 1.39777 0)
(69.1439 -27.9908 0)
(122.545 -25.0684 0)
(118.657 -23.7028 0)
(50.2129 -19.2234 0)
(66.8718 -26.8768 0)
(133.572 -47.2035 0)
(186.173 -44.2295 0)
(166.595 -25.8313 0)
(164.998 -19.5364 0)
(192.578 -26.758 0)
(210.757 -42.7372 0)
(161.015 -48.111 0)
(97.5019 -37.3211 0)
(-41.8319 -11.878 0)
(-65.4224 16.6892 0)
(41.3098 34.6258 0)
(166.14 62.7537 0)
(245.155 60.1273 0)
(271.34 40.345 0)
(349.508 -9.65823 0)
(466.424 -58.443 0)
(447.996 -60.9283 0)
(392.698 -54.6703 0)
(337.574 -45.2842 0)
(338.518 -25.5209 0)
(342.35 -32.3729 0)
(370.937 -61.5153 0)
(406.939 -77.9861 0)
(374.165 -80.2634 0)
(314.213 -73.4166 0)
(303.89 -69.9864 0)
(237.571 -76.2928 0)
(204.346 -88.1358 0)
(125.159 -87.2838 0)
(91.7681 -78.9968 0)
(55.8762 -68.2993 0)
(-12.8142 -51.9426 0)
(27.3282 -48.5792 0)
(73.6781 -60.335 0)
(120.107 -79.9094 0)
(187.56 -101.902 0)
(203.802 -124.496 0)
(238.754 -158.755 0)
(229.551 -214.608 0)
(186.92 -232.707 0)
(130.81 -183.536 0)
(39.8144 -116.051 0)
(9.28157 74.8675 0)
(28.4825 72.5405 0)
(36.2899 66.8161 0)
(42.884 67.2265 0)
(48.6166 64.4151 0)
(47.4877 50.7804 0)
(49.6871 35.7816 0)
(52.4704 25.2334 0)
(61.1776 23.8189 0)
(72.2393 37.9121 0)
(73.4267 63.8456 0)
(65.2272 81.6216 0)
(36.1288 86.8112 0)
(-37.3705 98.2507 0)
(-77.821 121.953 0)
(-103.969 168.987 0)
(-65.4503 229.025 0)
(29.8395 245.155 0)
(209.479 207.748 0)
(378.821 158.949 0)
(546.477 135.224 0)
(665.886 117.681 0)
(781.241 100.342 0)
(863.632 87.9779 0)
(926.347 76.9108 0)
(972.509 63.6818 0)
(1013.65 51.3043 0)
(1046.48 40.9346 0)
(1068.56 35.0133 0)
(1085.22 35.6414 0)
(1100.52 39.2025 0)
(1115.65 40.471 0)
(1127.53 38.6828 0)
(1133.25 37.2239 0)
(1131.99 37.5917 0)
(1123.92 37.7857 0)
(1108.51 34.4139 0)
(1082.96 26.3049 0)
(1047.12 16.2191 0)
(1002.04 6.90661 0)
(948.461 -1.75677 0)
(886.651 -10.4697 0)
(814.714 -18.372 0)
(732.031 -24.3704 0)
(639.552 -29.8542 0)
(539.908 -37.9258 0)
(434.758 -53.0123 0)
(320.561 -67.2134 0)
(231.864 -74.4602 0)
(162.744 -80.0284 0)
(121.311 -71.1486 0)
(139.763 -38.5891 0)
(307.027 -31.4605 0)
(400.098 -46.6047 0)
(472.409 -28.541 0)
(443.603 -12.3587 0)
(385.101 -12.9585 0)
(388.806 -36.3581 0)
(416.913 -55.4942 0)
(430.024 -47.1523 0)
(447.075 -25.7339 0)
(435.528 -19.83 0)
(402.296 -26.4675 0)
(406.88 -33.3045 0)
(346.385 -27.2947 0)
(314.352 -13.1929 0)
(202.16 1.35959 0)
(251.027 1.17091 0)
(342.383 8.66576 0)
(456.298 41.8256 0)
(526.153 42.3721 0)
(558.587 20.4295 0)
(671.618 -30.7729 0)
(673.263 -58.2419 0)
(636.121 -46.4766 0)
(564.577 -39.1644 0)
(512.878 -36.5464 0)
(507.295 -27.0605 0)
(536.121 -37.339 0)
(550.652 -68.0519 0)
(575.869 -73.5635 0)
(512.399 -68.0197 0)
(475.41 -64.4638 0)
(449.137 -59.3825 0)
(398.747 -62.0942 0)
(331.891 -71.6403 0)
(243.306 -74.3456 0)
(217.816 -70.7617 0)
(179.097 -59.3518 0)
(146.623 -47.3875 0)
(143.347 -57.4316 0)
(204.664 -72.8219 0)
(242.357 -91.3183 0)
(267.019 -111.063 0)
(301.157 -129.467 0)
(291.434 -157.21 0)
(254.456 -203.995 0)
(170.84 -213.851 0)
(113.133 -168.212 0)
(29.7125 -111.798 0)
(15.3729 69.0837 0)
(38.3492 68.0153 0)
(53.6299 64.0431 0)
(68.8633 64.5804 0)
(87.9366 61.6727 0)
(99.6367 49.6085 0)
(107.033 33.7058 0)
(121.848 22.8535 0)
(130.532 21.1671 0)
(140.367 34.8438 0)
(145.774 60.2142 0)
(169.815 81.6131 0)
(169.451 97.1526 0)
(118.211 111.419 0)
(54.3364 130.865 0)
(41.7834 164.95 0)
(81.7106 210.478 0)
(236.344 205.609 0)
(413.871 158.965 0)
(594.809 117.995 0)
(730.684 101.285 0)
(852.42 91.6976 0)
(953.667 78.9651 0)
(1022.01 69.3158 0)
(1080.41 61.3012 0)
(1122.78 52.6027 0)
(1158.97 43.2094 0)
(1188.81 34.838 0)
(1211.43 30.223 0)
(1228.53 31.5844 0)
(1243.82 35.3849 0)
(1258.44 37.0127 0)
(1270.19 36.4335 0)
(1277.26 36.4878 0)
(1280.16 38.2031 0)
(1278.54 39.7926 0)
(1271.73 38.2621 0)
(1256.98 32.6323 0)
(1233.14 25.1117 0)
(1201.09 17.918 0)
(1161.52 11.2417 0)
(1113.77 4.87073 0)
(1057.37 -0.422742 0)
(992.305 -3.98889 0)
(919.324 -7.25256 0)
(840.362 -14.2217 0)
(763.149 -28.2583 0)
(680.307 -44.8324 0)
(607.286 -55.3914 0)
(550.074 -65.1986 0)
(503.636 -68.421 0)
(519.16 -62.8543 0)
(698.956 -63.2674 0)
(766.203 -60.5192 0)
(793.966 -29.7352 0)
(781.187 -6.5583 0)
(748.586 -5.56173 0)
(729.639 -32.7103 0)
(694.663 -54.5498 0)
(721.301 -43.4283 0)
(655.341 -19.7376 0)
(646.554 -18.6609 0)
(668.189 -21.6696 0)
(648.961 -23.4534 0)
(621.184 -18.4709 0)
(587.833 -4.80321 0)
(536.049 0.238381 0)
(604.327 -17.1269 0)
(650.614 -13.5481 0)
(742.309 22.4609 0)
(794.386 25.6067 0)
(825.563 1.72649 0)
(914.513 -34.9602 0)
(854.503 -44.0079 0)
(774.332 -31.2997 0)
(751.299 -27.2736 0)
(695.346 -31.2785 0)
(699.349 -30.1576 0)
(734.03 -43.174 0)
(735.705 -65.5834 0)
(692.703 -63.714 0)
(629.229 -55.8985 0)
(592.646 -55.928 0)
(539.041 -51.111 0)
(532.168 -48.7688 0)
(473.306 -53.3138 0)
(409.573 -57.2769 0)
(339.353 -58.4496 0)
(318.751 -54.0721 0)
(282.602 -47.421 0)
(311.572 -63.3852 0)
(333.421 -80.9673 0)
(344.225 -96.0268 0)
(335.388 -116.378 0)
(353.667 -128.722 0)
(292.819 -147.344 0)
(260.884 -186.529 0)
(150.632 -192.038 0)
(95.3276 -154.341 0)
(20.592 -107.65 0)
(21.8438 61.7685 0)
(46.6781 62.6359 0)
(66.8501 59.1274 0)
(99.8473 59.1163 0)
(122.402 55.6933 0)
(147.669 45.114 0)
(165.709 29.9048 0)
(185.796 19.0876 0)
(197.558 19.0644 0)
(200.087 34.4731 0)
(211.696 57.7111 0)
(245.522 77.1091 0)
(266.123 100.543 0)
(248.341 124.879 0)
(196.98 139.738 0)
(180.533 159.345 0)
(265.995 184.308 0)
(427.748 158.81 0)
(624.977 114.728 0)
(781.713 82.9604 0)
(907.748 72.2596 0)
(1006.52 63.1992 0)
(1091.72 57.3642 0)
(1151.51 55.0947 0)
(1202.76 50.5302 0)
(1245.75 42.9212 0)
(1282.54 34.535 0)
(1312.22 27.965 0)
(1335.21 25.3238 0)
(1353.99 27.5203 0)
(1371.29 31.4193 0)
(1387.43 33.4793 0)
(1400.85 33.8404 0)
(1411 34.8408 0)
(1418.3 37.4596 0)
(1423.28 39.907 0)
(1424.92 39.6501 0)
(1420.8 35.9626 0)
(1409.68 30.4812 0)
(1391.87 25.1047 0)
(1368.13 20.1562 0)
(1337.87 15.7129 0)
(1300.44 12.4938 0)
(1256.55 10.6473 0)
(1207.78 8.48464 0)
(1157.24 1.64255 0)
(1105.8 -11.8393 0)
(1048.7 -28.4002 0)
(990.322 -41.8899 0)
(944.822 -56.0908 0)
(920.323 -73.6071 0)
(932.429 -84.8248 0)
(1047.39 -84.7123 0)
(1057.67 -67.6956 0)
(1058 -29.6719 0)
(1038.76 -2.10005 0)
(1008.62 -6.33492 0)
(1056.01 -30.7132 0)
(1016.02 -48.3373 0)
(957.597 -32.5636 0)
(902.401 -14.0564 0)
(918.891 -18.5638 0)
(891.517 -20.1791 0)
(906.16 -19.8705 0)
(869.986 -15.7348 0)
(898.09 -2.0335 0)
(864.073 -5.47449 0)
(917.76 -26.2667 0)
(906.271 -23.9518 0)
(960.081 9.81169 0)
(1020.84 14.0601 0)
(1030.65 -8.78671 0)
(1069.16 -31.3756 0)
(997.039 -27.9097 0)
(931.442 -18.9009 0)
(920.531 -24.4205 0)
(904.926 -27.5478 0)
(858.041 -29.7318 0)
(852.617 -45.0121 0)
(859.829 -61.7075 0)
(794.846 -53.4641 0)
(788.797 -44.6123 0)
(713.563 -42.2992 0)
(634.699 -42.9961 0)
(610.024 -44.6799 0)
(584.998 -44.222 0)
(572.458 -45.4725 0)
(526.19 -47.2005 0)
(473.975 -44.8514 0)
(430.588 -47.188 0)
(454.22 -64.3718 0)
(413.281 -82.345 0)
(431.588 -94.3463 0)
(384.619 -113.758 0)
(376.448 -120.302 0)
(291.371 -133.847 0)
(253.517 -166.458 0)
(129.753 -167.633 0)
(72.3649 -141.513 0)
(-1.30191 -104.382 0)
(27.1518 53.2939 0)
(53.3934 55.6497 0)
(82.1368 51.9392 0)
(121.715 50.4603 0)
(162.78 47.8596 0)
(191.24 38.13 0)
(215.312 24.6755 0)
(232.422 15.8216 0)
(242.592 18.5793 0)
(236.347 32.3271 0)
(262.342 48.6348 0)
(293.264 69.026 0)
(328.106 94.8582 0)
(342.894 128.379 0)
(321.469 143.13 0)
(343.338 150.418 0)
(445.782 156.302 0)
(644.103 117.54 0)
(816.404 74.1314 0)
(940.534 49.1243 0)
(1040.82 45.3122 0)
(1119.31 43.731 0)
(1185.98 42.2328 0)
(1242.09 41.216 0)
(1292.68 37.9714 0)
(1336.62 32.5501 0)
(1373.77 26.1779 0)
(1404.05 21.2697 0)
(1428.72 19.8991 0)
(1450.3 22.6481 0)
(1470.79 26.7319 0)
(1489.99 29.2535 0)
(1506.71 30.3844 0)
(1521 32.1101 0)
(1533.74 35.1204 0)
(1545.44 37.98 0)
(1555.16 38.6369 0)
(1560.94 36.335 0)
(1561.56 32.3671 0)
(1557.02 28.3409 0)
(1547.76 24.7138 0)
(1533.52 21.6974 0)
(1514.06 19.8178 0)
(1490.55 18.9947 0)
(1464.25 17.3191 0)
(1435.72 10.7552 0)
(1403.28 -1.83942 0)
(1363.76 -17.3276 0)
(1319.92 -31.8919 0)
(1284.69 -49.0112 0)
(1269.13 -75.4135 0)
(1258.76 -96.0618 0)
(1319.64 -91.4035 0)
(1284.2 -65.0447 0)
(1269.79 -28.0974 0)
(1252.09 -4.81238 0)
(1290.73 -6.12755 0)
(1252.22 -21.7087 0)
(1209.51 -32.4667 0)
(1148.39 -24.1038 0)
(1165.61 -9.96449 0)
(1121.5 -17.835 0)
(1128.43 -23.3617 0)
(1171.66 -18.8204 0)
(1148.88 -12.4727 0)
(1143.99 -2.74049 0)
(1114.06 -7.76634 0)
(1157.63 -28.3121 0)
(1114.85 -27.6967 0)
(1156.34 -0.145059 0)
(1206.77 6.97735 0)
(1199.36 -10.3614 0)
(1159.49 -21.0036 0)
(1099.21 -16.5364 0)
(1105.3 -12.8803 0)
(1077.19 -15.9625 0)
(1034.85 -21.0583 0)
(1049.03 -25.1487 0)
(1026.29 -39.7398 0)
(975.334 -48.2524 0)
(927.749 -40.1049 0)
(878.865 -29.3319 0)
(814.332 -28.1111 0)
(801.787 -29.8486 0)
(734.777 -29.8194 0)
(671.898 -37.1598 0)
(656.945 -40.6016 0)
(663.735 -36.0601 0)
(613.649 -35.6424 0)
(559.549 -43.6036 0)
(572.264 -60.4813 0)
(526.457 -75.3635 0)
(503.86 -86.0129 0)
(435.589 -101.541 0)
(355.453 -105.83 0)
(285.183 -118.582 0)
(240.052 -143.77 0)
(109.758 -141.405 0)
(45.74 -127.224 0)
(-38.6332 -100.131 0)
(30.8957 44.1498 0)
(55.2646 46.6768 0)
(97.9145 41.6742 0)
(147.739 40.3189 0)
(188.857 38.6243 0)
(220.939 30.9735 0)
(241.752 20.3005 0)
(248.002 12.6176 0)
(266.042 16.809 0)
(268.069 27.8855 0)
(296.801 42.782 0)
(324.343 61.8776 0)
(381.631 88.5763 0)
(424.847 126.696 0)
(460.208 138.972 0)
(493.698 125.612 0)
(637.271 114.264 0)
(813.009 67.6985 0)
(959.244 36.327 0)
(1044.52 27.0042 0)
(1114.91 27.136 0)
(1177.1 26.6511 0)
(1234.74 27.1242 0)
(1288.72 28.0214 0)
(1338.68 26.3018 0)
(1382.71 22.3084 0)
(1420.03 17.5264 0)
(1450.95 14.0817 0)
(1477.22 13.7688 0)
(1501.42 16.9097 0)
(1525.19 21.1291 0)
(1548.09 24.0347 0)
(1569 25.7683 0)
(1588.04 27.9449 0)
(1606.28 31.1648 0)
(1624.36 34.2392 0)
(1641.32 35.3999 0)
(1655.37 34.08 0)
(1665.28 31.355 0)
(1671.11 28.3866 0)
(1673.07 25.7603 0)
(1671.06 23.8386 0)
(1665.43 22.9526 0)
(1657.05 22.8892 0)
(1646.52 21.6567 0)
(1633.22 16.033 0)
(1614.04 5.0635 0)
(1586.72 -9.05957 0)
(1555.46 -24.1103 0)
(1526.52 -42.9253 0)
(1507.35 -74.104 0)
(1477.92 -97.8109 0)
(1509.12 -88.5953 0)
(1454.52 -57.831 0)
(1443.35 -25.528 0)
(1439.17 -4.90089 0)
(1414.57 -2.59398 0)
(1396.27 -13.0118 0)
(1355.44 -22.2553 0)
(1296.33 -20.0484 0)
(1319.62 -10.9644 0)
(1342.08 -16.6964 0)
(1298.2 -26.4125 0)
(1330.66 -17.9202 0)
(1297.13 -7.82477 0)
(1289.92 -1.9806 0)
(1267.56 -9.20847 0)
(1305.7 -26.868 0)
(1246.34 -26.6631 0)
(1275.31 -5.24449 0)
(1293.78 5.7059 0)
(1260.78 -2.67886 0)
(1229.54 -9.29815 0)
(1187.97 -8.69468 0)
(1146.01 -7.63109 0)
(1155.39 -10.297 0)
(1105.3 -19.4137 0)
(1111.55 -22.8486 0)
(1123.95 -30.0502 0)
(1061.36 -35.7927 0)
(1003.88 -28.5853 0)
(937.429 -19.749 0)
(935.915 -17.8376 0)
(880.232 -14.711 0)
(801.53 -16.32 0)
(791.037 -29.1462 0)
(722.294 -36.4825 0)
(722.949 -32.0983 0)
(710.544 -26.7762 0)
(643.909 -33.8975 0)
(647.17 -53.2196 0)
(569.94 -65.2782 0)
(554.856 -72.8154 0)
(467.643 -81.3683 0)
(382.34 -85.4921 0)
(283.622 -101.679 0)
(224.797 -119.599 0)
(93.0088 -114.271 0)
(22.5341 -110.379 0)
(-85.3097 -93.2408 0)
(34.5254 33.3458 0)
(60.9118 36.0104 0)
(110.099 30.0513 0)
(155.952 29.2999 0)
(197.946 29.541 0)
(225.796 25.0363 0)
(235.827 16.5186 0)
(263.755 9.12986 0)
(267.529 13.6388 0)
(289.445 24.8466 0)
(300.77 35.0397 0)
(357.71 50.1974 0)
(409.154 74.0174 0)
(473.164 105.266 0)
(589.637 119.104 0)
(655.916 107.047 0)
(815.929 80.6646 0)
(944.261 35.0622 0)
(1028.83 16.3871 0)
(1079.53 10.7826 0)
(1130.42 11.9837 0)
(1180.38 13.094 0)
(1229.51 14.236 0)
(1278.64 15.3933 0)
(1325.46 14.6474 0)
(1367.27 12.1193 0)
(1402.8 8.93008 0)
(1432.51 6.80877 0)
(1458.44 7.29943 0)
(1483.35 10.6251 0)
(1508.84 14.8475 0)
(1534.4 18.0217 0)
(1558.79 20.2181 0)
(1582.06 22.7455 0)
(1605.17 26.0031 0)
(1628.66 29.1179 0)
(1651.59 30.677 0)
(1672.22 30.1825 0)
(1689.18 28.3868 0)
(1702.32 26.3893 0)
(1711.99 24.6947 0)
(1718.31 23.63 0)
(1721.76 23.517 0)
(1723.22 23.9941 0)
(1723.05 23.4172 0)
(1720 19.1214 0)
(1709.78 10.0877 0)
(1690.78 -2.11324 0)
(1668.52 -17.1165 0)
(1642.06 -35.8914 0)
(1611.87 -67.6489 0)
(1566.59 -93.318 0)
(1575.87 -79.996 0)
(1505.51 -47.4136 0)
(1481.62 -22.396 0)
(1476.9 -3.29857 0)
(1467.97 1.70989 0)
(1450.15 -5.59535 0)
(1423.18 -14.3529 0)
(1397.54 -15.8996 0)
(1362.35 -14.034 0)
(1407.94 -13.5807 0)
(1353.46 -19.7772 0)
(1312.79 -14.0075 0)
(1318.6 -3.88715 0)
(1307.95 -1.28733 0)
(1286.91 -9.3155 0)
(1328.64 -21.8586 0)
(1255.36 -22.1033 0)
(1258.34 -4.86109 0)
(1277.33 7.86349 0)
(1234.39 4.37324 0)
(1194.55 -2.88647 0)
(1214.49 -2.92523 0)
(1172.96 -4.05449 0)
(1192.95 -6.66363 0)
(1159.91 -14.0831 0)
(1109.34 -21.8732 0)
(1123.06 -25.7371 0)
(1106.49 -24.404 0)
(1054.06 -15.1705 0)
(1011.52 -10.9875 0)
(972.117 -9.44911 0)
(917.435 -3.07702 0)
(882.348 -8.93915 0)
(888.012 -19.9155 0)
(829.669 -25.1261 0)
(780.551 -21.8591 0)
(716.973 -16.1271 0)
(685.022 -27.6685 0)
(687.108 -43.0958 0)
(594.273 -52.7664 0)
(581.591 -56.4441 0)
(476.994 -58.2289 0)
(376.577 -62.6229 0)
(313.541 -80.8017 0)
(194.291 -91.2443 0)
(74.7545 -88.0099 0)
(11.9542 -91.1195 0)
(-128.981 -82.1213 0)
(33.5161 22.3733 0)
(67.8956 24.2033 0)
(110.125 19.1626 0)
(148.881 20.0664 0)
(189.148 21.8907 0)
(199.199 19.4514 0)
(236.639 11.38 0)
(240.251 5.64568 0)
(263.358 10.4848 0)
(270.641 19.9026 0)
(295.37 24.8393 0)
(356.026 35.7846 0)
(416.797 57.426 0)
(496.805 79.3412 0)
(648.092 86.1033 0)
(739.88 70.0873 0)
(895.782 45.0115 0)
(970.716 13.3281 0)
(1013.61 1.87726 0)
(1044.49 0.650425 0)
(1078.84 1.71112 0)
(1114.34 2.37823 0)
(1151.35 3.37029 0)
(1190.85 4.68609 0)
(1229.79 4.61836 0)
(1265.13 3.31158 0)
(1295.06 1.53601 0)
(1319.9 0.537503 0)
(1341.84 1.55071 0)
(1363.97 4.7505 0)
(1388.04 8.6711 0)
(1413.51 11.7998 0)
(1438.94 14.1531 0)
(1464.14 16.6684 0)
(1489.96 19.8118 0)
(1516.94 22.8475 0)
(1544.1 24.6951 0)
(1569.57 24.9442 0)
(1591.79 24.1185 0)
(1610.33 22.991 0)
(1625.38 22.0911 0)
(1637.38 21.8051 0)
(1646.98 22.2238 0)
(1655.18 23.0514 0)
(1662.29 22.9909 0)
(1665.91 19.9749 0)
(1660.97 13.1209 0)
(1647.82 2.58724 0)
(1625.93 -11.1955 0)
(1593.82 -26.2783 0)
(1544.39 -58.066 0)
(1468.27 -86.2453 0)
(1445.86 -69.2012 0)
(1407.17 -36.4122 0)
(1346.77 -15.5082 0)
(1325.8 -1.6058 0)
(1310.98 3.42203 0)
(1350.13 -0.200112 0)
(1303.4 -5.50347 0)
(1275.93 -9.14548 0)
(1232.58 -13.0181 0)
(1266.96 -9.7488 0)
(1214.62 -12.3189 0)
(1234.06 -8.67166 0)
(1194.58 -0.0365154 0)
(1174.74 0.0592607 0)
(1145.39 -9.49229 0)
(1188.39 -18.1514 0)
(1133.5 -17.098 0)
(1147.25 -5.49794 0)
(1169.95 10.4248 0)
(1148.78 10.5147 0)
(1134.8 0.0637675 0)
(1106.86 -2.49409 0)
(1131.49 -1.11093 0)
(1105 -1.67028 0)
(1062.36 -9.22121 0)
(1063.26 -19.5557 0)
(1077.69 -21.8923 0)
(1034.43 -14.3458 0)
(1003.24 -3.64146 0)
(970.101 0.0898342 0)
(942.411 0.0178425 0)
(900.947 3.03341 0)
(916.629 -4.5802 0)
(891.686 -13.0048 0)
(847.12 -12.5691 0)
(800.062 -8.71362 0)
(761.333 -7.94275 0)
(698.099 -20.8837 0)
(699.893 -31.8259 0)
(595.756 -38.6791 0)
(579.446 -38.8917 0)
(459.839 -37.3171 0)
(416.542 -44.376 0)
(338.304 -56.6536 0)
(208.198 -60.4807 0)
(125.53 -59.9314 0)
(25.7279 -64.284 0)
(-152.378 -65.3183 0)
(33.2502 11.3682 0)
(61.211 14.4576 0)
(92.157 11.4251 0)
(115.672 11.6164 0)
(160.348 14.0587 0)
(170.951 13.4478 0)
(202.2 6.61438 0)
(217.616 2.53722 0)
(219.245 6.5855 0)
(243.584 13.2007 0)
(280.478 15.427 0)
(326.012 23.5373 0)
(392.553 38.5609 0)
(475.122 50.5523 0)
(630.07 53.7794 0)
(729.677 41.598 0)
(857.462 23.1963 0)
(895.994 3.43403 0)
(913.821 -3.57541 0)
(924.741 -4.68602 0)
(939.37 -4.39503 0)
(955.37 -4.29667 0)
(973.507 -3.95995 0)
(994.938 -3.34794 0)
(1017.37 -3.01969 0)
(1038.11 -3.29183 0)
(1055.13 -3.85807 0)
(1068.59 -3.9551 0)
(1080.56 -2.73429 0)
(1094.44 0.000276865 0)
(1112.31 3.27555 0)
(1133.67 6.07358 0)
(1156.69 8.34401 0)
(1181.12 10.7344 0)
(1207.55 13.4785 0)
(1236.55 16.1691 0)
(1267.01 18.0476 0)
(1296.99 18.8195 0)
(1324.65 18.8181 0)
(1348.88 18.4619 0)
(1370.9 18.2353 0)
(1391.15 18.4825 0)
(1409.19 19.3038 0)
(1426.61 20.4305 0)
(1443.71 20.9222 0)
(1456.87 19.6514 0)
(1460.02 15.2447 0)
(1452.04 7.17313 0)
(1427.15 -3.25565 0)
(1378.68 -16.0269 0)
(1369.58 -43.4551 0)
(1270.68 -68.3332 0)
(1175.49 -52.8331 0)
(1126.98 -24.791 0)
(1113.04 -7.71569 0)
(1076.46 -0.0132926 0)
(1061.04 0.626695 0)
(1104.35 1.99368 0)
(1073.21 1.23829 0)
(1067.09 -2.7252 0)
(1038.96 -8.81578 0)
(1023.34 -5.7139 0)
(972.779 -7.36843 0)
(971.97 -5.70034 0)
(997.607 6.17823 0)
(957.432 5.60399 0)
(915.301 -9.19579 0)
(935.255 -15.461 0)
(879.602 -15.0612 0)
(902.348 -8.79197 0)
(949.25 6.83789 0)
(948.696 12.1057 0)
(951.178 3.75563 0)
(938.658 -1.18727 0)
(915.668 0.952678 0)
(942.892 2.17939 0)
(940.124 -6.05805 0)
(913.291 -15.6798 0)
(874.527 -14.0756 0)
(838.257 -6.52993 0)
(791.056 0.262635 0)
(825.004 4.06978 0)
(810.238 5.85619 0)
(779.578 5.14911 0)
(798.485 -1.90329 0)
(769.078 -4.96639 0)
(746.398 -2.8049 0)
(699.781 -0.122599 0)
(715.539 -0.481465 0)
(658.248 -12.7389 0)
(663.744 -19.6397 0)
(564.463 -23.623 0)
(553.937 -21.4152 0)
(448.32 -20.1021 0)
(420.132 -27.7022 0)
(322.297 -30.8153 0)
(250.069 -32.9466 0)
(147.078 -33.4397 0)
(64.1757 -33.5485 0)
(-142.933 -43.87 0)
(21.5998 3.21213 0)
(40.126 6.52221 0)
(55.6886 4.78379 0)
(92.1157 4.48707 0)
(106.121 6.97976 0)
(145.142 6.45778 0)
(163.425 2.5517 0)
(172.184 1.53581 0)
(167.85 3.41971 0)
(187.201 5.53363 0)
(222.154 5.93144 0)
(250.326 10.3442 0)
(328.788 19.0649 0)
(389.866 22.9437 0)
(518.791 22.6008 0)
(594.887 17.0659 0)
(686.896 8.66018 0)
(700.882 -0.60967 0)
(700.253 -4.79901 0)
(690.965 -5.39682 0)
(682.727 -5.54588 0)
(674.751 -5.85683 0)
(667.447 -5.96064 0)
(662.935 -5.69251 0)
(659.469 -5.49422 0)
(655.74 -5.41002 0)
(650.45 -5.46422 0)
(643.852 -5.30576 0)
(638.335 -4.45489 0)
(636.45 -2.76304 0)
(640.536 -0.665956 0)
(650.854 1.21771 0)
(665.107 2.85339 0)
(683.341 4.57402 0)
(705.842 6.55633 0)
(733.31 8.56328 0)
(764.458 10.1707 0)
(796.819 11.0639 0)
(829.914 11.3688 0)
(863.48 11.4319 0)
(896.359 11.4566 0)
(929.417 11.9124 0)
(964.263 12.945 0)
(999.632 14.0123 0)
(1037.07 14.9688 0)
(1073.95 15.5156 0)
(1103.27 13.7843 0)
(1122.55 10.1751 0)
(1122.05 2.93846 0)
(1083.42 -9.46065 0)
(1080.28 -26.5516 0)
(923.141 -41.6495 0)
(774.855 -33.4253 0)
(753.512 -13.9972 0)
(688.654 -1.32892 0)
(712.619 1.84194 0)
(679.781 -1.8104 0)
(711.844 1.35526 0)
(709.53 3.92549 0)
(704.913 0.391208 0)
(669.332 -3.52586 0)
(679.604 -1.85581 0)
(688.924 -3.80189 0)
(651.836 -4.75515 0)
(661.406 7.55124 0)
(674.742 9.68494 0)
(642.168 -3.59967 0)
(647.288 -9.86626 0)
(582.999 -12.1342 0)
(562.08 -11.2136 0)
(594.54 1.92702 0)
(597.363 8.04261 0)
(632.798 4.79769 0)
(618.774 2.08719 0)
(602.876 -0.152911 0)
(632.361 1.00963 0)
(611.352 -2.15193 0)
(567.59 -8.49514 0)
(574.185 -6.61538 0)
(552.231 -1.10682 0)
(540.865 -0.317521 0)
(550.442 2.84983 0)
(562.389 7.49023 0)
(551.939 4.60723 0)
(581.496 -0.457362 0)
(571.705 -0.778033 0)
(550.769 2.21242 0)
(559.423 2.77127 0)
(566.803 2.46408 0)
(526.594 -5.08984 0)
(534.684 -8.38979 0)
(449.378 -10.4073 0)
(445.304 -7.26748 0)
(389.536 -6.15394 0)
(338.213 -12.9738 0)
(280.273 -13.4236 0)
(222.084 -12.5537 0)
(158.675 -9.23296 0)
(115.914 -8.86444 0)
(-100.737 -20.2993 0)
(4.25406 -0.209705 0)
(11.0299 1.8969 0)
(22.9035 1.05119 0)
(31.7848 0.248195 0)
(43.0429 1.60427 0)
(57.5987 1.80731 0)
(66.3852 0.757202 0)
(71.9303 0.25819 0)
(73.3895 0.918549 0)
(85.8323 2.32141 0)
(98.133 0.985195 0)
(111.01 0.0780582 0)
(131.791 4.98933 0)
(187.971 7.70004 0)
(238.663 4.94255 0)
(263.684 2.41963 0)
(304.432 2.12714 0)
(307.227 -0.66023 0)
(293.523 -1.77135 0)
(279.423 -1.55304 0)
(266.092 -2.09406 0)
(251.434 -2.40568 0)
(235.322 -2.737 0)
(218.745 -3.07812 0)
(202.3 -2.76971 0)
(186.243 -2.87231 0)
(170.487 -2.57286 0)
(155.298 -2.55129 0)
(140.944 -2.3222 0)
(130.097 -1.76398 0)
(123.48 -1.32243 0)
(121.429 -0.759248 0)
(123.4 -0.159405 0)
(129.463 0.472091 0)
(140.079 1.06209 0)
(155.644 1.79342 0)
(176.002 2.51198 0)
(200.308 2.91271 0)
(226.089 3.21064 0)
(251.984 3.31756 0)
(277.672 3.27754 0)
(303.25 3.53887 0)
(330.41 3.6839 0)
(362.022 4.18728 0)
(395.75 4.46369 0)
(431.068 4.62938 0)
(468.633 5.63164 0)
(504.889 4.61376 0)
(532.4 4.00108 0)
(522.387 -0.170641 0)
(486.359 -5.40511 0)
(400.836 -8.32305 0)
(308.767 -12.2068 0)
(274.409 -8.84231 0)
(252.116 0.0814647 0)
(266.045 3.48184 0)
(238.003 -1.62927 0)
(252.997 -0.70814 0)
(262.336 2.31325 0)
(267.719 2.45113 0)
(263.676 -1.28848 0)
(250.597 -1.95281 0)
(247.549 -1.38139 0)
(228.288 -2.54733 0)
(244.763 3.22655 0)
(271.917 7.87009 0)
(272.046 0.839725 0)
(275.095 -2.10561 0)
(239.175 -4.11196 0)
(206.066 -8.10593 0)
(193.168 -1.00145 0)
(205.222 1.70971 0)
(212.699 1.58727 0)
(228.131 1.69918 0)
(226.254 0.0130928 0)
(235.17 1.48248 0)
(232.259 1.32786 0)
(217.746 -2.59103 0)
(194.085 -2.74024 0)
(198.077 0.121193 0)
(187.186 -0.621434 0)
(192.896 -0.652376 0)
(206.823 3.36234 0)
(222.856 1.5037 0)
(224.64 -0.554954 0)
(225.129 1.39004 0)
(218.448 1.28901 0)
(235.447 0.986986 0)
(245.183 2.24272 0)
(231.722 -0.793449 0)
(235.554 -1.61493 0)
(194.217 -3.15336 0)
(185.621 -1.73832 0)
(177.444 -0.384727 0)
(152.841 -3.26224 0)
(114.895 -2.55036 0)
(89.57 -2.24296 0)
(76.731 3.03726 0)
(125.021 3.79367 0)
(14.9401 -3.71159 0)
)
;

boundaryField
{
    inlet
    {
        type            fixedValue;
        value           uniform (1 0 0);
    }
    outlet
    {
        type            zeroGradient;
    }
    lowerWall
    {
        type            fixedValue;
        value           uniform (0 0 0);
    }
    upperWall
    {
        type            fixedValue;
        value           uniform (0 0 0);
    }
    frontAndBack
    {
        type            empty;
    }
}


// ************************************************************************* //
