/*--------------------------------*- C++ -*----------------------------------*\
| =========                 |                                                 |
| \\      /  F ield         | foam-extend: Open Source CFD                    |
|  \\    /   O peration     | Version:     5.0                                |
|   \\  /    A nd           | Web:         http://www.foam-extend.org         |
|    \\/     M anipulation  |                                                 |
\*---------------------------------------------------------------------------*/
FoamFile
{
    version     2.0;
    format      ascii;
    class       volScalarField;
    location    "0.01";
    object      pd;
}
// * * * * * * * * * * * * * * * * * * * * * * * * * * * * * * * * * * * * * //

dimensions      [1 -1 -2 0 0 0 0];

internalField   nonuniform List<scalar> 
4000
(
8712.08
8569
8482.25
8404.32
8321.95
8236.38
8149.87
8063.19
7976.41
7889.54
7802.59
7715.56
7628.49
7541.39
7454.25
7367.1
7279.94
7192.77
7105.6
7018.42
6931.24
6844.05
6756.87
6669.68
6582.5
6495.31
6408.13
6320.94
6233.76
6146.57
6059.39
5972.2
5885.02
5797.83
5710.64
5623.46
5536.27
5449.09
5361.9
5274.72
5187.53
5100.35
5013.16
4925.97
4838.79
4751.6
4664.42
4577.23
4490.05
4402.86
4315.68
4228.49
4141.3
4054.12
3966.93
3879.75
3792.56
3705.38
3618.19
3531.01
3443.82
3356.63
3269.45
3182.26
3095.08
3007.89
2920.71
2833.52
2746.34
2659.15
2571.97
2484.78
2397.59
2310.41
2223.22
2136.04
2048.85
1961.67
1874.48
1787.3
1700.11
1612.92
1525.74
1438.55
1351.37
1264.18
1177
1089.81
1002.63
915.441
828.256
741.071
653.885
566.698
479.51
392.343
305.295
218.352
130.048
42.6315
8708.6
8567.45
8481.9
8404.35
8321.91
8236.28
8149.79
8063.12
7976.37
7889.51
7802.57
7715.55
7628.48
7541.38
7454.25
7367.1
7279.94
7192.77
7105.6
7018.42
6931.24
6844.05
6756.87
6669.68
6582.5
6495.31
6408.13
6320.94
6233.76
6146.57
6059.39
5972.2
5885.02
5797.83
5710.64
5623.46
5536.27
5449.09
5361.9
5274.72
5187.53
5100.35
5013.16
4925.97
4838.79
4751.6
4664.42
4577.23
4490.05
4402.86
4315.68
4228.49
4141.3
4054.12
3966.93
3879.75
3792.56
3705.38
3618.19
3531.01
3443.82
3356.63
3269.45
3182.26
3095.08
3007.89
2920.71
2833.52
2746.34
2659.15
2571.97
2484.78
2397.59
2310.41
2223.22
2136.04
2048.85
1961.67
1874.48
1787.3
1700.11
1612.92
1525.74
1438.55
1351.37
1264.18
1177
1089.81
1002.63
915.441
828.256
741.071
653.886
566.699
479.51
392.339
305.288
218.384
130.037
42.5859
8708.6
8566.48
8481.63
8404.5
8321.99
8236.27
8149.76
8063.1
7976.35
7889.5
7802.56
7715.55
7628.48
7541.38
7454.25
7367.1
7279.94
7192.77
7105.6
7018.42
6931.23
6844.05
6756.87
6669.68
6582.5
6495.31
6408.13
6320.94
6233.76
6146.57
6059.39
5972.2
5885.02
5797.83
5710.64
5623.46
5536.27
5449.09
5361.9
5274.72
5187.53
5100.35
5013.16
4925.97
4838.79
4751.6
4664.42
4577.23
4490.05
4402.86
4315.68
4228.49
4141.3
4054.12
3966.93
3879.75
3792.56
3705.38
3618.19
3531.01
3443.82
3356.63
3269.45
3182.26
3095.08
3007.89
2920.71
2833.52
2746.34
2659.15
2571.97
2484.78
2397.59
2310.41
2223.22
2136.04
2048.85
1961.67
1874.48
1787.3
1700.11
1612.92
1525.74
1438.55
1351.37
1264.18
1177
1089.81
1002.63
915.441
828.256
741.071
653.886
566.699
479.509
392.334
305.285
218.427
129.995
42.5025
8710.75
8566.39
8481.73
8404.89
8322.23
8236.36
8149.8
8063.13
7976.38
7889.52
7802.57
7715.56
7628.49
7541.38
7454.25
7367.1
7279.94
7192.77
7105.6
7018.42
6931.24
6844.05
6756.87
6669.68
6582.5
6495.31
6408.13
6320.94
6233.76
6146.57
6059.39
5972.2
5885.02
5797.83
5710.64
5623.46
5536.27
5449.09
5361.9
5274.72
5187.53
5100.35
5013.16
4925.97
4838.79
4751.6
4664.42
4577.23
4490.05
4402.86
4315.68
4228.49
4141.3
4054.12
3966.93
3879.75
3792.56
3705.38
3618.19
3531.01
3443.82
3356.63
3269.45
3182.26
3095.08
3007.89
2920.71
2833.52
2746.34
2659.15
2571.97
2484.78
2397.59
2310.41
2223.22
2136.04
2048.85
1961.67
1874.48
1787.3
1700.11
1612.92
1525.74
1438.55
1351.37
1264.18
1177
1089.81
1002.63
915.441
828.256
741.071
653.886
566.699
479.507
392.328
305.283
218.468
129.955
42.4228
8713.55
8566.81
8482.17
8405.51
8322.64
8236.57
8149.91
8063.21
7976.43
7889.56
7802.6
7715.57
7628.5
7541.39
7454.26
7367.11
7279.94
7192.77
7105.6
7018.42
6931.24
6844.05
6756.87
6669.68
6582.5
6495.31
6408.13
6320.94
6233.76
6146.57
6059.39
5972.2
5885.02
5797.83
5710.64
5623.46
5536.27
5449.09
5361.9
5274.72
5187.53
5100.35
5013.16
4925.97
4838.79
4751.6
4664.42
4577.23
4490.05
4402.86
4315.68
4228.49
4141.3
4054.12
3966.93
3879.75
3792.56
3705.38
3618.19
3531.01
3443.82
3356.63
3269.45
3182.26
3095.08
3007.89
2920.71
2833.52
2746.34
2659.15
2571.97
2484.78
2397.59
2310.41
2223.22
2136.04
2048.85
1961.67
1874.48
1787.3
1700.11
1612.92
1525.74
1438.55
1351.37
1264.18
1177
1089.81
1002.63
915.441
828.256
741.071
653.886
566.698
479.505
392.322
305.283
218.506
129.919
42.3505
8716.27
8567.47
8482.85
8406.31
8323.18
8236.88
8150.1
8063.33
7976.52
7889.62
7802.64
7715.6
7628.52
7541.4
7454.27
7367.11
7279.95
7192.77
7105.6
7018.42
6931.24
6844.05
6756.87
6669.68
6582.5
6495.31
6408.13
6320.94
6233.76
6146.57
6059.39
5972.2
5885.02
5797.83
5710.64
5623.46
5536.27
5449.09
5361.9
5274.72
5187.53
5100.35
5013.16
4925.97
4838.79
4751.6
4664.42
4577.23
4490.05
4402.86
4315.68
4228.49
4141.3
4054.12
3966.93
3879.75
3792.56
3705.38
3618.19
3531.01
3443.82
3356.63
3269.45
3182.26
3095.08
3007.89
2920.71
2833.52
2746.34
2659.15
2571.97
2484.78
2397.59
2310.41
2223.22
2136.04
2048.85
1961.67
1874.48
1787.3
1700.11
1612.92
1525.74
1438.55
1351.37
1264.18
1177
1089.81
1002.63
915.441
828.256
741.071
653.885
566.698
479.503
392.317
305.284
218.539
129.89
42.2904
8718.62
8568.2
8483.65
8407.22
8323.83
8237.26
8150.34
8063.49
7976.63
7889.7
7802.7
7715.64
7628.54
7541.42
7454.28
7367.12
7279.95
7192.78
7105.6
7018.42
6931.24
6844.05
6756.87
6669.68
6582.5
6495.31
6408.13
6320.94
6233.76
6146.57
6059.39
5972.2
5885.02
5797.83
5710.64
5623.46
5536.27
5449.09
5361.9
5274.72
5187.53
5100.35
5013.16
4925.97
4838.79
4751.6
4664.42
4577.23
4490.05
4402.86
4315.68
4228.49
4141.3
4054.12
3966.93
3879.75
3792.56
3705.38
3618.19
3531.01
3443.82
3356.63
3269.45
3182.26
3095.08
3007.89
2920.71
2833.52
2746.34
2659.15
2571.97
2484.78
2397.59
2310.41
2223.22
2136.04
2048.85
1961.67
1874.48
1787.3
1700.11
1612.92
1525.74
1438.55
1351.37
1264.18
1177
1089.81
1002.63
915.441
828.255
741.07
653.885
566.697
479.501
392.312
305.286
218.568
129.867
42.2423
8720.52
8568.91
8484.48
8408.16
8324.53
8237.7
8150.62
8063.69
7976.77
7889.79
7802.76
7715.69
7628.57
7541.44
7454.29
7367.13
7279.96
7192.78
7105.6
7018.42
6931.24
6844.05
6756.87
6669.68
6582.5
6495.31
6408.13
6320.94
6233.76
6146.57
6059.39
5972.2
5885.02
5797.83
5710.64
5623.46
5536.27
5449.09
5361.9
5274.72
5187.53
5100.35
5013.16
4925.97
4838.79
4751.6
4664.42
4577.23
4490.05
4402.86
4315.68
4228.49
4141.3
4054.12
3966.93
3879.75
3792.56
3705.38
3618.19
3531.01
3443.82
3356.63
3269.45
3182.26
3095.08
3007.89
2920.71
2833.52
2746.34
2659.15
2571.97
2484.78
2397.59
2310.41
2223.22
2136.04
2048.85
1961.67
1874.48
1787.3
1700.11
1612.92
1525.74
1438.55
1351.37
1264.18
1177
1089.81
1002.63
915.44
828.255
741.07
653.885
566.696
479.499
392.307
305.289
218.591
129.849
42.2046
8721.99
8569.56
8485.28
8409.09
8325.25
8238.18
8150.93
8063.9
7976.92
7889.9
7802.84
7715.74
7628.61
7541.46
7454.3
7367.14
7279.96
7192.79
7105.6
7018.42
6931.24
6844.05
6756.87
6669.68
6582.5
6495.31
6408.13
6320.94
6233.76
6146.57
6059.39
5972.2
5885.02
5797.83
5710.64
5623.46
5536.27
5449.09
5361.9
5274.72
5187.53
5100.35
5013.16
4925.97
4838.79
4751.6
4664.42
4577.23
4490.05
4402.86
4315.68
4228.49
4141.3
4054.12
3966.93
3879.75
3792.56
3705.38
3618.19
3531.01
3443.82
3356.63
3269.45
3182.26
3095.08
3007.89
2920.71
2833.52
2746.34
2659.15
2571.97
2484.78
2397.59
2310.41
2223.22
2136.04
2048.85
1961.67
1874.48
1787.3
1700.11
1612.92
1525.74
1438.55
1351.37
1264.18
1177
1089.81
1002.63
915.44
828.255
741.07
653.884
566.695
479.496
392.304
305.293
218.609
129.834
42.176
8723.08
8570.14
8486.03
8409.98
8325.97
8238.67
8151.26
8064.14
7977.08
7890.02
7802.92
7715.79
7628.65
7541.49
7454.32
7367.15
7279.97
7192.79
7105.61
7018.42
6931.24
6844.06
6756.87
6669.69
6582.5
6495.31
6408.13
6320.94
6233.76
6146.57
6059.39
5972.2
5885.02
5797.83
5710.64
5623.46
5536.27
5449.09
5361.9
5274.72
5187.53
5100.35
5013.16
4925.97
4838.79
4751.6
4664.42
4577.23
4490.05
4402.86
4315.68
4228.49
4141.3
4054.12
3966.93
3879.75
3792.56
3705.38
3618.19
3531.01
3443.82
3356.63
3269.45
3182.26
3095.08
3007.89
2920.71
2833.52
2746.34
2659.15
2571.97
2484.78
2397.59
2310.41
2223.22
2136.04
2048.85
1961.67
1874.48
1787.3
1700.11
1612.92
1525.74
1438.55
1351.37
1264.18
1177
1089.81
1002.63
915.44
828.255
741.069
653.883
566.694
479.494
392.301
305.298
218.624
129.823
42.1547
8723.88
8570.65
8486.72
8410.8
8326.67
8239.16
8151.6
8064.37
7977.25
7890.14
7803
7715.85
7628.68
7541.51
7454.34
7367.16
7279.98
7192.79
7105.61
7018.43
6931.24
6844.06
6756.87
6669.69
6582.5
6495.31
6408.13
6320.94
6233.76
6146.57
6059.39
5972.2
5885.02
5797.83
5710.64
5623.46
5536.27
5449.09
5361.9
5274.72
5187.53
5100.35
5013.16
4925.97
4838.79
4751.6
4664.42
4577.23
4490.05
4402.86
4315.68
4228.49
4141.3
4054.12
3966.93
3879.75
3792.56
3705.38
3618.19
3531.01
3443.82
3356.63
3269.45
3182.26
3095.08
3007.89
2920.71
2833.52
2746.34
2659.15
2571.97
2484.78
2397.59
2310.41
2223.22
2136.04
2048.85
1961.67
1874.48
1787.3
1700.11
1612.92
1525.74
1438.55
1351.37
1264.18
1177
1089.81
1002.63
915.44
828.254
741.069
653.883
566.693
479.492
392.299
305.302
218.635
129.813
42.1394
8724.43
8571.07
8487.33
8411.55
8327.31
8239.63
8151.94
8064.61
7977.42
7890.26
7803.08
7715.9
7628.72
7541.54
7454.35
7367.17
7279.98
7192.8
7105.61
7018.43
6931.24
6844.06
6756.87
6669.69
6582.5
6495.31
6408.13
6320.94
6233.76
6146.57
6059.39
5972.2
5885.02
5797.83
5710.64
5623.46
5536.27
5449.09
5361.9
5274.72
5187.53
5100.35
5013.16
4925.97
4838.79
4751.6
4664.42
4577.23
4490.05
4402.86
4315.68
4228.49
4141.3
4054.12
3966.93
3879.75
3792.56
3705.38
3618.19
3531.01
3443.82
3356.63
3269.45
3182.26
3095.08
3007.89
2920.71
2833.52
2746.34
2659.15
2571.97
2484.78
2397.59
2310.41
2223.22
2136.04
2048.85
1961.67
1874.48
1787.3
1700.11
1612.92
1525.74
1438.55
1351.37
1264.18
1177
1089.81
1002.63
915.44
828.254
741.069
653.882
566.692
479.49
392.297
305.306
218.644
129.806
42.1285
8724.81
8571.44
8487.87
8412.22
8327.91
8240.08
8152.25
8064.84
7977.59
7890.37
7803.16
7715.96
7628.76
7541.56
7454.37
7367.18
7279.99
7192.8
7105.62
7018.43
6931.24
6844.06
6756.87
6669.69
6582.5
6495.31
6408.13
6320.94
6233.76
6146.57
6059.39
5972.2
5885.02
5797.83
5710.64
5623.46
5536.27
5449.09
5361.9
5274.72
5187.53
5100.35
5013.16
4925.97
4838.79
4751.6
4664.42
4577.23
4490.05
4402.86
4315.68
4228.49
4141.3
4054.12
3966.93
3879.75
3792.56
3705.38
3618.19
3531.01
3443.82
3356.63
3269.45
3182.26
3095.08
3007.89
2920.71
2833.52
2746.34
2659.15
2571.97
2484.78
2397.59
2310.41
2223.22
2136.04
2048.85
1961.67
1874.48
1787.3
1700.11
1612.92
1525.74
1438.55
1351.37
1264.18
1177
1089.81
1002.63
915.44
828.254
741.068
653.882
566.691
479.489
392.297
305.31
218.65
129.801
42.1211
8725.06
8571.73
8488.33
8412.8
8328.44
8240.49
8152.55
8065.05
7977.74
7890.48
7803.24
7716.01
7628.8
7541.59
7454.39
7367.19
7280
7192.81
7105.62
7018.43
6931.24
6844.06
6756.87
6669.69
6582.5
6495.31
6408.13
6320.94
6233.76
6146.57
6059.39
5972.2
5885.02
5797.83
5710.64
5623.46
5536.27
5449.09
5361.9
5274.72
5187.53
5100.35
5013.16
4925.97
4838.79
4751.6
4664.42
4577.23
4490.05
4402.86
4315.68
4228.49
4141.3
4054.12
3966.93
3879.75
3792.56
3705.38
3618.19
3531.01
3443.82
3356.63
3269.45
3182.26
3095.08
3007.89
2920.71
2833.52
2746.34
2659.15
2571.97
2484.78
2397.59
2310.41
2223.22
2136.04
2048.85
1961.67
1874.48
1787.3
1700.11
1612.92
1525.74
1438.55
1351.37
1264.18
1177
1089.81
1002.63
915.439
828.254
741.068
653.881
566.69
479.488
392.296
305.314
218.655
129.796
42.1161
8725.22
8571.98
8488.73
8413.29
8328.9
8240.85
8152.82
8065.25
7977.88
7890.58
7803.31
7716.06
7628.83
7541.61
7454.4
7367.2
7280
7192.81
7105.62
7018.43
6931.25
6844.06
6756.87
6669.69
6582.5
6495.31
6408.13
6320.94
6233.76
6146.57
6059.39
5972.2
5885.02
5797.83
5710.64
5623.46
5536.27
5449.09
5361.9
5274.72
5187.53
5100.35
5013.16
4925.97
4838.79
4751.6
4664.42
4577.23
4490.05
4402.86
4315.68
4228.49
4141.3
4054.12
3966.93
3879.75
3792.56
3705.38
3618.19
3531.01
3443.82
3356.63
3269.45
3182.26
3095.08
3007.89
2920.71
2833.52
2746.34
2659.15
2571.97
2484.78
2397.59
2310.41
2223.22
2136.04
2048.85
1961.67
1874.48
1787.3
1700.11
1612.92
1525.74
1438.55
1351.37
1264.18
1177
1089.81
1002.62
915.439
828.254
741.068
653.881
566.69
479.487
392.296
305.317
218.658
129.793
42.1129
8725.32
8572.17
8489.05
8413.7
8329.29
8241.16
8153.05
8065.42
7978.01
7890.67
7803.38
7716.11
7628.86
7541.63
7454.42
7367.21
7280.01
7192.82
7105.62
7018.43
6931.25
6844.06
6756.87
6669.69
6582.5
6495.31
6408.13
6320.94
6233.76
6146.57
6059.39
5972.2
5885.02
5797.83
5710.64
5623.46
5536.27
5449.09
5361.9
5274.72
5187.53
5100.35
5013.16
4925.97
4838.79
4751.6
4664.42
4577.23
4490.05
4402.86
4315.68
4228.49
4141.3
4054.12
3966.93
3879.75
3792.56
3705.38
3618.19
3531.01
3443.82
3356.63
3269.45
3182.26
3095.08
3007.89
2920.71
2833.52
2746.34
2659.15
2571.97
2484.78
2397.59
2310.41
2223.22
2136.04
2048.85
1961.67
1874.48
1787.3
1700.11
1612.92
1525.74
1438.55
1351.37
1264.18
1177
1089.81
1002.62
915.439
828.253
741.067
653.88
566.689
479.486
392.296
305.319
218.661
129.791
42.1108
8725.37
8572.31
8489.3
8414.03
8329.6
8241.41
8153.23
8065.56
7978.11
7890.75
7803.43
7716.14
7628.88
7541.65
7454.43
7367.22
7280.01
7192.82
7105.63
7018.44
6931.25
6844.06
6756.87
6669.69
6582.5
6495.31
6408.13
6320.94
6233.76
6146.57
6059.39
5972.2
5885.02
5797.83
5710.64
5623.46
5536.27
5449.09
5361.9
5274.72
5187.53
5100.35
5013.16
4925.97
4838.79
4751.6
4664.42
4577.23
4490.05
4402.86
4315.68
4228.49
4141.3
4054.12
3966.93
3879.75
3792.56
3705.38
3618.19
3531.01
3443.82
3356.63
3269.45
3182.26
3095.08
3007.89
2920.71
2833.52
2746.34
2659.15
2571.97
2484.78
2397.59
2310.41
2223.22
2136.04
2048.85
1961.67
1874.48
1787.3
1700.11
1612.92
1525.74
1438.55
1351.37
1264.18
1177
1089.81
1002.62
915.439
828.253
741.067
653.88
566.688
479.485
392.296
305.321
218.663
129.789
42.1095
8725.4
8572.42
8489.49
8414.27
8329.84
8241.6
8153.38
8065.67
7978.19
7890.8
7803.47
7716.17
7628.9
7541.66
7454.43
7367.22
7280.02
7192.82
7105.63
7018.44
6931.25
6844.06
6756.87
6669.69
6582.5
6495.32
6408.13
6320.94
6233.76
6146.57
6059.39
5972.2
5885.02
5797.83
5710.64
5623.46
5536.27
5449.09
5361.9
5274.72
5187.53
5100.35
5013.16
4925.97
4838.79
4751.6
4664.42
4577.23
4490.05
4402.86
4315.68
4228.49
4141.3
4054.12
3966.93
3879.75
3792.56
3705.38
3618.19
3531.01
3443.82
3356.63
3269.45
3182.26
3095.08
3007.89
2920.71
2833.52
2746.34
2659.15
2571.97
2484.78
2397.59
2310.41
2223.22
2136.04
2048.85
1961.67
1874.48
1787.3
1700.11
1612.92
1525.74
1438.55
1351.37
1264.18
1177
1089.81
1002.62
915.439
828.253
741.067
653.88
566.688
479.485
392.296
305.322
218.664
129.788
42.1087
8725.41
8572.48
8489.62
8414.43
8329.99
8241.73
8153.48
8065.74
7978.24
7890.84
7803.5
7716.19
7628.92
7541.67
7454.44
7367.23
7280.02
7192.82
7105.63
7018.44
6931.25
6844.06
6756.87
6669.69
6582.5
6495.32
6408.13
6320.94
6233.76
6146.57
6059.39
5972.2
5885.02
5797.83
5710.64
5623.46
5536.27
5449.09
5361.9
5274.72
5187.53
5100.35
5013.16
4925.97
4838.79
4751.6
4664.42
4577.23
4490.05
4402.86
4315.68
4228.49
4141.3
4054.12
3966.93
3879.75
3792.56
3705.38
3618.19
3531.01
3443.82
3356.63
3269.45
3182.26
3095.08
3007.89
2920.71
2833.52
2746.34
2659.15
2571.97
2484.78
2397.59
2310.41
2223.22
2136.04
2048.85
1961.67
1874.48
1787.3
1700.11
1612.92
1525.74
1438.55
1351.37
1264.18
1177
1089.81
1002.62
915.439
828.253
741.067
653.88
566.688
479.484
392.296
305.323
218.665
129.788
42.1083
8725.41
8572.52
8489.68
8414.51
8330.07
8241.79
8153.53
8065.78
7978.27
7890.86
7803.51
7716.2
7628.92
7541.67
7454.44
7367.23
7280.02
7192.82
7105.63
7018.44
6931.25
6844.06
6756.87
6669.69
6582.5
6495.32
6408.13
6320.94
6233.76
6146.57
6059.39
5972.2
5885.02
5797.83
5710.64
5623.46
5536.27
5449.09
5361.9
5274.72
5187.53
5100.35
5013.16
4925.97
4838.79
4751.6
4664.42
4577.23
4490.05
4402.86
4315.68
4228.49
4141.3
4054.12
3966.93
3879.75
3792.56
3705.38
3618.19
3531.01
3443.82
3356.63
3269.45
3182.26
3095.08
3007.89
2920.71
2833.52
2746.34
2659.15
2571.97
2484.78
2397.59
2310.41
2223.22
2136.04
2048.85
1961.67
1874.48
1787.3
1700.11
1612.92
1525.74
1438.55
1351.37
1264.18
1177
1089.81
1002.62
915.439
828.253
741.067
653.88
566.688
479.484
392.296
305.324
218.665
129.787
42.1082
8725.41
8572.52
8489.68
8414.51
8330.07
8241.79
8153.53
8065.78
7978.27
7890.86
7803.51
7716.2
7628.92
7541.67
7454.44
7367.23
7280.02
7192.82
7105.63
7018.44
6931.25
6844.06
6756.87
6669.69
6582.5
6495.32
6408.13
6320.94
6233.76
6146.57
6059.39
5972.2
5885.02
5797.83
5710.64
5623.46
5536.27
5449.09
5361.9
5274.72
5187.53
5100.35
5013.16
4925.97
4838.79
4751.6
4664.42
4577.23
4490.05
4402.86
4315.68
4228.49
4141.3
4054.12
3966.93
3879.75
3792.56
3705.38
3618.19
3531.01
3443.82
3356.63
3269.45
3182.26
3095.08
3007.89
2920.71
2833.52
2746.34
2659.15
2571.97
2484.78
2397.59
2310.41
2223.22
2136.04
2048.85
1961.67
1874.48
1787.3
1700.11
1612.92
1525.74
1438.55
1351.37
1264.18
1177
1089.81
1002.62
915.439
828.253
741.067
653.88
566.688
479.484
392.296
305.324
218.665
129.787
42.1082
8725.41
8572.48
8489.62
8414.43
8329.99
8241.73
8153.48
8065.74
7978.24
7890.84
7803.5
7716.19
7628.92
7541.67
7454.44
7367.23
7280.02
7192.82
7105.63
7018.44
6931.25
6844.06
6756.87
6669.69
6582.5
6495.32
6408.13
6320.94
6233.76
6146.57
6059.39
5972.2
5885.02
5797.83
5710.64
5623.46
5536.27
5449.09
5361.9
5274.72
5187.53
5100.35
5013.16
4925.97
4838.79
4751.6
4664.42
4577.23
4490.05
4402.86
4315.68
4228.49
4141.3
4054.12
3966.93
3879.75
3792.56
3705.38
3618.19
3531.01
3443.82
3356.63
3269.45
3182.26
3095.08
3007.89
2920.71
2833.52
2746.34
2659.15
2571.97
2484.78
2397.59
2310.41
2223.22
2136.04
2048.85
1961.67
1874.48
1787.3
1700.11
1612.92
1525.74
1438.55
1351.37
1264.18
1177
1089.81
1002.62
915.439
828.253
741.067
653.88
566.688
479.484
392.296
305.323
218.665
129.788
42.1083
8725.4
8572.42
8489.49
8414.27
8329.84
8241.6
8153.38
8065.67
7978.19
7890.8
7803.47
7716.17
7628.9
7541.66
7454.43
7367.22
7280.02
7192.82
7105.63
7018.44
6931.25
6844.06
6756.87
6669.69
6582.5
6495.32
6408.13
6320.94
6233.76
6146.57
6059.39
5972.2
5885.02
5797.83
5710.64
5623.46
5536.27
5449.09
5361.9
5274.72
5187.53
5100.35
5013.16
4925.97
4838.79
4751.6
4664.42
4577.23
4490.05
4402.86
4315.68
4228.49
4141.3
4054.12
3966.93
3879.75
3792.56
3705.38
3618.19
3531.01
3443.82
3356.63
3269.45
3182.26
3095.08
3007.89
2920.71
2833.52
2746.34
2659.15
2571.97
2484.78
2397.59
2310.41
2223.22
2136.04
2048.85
1961.67
1874.48
1787.3
1700.11
1612.92
1525.74
1438.55
1351.37
1264.18
1177
1089.81
1002.62
915.439
828.253
741.067
653.88
566.688
479.485
392.296
305.322
218.664
129.788
42.1087
8725.37
8572.31
8489.3
8414.03
8329.6
8241.41
8153.23
8065.56
7978.11
7890.75
7803.43
7716.14
7628.88
7541.65
7454.43
7367.22
7280.01
7192.82
7105.63
7018.44
6931.25
6844.06
6756.87
6669.69
6582.5
6495.31
6408.13
6320.94
6233.76
6146.57
6059.39
5972.2
5885.02
5797.83
5710.64
5623.46
5536.27
5449.09
5361.9
5274.72
5187.53
5100.35
5013.16
4925.97
4838.79
4751.6
4664.42
4577.23
4490.05
4402.86
4315.68
4228.49
4141.3
4054.12
3966.93
3879.75
3792.56
3705.38
3618.19
3531.01
3443.82
3356.63
3269.45
3182.26
3095.08
3007.89
2920.71
2833.52
2746.34
2659.15
2571.97
2484.78
2397.59
2310.41
2223.22
2136.04
2048.85
1961.67
1874.48
1787.3
1700.11
1612.92
1525.74
1438.55
1351.37
1264.18
1177
1089.81
1002.62
915.439
828.253
741.067
653.88
566.688
479.485
392.296
305.321
218.663
129.789
42.1095
8725.32
8572.17
8489.05
8413.7
8329.29
8241.16
8153.05
8065.42
7978.01
7890.67
7803.38
7716.11
7628.86
7541.63
7454.42
7367.21
7280.01
7192.82
7105.62
7018.43
6931.25
6844.06
6756.87
6669.69
6582.5
6495.31
6408.13
6320.94
6233.76
6146.57
6059.39
5972.2
5885.02
5797.83
5710.64
5623.46
5536.27
5449.09
5361.9
5274.72
5187.53
5100.35
5013.16
4925.97
4838.79
4751.6
4664.42
4577.23
4490.05
4402.86
4315.68
4228.49
4141.3
4054.12
3966.93
3879.75
3792.56
3705.38
3618.19
3531.01
3443.82
3356.63
3269.45
3182.26
3095.08
3007.89
2920.71
2833.52
2746.34
2659.15
2571.97
2484.78
2397.59
2310.41
2223.22
2136.04
2048.85
1961.67
1874.48
1787.3
1700.11
1612.92
1525.74
1438.55
1351.37
1264.18
1177
1089.81
1002.62
915.439
828.253
741.067
653.88
566.689
479.486
392.296
305.319
218.661
129.791
42.1108
8725.22
8571.98
8488.73
8413.29
8328.9
8240.85
8152.82
8065.25
7977.88
7890.58
7803.31
7716.06
7628.83
7541.61
7454.4
7367.2
7280
7192.81
7105.62
7018.43
6931.25
6844.06
6756.87
6669.69
6582.5
6495.31
6408.13
6320.94
6233.76
6146.57
6059.39
5972.2
5885.02
5797.83
5710.64
5623.46
5536.27
5449.09
5361.9
5274.72
5187.53
5100.35
5013.16
4925.97
4838.79
4751.6
4664.42
4577.23
4490.05
4402.86
4315.68
4228.49
4141.3
4054.12
3966.93
3879.75
3792.56
3705.38
3618.19
3531.01
3443.82
3356.63
3269.45
3182.26
3095.08
3007.89
2920.71
2833.52
2746.34
2659.15
2571.97
2484.78
2397.59
2310.41
2223.22
2136.04
2048.85
1961.67
1874.48
1787.3
1700.11
1612.92
1525.74
1438.55
1351.37
1264.18
1177
1089.81
1002.62
915.439
828.254
741.068
653.881
566.69
479.487
392.296
305.317
218.658
129.793
42.1129
8725.06
8571.73
8488.33
8412.8
8328.44
8240.49
8152.55
8065.05
7977.74
7890.48
7803.24
7716.01
7628.8
7541.59
7454.39
7367.19
7280
7192.81
7105.62
7018.43
6931.24
6844.06
6756.87
6669.69
6582.5
6495.31
6408.13
6320.94
6233.76
6146.57
6059.39
5972.2
5885.02
5797.83
5710.64
5623.46
5536.27
5449.09
5361.9
5274.72
5187.53
5100.35
5013.16
4925.97
4838.79
4751.6
4664.42
4577.23
4490.05
4402.86
4315.68
4228.49
4141.3
4054.12
3966.93
3879.75
3792.56
3705.38
3618.19
3531.01
3443.82
3356.63
3269.45
3182.26
3095.08
3007.89
2920.71
2833.52
2746.34
2659.15
2571.97
2484.78
2397.59
2310.41
2223.22
2136.04
2048.85
1961.67
1874.48
1787.3
1700.11
1612.92
1525.74
1438.55
1351.37
1264.18
1177
1089.81
1002.63
915.439
828.254
741.068
653.881
566.69
479.488
392.296
305.314
218.655
129.796
42.1161
8724.81
8571.44
8487.87
8412.22
8327.91
8240.08
8152.25
8064.84
7977.59
7890.37
7803.16
7715.96
7628.76
7541.56
7454.37
7367.18
7279.99
7192.8
7105.62
7018.43
6931.24
6844.06
6756.87
6669.69
6582.5
6495.31
6408.13
6320.94
6233.76
6146.57
6059.39
5972.2
5885.02
5797.83
5710.64
5623.46
5536.27
5449.09
5361.9
5274.72
5187.53
5100.35
5013.16
4925.97
4838.79
4751.6
4664.42
4577.23
4490.05
4402.86
4315.68
4228.49
4141.3
4054.12
3966.93
3879.75
3792.56
3705.38
3618.19
3531.01
3443.82
3356.63
3269.45
3182.26
3095.08
3007.89
2920.71
2833.52
2746.34
2659.15
2571.97
2484.78
2397.59
2310.41
2223.22
2136.04
2048.85
1961.67
1874.48
1787.3
1700.11
1612.92
1525.74
1438.55
1351.37
1264.18
1177
1089.81
1002.63
915.44
828.254
741.068
653.882
566.691
479.489
392.297
305.31
218.65
129.801
42.1211
8724.43
8571.07
8487.33
8411.55
8327.31
8239.63
8151.94
8064.61
7977.42
7890.26
7803.08
7715.9
7628.72
7541.54
7454.35
7367.17
7279.98
7192.8
7105.61
7018.43
6931.24
6844.06
6756.87
6669.69
6582.5
6495.31
6408.13
6320.94
6233.76
6146.57
6059.39
5972.2
5885.02
5797.83
5710.64
5623.46
5536.27
5449.09
5361.9
5274.72
5187.53
5100.35
5013.16
4925.97
4838.79
4751.6
4664.42
4577.23
4490.05
4402.86
4315.68
4228.49
4141.3
4054.12
3966.93
3879.75
3792.56
3705.38
3618.19
3531.01
3443.82
3356.63
3269.45
3182.26
3095.08
3007.89
2920.71
2833.52
2746.34
2659.15
2571.97
2484.78
2397.59
2310.41
2223.22
2136.04
2048.85
1961.67
1874.48
1787.3
1700.11
1612.92
1525.74
1438.55
1351.37
1264.18
1177
1089.81
1002.63
915.44
828.254
741.069
653.882
566.692
479.49
392.297
305.306
218.644
129.806
42.1286
8723.88
8570.65
8486.72
8410.8
8326.67
8239.16
8151.6
8064.37
7977.25
7890.13
7803
7715.85
7628.68
7541.51
7454.34
7367.16
7279.98
7192.79
7105.61
7018.43
6931.24
6844.06
6756.87
6669.69
6582.5
6495.31
6408.13
6320.94
6233.76
6146.57
6059.39
5972.2
5885.02
5797.83
5710.64
5623.46
5536.27
5449.09
5361.9
5274.72
5187.53
5100.35
5013.16
4925.97
4838.79
4751.6
4664.42
4577.23
4490.05
4402.86
4315.68
4228.49
4141.3
4054.12
3966.93
3879.75
3792.56
3705.38
3618.19
3531.01
3443.82
3356.63
3269.45
3182.26
3095.08
3007.89
2920.71
2833.52
2746.34
2659.15
2571.97
2484.78
2397.59
2310.41
2223.22
2136.04
2048.85
1961.67
1874.48
1787.3
1700.11
1612.92
1525.74
1438.55
1351.37
1264.18
1177
1089.81
1002.63
915.44
828.254
741.069
653.883
566.693
479.492
392.299
305.302
218.635
129.813
42.1394
8723.08
8570.14
8486.03
8409.98
8325.97
8238.67
8151.27
8064.14
7977.08
7890.02
7802.92
7715.79
7628.65
7541.49
7454.32
7367.15
7279.97
7192.79
7105.61
7018.42
6931.24
6844.06
6756.87
6669.69
6582.5
6495.31
6408.13
6320.94
6233.76
6146.57
6059.39
5972.2
5885.02
5797.83
5710.64
5623.46
5536.27
5449.09
5361.9
5274.72
5187.53
5100.35
5013.16
4925.97
4838.79
4751.6
4664.42
4577.23
4490.05
4402.86
4315.68
4228.49
4141.3
4054.12
3966.93
3879.75
3792.56
3705.38
3618.19
3531.01
3443.82
3356.63
3269.45
3182.26
3095.08
3007.89
2920.71
2833.52
2746.34
2659.15
2571.97
2484.78
2397.59
2310.41
2223.22
2136.04
2048.85
1961.67
1874.48
1787.3
1700.11
1612.92
1525.74
1438.55
1351.37
1264.18
1177
1089.81
1002.63
915.44
828.255
741.069
653.883
566.694
479.494
392.301
305.298
218.624
129.823
42.1547
8721.99
8569.56
8485.28
8409.09
8325.25
8238.18
8150.93
8063.9
7976.92
7889.9
7802.84
7715.74
7628.61
7541.46
7454.3
7367.14
7279.96
7192.79
7105.6
7018.42
6931.24
6844.05
6756.87
6669.68
6582.5
6495.31
6408.13
6320.94
6233.76
6146.57
6059.39
5972.2
5885.02
5797.83
5710.64
5623.46
5536.27
5449.09
5361.9
5274.72
5187.53
5100.35
5013.16
4925.97
4838.79
4751.6
4664.42
4577.23
4490.05
4402.86
4315.68
4228.49
4141.3
4054.12
3966.93
3879.75
3792.56
3705.38
3618.19
3531.01
3443.82
3356.63
3269.45
3182.26
3095.08
3007.89
2920.71
2833.52
2746.34
2659.15
2571.97
2484.78
2397.59
2310.41
2223.22
2136.04
2048.85
1961.67
1874.48
1787.3
1700.11
1612.92
1525.74
1438.55
1351.37
1264.18
1177
1089.81
1002.63
915.44
828.255
741.07
653.884
566.695
479.496
392.304
305.293
218.609
129.834
42.176
8720.52
8568.91
8484.48
8408.16
8324.53
8237.7
8150.62
8063.69
7976.77
7889.79
7802.76
7715.69
7628.57
7541.44
7454.29
7367.13
7279.96
7192.78
7105.6
7018.42
6931.24
6844.05
6756.87
6669.68
6582.5
6495.31
6408.13
6320.94
6233.76
6146.57
6059.39
5972.2
5885.02
5797.83
5710.64
5623.46
5536.27
5449.09
5361.9
5274.72
5187.53
5100.35
5013.16
4925.97
4838.79
4751.6
4664.42
4577.23
4490.05
4402.86
4315.68
4228.49
4141.3
4054.12
3966.93
3879.75
3792.56
3705.38
3618.19
3531.01
3443.82
3356.63
3269.45
3182.26
3095.08
3007.89
2920.71
2833.52
2746.34
2659.15
2571.97
2484.78
2397.59
2310.41
2223.22
2136.04
2048.85
1961.67
1874.48
1787.3
1700.11
1612.92
1525.74
1438.55
1351.37
1264.18
1177
1089.81
1002.63
915.44
828.255
741.07
653.885
566.696
479.499
392.307
305.289
218.591
129.849
42.2046
8718.62
8568.2
8483.65
8407.22
8323.83
8237.26
8150.34
8063.49
7976.63
7889.7
7802.7
7715.64
7628.54
7541.42
7454.28
7367.12
7279.95
7192.78
7105.6
7018.42
6931.24
6844.05
6756.87
6669.68
6582.5
6495.31
6408.13
6320.94
6233.76
6146.57
6059.39
5972.2
5885.02
5797.83
5710.64
5623.46
5536.27
5449.09
5361.9
5274.72
5187.53
5100.35
5013.16
4925.97
4838.79
4751.6
4664.42
4577.23
4490.05
4402.86
4315.68
4228.49
4141.3
4054.12
3966.93
3879.75
3792.56
3705.38
3618.19
3531.01
3443.82
3356.63
3269.45
3182.26
3095.08
3007.89
2920.71
2833.52
2746.34
2659.15
2571.97
2484.78
2397.59
2310.41
2223.22
2136.04
2048.85
1961.67
1874.48
1787.3
1700.11
1612.92
1525.74
1438.55
1351.37
1264.18
1177
1089.81
1002.63
915.441
828.255
741.07
653.885
566.697
479.501
392.312
305.286
218.568
129.867
42.2423
8716.27
8567.47
8482.85
8406.31
8323.18
8236.88
8150.1
8063.33
7976.52
7889.62
7802.64
7715.6
7628.52
7541.4
7454.27
7367.11
7279.95
7192.77
7105.6
7018.42
6931.24
6844.05
6756.87
6669.68
6582.5
6495.31
6408.13
6320.94
6233.76
6146.57
6059.39
5972.2
5885.02
5797.83
5710.64
5623.46
5536.27
5449.09
5361.9
5274.72
5187.53
5100.35
5013.16
4925.97
4838.79
4751.6
4664.42
4577.23
4490.05
4402.86
4315.68
4228.49
4141.3
4054.12
3966.93
3879.75
3792.56
3705.38
3618.19
3531.01
3443.82
3356.63
3269.45
3182.26
3095.08
3007.89
2920.71
2833.52
2746.34
2659.15
2571.97
2484.78
2397.59
2310.41
2223.22
2136.04
2048.85
1961.67
1874.48
1787.3
1700.11
1612.92
1525.74
1438.55
1351.37
1264.18
1177
1089.81
1002.63
915.441
828.256
741.071
653.885
566.698
479.503
392.317
305.284
218.539
129.89
42.2904
8713.55
8566.81
8482.17
8405.51
8322.64
8236.57
8149.91
8063.21
7976.43
7889.56
7802.6
7715.57
7628.5
7541.39
7454.26
7367.11
7279.94
7192.77
7105.6
7018.42
6931.24
6844.05
6756.87
6669.68
6582.5
6495.31
6408.13
6320.94
6233.76
6146.57
6059.39
5972.2
5885.02
5797.83
5710.64
5623.46
5536.27
5449.09
5361.9
5274.72
5187.53
5100.35
5013.16
4925.97
4838.79
4751.6
4664.42
4577.23
4490.05
4402.86
4315.68
4228.49
4141.3
4054.12
3966.93
3879.75
3792.56
3705.38
3618.19
3531.01
3443.82
3356.63
3269.45
3182.26
3095.08
3007.89
2920.71
2833.52
2746.34
2659.15
2571.97
2484.78
2397.59
2310.41
2223.22
2136.04
2048.85
1961.67
1874.48
1787.3
1700.11
1612.92
1525.74
1438.55
1351.37
1264.18
1177
1089.81
1002.63
915.441
828.256
741.071
653.886
566.698
479.505
392.322
305.283
218.506
129.919
42.3505
8710.75
8566.39
8481.73
8404.89
8322.23
8236.36
8149.8
8063.13
7976.37
7889.52
7802.57
7715.56
7628.49
7541.38
7454.25
7367.1
7279.94
7192.77
7105.6
7018.42
6931.24
6844.05
6756.87
6669.68
6582.5
6495.31
6408.13
6320.94
6233.76
6146.57
6059.39
5972.2
5885.02
5797.83
5710.64
5623.46
5536.27
5449.09
5361.9
5274.72
5187.53
5100.35
5013.16
4925.97
4838.79
4751.6
4664.42
4577.23
4490.05
4402.86
4315.68
4228.49
4141.3
4054.12
3966.93
3879.75
3792.56
3705.38
3618.19
3531.01
3443.82
3356.63
3269.45
3182.26
3095.08
3007.89
2920.71
2833.52
2746.34
2659.15
2571.97
2484.78
2397.59
2310.41
2223.22
2136.04
2048.85
1961.67
1874.48
1787.3
1700.11
1612.92
1525.74
1438.55
1351.37
1264.18
1177
1089.81
1002.63
915.441
828.256
741.071
653.886
566.699
479.507
392.328
305.283
218.468
129.955
42.4228
8708.6
8566.48
8481.63
8404.5
8321.99
8236.27
8149.76
8063.1
7976.35
7889.5
7802.56
7715.55
7628.48
7541.38
7454.25
7367.1
7279.94
7192.77
7105.6
7018.42
6931.23
6844.05
6756.87
6669.68
6582.5
6495.31
6408.13
6320.94
6233.76
6146.57
6059.39
5972.2
5885.02
5797.83
5710.64
5623.46
5536.27
5449.09
5361.9
5274.72
5187.53
5100.35
5013.16
4925.97
4838.79
4751.6
4664.42
4577.23
4490.05
4402.86
4315.68
4228.49
4141.3
4054.12
3966.93
3879.75
3792.56
3705.38
3618.19
3531.01
3443.82
3356.63
3269.45
3182.26
3095.08
3007.89
2920.71
2833.52
2746.34
2659.15
2571.97
2484.78
2397.59
2310.41
2223.22
2136.04
2048.85
1961.67
1874.48
1787.3
1700.11
1612.92
1525.74
1438.55
1351.37
1264.18
1177
1089.81
1002.63
915.441
828.256
741.071
653.886
566.699
479.509
392.334
305.285
218.427
129.995
42.5025
8708.6
8567.45
8481.9
8404.35
8321.91
8236.28
8149.79
8063.12
7976.37
7889.51
7802.57
7715.55
7628.48
7541.38
7454.25
7367.1
7279.94
7192.77
7105.6
7018.42
6931.24
6844.05
6756.87
6669.68
6582.5
6495.31
6408.13
6320.94
6233.76
6146.57
6059.39
5972.2
5885.02
5797.83
5710.64
5623.46
5536.27
5449.09
5361.9
5274.72
5187.53
5100.35
5013.16
4925.97
4838.79
4751.6
4664.42
4577.23
4490.05
4402.86
4315.68
4228.49
4141.3
4054.12
3966.93
3879.75
3792.56
3705.38
3618.19
3531.01
3443.82
3356.63
3269.45
3182.26
3095.08
3007.89
2920.71
2833.52
2746.34
2659.15
2571.97
2484.78
2397.59
2310.41
2223.22
2136.04
2048.85
1961.67
1874.48
1787.3
1700.11
1612.92
1525.74
1438.55
1351.37
1264.18
1177
1089.81
1002.63
915.441
828.256
741.071
653.886
566.699
479.51
392.339
305.288
218.384
130.037
42.5859
8712.08
8569
8482.25
8404.32
8321.95
8236.38
8149.87
8063.19
7976.41
7889.54
7802.59
7715.56
7628.49
7541.39
7454.25
7367.1
7279.94
7192.77
7105.6
7018.42
6931.24
6844.05
6756.87
6669.68
6582.5
6495.31
6408.13
6320.94
6233.76
6146.57
6059.39
5972.2
5885.02
5797.83
5710.64
5623.46
5536.27
5449.09
5361.9
5274.72
5187.53
5100.35
5013.16
4925.97
4838.79
4751.6
4664.42
4577.23
4490.05
4402.86
4315.68
4228.49
4141.3
4054.12
3966.93
3879.75
3792.56
3705.38
3618.19
3531.01
3443.82
3356.63
3269.45
3182.26
3095.08
3007.89
2920.71
2833.52
2746.34
2659.15
2571.97
2484.78
2397.59
2310.41
2223.22
2136.04
2048.85
1961.67
1874.48
1787.3
1700.11
1612.92
1525.74
1438.55
1351.37
1264.18
1177
1089.81
1002.63
915.441
828.256
741.071
653.885
566.698
479.51
392.344
305.295
218.352
130.048
42.6315
)
;

boundaryField
{
    inlet
    {
        type            zeroGradient;
    }
    outlet
    {
        type            fixedValue;
        value           uniform 0;
    }
    lowerWall
    {
        type            zeroGradient;
    }
    upperWall
    {
        type            zeroGradient;
    }
    frontAndBack
    {
        type            empty;
    }
}


// ************************************************************************* //
