/*--------------------------------*- C++ -*----------------------------------*\
| =========                 |                                                 |
| \\      /  F ield         | foam-extend: Open Source CFD                    |
|  \\    /   O peration     | Version:     5.0                                |
|   \\  /    A nd           | Web:         http://www.foam-extend.org         |
|    \\/     M anipulation  |                                                 |
\*---------------------------------------------------------------------------*/
FoamFile
{
    version     2.0;
    format      ascii;
    class       surfaceScalarField;
    location    "0.01";
    object      phi;
}
// * * * * * * * * * * * * * * * * * * * * * * * * * * * * * * * * * * * * * //

dimensions      [0 3 -1 0 0 0 0];

internalField   nonuniform List<scalar> 
7860
(
0.00415946
0.000840538
0.0040005
0.000158967
0.00400512
-4.62375e-06
0.00409627
-9.115e-05
0.00418841
-9.21383e-05
0.00425151
-6.30989e-05
0.00429294
-4.14313e-05
0.00432138
-2.84456e-05
0.00434133
-1.99427e-05
0.00435526
-1.39377e-05
0.00436491
-9.64138e-06
0.0043715
-6.59435e-06
0.00437596
-4.45918e-06
0.00437894
-2.98267e-06
0.00438092
-1.974e-06
0.00438221
-1.29359e-06
0.00438305
-8.39771e-07
0.00438359
-5.4048e-07
0.00438394
-3.4503e-07
0.00438415
-2.18624e-07
0.00438429
-1.3755e-07
0.00438438
-8.59771e-08
0.00438443
-5.33998e-08
0.00438446
-3.29696e-08
0.00438449
-2.02297e-08
0.0043845
-1.23273e-08
0.00438451
-7.454e-09
0.00438451
-4.46502e-09
0.00438451
-2.64049e-09
0.00438451
-1.53184e-09
0.00438452
-8.6145e-10
0.00438452
-4.58713e-10
0.00438452
-2.18425e-10
0.00438452
-7.63878e-11
0.00438452
6.50806e-12
0.00438452
5.39205e-11
0.00438452
8.01643e-11
0.00438452
9.38259e-11
0.00438452
1.00154e-10
0.00438452
1.02216e-10
0.00438452
1.01774e-10
0.00438452
1.0008e-10
0.00438452
9.77181e-11
0.00438452
9.51059e-11
0.00438452
9.24354e-11
0.00438452
8.98604e-11
0.00438452
8.74169e-11
0.00438452
8.51602e-11
0.00438452
8.30659e-11
0.00438452
8.11518e-11
0.00438452
7.93719e-11
0.00438452
7.77267e-11
0.00438452
7.61624e-11
0.00438452
7.46751e-11
0.00438452
7.32025e-11
0.00438452
7.17354e-11
0.00438452
7.02128e-11
0.00438452
6.86234e-11
0.00438452
6.6901e-11
0.00438452
6.50345e-11
0.00438452
6.29588e-11
0.00438452
6.06621e-11
0.00438452
5.80786e-11
0.00438452
5.52027e-11
0.00438452
5.19725e-11
0.00438452
4.83942e-11
0.00438452
4.44229e-11
0.00438452
4.00938e-11
0.00438452
3.54045e-11
0.00438452
3.0461e-11
0.00438452
2.53692e-11
0.00438452
2.04183e-11
0.00438452
1.60039e-11
0.00438452
1.2896e-11
0.00438452
1.2244e-11
0.00438452
1.61683e-11
0.00438452
2.78828e-11
0.00438452
5.2823e-11
0.00438452
9.98629e-11
0.00438452
1.83306e-10
0.00438452
3.26071e-10
0.00438452
5.64726e-10
0.00438451
9.56576e-10
0.00438451
1.59048e-09
0.00438451
2.60236e-09
0.00438451
4.19543e-09
0.0043845
6.66941e-09
0.00438449
1.04527e-08
0.00438447
1.61451e-08
0.00438445
2.45316e-08
0.00438441
3.65212e-08
0.00438436
5.28782e-08
0.00438428
7.6301e-08
0.00438415
1.38038e-07
0.00438375
3.92466e-07
0.00438292
8.31271e-07
0.00438406
-1.13701e-06
0.00439642
-1.23568e-05
0.00436917
2.72475e-05
3.67232e-05
0.0068553
-0.00101476
0.00756066
-0.000546398
0.0078577
-0.000301662
0.00807323
-0.000306673
0.00825944
-0.000278349
0.00840044
-0.000204107
0.00849982
-0.000140803
0.00856874
-9.73672e-05
0.00861644
-6.76414e-05
0.0086493
-4.68043e-05
0.00867178
-3.2121e-05
0.00868702
-2.18272e-05
0.00869724
-1.46781e-05
0.00870402
-9.76901e-06
0.00870849
-6.43658e-06
0.00871139
-4.20068e-06
0.00871327
-2.71687e-06
0.00871447
-1.74253e-06
0.00871524
-1.10887e-06
0.00871572
-7.00518e-07
0.00871602
-4.39524e-07
0.00871621
-2.74004e-07
0.00871633
-1.69766e-07
0.0087164
-1.04563e-07
0.00871644
-6.40111e-08
0.00871647
-3.89209e-08
0.00871649
-2.34832e-08
0.00871649
-1.40336e-08
0.0087165
-8.27687e-09
0.0087165
-4.78656e-09
0.00871651
-2.68114e-09
0.00871651
-1.41859e-09
0.00871651
-6.66624e-10
0.00871651
-2.22967e-10
0.00871651
3.55085e-11
0.00871651
1.82923e-10
0.00871651
2.64326e-10
0.00871651
3.06461e-10
0.00871651
3.25779e-10
0.00871651
3.31735e-10
0.00871651
3.30085e-10
0.00871651
3.24428e-10
0.00871651
3.16806e-10
0.00871651
3.08337e-10
0.00871651
2.99792e-10
0.00871651
2.91475e-10
0.00871651
2.83671e-10
0.00871651
2.76379e-10
0.00871651
2.69692e-10
0.00871651
2.63495e-10
0.00871651
2.5781e-10
0.00871651
2.52471e-10
0.00871651
2.47474e-10
0.00871651
2.42633e-10
0.00871651
2.37919e-10
0.00871651
2.33136e-10
0.00871651
2.28251e-10
0.00871651
2.23062e-10
0.00871651
2.17522e-10
0.00871651
2.11424e-10
0.00871651
2.04726e-10
0.00871651
1.97219e-10
0.00871651
1.88861e-10
0.00871651
1.79458e-10
0.00871651
1.68982e-10
0.00871651
1.57273e-10
0.00871651
1.44361e-10
0.00871651
1.30173e-10
0.00871651
1.14871e-10
0.00871651
9.86032e-11
0.00871651
8.18748e-11
0.00871651
6.53967e-11
0.00871651
5.05864e-11
0.00871651
3.96506e-11
0.00871651
3.64152e-11
0.00871651
4.72202e-11
0.00871651
8.24377e-11
0.00871651
1.59022e-10
0.00871651
3.05118e-10
0.00871651
5.65975e-10
0.00871651
1.01472e-09
0.00871651
1.768e-09
0.00871651
3.01004e-09
0.0087165
5.02776e-09
0.0087165
8.26224e-09
0.00871649
1.33785e-08
0.00871647
2.13633e-08
0.00871645
3.36475e-08
0.00871641
5.22715e-08
0.00871636
8.00779e-08
0.00871627
1.20972e-07
0.00871615
1.80456e-07
0.00871595
2.7043e-07
0.00871565
4.42528e-07
0.0087152
8.42762e-07
0.00871508
9.47249e-07
0.00871767
-3.7249e-06
0.00872264
-1.73273e-05
0.0086948
5.50847e-05
6.58934e-05
0.00680938
-0.00282414
0.00785206
-0.00158908
0.00840662
-0.000856227
0.00874918
-0.000649226
0.00899168
-0.000520848
0.00916607
-0.000378501
0.00928878
-0.000263509
0.00937391
-0.000182501
0.00943254
-0.000126274
0.00947264
-8.69026e-05
0.00949985
-5.93267e-05
0.00951814
-4.01194e-05
0.00953032
-2.68607e-05
0.00953836
-1.78054e-05
0.00954361
-1.1689e-05
0.00954702
-7.60322e-06
0.0095492
-4.90273e-06
0.0095506
-3.1358e-06
0.00955148
-1.99047e-06
0.00955203
-1.25455e-06
0.00955238
-7.85469e-07
0.00955259
-4.8871e-07
0.00955273
-3.0225e-07
0.00955281
-1.85852e-07
0.00955286
-1.136e-07
0.00955289
-6.89797e-08
0.00955291
-4.15708e-08
0.00955292
-2.48179e-08
0.00955292
-1.46257e-08
0.00955293
-8.45498e-09
0.00955293
-4.73797e-09
0.00955293
-2.51127e-09
0.00955293
-1.18611e-09
0.00955293
-4.04648e-10
0.00955293
5.06346e-11
0.00955293
3.10405e-10
0.00955293
4.54141e-10
0.00955293
5.28891e-10
0.00955293
5.63463e-10
0.00955293
5.74474e-10
0.00955293
5.72221e-10
0.00955293
5.62814e-10
0.00955293
5.49926e-10
0.00955293
5.35457e-10
0.00955293
5.20822e-10
0.00955293
5.06503e-10
0.00955293
4.93059e-10
0.00955293
4.8044e-10
0.00955293
4.68868e-10
0.00955293
4.58093e-10
0.00955293
4.48214e-10
0.00955293
4.38887e-10
0.00955293
4.30169e-10
0.00955293
4.21684e-10
0.00955293
4.13432e-10
0.00955293
4.05022e-10
0.00955293
3.96456e-10
0.00955293
3.87329e-10
0.00955293
3.77609e-10
0.00955293
3.66883e-10
0.00955293
3.55141e-10
0.00955293
3.41963e-10
0.00955293
3.27332e-10
0.00955293
3.10856e-10
0.00955293
2.92548e-10
0.00955293
2.72072e-10
0.00955293
2.49544e-10
0.00955293
2.2478e-10
0.00955293
1.98126e-10
0.00955293
1.69783e-10
0.00955293
1.40694e-10
0.00955293
1.12038e-10
0.00955293
8.63556e-11
0.00955293
6.74373e-11
0.00955293
6.21062e-11
0.00955293
8.11988e-11
0.00955293
1.43078e-10
0.00955293
2.77609e-10
0.00955293
5.34168e-10
0.00955293
9.92466e-10
0.00955293
1.78182e-09
0.00955293
3.10833e-09
0.00955293
5.29885e-09
0.00955292
8.86353e-09
0.00955292
1.45878e-08
0.00955291
2.36593e-08
0.00955289
3.78417e-08
0.00955287
5.96956e-08
0.00955283
9.28624e-08
0.00955276
1.42396e-07
0.00955267
2.15169e-07
0.00955253
3.20549e-07
0.00955232
4.74934e-07
0.00955204
7.28222e-07
0.00955172
1.16099e-06
0.00955173
9.3448e-07
0.00955265
-4.64238e-06
0.00954987
-1.45481e-05
0.009545
5.99549e-05
6.6112e-05
0.0060275
-0.00385163
0.00687337
-0.00243495
0.00747573
-0.00145859
0.00786931
-0.0010428
0.00813174
-0.000783281
0.00831346
-0.000560226
0.00844023
-0.000390272
0.0085281
-0.000270372
0.0085885
-0.000186673
0.00862964
-0.000128042
0.00865741
-8.70969e-05
0.00867598
-5.86903e-05
0.00868828
-3.91631e-05
0.00869636
-2.58801e-05
0.00870161
-1.69417e-05
0.008705
-1.09913e-05
0.00870717
-7.07067e-06
0.00870854
-4.51267e-06
0.00870941
-2.85882e-06
0.00870996
-1.79861e-06
0.0087103
-1.12426e-06
0.00871051
-6.98458e-07
0.00871063
-4.31386e-07
0.00871071
-2.64927e-07
0.00871076
-1.61751e-07
0.00871079
-9.81233e-08
0.00871081
-5.90882e-08
0.00871082
-3.52558e-08
0.00871083
-2.07714e-08
0.00871083
-1.20104e-08
0.00871083
-6.73771e-09
0.00871083
-3.58115e-09
0.00871083
-1.7035e-09
0.00871083
-5.96281e-10
0.00871083
4.90443e-11
0.00871083
4.17691e-10
0.00871083
6.22194e-10
0.00871083
7.29318e-10
0.00871083
7.79346e-10
0.00871083
7.9594e-10
0.00871083
7.93937e-10
0.00871083
7.81674e-10
0.00871083
7.64363e-10
0.00871083
7.44726e-10
0.00871083
7.24736e-10
0.00871083
7.05111e-10
0.00871083
6.8661e-10
0.00871083
6.69202e-10
0.00871083
6.53189e-10
0.00871083
6.38256e-10
0.00871083
6.24517e-10
0.00871083
6.11538e-10
0.00871083
5.99357e-10
0.00871083
5.87481e-10
0.00871083
5.75908e-10
0.00871083
5.64118e-10
0.00871083
5.52085e-10
0.00871083
5.39268e-10
0.00871083
5.25621e-10
0.00871083
5.10597e-10
0.00871083
4.94141e-10
0.00871083
4.75707e-10
0.00871083
4.55253e-10
0.00871083
4.32259e-10
0.00871083
4.06731e-10
0.00871083
3.78236e-10
0.00871083
3.4691e-10
0.00871083
3.12533e-10
0.00871083
2.75574e-10
0.00871083
2.36343e-10
0.00871083
1.96151e-10
0.00871083
1.56682e-10
0.00871084
1.21475e-10
0.00871084
9.58856e-11
0.00871084
8.95182e-11
0.00871084
1.17415e-10
0.00871084
2.05666e-10
0.00871084
3.96492e-10
0.00871084
7.59183e-10
0.00871084
1.40647e-09
0.00871083
2.52116e-09
0.00871083
4.39504e-09
0.00871083
7.49127e-09
0.00871083
1.25336e-08
0.00871082
2.06373e-08
0.00871081
3.34895e-08
0.0087108
5.35935e-08
0.00871077
8.45744e-08
0.00871073
1.31547e-07
0.00871067
2.01493e-07
0.00871059
3.03547e-07
0.00871046
4.49106e-07
0.00871028
6.54493e-07
0.00871005
9.60363e-07
0.0087098
1.40653e-06
0.0087096
1.13449e-06
0.00870884
-3.8847e-06
0.00870398
-9.68428e-06
0.00871085
5.30808e-05
5.41229e-05
0.00532377
-0.0041754
0.00582872
-0.00293991
0.00632003
-0.00194989
0.00668003
-0.00140281
0.00692699
-0.00103024
0.00709895
-0.00073218
0.00721942
-0.000510744
0.00730324
-0.000354193
0.00736096
-0.000244391
0.00740027
-0.00016735
0.00742676
-0.000113588
0.00744443
-7.63635e-05
0.00745611
-5.08387e-05
0.00746375
-3.35215e-05
0.00746871
-2.18986e-05
0.0074719
-1.41801e-05
0.00747393
-9.1061e-06
0.00747522
-5.80242e-06
0.00747603
-3.67052e-06
0.00747654
-2.3062e-06
0.00747686
-1.43979e-06
0.00747705
-8.93488e-07
0.00747717
-5.51286e-07
0.00747725
-3.38246e-07
0.00747729
-2.06341e-07
0.00747732
-1.25082e-07
0.00747733
-7.52765e-08
0.00747734
-4.48944e-08
0.00747735
-2.64435e-08
0.00747735
-1.52908e-08
0.00747736
-8.58231e-09
0.00747736
-4.56822e-09
0.00747736
-2.18139e-09
0.00747736
-7.73757e-10
0.00747736
4.68895e-11
0.00747736
5.16175e-10
0.00747736
7.7699e-10
0.00747736
9.14208e-10
0.00747736
9.78701e-10
0.00747736
1.00096e-09
0.00747736
9.99693e-10
0.00747736
9.85152e-10
0.00747736
9.64046e-10
0.00747736
9.39914e-10
0.00747736
9.15192e-10
0.00747736
8.90869e-10
0.00747736
8.67839e-10
0.00747736
8.46148e-10
0.00747736
8.26116e-10
0.00747736
8.07426e-10
0.00747736
7.90159e-10
0.00747736
7.7385e-10
0.00747736
7.58475e-10
0.00747736
7.43493e-10
0.00747736
7.28837e-10
0.00747736
7.13931e-10
0.00747736
6.98673e-10
0.00747736
6.82455e-10
0.00747736
6.65159e-10
0.00747736
6.46173e-10
0.00747736
6.25357e-10
0.00747736
6.02103e-10
0.00747736
5.76292e-10
0.00747736
5.47349e-10
0.00747736
5.15221e-10
0.00747736
4.79442e-10
0.00747736
4.4012e-10
0.00747736
3.97059e-10
0.00747736
3.50788e-10
0.00747736
3.01778e-10
0.00747736
2.51621e-10
0.00747736
2.02516e-10
0.00747736
1.58864e-10
0.00747736
1.27491e-10
0.00747736
1.20449e-10
0.00747736
1.56839e-10
0.00747736
2.69574e-10
0.00747736
5.12101e-10
0.00747736
9.72044e-10
0.00747736
1.79229e-09
0.00747736
3.20443e-09
0.00747736
5.57859e-09
0.00747736
9.50242e-09
0.00747735
1.58947e-08
0.00747735
2.61712e-08
0.00747734
4.24728e-08
0.00747732
6.79702e-08
0.0074773
1.07236e-07
0.00747727
1.66666e-07
0.00747721
2.54826e-07
0.00747713
3.82506e-07
0.00747702
5.62124e-07
0.00747687
8.08867e-07
0.00747667
1.15607e-06
0.00747645
1.62362e-06
0.00747616
1.43023e-06
0.0074749
-2.63063e-06
0.00747062
-5.40167e-06
0.00748134
4.23616e-05
3.95951e-05
0.00485143
-0.00402684
0.00504089
-0.00312937
0.00536518
-0.00227418
0.00564508
-0.0016827
0.00585123
-0.0012364
0.00599982
-0.000880764
0.00610591
-0.000616839
0.00618056
-0.000428837
0.00623228
-0.000296119
0.00626763
-0.000202697
0.00629148
-0.000137437
0.00630739
-9.22696e-05
0.00631788
-6.13353e-05
0.00632474
-4.03809e-05
0.00632919
-2.63407e-05
0.00633204
-1.70328e-05
0.00633386
-1.09238e-05
0.00633501
-6.95235e-06
0.00633573
-4.39312e-06
0.00633618
-2.75744e-06
0.00633646
-1.71992e-06
0.00633663
-1.06643e-06
0.00633674
-6.57483e-07
0.00633681
-4.03115e-07
0.00633685
-2.45747e-07
0.00633687
-1.48879e-07
0.00633688
-8.95504e-08
0.00633689
-5.33819e-08
0.0063369
-3.14303e-08
0.0063369
-1.81679e-08
0.0063369
-1.0194e-08
0.0063369
-5.42454e-09
0.0063369
-2.58915e-09
0.0063369
-9.16881e-10
0.0063369
5.7996e-11
0.0063369
6.15788e-10
0.0063369
9.26062e-10
0.0063369
1.08966e-09
0.0063369
1.16692e-09
0.0063369
1.19411e-09
0.0063369
1.19328e-09
0.0063369
1.17664e-09
0.0063369
1.15209e-09
0.0063369
1.12389e-09
0.0063369
1.09488e-09
0.0063369
1.0663e-09
0.0063369
1.03915e-09
0.0063369
1.01357e-09
0.0063369
9.89858e-10
0.0063369
9.67732e-10
0.0063369
9.47215e-10
0.0063369
9.27842e-10
0.0063369
9.09507e-10
0.0063369
8.91655e-10
0.0063369
8.7413e-10
0.0063369
8.56334e-10
0.0063369
8.38069e-10
0.0063369
8.18697e-10
0.0063369
7.98002e-10
0.0063369
7.75342e-10
0.0063369
7.50476e-10
0.0063369
7.22767e-10
0.0063369
6.92001e-10
0.0063369
6.5758e-10
0.0063369
6.1937e-10
0.0063369
5.76904e-10
0.0063369
5.3024e-10
0.0063369
4.7923e-10
0.0063369
4.24431e-10
0.0063369
3.66481e-10
0.0063369
3.07193e-10
0.0063369
2.49245e-10
0.0063369
1.97766e-10
0.0063369
1.60899e-10
0.0063369
1.52794e-10
0.00633691
1.96192e-10
0.00633691
3.29879e-10
0.00633691
6.17108e-10
0.00633691
1.16157e-09
0.0063369
2.13254e-09
0.0063369
3.80414e-09
0.0063369
6.61501e-09
0.0063369
1.12614e-08
0.0063369
1.88321e-08
0.00633689
3.10039e-08
0.00633689
5.03104e-08
0.00633687
8.04947e-08
0.00633685
1.2693e-07
0.00633682
1.97062e-07
0.00633678
3.00687e-07
0.00633671
4.49726e-07
0.00633662
6.57042e-07
0.00633649
9.3673e-07
0.00633633
1.3171e-06
0.00633615
1.80471e-06
0.00633588
1.70184e-06
0.0063347
-1.45736e-06
0.00633171
-2.40692e-06
0.00634244
3.16311e-05
2.66331e-05
0.00459393
-0.00362077
0.00454787
-0.0030833
0.0047068
-0.00243311
0.00489005
-0.00186595
0.0050418
-0.00138814
0.00515819
-0.000997156
0.00524425
-0.0007029
0.00530603
-0.000490618
0.00534936
-0.000339443
0.00537917
-0.000232508
0.00539936
-0.000157624
0.00541284
-0.000105753
0.00542174
-7.02347e-05
0.00542755
-4.61927e-05
0.00543131
-3.01004e-05
0.00543372
-1.9444e-05
0.00543526
-1.24582e-05
0.00543623
-7.92172e-06
0.00543683
-5.00146e-06
0.00543721
-3.13685e-06
0.00543745
-1.95518e-06
0.0054376
-1.2115e-06
0.00543768
-7.46473e-07
0.00543774
-4.5741e-07
0.00543777
-2.78687e-07
0.00543779
-1.68745e-07
0.0054378
-1.01446e-07
0.00543781
-6.04398e-08
0.00543782
-3.55639e-08
0.00543782
-2.05404e-08
0.00543782
-1.15107e-08
0.00543782
-6.11145e-09
0.00543782
-2.90247e-09
0.00543782
-1.01022e-09
0.00543782
9.26532e-11
0.00543782
7.23687e-10
0.00543782
1.07464e-09
0.00543782
1.25969e-09
0.00543782
1.34712e-09
0.00543782
1.37795e-09
0.00543782
1.37695e-09
0.00543782
1.35809e-09
0.00543782
1.33019e-09
0.00543782
1.29818e-09
0.00543782
1.26517e-09
0.00543782
1.23266e-09
0.00543782
1.20169e-09
0.00543782
1.17251e-09
0.00543782
1.14539e-09
0.00543782
1.12009e-09
0.00543782
1.09655e-09
0.00543782
1.07433e-09
0.00543782
1.05324e-09
0.00543782
1.03271e-09
0.00543782
1.0125e-09
0.00543782
9.92011e-10
0.00543782
9.70928e-10
0.00543782
9.48612e-10
0.00543782
9.24736e-10
0.00543782
8.98648e-10
0.00543782
8.69997e-10
0.00543782
8.38139e-10
0.00543782
8.02752e-10
0.00543782
7.63241e-10
0.00543782
7.19373e-10
0.00543782
6.707e-10
0.00543782
6.17216e-10
0.00543782
5.5883e-10
0.00543782
4.961e-10
0.00543782
4.29825e-10
0.00543782
3.61981e-10
0.00543782
2.95666e-10
0.00543782
2.36596e-10
0.00543782
1.9403e-10
0.00543782
1.83838e-10
0.00543782
2.31823e-10
0.00543782
3.81601e-10
0.00543782
7.04551e-10
0.00543782
1.31769e-09
0.00543782
2.41213e-09
0.00543782
4.29716e-09
0.00543782
7.46806e-09
0.00543782
1.27107e-08
0.00543782
2.12539e-08
0.00543781
3.49888e-08
0.00543781
5.67694e-08
0.0054378
9.08007e-08
0.00543778
1.43091e-07
0.00543776
2.21884e-07
0.00543772
3.37851e-07
0.00543766
5.03579e-07
0.00543759
7.3196e-07
0.00543749
1.03601e-06
0.00543737
1.43935e-06
0.00543724
1.93253e-06
0.00543706
1.88148e-06
0.00543617
-5.70278e-07
0.0054344
-6.29558e-07
0.0054436
2.24327e-05
1.65245e-05
0.00448998
-0.00311075
0.00429208
-0.0028854
0.00431286
-0.00245388
0.00440178
-0.00195487
0.00449494
-0.00148131
0.00457475
-0.00107697
0.00463738
-0.000765524
0.00468387
-0.000537109
0.00471711
-0.000372683
0.00474026
-0.000255652
0.00475603
-0.0001734
0.0047666
-0.000116325
0.00477359
-7.72208e-05
0.00477815
-5.07548e-05
0.0047811
-3.30494e-05
0.00478299
-2.13331e-05
0.00478419
-1.36587e-05
0.00478495
-8.67902e-06
0.00478542
-5.47602e-06
0.00478572
-3.4324e-06
0.0047859
-2.13818e-06
0.00478602
-1.3242e-06
0.00478608
-8.1551e-07
0.00478613
-4.99468e-07
0.00478615
-3.04158e-07
0.00478617
-1.84074e-07
0.00478618
-1.10599e-07
0.00478618
-6.58491e-08
0.00478619
-3.87124e-08
0.00478619
-2.23288e-08
0.00478619
-1.24846e-08
0.00478619
-6.59996e-09
0.00478619
-3.10359e-09
0.00478619
-1.04264e-09
0.00478619
1.57979e-10
0.00478619
8.44548e-10
0.00478619
1.22591e-09
0.00478619
1.42658e-09
0.00478619
1.52093e-09
0.00478619
1.55369e-09
0.00478619
1.55166e-09
0.00478619
1.53026e-09
0.00478619
1.49899e-09
0.00478619
1.46328e-09
0.00478619
1.42647e-09
0.00478619
1.39026e-09
0.00478619
1.35572e-09
0.00478619
1.32318e-09
0.00478619
1.29289e-09
0.00478619
1.26462e-09
0.00478619
1.23826e-09
0.00478619
1.21339e-09
0.00478619
1.18971e-09
0.00478619
1.16669e-09
0.00478619
1.14396e-09
0.00478619
1.12095e-09
0.00478619
1.09722e-09
0.00478619
1.07215e-09
0.00478619
1.04529e-09
0.00478619
1.01599e-09
0.00478619
9.838e-10
0.00478619
9.48061e-10
0.00478619
9.08353e-10
0.00478619
8.64083e-10
0.00478619
8.14927e-10
0.00478619
7.60454e-10
0.00478619
7.00589e-10
0.00478619
6.35298e-10
0.00478619
5.65119e-10
0.00478619
4.90991e-10
0.00478619
4.15002e-10
0.00478619
3.40588e-10
0.00478619
2.73907e-10
0.00478619
2.25094e-10
0.00478619
2.11336e-10
0.00478619
2.60815e-10
0.00478619
4.20832e-10
0.00478619
7.69005e-10
0.00478619
1.43257e-09
0.00478619
2.61933e-09
0.00478619
4.66546e-09
0.00478619
8.1095e-09
0.00478619
1.38056e-08
0.00478619
2.30889e-08
0.00478618
3.80126e-08
0.00478618
6.1671e-08
0.00478617
9.86103e-08
0.00478616
1.55293e-07
0.00478614
2.40509e-07
0.00478611
3.65446e-07
0.00478607
5.42936e-07
0.00478602
7.85514e-07
0.00478595
1.10483e-06
0.00478587
1.51851e-06
0.00478581
1.99591e-06
0.00478574
1.94854e-06
0.00478517
5.9273e-09
0.0047843
2.3323e-07
0.00479156
1.51743e-05
9.28828e-06
0.00448018
-0.00259093
0.00419864
-0.00260386
0.00411572
-0.00237096
0.00412231
-0.00196147
0.00415903
-0.00151803
0.00420133
-0.00111927
0.00423901
-0.000803199
0.00426885
-0.000566948
0.00429096
-0.00039479
0.00430668
-0.000271375
0.00431752
-0.000184244
0.00432483
-0.000123637
0.00432968
-8.20645e-05
0.00433284
-5.39192e-05
0.00433489
-3.5093e-05
0.00433619
-2.26401e-05
0.00433702
-1.44876e-05
0.00433754
-9.20076e-06
0.00433787
-5.80224e-06
0.00433807
-3.63511e-06
0.0043382
-2.26343e-06
0.00433828
-1.40116e-06
0.00433832
-8.62544e-07
0.00433835
-5.28044e-07
0.00433837
-3.21407e-07
0.00433838
-1.94413e-07
0.00433839
-1.16739e-07
0.00433839
-6.94473e-08
0.00433839
-4.07783e-08
0.00433839
-2.34748e-08
0.00433839
-1.30808e-08
0.00433839
-6.86937e-09
0.00433839
-3.18021e-09
0.00433839
-1.00678e-09
0.00433839
2.58358e-10
0.00433839
9.80963e-10
0.00433839
1.38139e-09
0.00433839
1.59115e-09
0.00433839
1.68879e-09
0.00433839
1.72147e-09
0.00433839
1.71742e-09
0.00433839
1.69301e-09
0.00433839
1.65825e-09
0.00433839
1.6189e-09
0.00433839
1.57844e-09
0.00433839
1.53872e-09
0.00433839
1.50082e-09
0.00433839
1.46515e-09
0.00433839
1.43188e-09
0.00433839
1.40085e-09
0.00433839
1.37186e-09
0.00433839
1.3445e-09
0.00433839
1.31841e-09
0.00433839
1.29306e-09
0.00433839
1.26799e-09
0.00433839
1.24261e-09
0.00433839
1.21642e-09
0.00433839
1.18877e-09
0.00433839
1.15912e-09
0.00433839
1.12682e-09
0.00433839
1.09132e-09
0.00433839
1.05195e-09
0.00433839
1.0082e-09
0.00433839
9.59484e-10
0.00433839
9.05383e-10
0.00433839
8.45484e-10
0.00433839
7.79642e-10
0.00433839
7.07866e-10
0.00433839
6.30667e-10
0.00433839
5.49086e-10
0.00433839
4.65273e-10
0.00433839
3.82913e-10
0.00433839
3.08455e-10
0.0043384
2.52644e-10
0.0043384
2.3355e-10
0.0043384
2.80982e-10
0.0043384
4.44705e-10
0.0043384
8.06527e-10
0.0043384
1.50053e-09
0.0043384
2.74564e-09
0.0043384
4.89594e-09
0.0043384
8.51873e-09
0.00433839
1.45133e-08
0.00433839
2.4285e-08
0.00433839
3.99931e-08
0.00433839
6.48863e-08
0.00433838
1.03725e-07
0.00433838
1.63242e-07
0.00433836
2.52512e-07
0.00433835
3.82904e-07
0.00433832
5.67105e-07
0.00433829
8.16923e-07
0.00433825
1.14212e-06
0.00433822
1.55257e-06
0.00433822
1.99298e-06
0.00433826
1.91225e-06
0.00433794
3.2148e-07
0.00433768
5.00929e-07
0.0043431
9.74843e-06
4.44947e-06
0.00452031
-0.00211124
0.00420379
-0.00228734
0.00404956
-0.00221673
0.0039894
-0.00190131
0.00397541
-0.00150404
0.00398169
-0.00112554
0.00399438
-0.000815892
0.0040071
-0.00057966
0.00401756
-0.000405253
0.00402543
-0.000279249
0.00403103
-0.000189839
0.00403486
-0.000127465
0.00403741
-8.46165e-05
0.00403908
-5.55878e-05
0.00404015
-3.6168e-05
0.00404084
-2.33248e-05
0.00404127
-1.49195e-05
0.00404154
-9.47112e-06
0.00404171
-5.97029e-06
0.00404181
-3.73892e-06
0.00404188
-2.32719e-06
0.00404192
-1.4401e-06
0.00404194
-8.86192e-07
0.00404195
-5.42302e-07
0.00404196
-3.29931e-07
0.00404197
-1.9946e-07
0.00404197
-1.19684e-07
0.00404197
-7.11262e-08
0.00404197
-4.16974e-08
0.00404198
-2.39404e-08
0.00404198
-1.3277e-08
0.00404198
-6.90665e-09
0.00404198
-3.12485e-09
0.00404198
-8.9844e-10
0.00404198
3.9604e-10
0.00404198
1.13401e-09
0.00404198
1.54147e-09
0.00404198
1.75339e-09
0.00404198
1.85039e-09
0.00404198
1.88085e-09
0.00404198
1.87366e-09
0.00404198
1.84575e-09
0.00404198
1.80732e-09
0.00404198
1.76437e-09
0.00404198
1.72039e-09
0.00404198
1.67734e-09
0.00404198
1.63629e-09
0.00404198
1.59768e-09
0.00404198
1.56164e-09
0.00404198
1.52803e-09
0.00404198
1.4966e-09
0.00404198
1.46694e-09
0.00404198
1.43861e-09
0.00404198
1.41109e-09
0.00404198
1.38384e-09
0.00404198
1.35627e-09
0.00404198
1.32779e-09
0.00404198
1.29774e-09
0.00404198
1.2655e-09
0.00404198
1.23041e-09
0.00404198
1.19182e-09
0.00404198
1.14908e-09
0.00404198
1.10158e-09
0.00404198
1.04872e-09
0.00404198
9.90013e-10
0.00404198
9.25054e-10
0.00404198
8.5363e-10
0.00404198
7.75778e-10
0.00404198
6.9197e-10
0.00404198
6.03311e-10
0.00404198
5.11967e-10
0.00404198
4.21769e-10
0.00404198
3.393e-10
0.00404198
2.75637e-10
0.00404198
2.49278e-10
0.00404198
2.90872e-10
0.00404198
4.51359e-10
0.00404198
8.14594e-10
0.00404198
1.51794e-09
0.00404198
2.78565e-09
0.00404198
4.98025e-09
0.00404198
8.68263e-09
0.00404198
1.48132e-08
0.00404198
2.48094e-08
0.00404197
4.08781e-08
0.00404197
6.63348e-08
0.00404197
1.06023e-07
0.00404197
1.66761e-07
0.00404196
2.57655e-07
0.00404196
3.89942e-07
0.00404195
5.75817e-07
0.00404194
8.26029e-07
0.00404193
1.14791e-06
0.00404194
1.5423e-06
0.00404201
1.92935e-06
0.00404212
1.79555e-06
0.004042
4.47255e-07
0.00404207
4.324e-07
0.00404596
5.8591e-06
1.4235e-06
0.0045816
-0.00169284
0.00426147
-0.00196721
0.00406247
-0.00201772
0.00395115
-0.00178999
0.00389379
-0.00144668
0.00386705
-0.0010988
0.0038558
-0.000804644
0.00385162
-0.000575481
0.00385039
-0.000404022
0.00385028
-0.000279141
0.0038505
-0.000190054
0.00385074
-0.000127708
0.00385093
-8.48028e-05
0.00385105
-5.57103e-05
0.00385112
-3.62416e-05
0.00385116
-2.33661e-05
0.00385119
-1.49413e-05
0.0038512
-9.48182e-06
0.0038512
-5.97506e-06
0.0038512
-3.7407e-06
0.0038512
-2.32755e-06
0.0038512
-1.43987e-06
0.0038512
-8.8575e-07
0.0038512
-5.41817e-07
0.0038512
-3.29477e-07
0.0038512
-1.99065e-07
0.0038512
-1.19346e-07
0.0038512
-7.08332e-08
0.0038512
-4.14387e-08
0.0038512
-2.37077e-08
0.0038512
-1.3063e-08
0.0038512
-6.7062e-09
0.0038512
-2.93463e-09
0.0038512
-7.16328e-10
0.0038512
5.71382e-10
0.0038512
1.30351e-09
0.0038512
1.70562e-09
0.0038512
1.91259e-09
0.0038512
2.00491e-09
0.0038512
2.03094e-09
0.0038512
2.01947e-09
0.0038512
1.98753e-09
0.0038512
1.94528e-09
0.0038512
1.89873e-09
0.0038512
1.85136e-09
0.0038512
1.80517e-09
0.0038512
1.76116e-09
0.0038512
1.71982e-09
0.0038512
1.68123e-09
0.0038512
1.64525e-09
0.0038512
1.61156e-09
0.0038512
1.57978e-09
0.0038512
1.5494e-09
0.0038512
1.51988e-09
0.0038512
1.49062e-09
0.0038512
1.46103e-09
0.0038512
1.43043e-09
0.0038512
1.39818e-09
0.0038512
1.36355e-09
0.0038512
1.32589e-09
0.0038512
1.28446e-09
0.0038512
1.23861e-09
0.0038512
1.18764e-09
0.0038512
1.13096e-09
0.0038512
1.06799e-09
0.0038512
9.98353e-10
0.0038512
9.21752e-10
0.0038512
8.38243e-10
0.0038512
7.48245e-10
0.0038512
6.52893e-10
0.0038512
5.54315e-10
0.0038512
4.56386e-10
0.0038512
3.65664e-10
0.0038512
2.93273e-10
0.0038512
2.57673e-10
0.0038512
2.89548e-10
0.0038512
4.39702e-10
0.0038512
7.91842e-10
0.0038512
1.48299e-09
0.0038512
2.73675e-09
0.0038512
4.91451e-09
0.0038512
8.59523e-09
0.0038512
1.46958e-08
0.0038512
2.46475e-08
0.0038512
4.06458e-08
0.0038512
6.59837e-08
0.00385121
1.05459e-07
0.00385121
1.65793e-07
0.00385121
2.55886e-07
0.00385121
3.86553e-07
0.00385122
5.69211e-07
0.00385123
8.13286e-07
0.00385126
1.12333e-06
0.00385131
1.49084e-06
0.00385142
1.815e-06
0.00385159
1.6247e-06
0.00385159
4.5031e-07
0.00385181
2.11413e-07
0.00385449
3.17688e-06
-3.21363e-07
0.0046472
-0.00134004
0.00434166
-0.00166167
0.00411776
-0.00179382
0.00396905
-0.00164128
0.00387598
-0.00135362
0.00382003
-0.00104284
0.0037866
-0.000771218
0.00376633
-0.000555202
0.00375375
-0.000391444
0.00374578
-0.000271175
0.00374065
-0.000184927
0.00373732
-0.000124373
0.00373514
-8.26216e-05
0.00373371
-5.42832e-05
0.00373278
-3.53106e-05
0.00373218
-2.27618e-05
0.00373179
-1.45515e-05
0.00373154
-9.23205e-06
0.00373138
-5.81611e-06
0.00373128
-3.6402e-06
0.00373122
-2.2644e-06
0.00373118
-1.4004e-06
0.00373115
-8.61188e-07
0.00373114
-5.26577e-07
0.00373113
-3.20042e-07
0.00373112
-1.93227e-07
0.00373112
-1.15725e-07
0.00373112
-6.85703e-08
0.00373111
-4.00046e-08
0.00373111
-2.27787e-08
0.00373111
-1.24405e-08
0.00373111
-6.26949e-09
0.00373111
-2.61084e-09
0.00373111
-4.61643e-10
0.00373111
7.83263e-10
0.00373111
1.48837e-09
0.00373111
1.87281e-09
0.00373111
2.06774e-09
0.00373111
2.15138e-09
0.00373111
2.17078e-09
0.00373111
2.15391e-09
0.00373111
2.11743e-09
0.00373111
2.07118e-09
0.00373111
2.02107e-09
0.00373111
1.97046e-09
0.00373111
1.92131e-09
0.00373111
1.87457e-09
0.00373111
1.83073e-09
0.00373111
1.78979e-09
0.00373111
1.75165e-09
0.00373111
1.71591e-09
0.00373111
1.6822e-09
0.00373111
1.64994e-09
0.00373111
1.61861e-09
0.00373111
1.58752e-09
0.00373111
1.5561e-09
0.00373111
1.52358e-09
0.00373111
1.48931e-09
0.00373111
1.45251e-09
0.00373111
1.4125e-09
0.00373111
1.36849e-09
0.00373111
1.31979e-09
0.00373111
1.26566e-09
0.00373111
1.20549e-09
0.00373111
1.13864e-09
0.00373111
1.06472e-09
0.00373111
9.8336e-10
0.00373111
8.94636e-10
0.00373111
7.9889e-10
0.00373111
6.97255e-10
0.00373111
5.91766e-10
0.00373111
4.86246e-10
0.00373111
3.87062e-10
0.00373111
3.05105e-10
0.00373111
2.58332e-10
0.00373111
2.76666e-10
0.00373111
4.09463e-10
0.00373111
7.38097e-10
0.00373111
1.39563e-09
0.00373111
2.59915e-09
0.00373111
4.69929e-09
0.00373111
8.25776e-09
0.00373111
1.41635e-08
0.00373112
2.38038e-08
0.00373112
3.93041e-08
0.00373112
6.38482e-08
0.00373112
1.02063e-07
0.00373113
1.60399e-07
0.00373114
2.47328e-07
0.00373115
3.72994e-07
0.00373117
5.47804e-07
0.00373121
7.7971e-07
0.00373126
1.07042e-06
0.00373135
1.40287e-06
0.0037315
1.66155e-06
0.0037317
1.42354e-06
0.00373177
3.84891e-07
0.00373202
-4.39208e-08
0.00373379
1.40401e-06
-1.20992e-06
0.00470831
-0.00104835
0.00442632
-0.00137968
0.0041914
-0.00155891
0.00401656
-0.00146643
0.003895
-0.00123206
0.00381395
-0.000961798
0.0037606
-0.000717867
0.00372542
-0.000520019
0.00370212
-0.000368144
0.00368664
-0.0002557
0.00367637
-0.000174655
0.00366957
-0.000117572
0.00366509
-7.81402e-05
0.00366215
-5.13477e-05
0.00366024
-3.34008e-05
0.00365901
-2.15282e-05
0.00365822
-1.37605e-05
0.00365772
-8.72842e-06
0.0036574
-5.49761e-06
0.0036572
-3.44005e-06
0.00365707
-2.13937e-06
0.00365699
-1.32272e-06
0.00365695
-8.13146e-07
0.00365692
-4.96978e-07
0.0036569
-3.01872e-07
0.00365689
-1.82099e-07
0.00365688
-1.08914e-07
0.00365688
-6.4394e-08
0.00365687
-3.74297e-08
0.00365687
-2.11745e-08
0.00365687
-1.14225e-08
0.00365687
-5.60472e-09
0.00365687
-2.15876e-09
0.00365687
-1.37868e-10
0.00365687
1.02926e-09
0.00365687
1.68683e-09
0.00365687
2.04166e-09
0.00365687
2.21767e-09
0.00365687
2.28877e-09
0.00365687
2.29945e-09
0.00365687
2.27612e-09
0.00365687
2.23463e-09
0.00365687
2.18425e-09
0.00365687
2.13064e-09
0.00365687
2.07694e-09
0.00365687
2.02505e-09
0.00365687
1.97581e-09
0.00365687
1.92969e-09
0.00365687
1.88664e-09
0.00365687
1.84655e-09
0.00365687
1.80897e-09
0.00365687
1.77354e-09
0.00365687
1.7396e-09
0.00365687
1.70664e-09
0.00365687
1.67392e-09
0.00365687
1.64085e-09
0.00365687
1.6066e-09
0.00365687
1.57053e-09
0.00365687
1.53178e-09
0.00365687
1.48968e-09
0.00365687
1.44334e-09
0.00365687
1.3921e-09
0.00365687
1.33512e-09
0.00365687
1.27182e-09
0.00365687
1.20146e-09
0.00365687
1.12367e-09
0.00365687
1.03801e-09
0.00365687
9.44535e-10
0.00365687
8.43515e-10
0.00365687
7.36043e-10
0.00365687
6.24009e-10
0.00365687
5.11086e-10
0.00365687
4.03295e-10
0.00365687
3.11026e-10
0.00365687
2.51271e-10
0.00365687
2.52426e-10
0.00365687
3.61127e-10
0.00365687
6.54302e-10
0.00365687
1.25755e-09
0.00365687
2.37574e-09
0.00365687
4.33949e-09
0.00365687
7.67836e-09
0.00365687
1.32299e-08
0.00365688
2.23005e-08
0.00365688
3.68901e-08
0.00365688
5.99899e-08
0.00365689
9.59361e-08
0.0036569
1.50749e-07
0.00365691
2.32272e-07
0.00365694
3.49764e-07
0.00365697
5.12458e-07
0.00365702
7.26791e-07
0.0036571
9.91866e-07
0.00365722
1.28391e-06
0.0036574
1.48028e-06
0.00365762
1.211e-06
0.00365771
2.90742e-07
0.00365793
-2.65355e-07
0.00365904
2.95769e-07
-1.55587e-06
0.00476107
-0.000809418
0.00450556
-0.00112417
0.00426861
-0.00132195
0.00407635
-0.00127417
0.00393264
-0.00108835
0.00383059
-0.000859747
0.00375981
-0.000647087
0.00371121
-0.000471424
0.00367808
-0.000335012
0.00365564
-0.000233258
0.00364055
-0.00015957
0.0036305
-0.000107515
0.00362385
-7.14903e-05
0.00361949
-4.69875e-05
0.00361665
-3.05655e-05
0.00361482
-1.96994e-05
0.00361365
-1.25899e-05
0.00361291
-7.98457e-06
0.00361244
-5.02815e-06
0.00361214
-3.14566e-06
0.00361196
-1.95584e-06
0.00361185
-1.20892e-06
0.00361178
-7.42908e-07
0.00361173
-4.53812e-07
0.00361171
-2.75452e-07
0.00361169
-1.65976e-07
0.00361168
-9.90936e-08
0.00361168
-5.84129e-08
0.00361167
-3.378e-08
0.00361167
-1.89351e-08
0.00361167
-1.00333e-08
0.00361167
-4.72652e-09
0.00361167
-1.58735e-09
0.00361167
2.49424e-10
0.00361167
1.30584e-09
0.00361167
1.89654e-09
0.00361167
2.21054e-09
0.00361167
2.36122e-09
0.00361167
2.41617e-09
0.00361167
2.41618e-09
0.00361167
2.38544e-09
0.00361167
2.33852e-09
0.00361167
2.28393e-09
0.00361167
2.22692e-09
0.00361167
2.17032e-09
0.00361167
2.11591e-09
0.00361167
2.0644e-09
0.00361167
2.01626e-09
0.00361167
1.97134e-09
0.00361167
1.92953e-09
0.00361167
1.89034e-09
0.00361167
1.85338e-09
0.00361167
1.81797e-09
0.00361167
1.78359e-09
0.00361167
1.74943e-09
0.00361167
1.71491e-09
0.00361167
1.67915e-09
0.00361167
1.6415e-09
0.00361167
1.60103e-09
0.00361167
1.55708e-09
0.00361167
1.50869e-09
0.00361167
1.45521e-09
0.00361167
1.39573e-09
0.00361167
1.32965e-09
0.00361167
1.2562e-09
0.00361167
1.17498e-09
0.00361167
1.08548e-09
0.00361167
9.87764e-10
0.00361167
8.81976e-10
0.00361167
7.69154e-10
0.00361167
6.50989e-10
0.00361167
5.30921e-10
0.00361167
4.14469e-10
0.00361167
3.11266e-10
0.00361167
2.36914e-10
0.00361167
2.17556e-10
0.00361167
2.95909e-10
0.00361167
5.42463e-10
0.00361167
1.07206e-09
0.00361167
2.07197e-09
0.00361167
3.8441e-09
0.00361167
6.87187e-09
0.00361167
1.19194e-08
0.00361167
2.01778e-08
0.00361168
3.3469e-08
0.00361168
5.45148e-08
0.00361169
8.72511e-08
0.00361171
1.37121e-07
0.00361173
2.11166e-07
0.00361176
3.17587e-07
0.00361181
4.64335e-07
0.00361188
6.56397e-07
0.00361198
8.90805e-07
0.00361212
1.13959e-06
0.00361232
1.281e-06
0.00361253
1.00053e-06
0.00361263
1.94487e-07
0.00361278
-4.19397e-07
0.00361342
-3.38339e-07
-1.57763e-06
0.00480443
-0.000613847
0.00457462
-0.000894365
0.00434086
-0.0010882
0.0041376
-0.00107091
0.00397709
-0.000927846
0.00385789
-0.000740551
0.00377228
-0.000561472
0.00371197
-0.000411113
0.0036701
-0.000293143
0.0036414
-0.000204555
0.00362196
-0.000140131
0.00360894
-9.44962e-05
0.00360031
-6.28625e-05
0.00359465
-4.13255e-05
0.00359097
-2.68839e-05
0.00358859
-1.73258e-05
0.00358708
-1.10718e-05
0.00358611
-7.02086e-06
0.00358551
-4.42055e-06
0.00358512
-2.76501e-06
0.00358489
-1.71878e-06
0.00358474
-1.06206e-06
0.00358465
-6.5237e-07
0.0035846
-3.98245e-07
0.00358456
-2.41491e-07
0.00358454
-1.4529e-07
0.00358453
-8.65241e-08
0.00358452
-5.07854e-08
0.00358452
-2.91509e-08
0.00358451
-1.61179e-08
0.00358451
-8.30712e-09
0.00358451
-3.65561e-09
0.00358451
-9.09097e-10
0.00358451
6.92639e-10
0.00358451
1.60831e-09
0.00358451
2.11456e-09
0.00358451
2.37753e-09
0.00358451
2.49707e-09
0.00358451
2.53264e-09
0.00358451
2.52028e-09
0.00358451
2.48129e-09
0.00358451
2.42863e-09
0.00358451
2.36981e-09
0.00358451
2.30951e-09
0.00358451
2.25022e-09
0.00358451
2.19354e-09
0.00358451
2.14004e-09
0.00358451
2.09013e-09
0.00358451
2.04358e-09
0.00358451
2.00031e-09
0.00358451
1.95972e-09
0.00358451
1.92147e-09
0.00358451
1.88479e-09
0.00358451
1.84919e-09
0.00358451
1.81381e-09
0.00358451
1.77806e-09
0.00358451
1.741e-09
0.00358451
1.70199e-09
0.00358451
1.66005e-09
0.00358451
1.61451e-09
0.00358451
1.56437e-09
0.00358451
1.50896e-09
0.00358451
1.44732e-09
0.00358451
1.37887e-09
0.00358451
1.30274e-09
0.00358451
1.21855e-09
0.00358451
1.12572e-09
0.00358451
1.02428e-09
0.00358451
9.14264e-10
0.00358451
7.96622e-10
0.00358451
6.72798e-10
0.00358451
5.45915e-10
0.00358451
4.20854e-10
0.00358451
3.06261e-10
0.00358451
2.15953e-10
0.00358451
1.73159e-10
0.00358451
2.15583e-10
0.00358451
4.05456e-10
0.00358451
8.43868e-10
0.00358451
1.69557e-09
0.00358451
3.22584e-09
0.00358451
5.85924e-09
0.00358451
1.02663e-08
0.00358452
1.74918e-08
0.00358452
2.91324e-08
0.00358453
4.75702e-08
0.00358454
7.62438e-08
0.00358456
1.19891e-07
0.00358458
1.84601e-07
0.00358462
2.77381e-07
0.00358468
4.04843e-07
0.00358477
5.70679e-07
0.00358489
7.70577e-07
0.00358505
9.75272e-07
0.00358526
1.07141e-06
0.00358546
8.00508e-07
0.00358555
1.12037e-07
0.00358562
-4.95131e-07
0.00358592
-6.41499e-07
-1.41947e-06
0.00483873
-0.00045258
0.00463169
-0.000687321
0.00440364
-0.00086015
0.00419384
-0.0008611
0.00402092
-0.000754926
0.00388811
-0.000607745
0.00379027
-0.000463625
0.00372007
-0.000340913
0.00367071
-0.000243786
0.00363659
-0.000170435
0.00361336
-0.000116898
0.00359775
-7.88872e-05
0.00358739
-5.25003e-05
0.00358058
-3.45202e-05
0.00357616
-2.24581e-05
0.0035733
-1.44732e-05
0.00357148
-9.24812e-06
0.00357032
-5.86371e-06
0.00356959
-3.69141e-06
0.00356914
-2.30849e-06
0.00356885
-1.43462e-06
0.00356868
-8.86141e-07
0.00356857
-5.43986e-07
0.0035685
-3.31782e-07
0.00356846
-2.00909e-07
0.00356844
-1.20598e-07
0.00356842
-7.15427e-08
0.00356841
-4.17149e-08
0.00356841
-2.36646e-08
0.0035684
-1.27961e-08
0.0035684
-6.28805e-09
0.0035684
-2.41827e-09
0.0035684
-1.39748e-10
0.0035684
1.18231e-09
0.0035684
1.93094e-09
0.0035684
2.33738e-09
0.0035684
2.54045e-09
0.0035684
2.62381e-09
0.0035684
2.63725e-09
0.0035684
2.61108e-09
0.0035684
2.56318e-09
0.0035684
2.50457e-09
0.0035684
2.44154e-09
0.0035684
2.37814e-09
0.0035684
2.31639e-09
0.0035684
2.25772e-09
0.0035684
2.2025e-09
0.0035684
2.15109e-09
0.0035684
2.10319e-09
0.0035684
2.0587e-09
0.0035684
2.01696e-09
0.0035684
1.97764e-09
0.0035684
1.93992e-09
0.0035684
1.90332e-09
0.0035684
1.86691e-09
0.0035684
1.83015e-09
0.0035684
1.79201e-09
0.0035684
1.75189e-09
0.0035684
1.70872e-09
0.0035684
1.66188e-09
0.0035684
1.61027e-09
0.0035684
1.55328e-09
0.0035684
1.48984e-09
0.0035684
1.41941e-09
0.0035684
1.34105e-09
0.0035684
1.25437e-09
0.0035684
1.15873e-09
0.0035684
1.05412e-09
0.0035684
9.40448e-10
0.0035684
8.1856e-10
0.0035684
6.89603e-10
0.0035684
5.56321e-10
0.0035684
4.22831e-10
0.0035684
2.96587e-10
0.0035684
1.89272e-10
0.0035684
1.20625e-10
0.0035684
1.22372e-10
0.0035684
2.4689e-10
0.0035684
5.78877e-10
0.0035684
1.25629e-09
0.0035684
2.50078e-09
0.0035684
4.66693e-09
0.0035684
8.31414e-09
0.00356841
1.43135e-08
0.00356841
2.39949e-08
0.00356842
3.9341e-08
0.00356843
6.32079e-08
0.00356845
9.95193e-08
0.00356849
1.5329e-07
0.00356853
2.30229e-07
0.0035686
3.35597e-07
0.0035687
4.71985e-07
0.00356884
6.34579e-07
0.00356902
7.95733e-07
0.00356923
8.5704e-07
0.00356942
6.15003e-07
0.00356948
5.10601e-08
0.00356948
-4.95399e-07
0.00356956
-7.18719e-07
-1.17149e-06
0.00486487
-0.000317446
0.00467655
-0.000499003
0.0044548
-0.000638399
0.00424139
-0.00064769
0.00405957
-0.000573111
0.00391635
-0.000464521
0.00380882
-0.000356098
0.00373064
-0.000262731
0.00367516
-0.00018831
0.00363658
-0.00013185
0.0036102
-9.0522e-05
0.00359244
-6.1124e-05
0.00358063
-4.06924e-05
0.00357287
-2.67606e-05
0.00356782
-1.74107e-05
0.00356457
-1.12201e-05
0.00356249
-7.16894e-06
0.00356117
-4.54489e-06
0.00356034
-2.86069e-06
0.00355982
-1.78857e-06
0.0035595
-1.11112e-06
0.0035593
-6.85935e-07
0.00355918
-4.20704e-07
0.0035591
-2.56227e-07
0.00355905
-1.54802e-07
0.00355903
-9.25646e-08
0.00355901
-5.45528e-08
0.003559
-3.14448e-08
0.00355899
-1.74673e-08
0.00355899
-9.05734e-09
0.00355899
-4.02853e-09
0.00355899
-1.04594e-09
0.00355898
7.01833e-10
0.00355898
1.70708e-09
0.00355898
2.26682e-09
0.00355898
2.56072e-09
0.00355898
2.69659e-09
0.00355898
2.73968e-09
0.00355898
2.72876e-09
0.00355898
2.68768e-09
0.00355898
2.63041e-09
0.00355898
2.56576e-09
0.00355898
2.49864e-09
0.00355898
2.43235e-09
0.00355898
2.36842e-09
0.00355898
2.30804e-09
0.00355898
2.25139e-09
0.00355898
2.19878e-09
0.00355898
2.1498e-09
0.00355898
2.10434e-09
0.00355898
2.06169e-09
0.00355898
2.02154e-09
0.00355898
1.983e-09
0.00355898
1.94562e-09
0.00355898
1.90842e-09
0.00355898
1.87086e-09
0.00355898
1.83188e-09
0.00355898
1.79088e-09
0.00355898
1.74676e-09
0.00355898
1.69889e-09
0.00355898
1.64613e-09
0.00355898
1.58788e-09
0.00355898
1.52302e-09
0.00355898
1.45102e-09
0.00355898
1.37088e-09
0.00355898
1.28222e-09
0.00355898
1.1843e-09
0.00355898
1.0771e-09
0.00355898
9.60387e-10
0.00355898
8.34868e-10
0.00355898
7.0137e-10
0.00355898
5.62194e-10
0.00355898
4.20591e-10
0.00355898
2.82651e-10
0.00355898
1.57638e-10
0.00355898
6.13118e-11
0.00355898
1.86149e-11
0.00355898
7.0739e-11
0.00355898
2.8379e-10
0.00355898
7.65344e-10
0.00355899
1.68763e-09
0.00355899
3.32597e-09
0.00355899
6.11395e-09
0.00355899
1.07264e-08
0.003559
1.81922e-08
0.00355901
3.00442e-08
0.00355902
4.84872e-08
0.00355905
7.65422e-08
0.00355908
1.18053e-07
0.00355913
1.77355e-07
0.00355921
2.58367e-07
0.00355932
3.62796e-07
0.00355947
4.86157e-07
0.00355966
6.05086e-07
0.00355988
6.41347e-07
0.00356005
4.44704e-07
0.00356008
1.31724e-08
0.00356002
-4.3081e-07
0.00355995
-6.45768e-07
-8.85959e-07
0.00488377
-0.000201216
0.00470963
-0.000324868
0.00449346
-0.000422223
0.00427823
-0.000432457
0.00409033
-0.000385211
0.00393956
-0.000313758
0.00382484
-0.000241376
0.00374063
-0.000178524
0.00368049
-0.000128167
0.00363848
-8.9838e-05
0.00360968
-6.17226e-05
0.00359025
-4.16957e-05
0.00357732
-2.77651e-05
0.00356883
-1.82613e-05
0.0035633
-1.18813e-05
0.00355973
-7.65651e-06
0.00355745
-4.89157e-06
0.00355601
-3.10063e-06
0.0035551
-1.95117e-06
0.00355453
-1.21946e-06
0.00355418
-7.57108e-07
0.00355396
-4.66907e-07
0.00355382
-2.85881e-07
0.00355374
-1.73633e-07
0.00355369
-1.0442e-07
0.00355366
-6.19493e-08
0.00355364
-3.6013e-08
0.00355363
-2.02514e-08
0.00355362
-1.07249e-08
0.00355362
-5.00114e-09
0.00355362
-1.58806e-09
0.00355362
4.25793e-10
0.00355362
1.59434e-09
0.00355362
2.25412e-09
0.00355361
2.60819e-09
0.00355361
2.77982e-09
0.00355361
2.84295e-09
0.00355361
2.84271e-09
0.00355361
2.80585e-09
0.00355361
2.74912e-09
0.00355361
2.68224e-09
0.00355361
2.61159e-09
0.00355361
2.54056e-09
0.00355361
2.47166e-09
0.00355361
2.40585e-09
0.00355361
2.34408e-09
0.00355361
2.28631e-09
0.00355361
2.23279e-09
0.00355361
2.18301e-09
0.00355361
2.13685e-09
0.00355361
2.09355e-09
0.00355361
2.0528e-09
0.00355361
2.01367e-09
0.00355361
1.97574e-09
0.00355361
1.93797e-09
0.00355361
1.89985e-09
0.00355361
1.86026e-09
0.00355361
1.81864e-09
0.00355361
1.77382e-09
0.00355361
1.72521e-09
0.00355361
1.67162e-09
0.00355361
1.61246e-09
0.00355361
1.54657e-09
0.00355361
1.47343e-09
0.00355361
1.39197e-09
0.00355361
1.30184e-09
0.00355361
1.2022e-09
0.00355361
1.09302e-09
0.00355361
9.7389e-10
0.00355361
8.45398e-10
0.00355361
7.08008e-10
0.00355361
5.63537e-10
0.00355361
4.14287e-10
0.00355361
2.6485e-10
0.00355361
1.2184e-10
0.00355361
-3.3343e-12
0.00355361
-9.31416e-11
0.00355362
-1.18611e-10
0.00355362
-3.39352e-11
0.00355362
2.35304e-10
0.00355362
8.07419e-10
0.00355362
1.87127e-09
0.00355362
3.72334e-09
0.00355362
6.82455e-09
0.00355363
1.18765e-08
0.00355364
1.99237e-08
0.00355366
3.24666e-08
0.00355368
5.15568e-08
0.00355372
7.97942e-08
0.00355378
1.20092e-07
0.00355386
1.75045e-07
0.00355398
2.45672e-07
0.00355414
3.28543e-07
0.00355433
4.0677e-07
0.00355455
4.26123e-07
0.00355471
2.87762e-07
0.00355472
-4.27135e-09
0.00355461
-3.15927e-07
0.00355444
-4.77006e-07
-5.89912e-07
0.00489623
-9.7445e-05
0.00473152
-0.000160154
0.00451936
-0.000210064
0.00430328
-0.000216384
0.00411159
-0.00019352
0.00395593
-0.000158094
0.00383644
-0.000121883
0.00374819
-9.02757e-05
0.00368489
-6.48715e-05
0.00364055
-4.55009e-05
0.00361011
-3.12745e-05
0.00358954
-2.11324e-05
0.00357585
-1.40739e-05
0.00356685
-9.25693e-06
0.00356099
-6.02264e-06
0.00355721
-3.88066e-06
0.0035548
-2.47876e-06
0.00355327
-1.57068e-06
0.00355231
-9.87818e-07
0.0035517
-6.16757e-07
0.00355133
-3.82258e-07
0.0035511
-2.3504e-07
0.00355096
-1.43194e-07
0.00355087
-8.62448e-08
0.00355081
-5.11296e-08
0.00355078
-2.95812e-08
0.00355076
-1.64248e-08
0.00355075
-8.43662e-09
0.00355074
-3.6186e-09
0.00355074
-7.36072e-10
0.00355074
9.68362e-10
0.00355074
1.95802e-09
0.00355073
2.51444e-09
0.00355073
2.80939e-09
0.00355073
2.94651e-09
0.00355073
2.98939e-09
0.00355073
2.97619e-09
0.00355073
2.93072e-09
0.00355073
2.867e-09
0.00355073
2.79428e-09
0.00355073
2.71779e-09
0.00355073
2.64131e-09
0.00355073
2.56666e-09
0.00355073
2.49545e-09
0.00355073
2.42811e-09
0.00355073
2.36528e-09
0.00355073
2.30671e-09
0.00355073
2.25259e-09
0.00355073
2.20229e-09
0.00355073
2.15571e-09
0.00355073
2.11201e-09
0.00355073
2.07091e-09
0.00355073
2.03143e-09
0.00355073
1.99318e-09
0.00355073
1.95506e-09
0.00355073
1.91661e-09
0.00355073
1.87665e-09
0.00355073
1.83466e-09
0.00355073
1.78941e-09
0.00355073
1.74036e-09
0.00355073
1.68625e-09
0.00355073
1.62654e-09
0.00355073
1.56001e-09
0.00355073
1.48615e-09
0.00355073
1.40386e-09
0.00355073
1.31278e-09
0.00355073
1.212e-09
0.00355073
1.10145e-09
0.00355073
9.8058e-10
0.00355073
8.49812e-10
0.00355073
7.09245e-10
0.00355073
5.60172e-10
0.00355073
4.03893e-10
0.00355073
2.43411e-10
0.00355073
8.25333e-11
0.00355073
-7.19473e-11
0.00355073
-2.10339e-10
0.00355073
-3.16604e-10
0.00355073
-3.664e-10
0.00355073
-3.20369e-10
0.00355074
-1.17187e-10
0.00355074
3.40644e-10
0.00355074
1.20475e-09
0.00355074
2.71027e-09
0.00355075
5.21345e-09
0.00355076
9.24427e-09
0.00355078
1.55629e-08
0.0035508
2.52066e-08
0.00355085
3.9484e-08
0.00355091
5.98528e-08
0.00355099
8.76067e-08
0.00355112
1.23225e-07
0.00355128
1.6486e-07
0.00355148
2.03661e-07
0.0035517
2.11894e-07
0.00355184
1.40574e-07
0.00355185
-6.73466e-09
0.0035517
-1.67069e-07
0.00355147
-2.52e-07
-2.94415e-07
0.00490253
2.87445e-08
0.00474237
3.46105e-09
0.00453231
-5.28581e-09
0.00431594
-1.00884e-08
0.00412243
-1.40714e-08
0.00396435
-1.59801e-08
0.00384248
-1.4184e-08
0.00375221
-6.84641e-10
0.00368733
1.15007e-08
0.00364181
1.0514e-08
0.00361053
7.80936e-09
0.00358939
5.77896e-09
0.00357532
4.43347e-09
0.00356606
3.58719e-09
0.00356003
3.08917e-09
0.00355615
2.83078e-09
0.00355366
2.73443e-09
0.00355209
2.74746e-09
0.0035511
2.83388e-09
0.00355048
2.97087e-09
0.0035501
3.13964e-09
0.00354986
3.31465e-09
0.00354971
3.46023e-09
0.00354962
3.55825e-09
0.00354957
3.62057e-09
0.00354953
3.66164e-09
0.00354951
3.68163e-09
0.0035495
3.68085e-09
0.00354949
3.66029e-09
0.00354949
3.62329e-09
0.00354949
3.57224e-09
0.00354948
3.50986e-09
0.00354948
3.43774e-09
0.00354948
3.35829e-09
0.00354948
3.273e-09
0.00354948
3.18412e-09
0.00354948
3.09302e-09
0.00354948
3.0016e-09
0.00354948
2.91081e-09
0.00354948
2.82218e-09
0.00354948
2.73632e-09
0.00354948
2.65434e-09
0.00354948
2.57642e-09
0.00354948
2.50329e-09
0.00354948
2.43477e-09
0.00354948
2.37124e-09
0.00354948
2.31221e-09
0.00354948
2.2578e-09
0.00354948
2.20728e-09
0.00354948
2.16055e-09
0.00354948
2.11671e-09
0.00354948
2.07551e-09
0.00354948
2.03591e-09
0.00354948
1.99757e-09
0.00354948
1.95934e-09
0.00354948
1.92078e-09
0.00354948
1.8807e-09
0.00354948
1.83859e-09
0.00354948
1.79319e-09
0.00354948
1.74399e-09
0.00354948
1.6897e-09
0.00354948
1.62979e-09
0.00354948
1.563e-09
0.00354948
1.48888e-09
0.00354948
1.40624e-09
0.00354948
1.31474e-09
0.00354948
1.21341e-09
0.00354948
1.10213e-09
0.00354948
9.80199e-10
0.00354948
8.4789e-10
0.00354948
7.04916e-10
0.00354948
5.5203e-10
0.00354948
3.89501e-10
0.00354948
2.18688e-10
0.00354948
4.05097e-11
0.00354948
-1.42992e-10
0.00354948
-3.3019e-10
0.00354948
-5.1835e-10
0.00354948
-7.05192e-10
0.00354948
-8.87396e-10
0.00354948
-1.06219e-09
0.00354949
-1.22596e-09
0.00354949
-1.37584e-09
0.00354949
-1.50859e-09
0.0035495
-1.62253e-09
0.00354951
-1.7154e-09
0.00354953
-1.78544e-09
0.00354956
-1.832e-09
0.0035496
-1.86215e-09
0.00354966
-1.88873e-09
0.00354975
-1.90428e-09
0.00354987
-1.88745e-09
0.00355004
-1.83267e-09
0.00355024
-1.74177e-09
0.00355046
-1.6244e-09
0.0035506
-1.48382e-09
0.0035506
-1.31679e-09
0.00355043
-1.14663e-09
0.00355018
-1.07255e-09
-1.27807e-09
0.00490253
9.75025e-05
0.00474237
0.000160161
0.00453231
0.000210054
0.00431594
0.000216364
0.00412243
0.000193492
0.00396435
0.000158062
0.00384248
0.000121854
0.00375221
9.02744e-05
0.00368733
6.48951e-05
0.00364181
4.55221e-05
0.00361053
3.12901e-05
0.00358939
2.11439e-05
0.00357532
1.40828e-05
0.00356605
9.26408e-06
0.00356003
6.0288e-06
0.00355615
3.8863e-06
0.00355366
2.48421e-06
0.00355209
1.57615e-06
0.0035511
9.93463e-07
0.00355048
6.22671e-07
0.00355009
3.88502e-07
0.00354986
2.41629e-07
0.00354971
1.50079e-07
0.00354962
9.33314e-08
0.00354957
5.83428e-08
0.00354953
3.68773e-08
0.00354951
2.37622e-08
0.0035495
1.57738e-08
0.00354949
1.09155e-08
0.00354949
7.95956e-09
0.00354949
6.15357e-09
0.00354948
5.03964e-09
0.00354948
4.33947e-09
0.00354948
3.88612e-09
0.00354948
3.57892e-09
0.00354948
3.3588e-09
0.00354948
3.19031e-09
0.00354948
3.05347e-09
0.00354948
2.93612e-09
0.00354948
2.83209e-09
0.00354948
2.73734e-09
0.00354948
2.65033e-09
0.00354948
2.56959e-09
0.00354948
2.49496e-09
0.00354948
2.42566e-09
0.00354948
2.36179e-09
0.00354948
2.30264e-09
0.00354948
2.24826e-09
0.00354948
2.19782e-09
0.00354948
2.15122e-09
0.00354948
2.1075e-09
0.00354948
2.06644e-09
0.00354948
2.02697e-09
0.00354948
1.98877e-09
0.00354948
1.95065e-09
0.00354948
1.91224e-09
0.00354948
1.87227e-09
0.00354948
1.8303e-09
0.00354948
1.78503e-09
0.00354948
1.73597e-09
0.00354948
1.68181e-09
0.00354948
1.62207e-09
0.00354948
1.55543e-09
0.00354948
1.48148e-09
0.00354948
1.39897e-09
0.00354948
1.3076e-09
0.00354948
1.2063e-09
0.00354948
1.09494e-09
0.00354948
9.7267e-10
0.00354948
8.39586e-10
0.00354948
6.95032e-10
0.00354948
5.39213e-10
0.00354948
3.71366e-10
0.00354948
1.91198e-10
0.00354948
-3.26446e-12
0.00354948
-2.14747e-10
0.00354948
-4.49695e-10
0.00354948
-7.18695e-10
0.00354948
-1.04155e-09
0.00354948
-1.45099e-09
0.00354948
-2.00285e-09
0.00354949
-2.78739e-09
0.00354949
-3.95059e-09
0.00354949
-5.72117e-09
0.0035495
-8.45213e-09
0.00354951
-1.2669e-08
0.00354953
-1.91278e-08
0.00354955
-2.88651e-08
0.0035496
-4.32054e-08
0.00354966
-6.36293e-08
0.00354975
-9.14108e-08
0.00354987
-1.26991e-07
0.00355004
-1.68513e-07
0.00355024
-2.07132e-07
0.00355046
-2.15129e-07
0.0035506
-1.4353e-07
0.00355059
4.11348e-09
0.00355043
1.64788e-07
0.00355018
2.49865e-07
2.9187e-07
0.00489623
0.000201273
0.00473152
0.000324875
0.00451936
0.000422212
0.00430328
0.000432437
0.00411159
0.000385183
0.00395593
0.000313726
0.00383644
0.000241345
0.00374819
0.000178523
0.00368489
0.000128192
0.00364055
8.98596e-05
0.00361011
6.17381e-05
0.00358954
4.17071e-05
0.00357585
2.77738e-05
0.00356685
1.82684e-05
0.00356099
1.18874e-05
0.00355721
7.66209e-06
0.0035548
4.89696e-06
0.00355327
3.10605e-06
0.00355231
1.95675e-06
0.0035517
1.22529e-06
0.00355133
7.63252e-07
0.0035511
4.73384e-07
0.00355095
2.92662e-07
0.00355087
1.8063e-07
0.00355081
1.1155e-07
0.00355078
6.91656e-08
0.00355076
4.32739e-08
0.00355075
2.75155e-08
0.00355074
1.79511e-08
0.00355074
1.21558e-08
0.00355074
8.64271e-09
0.00355074
6.50607e-09
0.00355073
5.19525e-09
0.00355073
4.37856e-09
0.00355073
3.85592e-09
0.00355073
3.50859e-09
0.00355073
3.26533e-09
0.00355073
3.0848e-09
0.00355073
2.94213e-09
0.00355073
2.82362e-09
0.00355073
2.72072e-09
0.00355073
2.62928e-09
0.00355073
2.54625e-09
0.00355073
2.47058e-09
0.00355073
2.40092e-09
0.00355073
2.3371e-09
0.00355073
2.27818e-09
0.00355073
2.22415e-09
0.00355073
2.17409e-09
0.00355073
2.12789e-09
0.00355073
2.08456e-09
0.00355073
2.04389e-09
0.00355073
2.00479e-09
0.00355073
1.96695e-09
0.00355073
1.92918e-09
0.00355073
1.89114e-09
0.00355073
1.85152e-09
0.00355073
1.80995e-09
0.00355073
1.76507e-09
0.00355073
1.71647e-09
0.00355073
1.66277e-09
0.00355073
1.60355e-09
0.00355073
1.53746e-09
0.00355073
1.46411e-09
0.00355073
1.38223e-09
0.00355073
1.29153e-09
0.00355073
1.19086e-09
0.00355073
1.08008e-09
0.00355073
9.58189e-10
0.00355073
8.25126e-10
0.00355073
6.79865e-10
0.00355073
5.2208e-10
0.00355073
3.49997e-10
0.00355073
1.61707e-10
0.00355073
-4.75862e-11
0.00355073
-2.85261e-10
0.00355073
-5.65631e-10
0.00355073
-9.12272e-10
0.00355073
-1.3665e-09
0.00355073
-1.99618e-09
0.00355074
-2.9142e-09
0.00355074
-4.30232e-09
0.00355074
-6.45147e-09
0.00355074
-9.81638e-09
0.00355075
-1.50959e-08
0.00355076
-2.33293e-08
0.00355078
-3.6013e-08
0.0035508
-5.51988e-08
0.00355084
-8.35058e-08
0.0035509
-1.23862e-07
0.00355099
-1.78833e-07
0.00355111
-2.49408e-07
0.00355128
-3.32161e-07
0.00355148
-4.10206e-07
0.0035517
-4.29319e-07
0.00355184
-2.90682e-07
0.00355184
1.68622e-09
0.0035517
3.1368e-07
0.00355147
4.74902e-07
5.87396e-07
0.00488377
0.000317503
0.00470964
0.00049901
0.00449346
0.000638389
0.00427823
0.00064767
0.00409033
0.000573082
0.00393956
0.000464487
0.00382485
0.000356064
0.00374064
0.000262731
0.00368049
0.000188339
0.00363848
0.000131872
0.00360968
9.05375e-05
0.00359025
6.11352e-05
0.00357732
4.07009e-05
0.00356882
2.67675e-05
0.00356329
1.74167e-05
0.00355973
1.12256e-05
0.00355745
7.17424e-06
0.00355601
4.55021e-06
0.0035551
2.86617e-06
0.00355453
1.79428e-06
0.00355418
1.11712e-06
0.00355396
6.92248e-07
0.00355382
4.27323e-07
0.00355374
2.63079e-07
0.00355369
1.61798e-07
0.00355366
9.96518e-08
0.00355364
6.16887e-08
0.00355363
3.85885e-08
0.00355362
2.45771e-08
0.00355362
1.60984e-08
0.00355362
1.09722e-08
0.00355362
7.86927e-09
0.00355362
5.98163e-09
0.00355361
4.82193e-09
0.00355361
4.09613e-09
0.00355361
3.62908e-09
0.00355361
3.31565e-09
0.00355361
3.09438e-09
0.00355361
2.92831e-09
0.00355361
2.79663e-09
0.00355361
2.68655e-09
0.00355361
2.59143e-09
0.00355361
2.50671e-09
0.00355361
2.4305e-09
0.00355361
2.36093e-09
0.00355361
2.29755e-09
0.00355361
2.23923e-09
0.00355361
2.18587e-09
0.00355361
2.13648e-09
0.00355361
2.09097e-09
0.00355361
2.04828e-09
0.00355361
2.00825e-09
0.00355361
1.96974e-09
0.00355361
1.9325e-09
0.00355361
1.89531e-09
0.00355361
1.85786e-09
0.00355361
1.81885e-09
0.00355361
1.77792e-09
0.00355361
1.73371e-09
0.00355361
1.68585e-09
0.00355361
1.63294e-09
0.00355361
1.57459e-09
0.00355361
1.50944e-09
0.00355361
1.43714e-09
0.00355361
1.35637e-09
0.00355361
1.26688e-09
0.00355361
1.16744e-09
0.00355361
1.05791e-09
0.00355361
9.37127e-10
0.00355361
8.04902e-10
0.00355361
6.59852e-10
0.00355361
5.01142e-10
0.00355361
3.2604e-10
0.00355361
1.31101e-10
0.00355361
-9.11503e-11
0.00355361
-3.52507e-10
0.00355361
-6.74747e-10
0.00355361
-1.09375e-09
0.00355361
-1.67121e-09
0.00355362
-2.50828e-09
0.00355362
-3.77189e-09
0.00355362
-5.73042e-09
0.00355362
-8.81213e-09
0.00355362
-1.36859e-08
0.00355363
-2.13784e-08
0.00355364
-3.34165e-08
0.00355366
-5.2001e-08
0.00355368
-8.01549e-08
0.00355372
-1.21744e-07
0.00355378
-1.81105e-07
0.00355386
-2.62121e-07
0.00355398
-3.66483e-07
0.00355413
-4.89718e-07
0.00355433
-6.08464e-07
0.00355455
-6.44481e-07
0.0035547
-4.47569e-07
0.00355472
-1.57012e-08
0.00355461
4.28617e-07
0.00355444
6.4371e-07
8.83491e-07
0.00486487
0.000452636
0.00467655
0.000687328
0.0044548
0.00086014
0.00424139
0.00086108
0.00405957
0.000754897
0.00391635
0.000607711
0.00380882
0.000463588
0.00373064
0.000340913
0.00367516
0.00024382
0.00363658
0.000170458
0.0036102
0.000116914
0.00359244
7.88982e-05
0.00358063
5.25086e-05
0.00357287
3.45269e-05
0.00356782
2.24639e-05
0.00356457
1.44785e-05
0.00356249
9.25328e-06
0.00356117
5.8689e-06
0.00356034
3.69675e-06
0.00355982
2.31405e-06
0.0035595
1.44045e-06
0.0035593
8.92252e-07
0.00355917
5.50395e-07
0.0035591
3.38439e-07
0.00355905
2.07724e-07
0.00355902
1.2751e-07
0.00355901
7.85081e-08
0.003559
4.86931e-08
0.00355899
3.06138e-08
0.00355899
1.96805e-08
0.00355899
1.30786e-08
0.00355898
9.09177e-09
0.00355898
6.6767e-09
0.00355898
5.20356e-09
0.00355898
4.29235e-09
0.00355898
3.71627e-09
0.00355898
3.33922e-09
0.00355898
3.08124e-09
0.00355898
2.89435e-09
0.00355898
2.75123e-09
0.00355898
2.63514e-09
0.00355898
2.5372e-09
0.00355898
2.45146e-09
0.00355898
2.37527e-09
0.00355898
2.30625e-09
0.00355898
2.24371e-09
0.00355898
2.18634e-09
0.00355898
2.13398e-09
0.00355898
2.08556e-09
0.00355898
2.041e-09
0.00355898
1.99921e-09
0.00355898
1.96005e-09
0.00355898
1.92237e-09
0.00355898
1.88596e-09
0.00355898
1.84957e-09
0.00355898
1.81295e-09
0.00355898
1.77478e-09
0.00355898
1.73474e-09
0.00355898
1.69147e-09
0.00355898
1.64463e-09
0.00355898
1.59282e-09
0.00355898
1.53571e-09
0.00355898
1.47189e-09
0.00355898
1.40106e-09
0.00355898
1.32189e-09
0.00355898
1.23413e-09
0.00355898
1.13653e-09
0.00355898
1.0289e-09
0.00355898
9.0997e-10
0.00355898
7.79412e-10
0.00355898
6.35523e-10
0.00355898
4.76996e-10
0.00355898
3.00216e-10
0.00355898
1.00323e-10
0.00355898
-1.32628e-10
0.00355898
-4.14486e-10
0.00355898
-7.73887e-10
0.00355898
-1.25801e-09
0.00355898
-1.94726e-09
0.00355898
-2.97334e-09
0.00355898
-4.55276e-09
0.00355899
-7.03343e-09
0.00355899
-1.09696e-08
0.00355899
-1.72271e-08
0.003559
-2.71335e-08
0.00355901
-4.26646e-08
0.00355902
-6.66734e-08
0.00355904
-1.03088e-07
0.00355908
-1.56945e-07
0.00355913
-2.33937e-07
0.00355921
-3.39291e-07
0.00355932
-4.756e-07
0.00355947
-6.38064e-07
0.00355966
-7.99035e-07
0.00355987
-8.60094e-07
0.00356004
-6.17796e-07
0.00356008
-5.35155e-08
0.00356002
4.93276e-07
0.00355994
7.16721e-07
1.16909e-06
0.00483874
0.000613901
0.00463169
0.000894372
0.00440365
0.00108819
0.00419384
0.00107089
0.00402092
0.000927817
0.00388811
0.000740516
0.00379027
0.00056143
0.00372007
0.000411113
0.00367071
0.000293182
0.00363659
0.000204579
0.00361335
0.000140146
0.00359775
9.45068e-05
0.00358738
6.28706e-05
0.00358058
4.1332e-05
0.00357615
2.68895e-05
0.0035733
1.7331e-05
0.00357148
1.10768e-05
0.00357032
7.02588e-06
0.00356959
4.42572e-06
0.00356913
2.77039e-06
0.00356885
1.72441e-06
0.00356867
1.06795e-06
0.00356857
6.58534e-07
0.0035685
4.04663e-07
0.00356846
2.48081e-07
0.00356844
1.51984e-07
0.00356842
9.32761e-08
0.00356841
5.7555e-08
0.00356841
3.58971e-08
0.0035684
2.28041e-08
0.0035684
1.49037e-08
0.0035684
1.01392e-08
0.0035684
7.26032e-09
0.0035684
5.51178e-09
0.0035684
4.43792e-09
0.0035684
3.76649e-09
0.0035684
3.33407e-09
0.0035684
3.04447e-09
0.0035684
2.83994e-09
0.0035684
2.68741e-09
0.0035684
2.56669e-09
0.0035684
2.46691e-09
0.0035684
2.38089e-09
0.0035684
2.30529e-09
0.0035684
2.23729e-09
0.0035684
2.176e-09
0.0035684
2.11993e-09
0.0035684
2.0689e-09
0.0035684
2.02174e-09
0.0035684
1.9784e-09
0.0035684
1.93776e-09
0.0035684
1.89971e-09
0.0035684
1.86308e-09
0.0035684
1.82771e-09
0.0035684
1.79235e-09
0.0035684
1.75678e-09
0.0035684
1.71967e-09
0.0035684
1.68078e-09
0.0035684
1.6387e-09
0.0035684
1.59318e-09
0.0035684
1.54278e-09
0.0035684
1.48724e-09
0.0035684
1.42513e-09
0.0035684
1.35621e-09
0.0035684
1.2791e-09
0.0035684
1.19361e-09
0.0035684
1.09842e-09
0.0035684
9.9335e-10
0.0035684
8.77012e-10
0.0035684
7.48961e-10
0.0035684
6.07206e-10
0.0035684
4.50025e-10
0.0035684
2.73013e-10
0.0035684
7.00543e-11
0.0035684
-1.70985e-10
0.0035684
-4.69551e-10
0.0035684
-8.60353e-10
0.0035684
-1.40057e-09
0.0035684
-2.18714e-09
0.0035684
-3.37876e-09
0.0035684
-5.2358e-09
0.0035684
-8.17643e-09
0.0035684
-1.28664e-08
0.00356841
-2.03457e-08
0.00356841
-3.22081e-08
0.00356842
-5.08289e-08
0.00356843
-7.96446e-08
0.00356845
-1.23399e-07
0.00356848
-1.882e-07
0.00356853
-2.81022e-07
0.0035686
-4.08453e-07
0.0035687
-5.74201e-07
0.00356883
-7.73966e-07
0.00356901
-9.7848e-07
0.00356923
-1.07437e-06
0.00356941
-8.03214e-07
0.00356947
-1.14403e-07
0.00356947
4.93091e-07
0.00356955
6.39572e-07
1.41715e-06
0.00480443
0.000809471
0.00457462
0.00112418
0.00434086
0.00132194
0.0041376
0.00127416
0.00397709
0.00108832
0.00385789
0.00085971
0.00377229
0.000647039
0.00371197
0.000471425
0.0036701
0.000335059
0.00364139
0.000233282
0.00362195
0.000159585
0.00360894
0.000107525
0.00360031
7.1498e-05
0.00359465
4.69937e-05
0.00359097
3.05709e-05
0.00358859
1.97044e-05
0.00358707
1.25947e-05
0.00358611
7.9894e-06
0.0035855
5.03312e-06
0.00358512
3.15083e-06
0.00358489
1.96125e-06
0.00358474
1.21456e-06
0.00358465
7.48798e-07
0.00358459
4.59952e-07
0.00358456
2.81775e-07
0.00358454
1.72412e-07
0.00358453
1.05592e-07
0.00358452
6.49332e-08
0.00358451
4.02826e-08
0.00358451
2.5383e-08
0.00358451
1.63964e-08
0.00358451
1.09815e-08
0.00358451
7.71487e-09
0.00358451
5.73638e-09
0.00358451
4.52705e-09
0.00358451
3.77654e-09
0.00358451
3.29857e-09
0.00358451
2.9833e-09
0.00358451
2.76482e-09
0.00358451
2.60523e-09
0.00358451
2.48145e-09
0.00358451
2.38089e-09
0.00358451
2.29536e-09
0.00358451
2.22095e-09
0.00358451
2.15446e-09
0.00358451
2.09483e-09
0.00358451
2.04042e-09
0.00358451
1.99102e-09
0.00358451
1.94541e-09
0.00358451
1.90356e-09
0.00358451
1.86431e-09
0.00358451
1.8276e-09
0.00358451
1.79225e-09
0.00358451
1.75813e-09
0.00358451
1.72401e-09
0.00358451
1.6897e-09
0.00358451
1.65389e-09
0.00358451
1.61637e-09
0.00358451
1.57575e-09
0.00358451
1.53181e-09
0.00358451
1.48313e-09
0.00358451
1.42949e-09
0.00358451
1.36947e-09
0.00358451
1.30286e-09
0.00358451
1.22828e-09
0.00358451
1.14557e-09
0.00358451
1.05338e-09
0.00358451
9.51505e-10
0.00358451
8.3849e-10
0.00358451
7.13785e-10
0.00358451
5.75154e-10
0.00358451
4.20521e-10
0.00358451
2.44811e-10
0.00358451
4.08434e-11
0.00358451
-2.05374e-10
0.00358451
-5.16324e-10
0.00358451
-9.31843e-10
0.00358451
-1.51753e-09
0.00358451
-2.38428e-09
0.00358451
-3.71351e-09
0.00358451
-5.80249e-09
0.00358451
-9.12859e-09
0.00358451
-1.44515e-08
0.00358451
-2.2958e-08
0.00358452
-3.64667e-08
0.00358453
-5.76924e-08
0.00358454
-9.05709e-08
0.00358455
-1.40551e-07
0.00358458
-2.14686e-07
0.00358462
-3.21136e-07
0.00358468
-4.67837e-07
0.00358476
-6.59808e-07
0.00358488
-8.94081e-07
0.00358505
-1.14269e-06
0.00358526
-1.28384e-06
0.00358546
-1.00314e-06
0.00358554
-1.96751e-07
0.00358562
4.17451e-07
0.00358592
3.36494e-07
1.5754e-06
0.00476107
0.0010484
0.00450556
0.00137969
0.00426861
0.0015589
0.00407635
0.00146642
0.00393264
0.00123203
0.00383059
0.000961761
0.00375981
0.000717813
0.00371122
0.000520021
0.00367808
0.000368198
0.00365563
0.000255724
0.00364055
0.000174669
0.00363049
0.000117582
0.00362384
7.81475e-05
0.00361948
5.13536e-05
0.00361665
3.34059e-05
0.00361482
2.15329e-05
0.00361365
1.3765e-05
0.00361291
8.73302e-06
0.00361244
5.50234e-06
0.00361214
3.44499e-06
0.00361196
2.14453e-06
0.00361185
1.32809e-06
0.00361178
8.18739e-07
0.00361173
5.02806e-07
0.00361171
3.07892e-07
0.00361169
1.88237e-07
0.00361168
1.1512e-07
0.00361167
7.06259e-08
0.00361167
4.36494e-08
0.00361167
2.73451e-08
0.00361167
1.75139e-08
0.00361167
1.15933e-08
0.00361167
8.02552e-09
0.00361167
5.86879e-09
0.00361167
4.55485e-09
0.00361167
3.74371e-09
0.00361167
3.23127e-09
0.00361167
2.89705e-09
0.00361167
2.66874e-09
0.00361167
2.50469e-09
0.00361167
2.37951e-09
0.00361167
2.27933e-09
0.00361167
2.19511e-09
0.00361167
2.1225e-09
0.00361167
2.05801e-09
0.00361167
2.00044e-09
0.00361167
1.94805e-09
0.00361167
1.90059e-09
0.00361167
1.85681e-09
0.00361167
1.81669e-09
0.00361167
1.77906e-09
0.00361167
1.74392e-09
0.00361167
1.71005e-09
0.00361167
1.6774e-09
0.00361167
1.64472e-09
0.00361167
1.61189e-09
0.00361167
1.57759e-09
0.00361167
1.54166e-09
0.00361167
1.50274e-09
0.00361167
1.46066e-09
0.00361167
1.414e-09
0.00361167
1.36258e-09
0.00361167
1.30501e-09
0.00361167
1.24111e-09
0.00361167
1.16951e-09
0.00361167
1.09007e-09
0.00361167
1.00143e-09
0.00361167
9.03396e-10
0.00361167
7.94425e-10
0.00361167
6.73902e-10
0.00361167
5.39389e-10
0.00361167
3.88536e-10
0.00361167
2.15726e-10
0.00361167
1.29377e-11
0.00361167
-2.353e-10
0.00361167
-5.53867e-10
0.00361167
-9.86647e-10
0.00361167
-1.60587e-09
0.00361167
-2.5334e-09
0.00361167
-3.96851e-09
0.00361167
-6.23747e-09
0.00361167
-9.86416e-09
0.00361167
-1.56821e-08
0.00361167
-2.49938e-08
0.00361167
-3.97949e-08
0.00361168
-6.30708e-08
0.00361169
-9.91584e-08
0.0036117
-1.54083e-07
0.00361172
-2.35688e-07
0.00361175
-3.53195e-07
0.0036118
-5.15834e-07
0.00361187
-7.30072e-07
0.00361197
-9.95013e-07
0.00361212
-1.28688e-06
0.00361232
-1.483e-06
0.00361253
-1.21349e-06
0.00361262
-2.92891e-07
0.00361278
2.63515e-07
0.00361341
-2.97522e-07
1.55376e-06
0.00470831
0.00134009
0.00442632
0.00166168
0.0041914
0.00179382
0.00401656
0.00164126
0.003895
0.0013536
0.00381395
0.00104281
0.0037606
0.000771159
0.00372542
0.000555205
0.00370211
0.000391503
0.00368664
0.000271197
0.00367637
0.00018494
0.00366957
0.000124381
0.00366509
8.26284e-05
0.00366215
5.42887e-05
0.00366024
3.53154e-05
0.00365901
2.27662e-05
0.00365822
1.45558e-05
0.00365771
9.23641e-06
0.00365739
5.82059e-06
0.00365719
3.64487e-06
0.00365707
2.26927e-06
0.00365699
1.40548e-06
0.00365694
8.66462e-07
0.00365692
5.32066e-07
0.0036569
3.25723e-07
0.00365689
1.99031e-07
0.00365688
1.21601e-07
0.00365688
7.4477e-08
0.00365687
4.59038e-08
0.00365687
2.86347e-08
0.00365687
1.82231e-08
0.00365687
1.19553e-08
0.00365687
8.18098e-09
0.00365687
5.90254e-09
0.00365687
4.51772e-09
0.00365687
3.6661e-09
0.00365687
3.13126e-09
0.00365687
2.78537e-09
0.00365687
2.55169e-09
0.00365687
2.38595e-09
0.00365687
2.26118e-09
0.00365687
2.16256e-09
0.00365687
2.08048e-09
0.00365687
2.01031e-09
0.00365687
1.94831e-09
0.00365687
1.8932e-09
0.00365687
1.84316e-09
0.00365687
1.79794e-09
0.00365687
1.75625e-09
0.00365687
1.71811e-09
0.00365687
1.68233e-09
0.00365687
1.64896e-09
0.00365687
1.61679e-09
0.00365687
1.5858e-09
0.00365687
1.55476e-09
0.00365687
1.5236e-09
0.00365687
1.49102e-09
0.00365687
1.45692e-09
0.00365687
1.41993e-09
0.00365687
1.37996e-09
0.00365687
1.33559e-09
0.00365687
1.28671e-09
0.00365687
1.23193e-09
0.00365687
1.17113e-09
0.00365687
1.10294e-09
0.00365687
1.02726e-09
0.00365687
9.42717e-10
0.00365687
8.49129e-10
0.00365687
7.44905e-10
0.00365687
6.29386e-10
0.00365687
4.99985e-10
0.00365687
3.54156e-10
0.00365687
1.85888e-10
0.00365687
-1.34388e-11
0.00365687
-2.60355e-10
0.00365687
-5.81433e-10
0.00365687
-1.02342e-09
0.00365687
-1.66321e-09
0.00365687
-2.63035e-09
0.00365687
-4.13664e-09
0.00365687
-6.52865e-09
0.00365687
-1.03628e-08
0.00365687
-1.65244e-08
0.00365687
-2.63971e-08
0.00365687
-4.21018e-08
0.00365688
-6.68172e-08
0.00365688
-1.05171e-07
0.00365689
-1.63618e-07
0.00365691
-2.50619e-07
0.00365693
-3.76284e-07
0.00365697
-5.51035e-07
0.00365702
-7.82846e-07
0.0036571
-1.07342e-06
0.00365722
-1.4057e-06
0.0036574
-1.66412e-06
0.00365761
-1.4259e-06
0.0036577
-3.86914e-07
0.00365793
4.21952e-08
0.00365903
-1.40566e-06
1.20793e-06
0.00464721
0.00169288
0.00434166
0.00196722
0.00411776
0.00201772
0.00396904
0.00178998
0.00387598
0.00144666
0.00382002
0.00109877
0.00378659
0.000804586
0.00376631
0.000575482
0.00375374
0.000404078
0.00374578
0.00027916
0.00374065
0.000190065
0.00373732
0.000127716
0.00373514
8.4809e-05
0.00373371
5.57154e-05
0.00373278
3.62461e-05
0.00373217
2.33702e-05
0.00373178
1.49453e-05
0.00373153
9.48589e-06
0.00373138
5.97926e-06
0.00373128
3.74507e-06
0.00373121
2.33212e-06
0.00373117
1.44463e-06
0.00373115
8.90683e-07
0.00373113
5.46942e-07
0.00373112
3.34788e-07
0.00373112
2.045e-07
0.00373112
1.24858e-07
0.00373111
7.63798e-08
0.00373111
4.69821e-08
0.00373111
2.92138e-08
0.00373111
1.85016e-08
0.00373111
1.20543e-08
0.00373111
8.17385e-09
0.00373111
5.83355e-09
0.00373111
4.41354e-09
0.00373111
3.54273e-09
0.00373111
2.99823e-09
0.00373111
2.64835e-09
0.00373111
2.41398e-09
0.00373111
2.24946e-09
0.00373111
2.12693e-09
0.00373111
2.0311e-09
0.00373111
1.95202e-09
0.00373111
1.8849e-09
0.00373111
1.82587e-09
0.00373111
1.77361e-09
0.00373111
1.72625e-09
0.00373111
1.68355e-09
0.00373111
1.64421e-09
0.00373111
1.60828e-09
0.00373111
1.57458e-09
0.00373111
1.54317e-09
0.00373111
1.51289e-09
0.00373111
1.48375e-09
0.00373111
1.45454e-09
0.00373111
1.42525e-09
0.00373111
1.39459e-09
0.00373111
1.36251e-09
0.00373111
1.32769e-09
0.00373111
1.29007e-09
0.00373111
1.24827e-09
0.00373111
1.20223e-09
0.00373111
1.15057e-09
0.00373111
1.09324e-09
0.00373111
1.02887e-09
0.00373111
9.57413e-10
0.00373111
8.77485e-10
0.00373111
7.88937e-10
0.00373111
6.90146e-10
0.00373111
5.80434e-10
0.00373111
4.57126e-10
0.00373111
3.17563e-10
0.00373111
1.55498e-10
0.00373111
-3.80313e-11
0.00373111
-2.80165e-10
0.00373111
-5.98425e-10
0.00373111
-1.04116e-09
0.00373111
-1.68781e-09
0.00373111
-2.67218e-09
0.00373111
-4.21284e-09
0.00373111
-6.66745e-09
0.00373111
-1.06101e-08
0.00373111
-1.69544e-08
0.00373111
-2.71284e-08
0.00373111
-4.33226e-08
0.00373112
-6.88258e-08
0.00373112
-1.08437e-07
0.00373112
-1.68879e-07
0.00373113
-2.5903e-07
0.00373115
-3.89684e-07
0.00373117
-5.72281e-07
0.0037312
-8.16261e-07
0.00373125
-1.12618e-06
0.00373134
-1.49351e-06
0.00373149
-1.81742e-06
0.00373169
-1.62693e-06
0.00373176
-4.52197e-07
0.00373201
-2.13016e-07
0.00373379
-3.17843e-06
3.19502e-07
0.0045816
0.00211128
0.00426148
0.00228735
0.00406247
0.00221673
0.00395114
0.0019013
0.00389378
0.00150402
0.00386703
0.00112552
0.00385576
0.000815856
0.00385158
0.000579656
0.00385038
0.000405281
0.00385028
0.000279261
0.00385049
0.000189848
0.00385074
0.000127472
0.00385092
8.46221e-05
0.00385105
5.55925e-05
0.00385112
3.61722e-05
0.00385116
2.33287e-05
0.00385118
1.49233e-05
0.00385119
9.47489e-06
0.0038512
5.97418e-06
0.0038512
3.74297e-06
0.0038512
2.33142e-06
0.0038512
1.44451e-06
0.0038512
8.90762e-07
0.0038512
5.47041e-07
0.0038512
3.34844e-07
0.0038512
2.04498e-07
0.0038512
1.24801e-07
0.0038512
7.62805e-08
0.0038512
4.68523e-08
0.0038512
2.90635e-08
0.0038512
1.83387e-08
0.0038512
1.18844e-08
0.0038512
8.00089e-09
0.0038512
5.6603e-09
0.0038512
4.24179e-09
0.0038512
3.37369e-09
0.0038512
2.83262e-09
0.0038512
2.48662e-09
0.0038512
2.25633e-09
0.0038512
2.09598e-09
0.0038512
1.97756e-09
0.0038512
1.88575e-09
0.0038512
1.81052e-09
0.0038512
1.74706e-09
0.0038512
1.69146e-09
0.0038512
1.64243e-09
0.0038512
1.59807e-09
0.0038512
1.55817e-09
0.0038512
1.52143e-09
0.0038512
1.48793e-09
0.0038512
1.45649e-09
0.0038512
1.42726e-09
0.0038512
1.39904e-09
0.0038512
1.37194e-09
0.0038512
1.34473e-09
0.0038512
1.31749e-09
0.0038512
1.28893e-09
0.0038512
1.25909e-09
0.0038512
1.22664e-09
0.0038512
1.19161e-09
0.0038512
1.15263e-09
0.0038512
1.10971e-09
0.0038512
1.06149e-09
0.0038512
1.00798e-09
0.0038512
9.47831e-10
0.0038512
8.8104e-10
0.0038512
8.06233e-10
0.0038512
7.23297e-10
0.0038512
6.30601e-10
0.0038512
5.2748e-10
0.0038512
4.11223e-10
0.0038512
2.79155e-10
0.0038512
1.24949e-10
0.0038512
-6.04295e-11
0.0038512
-2.94271e-10
0.0038512
-6.04272e-10
0.0038512
-1.03907e-09
0.0038512
-1.67852e-09
0.0038512
-2.65704e-09
0.0038512
-4.19413e-09
0.0038512
-6.64893e-09
0.0038512
-1.05979e-08
0.0038512
-1.69585e-08
0.0038512
-2.71652e-08
0.0038512
-4.342e-08
0.0038512
-6.90348e-08
0.0038512
-1.08853e-07
0.0038512
-1.69693e-07
0.0038512
-2.60633e-07
0.00385121
-3.92897e-07
0.00385121
-5.78711e-07
0.00385122
-8.28828e-07
0.00385125
-1.15058e-06
0.0038513
-1.54481e-06
0.00385141
-1.93161e-06
0.00385159
-1.79763e-06
0.00385158
-4.49001e-07
0.0038518
-4.33876e-07
0.00385448
-5.86053e-06
-1.42522e-06
0.00452031
0.00259097
0.00420379
0.00260387
0.00404956
0.00237096
0.0039894
0.00196146
0.0039754
0.00151802
0.00398167
0.00111926
0.00399434
0.000803187
0.00400705
0.000566939
0.00401755
0.000394788
0.00402543
0.00027138
0.00403102
0.000184251
0.00403485
0.000123642
0.00403741
8.20695e-05
0.00403908
5.39235e-05
0.00404015
3.50968e-05
0.00404084
2.26436e-05
0.00404127
1.4491e-05
0.00404154
9.2042e-06
0.00404171
5.80579e-06
0.00404181
3.63881e-06
0.00404187
2.2673e-06
0.00404191
1.4052e-06
0.00404194
8.6673e-07
0.00404195
5.32378e-07
0.00404196
3.25897e-07
0.00404197
1.99026e-07
0.00404197
1.21432e-07
0.00404197
7.41797e-08
0.00404197
4.55148e-08
0.00404197
2.81845e-08
0.00404197
1.77351e-08
0.00404197
1.14464e-08
0.00404197
7.66309e-09
0.00404197
5.38381e-09
0.00404197
4.00354e-09
0.00404197
3.16004e-09
0.00404197
2.6355e-09
0.00404197
2.30122e-09
0.00404197
2.0798e-09
0.00404197
1.92654e-09
0.00404197
1.81411e-09
0.00404197
1.72752e-09
0.00404197
1.65697e-09
0.00404197
1.59777e-09
0.00404197
1.54607e-09
0.00404197
1.50063e-09
0.00404197
1.45957e-09
0.00404197
1.42272e-09
0.00404197
1.38881e-09
0.00404197
1.35794e-09
0.00404197
1.32898e-09
0.00404197
1.30209e-09
0.00404197
1.27612e-09
0.00404197
1.25121e-09
0.00404197
1.22619e-09
0.00404197
1.20116e-09
0.00404197
1.17489e-09
0.00404197
1.14747e-09
0.00404197
1.11761e-09
0.00404197
1.08538e-09
0.00404197
1.04947e-09
0.00404197
1.00994e-09
0.00404197
9.65474e-10
0.00404197
9.1612e-10
0.00404197
8.60571e-10
0.00404197
7.98871e-10
0.00404197
7.2967e-10
0.00404197
6.52898e-10
0.00404197
5.66939e-10
0.00404197
4.7117e-10
0.00404197
3.62905e-10
0.00404197
2.39536e-10
0.00404197
9.48265e-11
0.00404197
-8.00685e-11
0.00404197
-3.02119e-10
0.00404197
-5.98425e-10
0.00404197
-1.01661e-09
0.00404197
-1.63473e-09
0.00404197
-2.58423e-09
0.00404197
-4.07961e-09
0.00404197
-6.47187e-09
0.00404197
-1.03243e-08
0.00404197
-1.65338e-08
0.00404197
-2.65026e-08
0.00404197
-4.23855e-08
0.00404197
-6.74282e-08
0.00404197
-1.0639e-07
0.00404196
-1.66e-07
0.00404196
-2.55303e-07
0.00404195
-3.85666e-07
0.00404194
-5.69807e-07
0.00404193
-8.19532e-07
0.00404193
-1.1446e-06
0.00404194
-1.55489e-06
0.004042
-1.99507e-06
0.00404212
-1.91416e-06
0.00404199
-3.23078e-07
0.00404206
-5.02273e-07
0.00404595
-9.74973e-06
-4.45103e-06
0.00448018
0.00311079
0.00419864
0.00288541
0.00411572
0.00245388
0.00412231
0.00195487
0.00415903
0.0014813
0.00420132
0.00107697
0.00423897
0.000765534
0.00426881
0.000537098
0.00429094
0.000372657
0.00430667
0.000255651
0.00431752
0.000173404
0.00432483
0.00011633
0.00432967
7.7225e-05
0.00433284
5.07586e-05
0.00433488
3.30527e-05
0.00433619
2.13363e-05
0.00433702
1.36617e-05
0.00433754
8.68211e-06
0.00433787
5.47922e-06
0.00433807
3.43574e-06
0.0043382
2.14168e-06
0.00433827
1.32785e-06
0.00433832
8.19293e-07
0.00433835
5.03378e-07
0.00433837
3.08205e-07
0.00433838
1.88238e-07
0.00433838
1.14842e-07
0.00433839
7.0133e-08
0.00433839
4.30032e-08
0.00433839
2.65972e-08
0.00433839
1.67032e-08
0.00433839
1.07481e-08
0.00433839
7.16554e-09
0.00433839
5.00755e-09
0.00433839
3.70129e-09
0.00433839
2.90372e-09
0.00433839
2.40844e-09
0.00433839
2.09357e-09
0.00433839
1.88564e-09
0.00433839
1.74236e-09
0.00433839
1.63771e-09
0.00433839
1.55755e-09
0.00433839
1.49248e-09
0.00433839
1.43811e-09
0.00433839
1.39075e-09
0.00433839
1.34925e-09
0.00433839
1.31179e-09
0.00433839
1.27826e-09
0.00433839
1.2474e-09
0.00433839
1.21938e-09
0.00433839
1.19307e-09
0.00433839
1.1687e-09
0.00433839
1.14514e-09
0.00433839
1.1226e-09
0.00433839
1.09992e-09
0.00433839
1.07727e-09
0.00433839
1.05347e-09
0.00433839
1.02864e-09
0.00433839
1.00157e-09
0.00433839
9.72357e-10
0.00433839
9.39759e-10
0.00433839
9.0388e-10
0.00433839
8.63456e-10
0.00433839
8.18587e-10
0.00433839
7.68011e-10
0.00433839
7.11819e-10
0.00433839
6.487e-10
0.00433839
5.7863e-10
0.00433839
5.0004e-10
0.00433839
4.1237e-10
0.00433839
3.13021e-10
0.00433839
1.99537e-10
0.00433839
6.59318e-11
0.00433839
-9.61869e-11
0.00433839
-3.03015e-10
0.00433839
-5.80295e-10
0.00433839
-9.73344e-10
0.00433839
-1.55631e-09
0.00433839
-2.45409e-09
0.00433839
-3.87041e-09
0.00433839
-6.13865e-09
0.00433839
-9.79379e-09
0.00433839
-1.56879e-08
0.00433839
-2.51534e-08
0.00433839
-4.02394e-08
0.00433838
-6.4037e-08
0.00433838
-1.01091e-07
0.00433837
-1.57857e-07
0.00433836
-2.43095e-07
0.00433834
-3.67999e-07
0.00433831
-5.45429e-07
0.00433828
-7.87917e-07
0.00433825
-1.10711e-06
0.00433821
-1.52064e-06
0.00433821
-1.99782e-06
0.00433825
-1.95029e-06
0.00433793
-7.37522e-09
0.00433767
-2.34439e-07
0.00434309
-1.51755e-05
-9.28968e-06
0.00448999
0.0036208
0.00429209
0.00308331
0.00431286
0.0024331
0.00440178
0.00186595
0.00449494
0.00138814
0.00457475
0.000997161
0.00463736
0.000702925
0.00468385
0.000490607
0.0047171
0.000339401
0.00474025
0.000232502
0.00475603
0.000157627
0.0047666
0.000105757
0.00477359
7.02383e-05
0.00477815
4.6196e-05
0.0047811
3.01034e-05
0.00478299
1.94468e-05
0.00478419
1.24609e-05
0.00478495
7.92445e-06
0.00478542
5.00428e-06
0.00478572
3.1398e-06
0.0047859
1.95828e-06
0.00478601
1.21474e-06
0.00478608
7.49832e-07
0.00478612
4.60877e-07
0.00478615
2.82272e-07
0.00478616
1.7244e-07
0.00478617
1.05215e-07
0.00478618
6.42497e-08
0.00478618
3.93829e-08
0.00478619
2.43407e-08
0.00478619
1.52667e-08
0.00478619
9.80395e-09
0.00478619
6.517e-09
0.00478619
4.53701e-09
0.00478619
3.33861e-09
0.00478619
2.60717e-09
0.00478619
2.15327e-09
0.00478619
1.86507e-09
0.00478619
1.67508e-09
0.00478619
1.54451e-09
0.00478619
1.4494e-09
0.00478619
1.37679e-09
0.00478619
1.31801e-09
0.00478619
1.26905e-09
0.00478619
1.22647e-09
0.00478619
1.18926e-09
0.00478619
1.1557e-09
0.00478619
1.12573e-09
0.00478619
1.09815e-09
0.00478619
1.07317e-09
0.00478619
1.04971e-09
0.00478619
1.02802e-09
0.00478619
1.00705e-09
0.00478619
9.87029e-10
0.00478619
9.66859e-10
0.00478619
9.46753e-10
0.00478619
9.25584e-10
0.00478619
9.03534e-10
0.00478619
8.79436e-10
0.00478619
8.53458e-10
0.00478619
8.24408e-10
0.00478619
7.92442e-10
0.00478619
7.56358e-10
0.00478619
7.16305e-10
0.00478619
6.71078e-10
0.00478619
6.20813e-10
0.00478619
5.64258e-10
0.00478619
5.01439e-10
0.00478619
4.30859e-10
0.00478619
3.52042e-10
0.00478619
2.62539e-10
0.00478619
1.60122e-10
0.00478619
3.92154e-11
0.00478619
-1.07881e-10
0.00478619
-2.96147e-10
0.00478619
-5.49255e-10
0.00478619
-9.08985e-10
0.00478619
-1.44355e-09
0.00478619
-2.26794e-09
0.00478619
-3.56955e-09
0.00478619
-5.65516e-09
0.00478619
-9.01694e-09
0.00478618
-1.44392e-08
0.00478618
-2.3148e-08
0.00478618
-3.70308e-08
0.00478617
-5.89388e-08
0.00478617
-9.30746e-08
0.00478615
-1.45435e-07
0.00478613
-2.24243e-07
0.00478611
-3.40176e-07
0.00478607
-5.05846e-07
0.00478601
-7.34141e-07
0.00478594
-1.03808e-06
0.00478586
-1.44127e-06
0.0047858
-1.93425e-06
0.00478573
-1.88304e-06
0.00478516
5.68983e-07
0.00478429
6.28488e-07
0.00479155
-2.24337e-05
-1.65258e-05
0.00459393
0.00402687
0.00454787
0.00312937
0.0047068
0.00227417
0.00489005
0.0016827
0.0050418
0.0012364
0.00515819
0.000880771
0.00524424
0.000616871
0.00530602
0.000428827
0.00534935
0.000296073
0.00537916
0.000202689
0.00539935
0.000137438
0.00541284
9.22724e-05
0.00542173
6.13383e-05
0.00542755
4.03836e-05
0.00543131
2.63432e-05
0.00543372
1.70351e-05
0.00543525
1.09261e-05
0.00543622
6.95469e-06
0.00543683
4.39555e-06
0.00543721
2.75999e-06
0.00543745
1.7226e-06
0.00543759
1.06923e-06
0.00543768
6.60399e-07
0.00543774
4.0612e-07
0.00543777
2.4885e-07
0.00543779
1.52082e-07
0.0054378
9.28223e-08
0.00543781
5.66924e-08
0.00543781
3.4751e-08
0.00543782
2.14729e-08
0.00543782
1.34599e-08
0.00543782
8.63425e-09
0.00543782
5.72967e-09
0.00543782
3.97955e-09
0.00543782
2.92e-09
0.00543782
2.27324e-09
0.00543782
1.87185e-09
0.00543782
1.61706e-09
0.00543782
1.44916e-09
0.00543782
1.33387e-09
0.00543782
1.24997e-09
0.00543782
1.18604e-09
0.00543782
1.13434e-09
0.00543782
1.09137e-09
0.00543782
1.05403e-09
0.00543782
1.02148e-09
0.00543782
9.92124e-10
0.00543782
9.65981e-10
0.00543782
9.41922e-10
0.00543782
9.2019e-10
0.00543782
8.99775e-10
0.00543782
8.80962e-10
0.00543782
8.6275e-10
0.00543782
8.45407e-10
0.00543782
8.27915e-10
0.00543782
8.10512e-10
0.00543782
7.92157e-10
0.00543782
7.73065e-10
0.00543782
7.52151e-10
0.00543782
7.29622e-10
0.00543782
7.0437e-10
0.00543782
6.76589e-10
0.00543782
6.45161e-10
0.00543782
6.1027e-10
0.00543782
5.70796e-10
0.00543782
5.26908e-10
0.00543782
4.77438e-10
0.00543782
4.22456e-10
0.00543782
3.60573e-10
0.00543782
2.91412e-10
0.00543782
2.12735e-10
0.00543782
1.22607e-10
0.00543782
1.60143e-11
0.00543782
-1.13834e-10
0.00543782
-2.80289e-10
0.00543782
-5.04304e-10
0.00543782
-8.22986e-10
0.00543782
-1.29675e-09
0.00543782
-2.02758e-09
0.00543782
-3.18146e-09
0.00543782
-5.03023e-09
0.00543782
-8.00987e-09
0.00543781
-1.28156e-08
0.00543781
-2.05335e-08
0.00543781
-3.2837e-08
0.0054378
-5.22571e-08
0.00543779
-8.25342e-08
0.00543777
-1.29029e-07
0.00543775
-1.99167e-07
0.00543771
-3.02759e-07
0.00543766
-4.51744e-07
0.00543758
-6.58981e-07
0.00543748
-9.38561e-07
0.00543736
-1.3188e-06
0.00543723
-1.80623e-06
0.00543705
-1.7032e-06
0.00543616
1.45622e-06
0.00543439
2.40599e-06
0.00544358
-3.16319e-05
-2.66342e-05
0.00485144
0.00417543
0.0050409
0.00293991
0.00536519
0.00194989
0.00564508
0.00140281
0.00585123
0.00103024
0.00599982
0.000732187
0.00610591
0.000510777
0.00618055
0.000354185
0.00623228
0.000244346
0.00626763
0.000167341
0.00629148
0.000113588
0.00630738
7.63656e-05
0.00631788
5.08411e-05
0.00632474
3.35237e-05
0.00632918
2.19007e-05
0.00633203
1.41821e-05
0.00633385
9.10801e-06
0.006335
5.80436e-06
0.00633573
3.67254e-06
0.00633618
2.30833e-06
0.00633646
1.44203e-06
0.00633663
8.95841e-07
0.00633674
5.53734e-07
0.0063368
3.40768e-07
0.00633684
2.08941e-07
0.00633687
1.27768e-07
0.00633688
7.80241e-08
0.00633689
4.76764e-08
0.00633689
2.92354e-08
0.0063369
1.80695e-08
0.0063369
1.13275e-08
0.0063369
7.2652e-09
0.0063369
4.81877e-09
0.0063369
3.34393e-09
0.0063369
2.45048e-09
0.0063369
1.90477e-09
0.0063369
1.56582e-09
0.0063369
1.35051e-09
0.0063369
1.20847e-09
0.0063369
1.11089e-09
0.0063369
1.03981e-09
0.0063369
9.8566e-10
0.0063369
9.41853e-10
0.0063369
9.05492e-10
0.0063369
8.73896e-10
0.0063369
8.46407e-10
0.0063369
8.21627e-10
0.0063369
7.9961e-10
0.0063369
7.79353e-10
0.0063369
7.61107e-10
0.0063369
7.43963e-10
0.0063369
7.28214e-10
0.0063369
7.12959e-10
0.0063369
6.98474e-10
0.0063369
6.83844e-10
0.0063369
6.69324e-10
0.0063369
6.53978e-10
0.0063369
6.38038e-10
0.0063369
6.20536e-10
0.0063369
6.01693e-10
0.0063369
5.8052e-10
0.0063369
5.57227e-10
0.0063369
5.30814e-10
0.0063369
5.01481e-10
0.0063369
4.68223e-10
0.0063369
4.31226e-10
0.0063369
3.89443e-10
0.0063369
3.42975e-10
0.0063369
2.90583e-10
0.0063369
2.31989e-10
0.0063369
1.65236e-10
0.0063369
8.87277e-11
0.0063369
-1.84001e-12
0.0063369
-1.12169e-10
0.0063369
-2.53614e-10
0.0063369
-4.43841e-10
0.0063369
-7.14274e-10
0.0063369
-1.11591e-09
0.0063369
-1.73495e-09
0.0063369
-2.7115e-09
0.0063369
-4.27509e-09
0.0063369
-6.79367e-09
0.0063369
-1.08543e-08
0.00633689
-1.73731e-08
0.00633689
-2.77628e-08
0.00633688
-4.41621e-08
0.00633687
-6.97393e-08
0.00633685
-1.09053e-07
0.00633682
-1.68483e-07
0.00633677
-2.56613e-07
0.0063367
-3.84245e-07
0.00633661
-5.63791e-07
0.00633648
-8.10437e-07
0.00633632
-1.15751e-06
0.00633614
-1.62492e-06
0.00633586
-1.43137e-06
0.00633469
2.62966e-06
0.0063317
5.4009e-06
0.00634243
-4.23623e-05
-3.9596e-05
0.00532377
0.00385165
0.00582873
0.00243496
0.00632003
0.00145858
0.00668004
0.0010428
0.00692699
0.000783283
0.00709895
0.000560233
0.00721943
0.0003903
0.00730325
0.000270365
0.00736096
0.000186636
0.00740026
0.000128034
0.00742675
8.70963e-05
0.00744443
5.86916e-05
0.0074561
3.91649e-05
0.00746375
2.58818e-05
0.0074687
1.69432e-05
0.00747189
1.09928e-05
0.00747393
7.07216e-06
0.00747522
4.51419e-06
0.00747603
2.86041e-06
0.00747654
1.80029e-06
0.00747685
1.12604e-06
0.00747705
7.0033e-07
0.00747717
4.33338e-07
0.00747724
2.66935e-07
0.00747729
1.6382e-07
0.00747731
1.00263e-07
0.00747733
6.12779e-08
0.00747734
3.74738e-08
0.00747735
2.29974e-08
0.00747735
1.42254e-08
0.00747735
8.92492e-09
0.00747735
5.72889e-09
0.00747736
3.80264e-09
0.00747736
2.64043e-09
0.00747736
1.93566e-09
0.00747736
1.50471e-09
0.00747736
1.23661e-09
0.00747736
1.06603e-09
0.00747736
9.53242e-10
0.00747736
8.75608e-10
0.00747736
8.18922e-10
0.00747736
7.75685e-10
0.00747736
7.40658e-10
0.00747736
7.11597e-10
0.00747736
6.86332e-10
0.00747736
6.6439e-10
0.00747736
6.44613e-10
0.00747736
6.27087e-10
0.00747736
6.10963e-10
0.00747736
5.96486e-10
0.00747736
5.82884e-10
0.00747736
5.70431e-10
0.00747736
5.58361e-10
0.00747736
5.46938e-10
0.00747736
5.35386e-10
0.00747736
5.23949e-10
0.00747736
5.11837e-10
0.00747736
4.99275e-10
0.00747736
4.85445e-10
0.00747736
4.70565e-10
0.00747736
4.53799e-10
0.00747736
4.35353e-10
0.00747736
4.14379e-10
0.00747736
3.9108e-10
0.00747736
3.64598e-10
0.00747736
3.35121e-10
0.00747736
3.0176e-10
0.00747736
2.64631e-10
0.00747736
2.22696e-10
0.00747736
1.75768e-10
0.00747736
1.22241e-10
0.00747736
6.0886e-11
0.00747736
-1.17616e-11
0.00747736
-1.00172e-10
0.00747736
-2.13383e-10
0.00747736
-3.6532e-10
0.00747736
-5.80873e-10
0.00747736
-9.0028e-10
0.00747735
-1.39165e-09
0.00747735
-2.16551e-09
0.00747735
-3.40295e-09
0.00747735
-5.394e-09
0.00747735
-8.60154e-09
0.00747735
-1.37467e-08
0.00747734
-2.19422e-08
0.00747733
-3.48739e-08
0.00747732
-5.50429e-08
0.00747729
-8.60599e-08
0.00747726
-1.33031e-07
0.0074772
-2.02951e-07
0.00747712
-3.04964e-07
0.00747701
-4.50463e-07
0.00747686
-6.55766e-07
0.00747666
-9.61529e-07
0.00747644
-1.40759e-06
0.00747615
-1.13539e-06
0.00747489
3.88391e-06
0.00747061
9.68366e-06
0.00748133
-5.30812e-05
-5.41235e-05
0.0060275
0.00282415
0.00687338
0.00158908
0.00747574
0.000856226
0.00786931
0.000649224
0.00813174
0.000520849
0.00831347
0.000378507
0.00844024
0.00026353
0.00852811
0.000182497
0.00858849
0.000126248
0.00862963
8.68957e-05
0.0086574
5.93257e-05
0.00867597
4.012e-05
0.00868828
2.68617e-05
0.00869635
1.78065e-05
0.0087016
1.169e-05
0.00870499
7.60423e-06
0.00870716
4.90375e-06
0.00870854
3.13687e-06
0.00870941
1.9916e-06
0.00870995
1.25575e-06
0.00871029
7.86752e-07
0.0087105
4.90065e-07
0.00871063
3.03667e-07
0.00871071
1.87309e-07
0.00871076
1.15098e-07
0.00871079
7.05301e-08
0.00871081
4.31581e-08
0.00871082
2.64254e-08
0.00871082
1.62381e-08
0.00871083
1.00587e-08
0.00871083
6.32099e-09
0.00871083
4.06496e-09
0.00871083
2.70377e-09
0.00871083
1.88154e-09
0.00871083
1.38224e-09
0.00871083
1.07645e-09
0.00871083
8.85809e-10
0.00871083
7.64229e-10
0.00871083
6.83598e-10
0.00871083
6.27946e-10
0.00871083
5.8718e-10
0.00871083
5.56032e-10
0.00871083
5.30745e-10
0.00871083
5.0977e-10
0.00871083
4.91524e-10
0.00871083
4.75706e-10
0.00871083
4.61448e-10
0.00871083
4.48848e-10
0.00871083
4.37259e-10
0.00871083
4.26888e-10
0.00871083
4.17144e-10
0.00871083
4.08256e-10
0.00871083
3.99636e-10
0.00871083
3.91508e-10
0.00871083
3.83277e-10
0.00871083
3.75148e-10
0.00871083
3.66522e-10
0.00871083
3.5759e-10
0.00871083
3.47729e-10
0.00871083
3.37127e-10
0.00871083
3.25145e-10
0.00871083
3.11963e-10
0.00871083
2.96933e-10
0.00871083
2.80227e-10
0.00871083
2.61193e-10
0.00871083
2.3999e-10
0.00871083
2.15941e-10
0.00871083
1.89155e-10
0.00871083
1.58844e-10
0.00871083
1.24906e-10
0.00871083
8.61461e-11
0.00871083
4.17214e-11
0.00871083
-1.08819e-11
0.00871083
-7.48086e-11
0.00871083
-1.5653e-10
0.00871083
-2.65894e-10
0.00871083
-4.20614e-10
0.00871083
-6.49175e-10
0.00871083
-9.99878e-10
0.00871083
-1.55089e-09
0.00871083
-2.43032e-09
0.00871083
-3.84297e-09
0.00871082
-6.11545e-09
0.00871082
-9.75545e-09
0.00871081
-1.55469e-08
0.0087108
-2.46768e-08
0.00871079
-3.89074e-08
0.00871076
-6.07865e-08
0.00871072
-9.39498e-08
0.00871066
-1.43464e-07
0.00871057
-2.16207e-07
0.00871045
-3.21543e-07
0.00871027
-4.75863e-07
0.00871003
-7.29066e-07
0.00870979
-1.16177e-06
0.00870959
-9.35118e-07
0.00870883
4.6418e-06
0.00870397
1.45476e-05
0.00871084
-5.99551e-05
-6.61124e-05
0.00680938
0.00101477
0.00785206
0.000546399
0.00840663
0.000301661
0.00874918
0.000306672
0.00899168
0.00027835
0.00916608
0.00020411
0.00928879
0.000140816
0.00937392
9.73655e-05
0.00943254
6.76254e-05
0.00947264
4.68001e-05
0.00949984
3.21203e-05
0.00951814
2.18274e-05
0.00953032
1.46787e-05
0.00953835
9.76958e-06
0.00954361
6.43715e-06
0.00954701
4.20125e-06
0.0095492
2.71746e-06
0.00955059
1.74315e-06
0.00955147
1.10953e-06
0.00955203
7.01229e-07
0.00955237
4.40281e-07
0.00955259
2.74804e-07
0.00955272
1.70602e-07
0.0095528
1.0542e-07
0.00955285
6.48899e-08
0.00955288
3.98306e-08
0.0095529
2.4414e-08
0.00955291
1.4975e-08
0.00955292
9.21976e-09
0.00955292
5.72382e-09
0.00955293
3.60623e-09
0.00955293
2.32638e-09
0.00955293
1.55308e-09
0.00955293
1.0853e-09
0.00955293
8.00774e-10
0.00955293
6.26227e-10
0.00955293
5.17181e-10
0.00955293
4.47499e-10
0.00955293
4.01166e-10
0.00955293
3.69131e-10
0.00955293
3.45609e-10
0.00955293
3.2763e-10
0.00955293
3.13014e-10
0.00955293
3.00908e-10
0.00955293
2.90371e-10
0.00955293
2.8126e-10
0.00955293
2.73047e-10
0.00955293
2.65813e-10
0.00955293
2.59156e-10
0.00955293
2.53223e-10
0.00955293
2.47644e-10
0.00955293
2.42576e-10
0.00955293
2.37653e-10
0.00955293
2.33031e-10
0.00955293
2.2834e-10
0.00955293
2.23724e-10
0.00955293
2.18809e-10
0.00955293
2.13734e-10
0.00955293
2.08113e-10
0.00955293
2.02077e-10
0.00955293
1.95234e-10
0.00955293
1.87711e-10
0.00955293
1.79106e-10
0.00955293
1.69545e-10
0.00955293
1.5862e-10
0.00955293
1.46448e-10
0.00955293
1.32607e-10
0.00955293
1.17184e-10
0.00955293
9.96926e-11
0.00955293
8.00973e-11
0.00955293
5.76762e-11
0.00955293
3.19717e-11
0.00955293
1.50329e-12
0.00955293
-3.54991e-11
0.00955293
-8.27757e-11
0.00955293
-1.45918e-10
0.00955293
-2.35067e-10
0.00955293
-3.66401e-10
0.00955293
-5.67418e-10
0.00955293
-8.82425e-10
0.00955293
-1.38403e-09
0.00955292
-2.18793e-09
0.00955292
-3.47809e-09
0.00955292
-5.53957e-09
0.00955291
-8.8131e-09
0.0095529
-1.39638e-08
0.00955288
-2.19777e-08
0.00955286
-3.42763e-08
0.00955281
-5.28972e-08
0.00955275
-8.06927e-08
0.00955266
-1.2157e-07
0.00955252
-1.81028e-07
0.00955231
-2.70964e-07
0.00955202
-4.43008e-07
0.00955171
-8.43218e-07
0.00955172
-9.47599e-07
0.00955264
3.72456e-06
0.00954986
1.73271e-05
0.00954499
-5.50847e-05
-6.58936e-05
0.0068553
-0.000840535
0.00756067
-0.000158968
0.00785771
4.62337e-06
0.00807323
9.11498e-05
0.00825944
9.21386e-05
0.00840045
6.31001e-05
0.00849983
4.14365e-05
0.00856875
2.84452e-05
0.00861644
1.99366e-05
0.0086493
1.39364e-05
0.00867178
9.64126e-06
0.00868701
6.59447e-06
0.00869723
4.45936e-06
0.00870402
2.98286e-06
0.00870848
1.97419e-06
0.00871139
1.29378e-06
0.00871327
8.39965e-07
0.00871447
5.40683e-07
0.00871523
3.45245e-07
0.00871571
2.18853e-07
0.00871602
1.37792e-07
0.0087162
8.62323e-08
0.00871632
5.36663e-08
0.00871639
3.32411e-08
0.00871644
2.05068e-08
0.00871646
1.26149e-08
0.00871648
7.748e-09
0.00871649
4.7619e-09
0.0087165
2.93725e-09
0.0087165
1.82676e-09
0.0087165
1.15278e-09
0.0087165
7.44742e-10
0.00871651
4.97778e-10
0.00871651
3.482e-10
0.00871651
2.57112e-10
0.00871651
2.01214e-10
0.00871651
1.66293e-10
0.00871651
1.44013e-10
0.00871651
1.29229e-10
0.00871651
1.19052e-10
0.00871651
1.11608e-10
0.00871651
1.05952e-10
0.00871651
1.01369e-10
0.00871651
9.75948e-11
0.00871651
9.4313e-11
0.00871651
9.14887e-11
0.00871651
8.89396e-11
0.00871651
8.67038e-11
0.00871651
8.46412e-11
0.00871651
8.28102e-11
0.00871651
8.1082e-11
0.00871651
7.95186e-11
0.00871651
7.79939e-11
0.00871651
7.65683e-11
0.00871651
7.51151e-11
0.00871651
7.36912e-11
0.00871651
7.21686e-11
0.00871651
7.06027e-11
0.00871651
6.88612e-11
0.00871651
6.69983e-11
0.00871651
6.48788e-11
0.00871651
6.25553e-11
0.00871651
5.9889e-11
0.00871651
5.69337e-11
0.00871651
5.3547e-11
0.00871651
4.97793e-11
0.00871651
4.54824e-11
0.00871651
4.0698e-11
0.00871651
3.52549e-11
0.00871651
2.91551e-11
0.00871651
2.21486e-11
0.00871651
1.41008e-11
0.00871651
4.51626e-12
0.00871651
-7.15963e-12
0.00871651
-2.21493e-11
0.00871651
-4.22249e-11
0.00871651
-7.06452e-11
0.00871651
-1.12532e-10
0.0087165
-1.76629e-10
0.0087165
-2.76891e-10
0.0087165
-4.36192e-10
0.0087165
-6.90718e-10
0.0087165
-1.09763e-09
0.00871649
-1.74494e-09
0.00871649
-2.76887e-09
0.00871648
-4.37273e-09
0.00871646
-6.85644e-09
0.00871644
-1.06442e-08
0.0087164
-1.6335e-08
0.00871635
-2.47184e-08
0.00871626
-3.67032e-08
0.00871613
-5.30528e-08
0.00871594
-7.64636e-08
0.00871563
-1.38181e-07
0.00871518
-3.9261e-07
0.00871507
-8.31367e-07
0.00871766
1.13691e-06
0.00872263
1.23567e-05
0.00869479
-2.72474e-05
-3.67232e-05
0.00415946
0.0040005
0.00400512
0.00409627
0.00418841
0.00425151
0.00429294
0.00432139
0.00434133
0.00435526
0.0043649
0.0043715
0.00437596
0.00437894
0.00438091
0.00438221
0.00438305
0.00438359
0.00438393
0.00438415
0.00438429
0.00438438
0.00438443
0.00438446
0.00438448
0.0043845
0.0043845
0.00438451
0.00438451
0.00438451
0.00438451
0.00438451
0.00438451
0.00438451
0.00438452
0.00438452
0.00438452
0.00438452
0.00438452
0.00438452
0.00438452
0.00438452
0.00438452
0.00438452
0.00438452
0.00438452
0.00438452
0.00438452
0.00438452
0.00438452
0.00438452
0.00438452
0.00438452
0.00438452
0.00438452
0.00438452
0.00438452
0.00438452
0.00438452
0.00438452
0.00438452
0.00438452
0.00438452
0.00438452
0.00438452
0.00438452
0.00438452
0.00438452
0.00438452
0.00438452
0.00438452
0.00438452
0.00438452
0.00438452
0.00438452
0.00438452
0.00438451
0.00438451
0.00438451
0.00438451
0.00438451
0.00438451
0.00438451
0.00438451
0.00438451
0.0043845
0.0043845
0.00438449
0.00438447
0.00438444
0.00438441
0.00438435
0.00438428
0.00438414
0.00438375
0.00438292
0.00438405
0.00439641
0.00436916
)
;

boundaryField
{
    inlet
    {
        type            calculated;
        value           nonuniform List<scalar> 
40
(
-0.005
-0.005
-0.005
-0.005
-0.005
-0.005
-0.005
-0.005
-0.005
-0.005
-0.005
-0.005
-0.005
-0.005
-0.005
-0.005
-0.005
-0.005
-0.005
-0.005
-0.005
-0.005
-0.005
-0.005
-0.005
-0.005
-0.005
-0.005
-0.005
-0.005
-0.005
-0.005
-0.005
-0.005
-0.005
-0.005
-0.005
-0.005
-0.005
-0.005
)
;
    }
    outlet
    {
        type            calculated;
        value           nonuniform List<scalar> 
40
(
0.00433244
0.00866563
0.00954478
0.00872284
0.00749587
0.0063554
0.0054537
0.0047988
0.00434794
0.00404898
0.00385624
0.00373468
0.00365939
0.00361344
0.00358577
0.00356931
0.00355966
0.00355414
0.00355118
0.00354989
0.00354988
0.00355118
0.00355414
0.00355966
0.0035693
0.00358576
0.00361343
0.00365938
0.00373468
0.00385623
0.00404897
0.00434793
0.00479879
0.00545369
0.00635539
0.00749586
0.00872283
0.00954477
0.00866562
0.00433244
)
;
    }
    lowerWall
    {
        type            calculated;
        value           uniform 0;
    }
    upperWall
    {
        type            calculated;
        value           uniform 0;
    }
    frontAndBack
    {
        type            empty;
    }
}


// ************************************************************************* //
