/*--------------------------------*- C++ -*----------------------------------*\
| =========                 |                                                 |
| \\      /  F ield         | foam-extend: Open Source CFD                    |
|  \\    /   O peration     | Version:     5.0                                |
|   \\  /    A nd           | Web:         http://www.foam-extend.org         |
|    \\/     M anipulation  |                                                 |
\*---------------------------------------------------------------------------*/
FoamFile
{
    version     2.0;
    format      ascii;
    class       volVectorField;
    location    "0.01";
    object      U;
}
// * * * * * * * * * * * * * * * * * * * * * * * * * * * * * * * * * * * * * //

dimensions      [0 1 -1 0 0 0 0];

internalField   nonuniform List<vector> 
4000
(
(0.459878 0.021314 0)
(0.866171 0.00535711 0)
(0.815636 0.00206112 0)
(0.809158 -0.00126984 0)
(0.827231 -0.00219725 0)
(0.844239 -0.00169549 0)
(0.855075 -0.00113818 0)
(0.86194 -0.000776935 0)
(0.866619 -0.000542185 0)
(0.869896 -0.000379783 0)
(0.87218 -0.000263905 0)
(0.873753 -0.000181597 0)
(0.874823 -0.000123435 0)
(0.875543 -8.30158e-05 0)
(0.876021 -5.51745e-05 0)
(0.876336 -3.63161e-05 0)
(0.876541 -2.36511e-05 0)
(0.876674 -1.5273e-05 0)
(0.876759 -9.77136e-06 0)
(0.876813 -6.20564e-06 0)
(0.876847 -3.90851e-06 0)
(0.876869 -2.44528e-06 0)
(0.876882 -1.51777e-06 0)
(0.87689 -9.35677e-07 0)
(0.876895 -5.71719e-07 0)
(0.876899 -3.45934e-07 0)
(0.8769 -2.06418e-07 0)
(0.876902 -1.20893e-07 0)
(0.876902 -6.86345e-08 0)
(0.876903 -3.69198e-08 0)
(0.876903 -1.77429e-08 0)
(0.876903 -6.25324e-09 0)
(0.876903 5.85168e-10 0)
(0.876903 4.60366e-09 0)
(0.876903 6.93165e-09 0)
(0.876903 8.24542e-09 0)
(0.876903 8.95707e-09 0)
(0.876903 9.31284e-09 0)
(0.876903 9.463e-09 0)
(0.876903 9.49555e-09 0)
(0.876903 9.46022e-09 0)
(0.876903 9.39253e-09 0)
(0.876903 9.30894e-09 0)
(0.876903 9.22085e-09 0)
(0.876903 9.1336e-09 0)
(0.876903 9.05087e-09 0)
(0.876903 8.97386e-09 0)
(0.876903 8.90327e-09 0)
(0.876903 8.83885e-09 0)
(0.876903 8.78011e-09 0)
(0.876903 8.7264e-09 0)
(0.876903 8.67665e-09 0)
(0.876903 8.63017e-09 0)
(0.876903 8.58566e-09 0)
(0.876903 8.54233e-09 0)
(0.876903 8.4987e-09 0)
(0.876903 8.45401e-09 0)
(0.876903 8.40674e-09 0)
(0.876903 8.35597e-09 0)
(0.876903 8.30021e-09 0)
(0.876903 8.23843e-09 0)
(0.876903 8.16921e-09 0)
(0.876903 8.0913e-09 0)
(0.876903 8.00357e-09 0)
(0.876903 7.90461e-09 0)
(0.876903 7.79377e-09 0)
(0.876903 7.66976e-09 0)
(0.876903 7.53297e-09 0)
(0.876903 7.38283e-09 0)
(0.876903 7.22211e-09 0)
(0.876903 7.05278e-09 0)
(0.876903 6.88328e-09 0)
(0.876903 6.72338e-09 0)
(0.876903 6.59596e-09 0)
(0.876903 6.53215e-09 0)
(0.876903 6.59507e-09 0)
(0.876903 6.87594e-09 0)
(0.876903 7.5349e-09 0)
(0.876903 8.83035e-09 0)
(0.876903 1.11825e-08 0)
(0.876903 1.52663e-08 0)
(0.876903 2.21527e-08 0)
(0.876903 3.35427e-08 0)
(0.876903 5.20296e-08 0)
(0.876902 8.1673e-08 0)
(0.876902 1.28387e-07 0)
(0.876901 2.01207e-07 0)
(0.876899 3.12654e-07 0)
(0.876897 4.81567e-07 0)
(0.876893 7.3323e-07 0)
(0.876887 1.10809e-06 0)
(0.876879 1.67415e-06 0)
(0.876867 2.65859e-06 0)
(0.876846 5.11572e-06 0)
(0.876772 1.20427e-05 0)
(0.876564 1.51199e-05 0)
(0.876623 -6.4071e-05 0)
(0.879525 -0.000340612 0)
(0.875174 0.000850944 0)
(0.870254 0.00107606 0)
(0.731105 0.00730452 0)
(1.55665 -0.00548495 0)
(1.57968 -0.00582473 0)
(1.59384 -0.00878537 0)
(1.63141 -0.0084617 0)
(1.66689 -0.00611565 0)
(1.69163 -0.004167 0)
(1.70812 -0.0028832 0)
(1.71938 -0.00201415 0)
(1.72716 -0.00140133 0)
(1.73251 -0.000966023 0)
(1.73616 -0.000658868 0)
(1.73861 -0.000444474 0)
(1.74025 -0.00029664 0)
(1.74134 -0.000195935 0)
(1.74204 -0.000128158 0)
(1.7425 -8.30596e-05 0)
(1.7428 -5.33741e-05 0)
(1.74299 -3.40273e-05 0)
(1.74311 -2.1535e-05 0)
(1.74318 -1.35366e-05 0)
(1.74323 -8.45559e-06 0)
(1.74326 -5.25086e-06 0)
(1.74327 -3.24332e-06 0)
(1.74328 -1.99304e-06 0)
(1.74329 -1.21833e-06 0)
(1.7433 -7.41034e-07 0)
(1.7433 -4.48475e-07 0)
(1.7433 -2.70005e-07 0)
(1.7433 -1.61617e-07 0)
(1.7433 -9.61131e-08 0)
(1.7433 -5.67502e-08 0)
(1.7433 -3.32476e-08 0)
(1.7433 -1.93345e-08 0)
(1.7433 -1.11937e-08 0)
(1.7433 -6.51945e-09 0)
(1.7433 -3.91329e-09 0)
(1.7433 -2.54102e-09 0)
(1.7433 -1.88871e-09 0)
(1.7433 -1.65992e-09 0)
(1.7433 -1.6776e-09 0)
(1.7433 -1.82476e-09 0)
(1.7433 -2.03915e-09 0)
(1.7433 -2.28332e-09 0)
(1.7433 -2.53428e-09 0)
(1.7433 -2.78012e-09 0)
(1.7433 -3.01328e-09 0)
(1.7433 -3.2315e-09 0)
(1.7433 -3.43336e-09 0)
(1.7433 -3.62028e-09 0)
(1.7433 -3.79313e-09 0)
(1.7433 -3.95509e-09 0)
(1.7433 -4.10782e-09 0)
(1.7433 -4.25511e-09 0)
(1.7433 -4.39955e-09 0)
(1.7433 -4.54533e-09 0)
(1.7433 -4.69505e-09 0)
(1.7433 -4.85306e-09 0)
(1.7433 -5.02251e-09 0)
(1.7433 -5.20781e-09 0)
(1.7433 -5.4118e-09 0)
(1.7433 -5.63892e-09 0)
(1.7433 -5.89202e-09 0)
(1.7433 -6.17493e-09 0)
(1.7433 -6.48989e-09 0)
(1.7433 -6.83954e-09 0)
(1.7433 -7.22408e-09 0)
(1.7433 -7.64329e-09 0)
(1.7433 -8.093e-09 0)
(1.7433 -8.56581e-09 0)
(1.7433 -9.04657e-09 0)
(1.7433 -9.51006e-09 0)
(1.7433 -9.91234e-09 0)
(1.7433 -1.01813e-08 0)
(1.7433 -1.01984e-08 0)
(1.7433 -9.76129e-09 0)
(1.7433 -8.54918e-09 0)
(1.7433 -6.03375e-09 0)
(1.7433 -1.34223e-09 0)
(1.7433 6.92517e-09 0)
(1.7433 2.10193e-08 0)
(1.7433 4.45346e-08 0)
(1.7433 8.31099e-08 0)
(1.7433 1.45525e-07 0)
(1.7433 2.45216e-07 0)
(1.7433 4.02387e-07 0)
(1.7433 6.46864e-07 0)
(1.74329 1.02172e-06 0)
(1.74329 1.58774e-06 0)
(1.74328 2.42787e-06 0)
(1.74327 3.64918e-06 0)
(1.74325 5.38414e-06 0)
(1.74322 7.95733e-06 0)
(1.74317 1.34662e-05 0)
(1.74304 2.98928e-05 0)
(1.7428 4.46862e-05 0)
(1.74317 -0.00012347 0)
(1.74765 -0.0007765 0)
(1.73588 0.00209951 0)
(1.73864 0.00264206 0)
(0.679399 -0.096458 0)
(1.58464 -0.0521159 0)
(1.67266 -0.0269904 0)
(1.72088 -0.022896 0)
(1.77364 -0.0196966 0)
(1.81734 -0.0144751 0)
(1.84755 -0.0100442 0)
(1.86785 -0.00694438 0)
(1.88173 -0.00481032 0)
(1.89126 -0.00331829 0)
(1.89775 -0.00227133 0)
(1.90214 -0.00153994 0)
(1.90508 -0.00103354 0)
(1.90702 -0.000686656 0)
(1.9083 -0.000451714 0)
(1.90913 -0.000294377 0)
(1.90967 -0.000190148 0)
(1.91001 -0.000121808 0)
(1.91023 -7.74268e-05 0)
(1.91036 -4.88606e-05 0)
(1.91045 -3.06242e-05 0)
(1.9105 -1.90705e-05 0)
(1.91053 -1.18017e-05 0)
(1.91055 -7.25882e-06 0)
(1.91057 -4.43592e-06 0)
(1.91057 -2.69081e-06 0)
(1.91058 -1.61793e-06 0)
(1.91058 -9.61677e-07 0)
(1.91058 -5.62187e-07 0)
(1.91058 -3.20186e-07 0)
(1.91059 -1.74357e-07 0)
(1.91059 -8.6991e-08 0)
(1.91059 -3.50145e-08 0)
(1.91059 -4.38978e-09 0)
(1.91059 1.34194e-08 0)
(1.91059 2.35524e-08 0)
(1.91059 2.91282e-08 0)
(1.91059 3.19975e-08 0)
(1.91059 3.32959e-08 0)
(1.91059 3.36753e-08 0)
(1.91059 3.35377e-08 0)
(1.91059 3.31266e-08 0)
(1.91059 3.25847e-08 0)
(1.91059 3.19865e-08 0)
(1.91059 3.13865e-08 0)
(1.91059 3.08036e-08 0)
(1.91059 3.02585e-08 0)
(1.91059 2.97494e-08 0)
(1.91059 2.92837e-08 0)
(1.91059 2.8852e-08 0)
(1.91059 2.8457e-08 0)
(1.91059 2.80854e-08 0)
(1.91059 2.77387e-08 0)
(1.91059 2.74021e-08 0)
(1.91059 2.70752e-08 0)
(1.91059 2.67426e-08 0)
(1.91059 2.64038e-08 0)
(1.91059 2.6043e-08 0)
(1.91059 2.56583e-08 0)
(1.91059 2.52338e-08 0)
(1.91059 2.47681e-08 0)
(1.91059 2.4245e-08 0)
(1.91059 2.36629e-08 0)
(1.91059 2.30066e-08 0)
(1.91059 2.22753e-08 0)
(1.91059 2.1456e-08 0)
(1.91059 2.05519e-08 0)
(1.91059 1.95557e-08 0)
(1.91059 1.84796e-08 0)
(1.91059 1.73312e-08 0)
(1.91059 1.61462e-08 0)
(1.91059 1.49706e-08 0)
(1.91059 1.39031e-08 0)
(1.91059 1.30928e-08 0)
(1.91059 1.28064e-08 0)
(1.91059 1.34739e-08 0)
(1.91059 1.58168e-08 0)
(1.91059 2.10097e-08 0)
(1.91059 3.10011e-08 0)
(1.91059 4.89297e-08 0)
(1.91059 7.98827e-08 0)
(1.91059 1.31969e-07 0)
(1.91059 2.1803e-07 0)
(1.91059 3.58092e-07 0)
(1.91058 5.82961e-07 0)
(1.91058 9.39202e-07 0)
(1.91058 1.49594e-06 0)
(1.91058 2.35369e-06 0)
(1.91057 3.65597e-06 0)
(1.91056 5.60426e-06 0)
(1.91055 8.47995e-06 0)
(1.91052 1.26956e-05 0)
(1.91049 1.90883e-05 0)
(1.91044 3.04982e-05 0)
(1.91033 5.23794e-05 0)
(1.9101 4.51016e-05 0)
(1.91044 -0.000235951 0)
(1.91478 -0.000841389 0)
(1.89924 0.00309301 0)
(1.91497 0.00354571 0)
(0.55097 -0.172247 0)
(1.38995 -0.103248 0)
(1.48118 -0.0583399 0)
(1.54118 -0.0421002 0)
(1.6004 -0.0324795 0)
(1.6464 -0.0234283 0)
(1.67757 -0.0163275 0)
(1.69849 -0.0113098 0)
(1.71279 -0.00781515 0)
(1.72258 -0.00536845 0)
(1.72923 -0.00365789 0)
(1.73369 -0.00246909 0)
(1.73666 -0.00165028 0)
(1.73862 -0.00109222 0)
(1.7399 -0.000715992 0)
(1.74073 -0.000465115 0)
(1.74126 -0.00029956 0)
(1.7416 -0.000191392 0)
(1.74181 -0.000121368 0)
(1.74195 -7.64273e-05 0)
(1.74203 -4.78126e-05 0)
(1.74208 -2.97273e-05 0)
(1.74212 -1.8374e-05 0)
(1.74214 -1.12922e-05 0)
(1.74215 -6.89964e-06 0)
(1.74216 -4.18887e-06 0)
(1.74216 -2.52477e-06 0)
(1.74216 -1.5082e-06 0)
(1.74216 -8.90042e-07 0)
(1.74217 -5.15955e-07 0)
(1.74217 -2.90707e-07 0)
(1.74217 -1.55805e-07 0)
(1.74217 -7.55303e-08 0)
(1.74217 -2.81847e-08 0)
(1.74217 -5.84489e-10 0)
(1.74217 1.51784e-08 0)
(1.74217 2.39198e-08 0)
(1.74217 2.84887e-08 0)
(1.74217 3.06192e-08 0)
(1.74217 3.13182e-08 0)
(1.74217 3.12182e-08 0)
(1.74217 3.06795e-08 0)
(1.74217 2.99271e-08 0)
(1.74217 2.9075e-08 0)
(1.74217 2.82103e-08 0)
(1.74217 2.73611e-08 0)
(1.74217 2.65626e-08 0)
(1.74217 2.58109e-08 0)
(1.74217 2.51212e-08 0)
(1.74217 2.44773e-08 0)
(1.74217 2.38867e-08 0)
(1.74217 2.33278e-08 0)
(1.74217 2.28053e-08 0)
(1.74217 2.22951e-08 0)
(1.74217 2.17994e-08 0)
(1.74217 2.12933e-08 0)
(1.74217 2.07783e-08 0)
(1.74217 2.02284e-08 0)
(1.74217 1.96441e-08 0)
(1.74217 1.89991e-08 0)
(1.74217 1.82939e-08 0)
(1.74217 1.75021e-08 0)
(1.74217 1.66246e-08 0)
(1.74217 1.56364e-08 0)
(1.74217 1.45401e-08 0)
(1.74217 1.33144e-08 0)
(1.74217 1.1968e-08 0)
(1.74217 1.04886e-08 0)
(1.74217 8.89898e-09 0)
(1.74217 7.21003e-09 0)
(1.74217 5.48068e-09 0)
(1.74217 3.78081e-09 0)
(1.74217 2.26532e-09 0)
(1.74217 1.16174e-09 0)
(1.74217 8.84459e-10 0)
(1.74217 2.0806e-09 0)
(1.74217 5.867e-09 0)
(1.74217 1.4049e-08 0)
(1.74217 2.96037e-08 0)
(1.74217 5.73522e-08 0)
(1.74217 1.05122e-07 0)
(1.74217 1.85384e-07 0)
(1.74217 3.17941e-07 0)
(1.74217 5.33707e-07 0)
(1.74217 8.80305e-07 0)
(1.74216 1.42976e-06 0)
(1.74216 2.28901e-06 0)
(1.74216 3.61308e-06 0)
(1.74215 5.6217e-06 0)
(1.74214 8.61757e-06 0)
(1.74213 1.30059e-05 0)
(1.74211 1.93196e-05 0)
(1.74208 2.84059e-05 0)
(1.74204 4.25076e-05 0)
(1.74194 6.39961e-05 0)
(1.74169 4.76787e-05 0)
(1.74192 -0.000223723 0)
(1.74616 -0.000595944 0)
(1.72912 0.00287929 0)
(1.75105 0.00303148 0)
(0.44689 -0.206222 0)
(1.20161 -0.137689 0)
(1.25681 -0.0865465 0)
(1.30455 -0.0616039 0)
(1.36035 -0.0455613 0)
(1.40434 -0.0324549 0)
(1.43396 -0.0226211 0)
(1.45386 -0.0156755 0)
(1.4675 -0.0108163 0)
(1.47686 -0.00741124 0)
(1.4832 -0.00503505 0)
(1.48746 -0.00338858 0)
(1.49028 -0.00225839 0)
(1.49214 -0.00149068 0)
(1.49335 -0.000974791 0)
(1.49413 -0.000631795 0)
(1.49462 -0.000406068 0)
(1.49494 -0.000258949 0)
(1.49514 -0.000163924 0)
(1.49527 -0.000103061 0)
(1.49535 -6.43806e-05 0)
(1.4954 -3.99741e-05 0)
(1.49543 -2.46763e-05 0)
(1.49544 -1.51473e-05 0)
(1.49545 -9.2442e-06 0)
(1.49546 -5.60581e-06 0)
(1.49547 -3.37476e-06 0)
(1.49547 -2.01322e-06 0)
(1.49547 -1.18605e-06 0)
(1.49547 -6.85905e-07 0)
(1.49547 -3.84986e-07 0)
(1.49547 -2.04884e-07 0)
(1.49547 -9.77731e-08 0)
(1.49547 -3.46067e-08 0)
(1.49547 2.21611e-09 0)
(1.49547 2.32629e-08 0)
(1.49547 3.49515e-08 0)
(1.49547 4.10893e-08 0)
(1.49547 4.39665e-08 0)
(1.49547 4.49426e-08 0)
(1.49547 4.48612e-08 0)
(1.49547 4.41884e-08 0)
(1.49547 4.32243e-08 0)
(1.49547 4.21256e-08 0)
(1.49547 4.10034e-08 0)
(1.49547 3.99003e-08 0)
(1.49547 3.88581e-08 0)
(1.49547 3.78769e-08 0)
(1.49547 3.69726e-08 0)
(1.49547 3.61289e-08 0)
(1.49547 3.53512e-08 0)
(1.49547 3.46165e-08 0)
(1.49547 3.39255e-08 0)
(1.49547 3.3252e-08 0)
(1.49547 3.25944e-08 0)
(1.49547 3.1925e-08 0)
(1.49547 3.12408e-08 0)
(1.49547 3.05127e-08 0)
(1.49547 2.9737e-08 0)
(1.49547 2.88841e-08 0)
(1.49547 2.79496e-08 0)
(1.49547 2.69041e-08 0)
(1.49547 2.5744e-08 0)
(1.49547 2.44413e-08 0)
(1.49547 2.29952e-08 0)
(1.49547 2.13829e-08 0)
(1.49547 1.96108e-08 0)
(1.49547 1.7668e-08 0)
(1.49547 1.55801e-08 0)
(1.49547 1.33662e-08 0)
(1.49547 1.10998e-08 0)
(1.49547 8.87781e-09 0)
(1.49547 6.90025e-09 0)
(1.49547 5.47277e-09 0)
(1.49547 5.13989e-09 0)
(1.49547 6.75884e-09 0)
(1.49547 1.18125e-08 0)
(1.49547 2.27044e-08 0)
(1.49547 4.33771e-08 0)
(1.49547 8.02527e-08 0)
(1.49547 1.43743e-07 0)
(1.49547 2.50479e-07 0)
(1.49547 4.26863e-07 0)
(1.49547 7.14165e-07 0)
(1.49547 1.17598e-06 0)
(1.49547 1.90851e-06 0)
(1.49547 3.05436e-06 0)
(1.49546 4.81967e-06 0)
(1.49546 7.49405e-06 0)
(1.49545 1.14695e-05 0)
(1.49544 1.72503e-05 0)
(1.49542 2.54438e-05 0)
(1.49539 3.68513e-05 0)
(1.49536 5.32632e-05 0)
(1.49527 7.56995e-05 0)
(1.495 6.21329e-05 0)
(1.49519 -0.000164815 0)
(1.49966 -0.000359278 0)
(1.48193 0.00240242 0)
(1.50609 0.00233295 0)
(0.380443 -0.208752 0)
(1.0695 -0.154672 0)
(1.07837 -0.107297 0)
(1.10217 -0.0779707 0)
(1.14782 -0.0571001 0)
(1.18633 -0.0405849 0)
(1.21244 -0.0283571 0)
(1.23007 -0.0196843 0)
(1.24225 -0.0135837 0)
(1.25065 -0.00929794 0)
(1.25636 -0.00630669 0)
(1.26019 -0.00423648 0)
(1.26273 -0.00281805 0)
(1.2644 -0.00185659 0)
(1.26548 -0.00121189 0)
(1.26618 -0.00078416 0)
(1.26663 -0.000503221 0)
(1.26691 -0.00032045 0)
(1.26709 -0.000202594 0)
(1.2672 -0.000127223 0)
(1.26727 -7.93879e-05 0)
(1.26731 -4.92436e-05 0)
(1.26734 -3.03711e-05 0)
(1.26736 -1.86274e-05 0)
(1.26737 -1.13593e-05 0)
(1.26737 -6.8838e-06 0)
(1.26738 -4.14172e-06 0)
(1.26738 -2.46957e-06 0)
(1.26738 -1.45441e-06 0)
(1.26738 -8.40955e-07 0)
(1.26738 -4.72043e-07 0)
(1.26738 -2.51345e-07 0)
(1.26738 -1.2013e-07 0)
(1.26738 -4.27408e-08 0)
(1.26738 2.37714e-09 0)
(1.26738 2.81867e-08 0)
(1.26738 4.25396e-08 0)
(1.26738 5.01021e-08 0)
(1.26738 5.36673e-08 0)
(1.26738 5.49131e-08 0)
(1.26738 5.48643e-08 0)
(1.26738 5.40845e-08 0)
(1.26738 5.29405e-08 0)
(1.26738 5.16291e-08 0)
(1.26738 5.0282e-08 0)
(1.26738 4.89558e-08 0)
(1.26738 4.76977e-08 0)
(1.26738 4.65125e-08 0)
(1.26738 4.54159e-08 0)
(1.26738 4.43927e-08 0)
(1.26738 4.34455e-08 0)
(1.26738 4.25511e-08 0)
(1.26738 4.17062e-08 0)
(1.26738 4.08833e-08 0)
(1.26738 4.00767e-08 0)
(1.26738 3.92572e-08 0)
(1.26738 3.8417e-08 0)
(1.26738 3.75252e-08 0)
(1.26738 3.6573e-08 0)
(1.26738 3.55293e-08 0)
(1.26738 3.43844e-08 0)
(1.26738 3.31071e-08 0)
(1.26738 3.1689e-08 0)
(1.26738 3.01008e-08 0)
(1.26738 2.83377e-08 0)
(1.26738 2.63764e-08 0)
(1.26738 2.4221e-08 0)
(1.26738 2.1863e-08 0)
(1.26738 1.93294e-08 0)
(1.26738 1.66484e-08 0)
(1.26738 1.39054e-08 0)
(1.26738 1.1223e-08 0)
(1.26738 8.84056e-09 0)
(1.26738 7.13426e-09 0)
(1.26738 6.76245e-09 0)
(1.26738 8.77607e-09 0)
(1.26738 1.49773e-08 0)
(1.26738 2.82991e-08 0)
(1.26738 5.35484e-08 0)
(1.26738 9.85706e-08 0)
(1.26738 1.76074e-07 0)
(1.26738 3.06386e-07 0)
(1.26738 5.21774e-07 0)
(1.26738 8.72699e-07 0)
(1.26738 1.4369e-06 0)
(1.26738 2.33188e-06 0)
(1.26738 3.73148e-06 0)
(1.26737 5.88586e-06 0)
(1.26737 9.14325e-06 0)
(1.26736 1.39663e-05 0)
(1.26735 2.09282e-05 0)
(1.26734 3.06682e-05 0)
(1.26732 4.39161e-05 0)
(1.26729 6.21357e-05 0)
(1.2672 8.57034e-05 0)
(1.26691 7.78273e-05 0)
(1.26712 -9.86642e-05 0)
(1.27192 -0.000177864 0)
(1.25381 0.00184446 0)
(1.27836 0.00162972 0)
(0.345217 -0.193149 0)
(0.993878 -0.157459 0)
(0.960635 -0.119316 0)
(0.957507 -0.0896872 0)
(0.989613 -0.0661623 0)
(1.0205 -0.0472858 0)
(1.04174 -0.0332108 0)
(1.0562 -0.0231285 0)
(1.06633 -0.0159825 0)
(1.0734 -0.0109418 0)
(1.07823 -0.00741729 0)
(1.08148 -0.00497747 0)
(1.08363 -0.00330693 0)
(1.08504 -0.0021759 0)
(1.08596 -0.00141853 0)
(1.08655 -0.000916753 0)
(1.08693 -0.000587643 0)
(1.08717 -0.000373814 0)
(1.08732 -0.000236102 0)
(1.08741 -0.000148133 0)
(1.08747 -9.23603e-05 0)
(1.08751 -5.72471e-05 0)
(1.08753 -3.52831e-05 0)
(1.08754 -2.1626e-05 0)
(1.08755 -1.31798e-05 0)
(1.08756 -7.98252e-06 0)
(1.08756 -4.80027e-06 0)
(1.08756 -2.86085e-06 0)
(1.08756 -1.68406e-06 0)
(1.08756 -9.73239e-07 0)
(1.08756 -5.45939e-07 0)
(1.08756 -2.904e-07 0)
(1.08756 -1.38504e-07 0)
(1.08756 -4.89233e-08 0)
(1.08756 3.29612e-09 0)
(1.08756 3.31778e-08 0)
(1.08756 4.98015e-08 0)
(1.08756 5.85707e-08 0)
(1.08756 6.27162e-08 0)
(1.08756 6.41821e-08 0)
(1.08756 6.41439e-08 0)
(1.08756 6.32589e-08 0)
(1.08756 6.19473e-08 0)
(1.08756 6.04408e-08 0)
(1.08756 5.88877e-08 0)
(1.08756 5.7358e-08 0)
(1.08756 5.59023e-08 0)
(1.08756 5.45309e-08 0)
(1.08756 5.32577e-08 0)
(1.08756 5.20697e-08 0)
(1.08756 5.09662e-08 0)
(1.08756 4.99245e-08 0)
(1.08756 4.89368e-08 0)
(1.08756 4.79756e-08 0)
(1.08756 4.70304e-08 0)
(1.08756 4.60716e-08 0)
(1.08756 4.50859e-08 0)
(1.08756 4.40419e-08 0)
(1.08756 4.29255e-08 0)
(1.08756 4.17046e-08 0)
(1.08756 4.03641e-08 0)
(1.08756 3.88722e-08 0)
(1.08756 3.72152e-08 0)
(1.08756 3.53635e-08 0)
(1.08756 3.33077e-08 0)
(1.08756 3.1025e-08 0)
(1.08756 2.85167e-08 0)
(1.08756 2.57769e-08 0)
(1.08756 2.28335e-08 0)
(1.08756 1.9723e-08 0)
(1.08756 1.65401e-08 0)
(1.08756 1.34304e-08 0)
(1.08756 1.06661e-08 0)
(1.08756 8.68457e-09 0)
(1.08756 8.23994e-09 0)
(1.08756 1.05522e-08 0)
(1.08756 1.76918e-08 0)
(1.08756 3.30422e-08 0)
(1.08756 6.21499e-08 0)
(1.08756 1.14072e-07 0)
(1.08756 2.03471e-07 0)
(1.08756 3.5382e-07 0)
(1.08756 6.02372e-07 0)
(1.08756 1.00738e-06 0)
(1.08756 1.65854e-06 0)
(1.08756 2.6913e-06 0)
(1.08756 4.30549e-06 0)
(1.08756 6.78736e-06 0)
(1.08755 1.05316e-05 0)
(1.08755 1.60534e-05 0)
(1.08754 2.39705e-05 0)
(1.08753 3.49311e-05 0)
(1.08751 4.96055e-05 0)
(1.0875 6.92276e-05 0)
(1.08742 9.36129e-05 0)
(1.08711 9.02109e-05 0)
(1.08738 -4.51246e-05 0)
(1.09248 -6.35157e-05 0)
(1.07409 0.00133266 0)
(1.09831 0.00104759 0)
(0.330981 -0.169062 0)
(0.960521 -0.150516 0)
(0.894768 -0.123511 0)
(0.866631 -0.0964585 0)
(0.884397 -0.0723182 0)
(0.90668 -0.0522273 0)
(0.922263 -0.0369568 0)
(0.933012 -0.0258567 0)
(0.940696 -0.0179118 0)
(0.946154 -0.0122761 0)
(0.94992 -0.00832332 0)
(0.952464 -0.00558341 0)
(0.954155 -0.003707 0)
(0.955264 -0.00243712 0)
(0.955984 -0.00158743 0)
(0.956447 -0.001025 0)
(0.956743 -0.000656475 0)
(0.95693 -0.000417267 0)
(0.957047 -0.00026335 0)
(0.95712 -0.000165114 0)
(0.957166 -0.000102882 0)
(0.957194 -6.37311e-05 0)
(0.957211 -3.92576e-05 0)
(0.957222 -2.40491e-05 0)
(0.957228 -1.46485e-05 0)
(0.957232 -8.86736e-06 0)
(0.957235 -5.32936e-06 0)
(0.957236 -3.17415e-06 0)
(0.957237 -1.86699e-06 0)
(0.957237 -1.07769e-06 0)
(0.957238 -6.03366e-07 0)
(0.957238 -3.19791e-07 0)
(0.957238 -1.51277e-07 0)
(0.957238 -5.19253e-08 0)
(0.957238 5.96936e-09 0)
(0.957238 3.90891e-08 0)
(0.957238 5.7501e-08 0)
(0.957238 6.72033e-08 0)
(0.957238 7.17806e-08 0)
(0.957238 7.33878e-08 0)
(0.957238 7.33209e-08 0)
(0.957238 7.23176e-08 0)
(0.957238 7.08388e-08 0)
(0.957238 6.91451e-08 0)
(0.957238 6.73974e-08 0)
(0.957238 6.56771e-08 0)
(0.957238 6.40369e-08 0)
(0.957238 6.24919e-08 0)
(0.957238 6.10542e-08 0)
(0.957238 5.97128e-08 0)
(0.957238 5.84634e-08 0)
(0.957238 5.72842e-08 0)
(0.957238 5.61629e-08 0)
(0.957238 5.50726e-08 0)
(0.957238 5.39976e-08 0)
(0.957238 5.29082e-08 0)
(0.957238 5.17862e-08 0)
(0.957238 5.05996e-08 0)
(0.957238 4.93292e-08 0)
(0.957238 4.79424e-08 0)
(0.957238 4.64188e-08 0)
(0.957238 4.47262e-08 0)
(0.957238 4.28458e-08 0)
(0.957238 4.07479e-08 0)
(0.957238 3.84186e-08 0)
(0.957238 3.5836e-08 0)
(0.957238 3.29978e-08 0)
(0.957238 2.99012e-08 0)
(0.957238 2.65736e-08 0)
(0.957238 2.30589e-08 0)
(0.957238 1.94589e-08 0)
(0.957238 1.5938e-08 0)
(0.957238 1.27943e-08 0)
(0.957238 1.05153e-08 0)
(0.957238 9.93119e-09 0)
(0.957238 1.23988e-08 0)
(0.957238 2.02022e-08 0)
(0.957238 3.7086e-08 0)
(0.957238 6.9188e-08 0)
(0.957238 1.26534e-07 0)
(0.957238 2.25345e-07 0)
(0.957238 3.91606e-07 0)
(0.957238 6.66538e-07 0)
(0.957238 1.11459e-06 0)
(0.957237 1.83491e-06 0)
(0.957236 2.97704e-06 0)
(0.957235 4.76101e-06 0)
(0.957233 7.5004e-06 0)
(0.95723 1.16236e-05 0)
(0.957226 1.76807e-05 0)
(0.95722 2.63115e-05 0)
(0.957211 3.81546e-05 0)
(0.957203 5.38182e-05 0)
(0.957194 7.42879e-05 0)
(0.957119 9.85635e-05 0)
(0.95681 9.69695e-05 0)
(0.957144 -8.58718e-06 0)
(0.962478 -3.04141e-06 0)
(0.94386 0.000919296 0)
(0.967552 0.000619391 0)
(0.329073 -0.142568 0)
(0.954144 -0.137881 0)
(0.866127 -0.121605 0)
(0.817144 -0.0987231 0)
(0.821417 -0.0755428 0)
(0.834991 -0.0552839 0)
(0.844634 -0.0394753 0)
(0.851368 -0.0277759 0)
(0.856365 -0.0193044 0)
(0.860036 -0.0132543 0)
(0.862615 -0.00899338 0)
(0.864372 -0.00603354 0)
(0.865544 -0.00400475 0)
(0.866314 -0.00263157 0)
(0.866813 -0.00171306 0)
(0.867134 -0.00110542 0)
(0.867338 -0.000707529 0)
(0.867467 -0.000449441 0)
(0.867548 -0.000283492 0)
(0.867599 -0.000177645 0)
(0.86763 -0.000110634 0)
(0.867649 -6.85002e-05 0)
(0.867661 -4.21761e-05 0)
(0.867668 -2.5825e-05 0)
(0.867672 -1.57225e-05 0)
(0.867675 -9.51263e-06 0)
(0.867677 -5.71381e-06 0)
(0.867678 -3.40058e-06 0)
(0.867678 -1.99807e-06 0)
(0.867679 -1.15146e-06 0)
(0.867679 -6.42848e-07 0)
(0.867679 -3.38858e-07 0)
(0.867679 -1.58274e-07 0)
(0.867679 -5.18549e-08 0)
(0.867679 1.0119e-08 0)
(0.867679 4.55417e-08 0)
(0.867679 6.51985e-08 0)
(0.867679 7.55235e-08 0)
(0.867679 8.03594e-08 0)
(0.867679 8.20148e-08 0)
(0.867679 8.18727e-08 0)
(0.867679 8.07317e-08 0)
(0.867679 7.90819e-08 0)
(0.867679 7.72052e-08 0)
(0.867679 7.52718e-08 0)
(0.867679 7.33715e-08 0)
(0.867679 7.15583e-08 0)
(0.867679 6.9851e-08 0)
(0.867679 6.82597e-08 0)
(0.867679 6.67752e-08 0)
(0.867679 6.53896e-08 0)
(0.867679 6.4082e-08 0)
(0.867679 6.2836e-08 0)
(0.867679 6.16249e-08 0)
(0.867679 6.04284e-08 0)
(0.867679 5.9217e-08 0)
(0.867679 5.79673e-08 0)
(0.867679 5.66473e-08 0)
(0.867679 5.52327e-08 0)
(0.867679 5.36906e-08 0)
(0.867679 5.19957e-08 0)
(0.867679 5.01155e-08 0)
(0.867679 4.80261e-08 0)
(0.867679 4.56982e-08 0)
(0.867679 4.31132e-08 0)
(0.867679 4.025e-08 0)
(0.867679 3.71031e-08 0)
(0.867679 3.36721e-08 0)
(0.867679 2.99831e-08 0)
(0.867679 2.60861e-08 0)
(0.867679 2.20874e-08 0)
(0.867679 1.8166e-08 0)
(0.867679 1.46386e-08 0)
(0.867679 1.20297e-08 0)
(0.867679 1.12249e-08 0)
(0.867679 1.36816e-08 0)
(0.867679 2.18385e-08 0)
(0.867679 3.97017e-08 0)
(0.867679 7.38379e-08 0)
(0.867679 1.34972e-07 0)
(0.867679 2.40449e-07 0)
(0.867679 4.18065e-07 0)
(0.867679 7.11891e-07 0)
(0.867679 1.19081e-06 0)
(0.867679 1.9607e-06 0)
(0.867678 3.18103e-06 0)
(0.867677 5.08576e-06 0)
(0.867676 8.00667e-06 0)
(0.867674 1.23929e-05 0)
(0.867671 1.88119e-05 0)
(0.867667 2.79053e-05 0)
(0.867663 4.02836e-05 0)
(0.86766 5.64729e-05 0)
(0.867659 7.7131e-05 0)
(0.867591 0.00010017 0)
(0.867284 9.79143e-05 0)
(0.867682 1.27095e-05 0)
(0.873179 2.08531e-05 0)
(0.854352 0.000604332 0)
(0.877551 0.000324754 0)
(0.333448 -0.117178 0)
(0.962804 -0.122478 0)
(0.861272 -0.115351 0)
(0.796164 -0.0972287 0)
(0.788657 -0.0760543 0)
(0.794003 -0.0564798 0)
(0.797786 -0.0407317 0)
(0.800431 -0.0288421 0)
(0.802634 -0.0201221 0)
(0.804422 -0.0138474 0)
(0.805739 -0.00940682 0)
(0.806656 -0.00631379 0)
(0.807274 -0.00419082 0)
(0.807681 -0.00275316 0)
(0.807944 -0.00179152 0)
(0.808113 -0.00115552 0)
(0.808219 -0.000739244 0)
(0.808287 -0.000469364 0)
(0.808328 -0.000295922 0)
(0.808354 -0.000185353 0)
(0.80837 -0.000115387 0)
(0.80838 -7.14142e-05 0)
(0.808386 -4.39531e-05 0)
(0.80839 -2.69018e-05 0)
(0.808392 -1.63704e-05 0)
(0.808393 -9.89938e-06 0)
(0.808394 -5.94217e-06 0)
(0.808395 -3.53323e-06 0)
(0.808395 -2.07312e-06 0)
(0.808395 -1.19199e-06 0)
(0.808395 -6.62791e-07 0)
(0.808395 -3.46593e-07 0)
(0.808395 -1.58837e-07 0)
(0.808395 -4.82589e-08 0)
(0.808395 1.60745e-08 0)
(0.808395 5.27899e-08 0)
(0.808395 7.31036e-08 0)
(0.808395 8.37129e-08 0)
(0.808395 8.86164e-08 0)
(0.808395 9.02155e-08 0)
(0.808395 8.99447e-08 0)
(0.808395 8.86417e-08 0)
(0.808395 8.68132e-08 0)
(0.808395 8.47554e-08 0)
(0.808395 8.26429e-08 0)
(0.808395 8.05719e-08 0)
(0.808395 7.85958e-08 0)
(0.808395 7.67366e-08 0)
(0.808395 7.50018e-08 0)
(0.808395 7.33839e-08 0)
(0.808395 7.18714e-08 0)
(0.808395 7.04441e-08 0)
(0.808395 6.9082e-08 0)
(0.808395 6.77583e-08 0)
(0.808395 6.64486e-08 0)
(0.808395 6.51233e-08 0)
(0.808395 6.37545e-08 0)
(0.808395 6.23101e-08 0)
(0.808395 6.0761e-08 0)
(0.808395 5.90741e-08 0)
(0.808395 5.72193e-08 0)
(0.808395 5.51639e-08 0)
(0.808395 5.28796e-08 0)
(0.808395 5.0337e-08 0)
(0.808395 4.75132e-08 0)
(0.808395 4.43878e-08 0)
(0.808395 4.0952e-08 0)
(0.808395 3.72069e-08 0)
(0.808395 3.31772e-08 0)
(0.808395 2.8917e-08 0)
(0.808395 2.45345e-08 0)
(0.808395 2.02187e-08 0)
(0.808395 1.62969e-08 0)
(0.808395 1.33172e-08 0)
(0.808395 1.21983e-08 0)
(0.808395 1.44593e-08 0)
(0.808395 2.26303e-08 0)
(0.808395 4.0874e-08 0)
(0.808395 7.60117e-08 0)
(0.808395 1.3918e-07 0)
(0.808395 2.48389e-07 0)
(0.808395 4.32495e-07 0)
(0.808395 7.37233e-07 0)
(0.808395 1.23406e-06 0)
(0.808395 2.03271e-06 0)
(0.808395 3.29819e-06 0)
(0.808395 5.27194e-06 0)
(0.808394 8.29461e-06 0)
(0.808393 1.28233e-05 0)
(0.808392 1.94263e-05 0)
(0.80839 2.87288e-05 0)
(0.80839 4.12953e-05 0)
(0.808392 5.75434e-05 0)
(0.808399 7.772e-05 0)
(0.808337 9.85286e-05 0)
(0.808034 9.4007e-05 0)
(0.808488 2.24818e-05 0)
(0.814086 2.29845e-05 0)
(0.795075 0.000375132 0)
(0.817883 0.000134781 0)
(0.34036 -0.0945601 0)
(0.978434 -0.106281 0)
(0.869976 -0.106259 0)
(0.793156 -0.0927875 0)
(0.775893 -0.0741974 0)
(0.773835 -0.0559363 0)
(0.772091 -0.0407549 0)
(0.770742 -0.029051 0)
(0.770161 -0.020352 0)
(0.770041 -0.0140419 0)
(0.770067 -0.00955265 0)
(0.770121 -0.00641612 0)
(0.770167 -0.00425969 0)
(0.770198 -0.00279822 0)
(0.770218 -0.00182042 0)
(0.770229 -0.00117379 0)
(0.770235 -0.000750658 0)
(0.770238 -0.000476434 0)
(0.77024 -0.000300269 0)
(0.770241 -0.000188009 0)
(0.770241 -0.000116999 0)
(0.770241 -7.23875e-05 0)
(0.770241 -4.45365e-05 0)
(0.770241 -2.72481e-05 0)
(0.770241 -1.65732e-05 0)
(0.770241 -1.00163e-05 0)
(0.770241 -6.0077e-06 0)
(0.770241 -3.56808e-06 0)
(0.770241 -2.08974e-06 0)
(0.770241 -1.19787e-06 0)
(0.770241 -6.62375e-07 0)
(0.770241 -3.42526e-07 0)
(0.77024 -1.52699e-07 0)
(0.77024 -4.09938e-08 0)
(0.77024 2.39072e-08 0)
(0.77024 6.08626e-08 0)
(0.77024 8.12195e-08 0)
(0.77024 9.17596e-08 0)
(0.77024 9.65307e-08 0)
(0.77024 9.79635e-08 0)
(0.77024 9.75076e-08 0)
(0.77024 9.60162e-08 0)
(0.77024 9.40004e-08 0)
(0.77024 9.17624e-08 0)
(0.77024 8.94772e-08 0)
(0.77024 8.72442e-08 0)
(0.77024 8.51155e-08 0)
(0.77024 8.31147e-08 0)
(0.77024 8.12467e-08 0)
(0.77024 7.9505e-08 0)
(0.77024 7.78751e-08 0)
(0.77024 7.63371e-08 0)
(0.77024 7.48675e-08 0)
(0.77024 7.34396e-08 0)
(0.77024 7.20252e-08 0)
(0.77024 7.05945e-08 0)
(0.77024 6.91155e-08 0)
(0.77024 6.75559e-08 0)
(0.77024 6.58822e-08 0)
(0.77024 6.40611e-08 0)
(0.77024 6.20582e-08 0)
(0.77024 5.98405e-08 0)
(0.77024 5.73755e-08 0)
(0.77024 5.46337e-08 0)
(0.77024 5.15883e-08 0)
(0.77024 4.82193e-08 0)
(0.77024 4.45143e-08 0)
(0.77024 4.04757e-08 0)
(0.77024 3.61259e-08 0)
(0.77024 3.15212e-08 0)
(0.77024 2.67695e-08 0)
(0.77024 2.20643e-08 0)
(0.77024 1.77357e-08 0)
(0.77024 1.43414e-08 0)
(0.770241 1.28098e-08 0)
(0.770241 1.46819e-08 0)
(0.770241 2.25139e-08 0)
(0.770241 4.05161e-08 0)
(0.770241 7.55834e-08 0)
(0.770241 1.3897e-07 0)
(0.770241 2.48869e-07 0)
(0.770241 4.34429e-07 0)
(0.770241 7.41824e-07 0)
(0.770241 1.24316e-06 0)
(0.770241 2.04909e-06 0)
(0.770241 3.32571e-06 0)
(0.770241 5.31539e-06 0)
(0.770241 8.35846e-06 0)
(0.770241 1.29075e-05 0)
(0.770242 1.95168e-05 0)
(0.770243 2.87789e-05 0)
(0.770246 4.11973e-05 0)
(0.770254 5.70585e-05 0)
(0.770267 7.61538e-05 0)
(0.770211 9.40498e-05 0)
(0.769914 8.66092e-05 0)
(0.770411 2.45344e-05 0)
(0.776065 1.41632e-05 0)
(0.756897 0.00021461 0)
(0.779423 2.06371e-05 0)
(0.347714 -0.075253 0)
(0.99611 -0.0904869 0)
(0.885266 -0.0954938 0)
(0.800425 -0.0861503 0)
(0.77541 -0.0703608 0)
(0.766936 -0.0538296 0)
(0.760158 -0.0396183 0)
(0.755035 -0.02843 0)
(0.751773 -0.0200021 0)
(0.749782 -0.0138378 0)
(0.748532 -0.00942874 0)
(0.747725 -0.00633823 0)
(0.747199 -0.0042095 0)
(0.746854 -0.00276541 0)
(0.746629 -0.00179886 0)
(0.746483 -0.00115964 0)
(0.746388 -0.000741409 0)
(0.746327 -0.000470426 0)
(0.746288 -0.000296395 0)
(0.746263 -0.000185528 0)
(0.746248 -0.000115421 0)
(0.746238 -7.13896e-05 0)
(0.746232 -4.39081e-05 0)
(0.746228 -2.68528e-05 0)
(0.746226 -1.63247e-05 0)
(0.746225 -9.85965e-06 0)
(0.746224 -5.9082e-06 0)
(0.746223 -3.50387e-06 0)
(0.746223 -2.04722e-06 0)
(0.746223 -1.16871e-06 0)
(0.746223 -6.41382e-07 0)
(0.746223 -3.26546e-07 0)
(0.746223 -1.39815e-07 0)
(0.746223 -3.005e-08 0)
(0.746222 3.36055e-08 0)
(0.746222 6.97355e-08 0)
(0.746222 8.95149e-08 0)
(0.746222 9.96285e-08 0)
(0.746222 1.04065e-07 0)
(0.746222 1.05221e-07 0)
(0.746222 1.04523e-07 0)
(0.746222 1.02816e-07 0)
(0.746222 1.00605e-07 0)
(0.746222 9.81879e-08 0)
(0.746222 9.57368e-08 0)
(0.746222 9.33511e-08 0)
(0.746222 9.10802e-08 0)
(0.746222 8.89483e-08 0)
(0.746222 8.69578e-08 0)
(0.746222 8.51025e-08 0)
(0.746222 8.3365e-08 0)
(0.746222 8.17257e-08 0)
(0.746222 8.01576e-08 0)
(0.746222 7.86344e-08 0)
(0.746222 7.71241e-08 0)
(0.746222 7.55968e-08 0)
(0.746222 7.40168e-08 0)
(0.746222 7.23516e-08 0)
(0.746222 7.05638e-08 0)
(0.746222 6.86196e-08 0)
(0.746222 6.64809e-08 0)
(0.746222 6.41144e-08 0)
(0.746222 6.14835e-08 0)
(0.746222 5.85588e-08 0)
(0.746222 5.53097e-08 0)
(0.746222 5.17162e-08 0)
(0.746222 4.77627e-08 0)
(0.746222 4.34521e-08 0)
(0.746222 3.88036e-08 0)
(0.746222 3.38742e-08 0)
(0.746222 2.87686e-08 0)
(0.746222 2.36799e-08 0)
(0.746222 1.8933e-08 0)
(0.746222 1.50807e-08 0)
(0.746222 1.30379e-08 0)
(0.746223 1.43273e-08 0)
(0.746223 2.14652e-08 0)
(0.746223 3.85995e-08 0)
(0.746223 7.25167e-08 0)
(0.746223 1.34291e-07 0)
(0.746223 2.41816e-07 0)
(0.746223 4.23758e-07 0)
(0.746223 7.25501e-07 0)
(0.746223 1.21788e-06 0)
(0.746223 2.00951e-06 0)
(0.746224 3.26317e-06 0)
(0.746224 5.21575e-06 0)
(0.746225 8.19832e-06 0)
(0.746226 1.26475e-05 0)
(0.746228 1.90897e-05 0)
(0.746232 2.80722e-05 0)
(0.746238 4.0027e-05 0)
(0.746251 5.50987e-05 0)
(0.746271 7.2633e-05 0)
(0.746219 8.72958e-05 0)
(0.745927 7.70599e-05 0)
(0.746456 2.20375e-05 0)
(0.752134 1.5658e-06 0)
(0.732836 0.00010644 0)
(0.755172 -4.16862e-05 0)
(0.354474 -0.0591851 0)
(1.01312 -0.0757345 0)
(0.902744 -0.0838927 0)
(0.812757 -0.0779501 0)
(0.78179 -0.0649238 0)
(0.76793 -0.0503629 0)
(0.756698 -0.0374249 0)
(0.748123 -0.0270298 0)
(0.742343 -0.0190975 0)
(0.738572 -0.0132473 0)
(0.736093 -0.00904112 0)
(0.734455 -0.00608323 0)
(0.733374 -0.00404193 0)
(0.732663 -0.00265572 0)
(0.7322 -0.00172744 0)
(0.731899 -0.00111343 0)
(0.731706 -0.000711726 0)
(0.731583 -0.000451488 0)
(0.731504 -0.000284393 0)
(0.731455 -0.000177971 0)
(0.731424 -0.000110691 0)
(0.731405 -6.84452e-05 0)
(0.731393 -4.20832e-05 0)
(0.731386 -2.57259e-05 0)
(0.731381 -1.56309e-05 0)
(0.731378 -9.43327e-06 0)
(0.731377 -5.64606e-06 0)
(0.731376 -3.34206e-06 0)
(0.731375 -1.94649e-06 0)
(0.731375 -1.10507e-06 0)
(0.731375 -6.00183e-07 0)
(0.731374 -2.98894e-07 0)
(0.731374 -1.20346e-07 0)
(0.731374 -1.55421e-08 0)
(0.731374 4.50837e-08 0)
(0.731374 7.93406e-08 0)
(0.731374 9.79325e-08 0)
(0.731374 1.07269e-07 0)
(0.731374 1.11173e-07 0)
(0.731374 1.11943e-07 0)
(0.731374 1.10948e-07 0)
(0.731374 1.09002e-07 0)
(0.731374 1.06588e-07 0)
(0.731374 1.03994e-07 0)
(0.731374 1.01384e-07 0)
(0.731374 9.88559e-08 0)
(0.731374 9.64539e-08 0)
(0.731374 9.42024e-08 0)
(0.731374 9.21004e-08 0)
(0.731374 9.01422e-08 0)
(0.731374 8.83073e-08 0)
(0.731374 8.65765e-08 0)
(0.731374 8.49195e-08 0)
(0.731374 8.33102e-08 0)
(0.731374 8.17133e-08 0)
(0.731374 8.00988e-08 0)
(0.731374 7.84276e-08 0)
(0.731374 7.6667e-08 0)
(0.731374 7.47759e-08 0)
(0.731374 7.27205e-08 0)
(0.731374 7.04589e-08 0)
(0.731374 6.79576e-08 0)
(0.731374 6.51765e-08 0)
(0.731374 6.20859e-08 0)
(0.731374 5.86518e-08 0)
(0.731374 5.48542e-08 0)
(0.731374 5.0674e-08 0)
(0.731374 4.6114e-08 0)
(0.731374 4.11897e-08 0)
(0.731374 3.59569e-08 0)
(0.731374 3.05144e-08 0)
(0.731374 2.50504e-08 0)
(0.731374 1.98759e-08 0)
(0.731374 1.55256e-08 0)
(0.731374 1.28774e-08 0)
(0.731374 1.33963e-08 0)
(0.731374 1.94941e-08 0)
(0.731374 3.51481e-08 0)
(0.731374 6.68579e-08 0)
(0.731374 1.25226e-07 0)
(0.731374 2.27374e-07 0)
(0.731375 4.00724e-07 0)
(0.731375 6.88668e-07 0)
(0.731375 1.1589e-06 0)
(0.731375 1.91511e-06 0)
(0.731376 3.1125e-06 0)
(0.731377 4.97633e-06 0)
(0.731378 7.82003e-06 0)
(0.731381 1.20536e-05 0)
(0.731384 1.81642e-05 0)
(0.73139 2.66436e-05 0)
(0.7314 3.78479e-05 0)
(0.731418 5.17843e-05 0)
(0.731442 6.74182e-05 0)
(0.731395 7.88575e-05 0)
(0.731107 6.64788e-05 0)
(0.731657 1.73664e-05 0)
(0.73734 -1.04768e-05 0)
(0.717937 3.69225e-05 0)
(0.740153 -7.03476e-05 0)
(0.360225 -0.0459947 0)
(1.02815 -0.0622886 0)
(0.919842 -0.0720144 0)
(0.82682 -0.0686869 0)
(0.791421 -0.0582291 0)
(0.773155 -0.0457441 0)
(0.758085 -0.0342954 0)
(0.746437 -0.024919 0)
(0.738362 -0.0176766 0)
(0.732946 -0.012293 0)
(0.729322 -0.00840318 0)
(0.726904 -0.00565922 0)
(0.7253 -0.00376201 0)
(0.724244 -0.00247227 0)
(0.723555 -0.00160815 0)
(0.723109 -0.00103645 0)
(0.722823 -0.000662414 0)
(0.72264 -0.000420129 0)
(0.722525 -0.000264586 0)
(0.722452 -0.00016554 0)
(0.722407 -0.000102935 0)
(0.722378 -6.36324e-05 0)
(0.722361 -3.91103e-05 0)
(0.72235 -2.3897e-05 0)
(0.722344 -1.45102e-05 0)
(0.72234 -8.74838e-06 0)
(0.722337 -5.22809e-06 0)
(0.722336 -3.0868e-06 0)
(0.722335 -1.79008e-06 0)
(0.722334 -1.0085e-06 0)
(0.722334 -5.39712e-07 0)
(0.722334 -2.60143e-07 0)
(0.722334 -9.46504e-08 0)
(0.722334 2.30269e-09 0)
(0.722334 5.81921e-08 0)
(0.722333 8.95746e-08 0)
(0.722333 1.06397e-07 0)
(0.722333 1.14622e-07 0)
(0.722333 1.17806e-07 0)
(0.722333 1.1809e-07 0)
(0.722333 1.16746e-07 0)
(0.722333 1.14539e-07 0)
(0.722333 1.11915e-07 0)
(0.722333 1.09149e-07 0)
(0.722333 1.06389e-07 0)
(0.722333 1.03729e-07 0)
(0.722333 1.01208e-07 0)
(0.722333 9.88485e-08 0)
(0.722333 9.66468e-08 0)
(0.722333 9.4597e-08 0)
(0.722333 9.26755e-08 0)
(0.722333 9.08635e-08 0)
(0.722333 8.91276e-08 0)
(0.722333 8.7442e-08 0)
(0.722333 8.57681e-08 0)
(0.722333 8.40764e-08 0)
(0.722333 8.2324e-08 0)
(0.722333 8.04787e-08 0)
(0.722333 7.84958e-08 0)
(0.722333 7.63415e-08 0)
(0.722333 7.39705e-08 0)
(0.722333 7.13494e-08 0)
(0.722333 6.84344e-08 0)
(0.722333 6.5196e-08 0)
(0.722333 6.15966e-08 0)
(0.722333 5.76165e-08 0)
(0.722333 5.32326e-08 0)
(0.722333 4.84474e-08 0)
(0.722333 4.32717e-08 0)
(0.722333 3.77588e-08 0)
(0.722333 3.19989e-08 0)
(0.722333 2.61704e-08 0)
(0.722333 2.05633e-08 0)
(0.722333 1.56804e-08 0)
(0.722334 1.23405e-08 0)
(0.722334 1.19137e-08 0)
(0.722334 1.66447e-08 0)
(0.722334 3.02375e-08 0)
(0.722334 5.87338e-08 0)
(0.722334 1.11986e-07 0)
(0.722334 2.05892e-07 0)
(0.722334 3.65905e-07 0)
(0.722334 6.3228e-07 0)
(0.722334 1.06778e-06 0)
(0.722335 1.76846e-06 0)
(0.722336 2.87791e-06 0)
(0.722337 4.60403e-06 0)
(0.722339 7.23489e-06 0)
(0.722343 1.11445e-05 0)
(0.722348 1.6771e-05 0)
(0.722356 2.45441e-05 0)
(0.722369 3.47449e-05 0)
(0.72239 4.72632e-05 0)
(0.722419 6.07933e-05 0)
(0.722375 6.92736e-05 0)
(0.722089 5.57005e-05 0)
(0.722654 1.21555e-05 0)
(0.728328 -1.96638e-05 0)
(0.708845 -4.77649e-06 0)
(0.730989 -7.82896e-05 0)
(0.364883 -0.0352142 0)
(1.04074 -0.0501809 0)
(0.935187 -0.0602022 0)
(0.84059 -0.0587361 0)
(0.801983 -0.0505704 0)
(0.780204 -0.0401739 0)
(0.761915 -0.0303584 0)
(0.747609 -0.022178 0)
(0.737506 -0.0157894 0)
(0.730617 -0.0110064 0)
(0.725959 -0.00753486 0)
(0.722833 -0.00507891 0)
(0.720752 -0.00337785 0)
(0.719381 -0.00222029 0)
(0.718486 -0.0014443 0)
(0.717907 -0.0009308 0)
(0.717535 -0.000594825 0)
(0.717298 -0.000377205 0)
(0.717149 -0.000237513 0)
(0.717055 -0.000148572 0)
(0.716996 -9.23635e-05 0)
(0.71696 -5.70808e-05 0)
(0.716937 -3.50694e-05 0)
(0.716923 -2.14155e-05 0)
(0.716915 -1.29927e-05 0)
(0.71691 -7.8233e-06 0)
(0.716907 -4.6654e-06 0)
(0.716905 -2.74482e-06 0)
(0.716904 -1.58204e-06 0)
(0.716903 -8.81444e-07 0)
(0.716902 -4.61443e-07 0)
(0.716902 -2.11184e-07 0)
(0.716902 -6.3268e-08 0)
(0.716902 2.31519e-08 0)
(0.716902 7.27227e-08 0)
(0.716902 1.00303e-07 0)
(0.716902 1.14818e-07 0)
(0.716902 1.21624e-07 0)
(0.716902 1.23916e-07 0)
(0.716902 1.23622e-07 0)
(0.716902 1.21885e-07 0)
(0.716902 1.19398e-07 0)
(0.716902 1.16562e-07 0)
(0.716902 1.13628e-07 0)
(0.716902 1.10728e-07 0)
(0.716902 1.07948e-07 0)
(0.716902 1.05321e-07 0)
(0.716902 1.02866e-07 0)
(0.716902 1.00577e-07 0)
(0.716902 9.84478e-08 0)
(0.716902 9.64509e-08 0)
(0.716902 9.45685e-08 0)
(0.716902 9.2764e-08 0)
(0.716902 9.10123e-08 0)
(0.716902 8.92717e-08 0)
(0.716902 8.75129e-08 0)
(0.716902 8.569e-08 0)
(0.716902 8.37713e-08 0)
(0.716902 8.17085e-08 0)
(0.716902 7.94684e-08 0)
(0.716902 7.70021e-08 0)
(0.716902 7.42767e-08 0)
(0.716902 7.1245e-08 0)
(0.716902 6.78778e-08 0)
(0.716902 6.41338e-08 0)
(0.716902 5.99936e-08 0)
(0.716902 5.54303e-08 0)
(0.716902 5.04456e-08 0)
(0.716902 4.50446e-08 0)
(0.716902 3.9277e-08 0)
(0.716902 3.32217e-08 0)
(0.716902 2.70435e-08 0)
(0.716902 2.10035e-08 0)
(0.716902 1.55608e-08 0)
(0.716902 1.14543e-08 0)
(0.716902 9.92434e-09 0)
(0.716902 1.29912e-08 0)
(0.716902 2.39894e-08 0)
(0.716902 4.83447e-08 0)
(0.716902 9.49022e-08 0)
(0.716902 1.77915e-07 0)
(0.716902 3.202e-07 0)
(0.716903 5.57813e-07 0)
(0.716903 9.46945e-07 0)
(0.716904 1.57351e-06 0)
(0.716905 2.56579e-06 0)
(0.716906 4.10911e-06 0)
(0.716909 6.45931e-06 0)
(0.716913 9.94622e-06 0)
(0.71692 1.49514e-05 0)
(0.71693 2.18385e-05 0)
(0.716945 3.08195e-05 0)
(0.71697 4.1699e-05 0)
(0.717003 5.3037e-05 0)
(0.716961 5.89882e-05 0)
(0.716677 4.52799e-05 0)
(0.717249 7.42604e-06 0)
(0.722911 -2.50475e-05 0)
(0.703366 -2.68858e-05 0)
(0.725471 -7.42687e-05 0)
(0.368518 -0.0263679 0)
(1.05083 -0.0393069 0)
(0.948142 -0.0486396 0)
(0.852904 -0.0483658 0)
(0.812044 -0.042191 0)
(0.787538 -0.0338379 0)
(0.766628 -0.0257446 0)
(0.750098 -0.0188956 0)
(0.738266 -0.0134951 0)
(0.730107 -0.00942655 0)
(0.72455 -0.0064618 0)
(0.720805 -0.00435907 0)
(0.718307 -0.00290038 0)
(0.716659 -0.00190684 0)
(0.715582 -0.00124048 0)
(0.714886 -0.000799416 0)
(0.71444 -0.000510819 0)
(0.714155 -0.000323892 0)
(0.713976 -0.000203911 0)
(0.713863 -0.000127529 0)
(0.713793 -7.92626e-05 0)
(0.713749 -4.8968e-05 0)
(0.713722 -3.00697e-05 0)
(0.713705 -1.83485e-05 0)
(0.713695 -1.11192e-05 0)
(0.713689 -6.68285e-06 0)
(0.713685 -3.97302e-06 0)
(0.713683 -2.32519e-06 0)
(0.713682 -1.32785e-06 0)
(0.713681 -7.27186e-07 0)
(0.713681 -3.67345e-07 0)
(0.71368 -1.53197e-07 0)
(0.71368 -2.69086e-08 0)
(0.71368 4.65773e-08 0)
(0.71368 8.84141e-08 0)
(0.71368 1.11365e-07 0)
(0.71368 1.23093e-07 0)
(0.71368 1.28208e-07 0)
(0.71368 1.29457e-07 0)
(0.71368 1.28505e-07 0)
(0.71368 1.26338e-07 0)
(0.71368 1.23558e-07 0)
(0.71368 1.2051e-07 0)
(0.71368 1.17416e-07 0)
(0.71368 1.14387e-07 0)
(0.71368 1.11501e-07 0)
(0.71368 1.0878e-07 0)
(0.71368 1.06244e-07 0)
(0.71368 1.0388e-07 0)
(0.71368 1.01683e-07 0)
(0.71368 9.96226e-08 0)
(0.71368 9.7681e-08 0)
(0.71368 9.58187e-08 0)
(0.71368 9.40116e-08 0)
(0.71368 9.22146e-08 0)
(0.71368 9.03996e-08 0)
(0.71368 8.85172e-08 0)
(0.71368 8.65367e-08 0)
(0.71368 8.44064e-08 0)
(0.71368 8.2094e-08 0)
(0.71368 7.95472e-08 0)
(0.71368 7.67337e-08 0)
(0.71368 7.36031e-08 0)
(0.71368 7.01267e-08 0)
(0.71368 6.62598e-08 0)
(0.71368 6.19832e-08 0)
(0.71368 5.72658e-08 0)
(0.71368 5.21086e-08 0)
(0.71368 4.65102e-08 0)
(0.71368 4.05156e-08 0)
(0.71368 3.41899e-08 0)
(0.71368 2.76805e-08 0)
(0.71368 2.12133e-08 0)
(0.71368 1.51926e-08 0)
(0.71368 1.02588e-08 0)
(0.71368 7.49138e-09 0)
(0.71368 8.63442e-09 0)
(0.71368 1.65672e-08 0)
(0.71368 3.5958e-08 0)
(0.71368 7.44128e-08 0)
(0.71368 1.44167e-07 0)
(0.71368 2.64802e-07 0)
(0.713681 4.67225e-07 0)
(0.713681 7.99586e-07 0)
(0.713682 1.33543e-06 0)
(0.713683 2.18446e-06 0)
(0.713685 3.50487e-06 0)
(0.713688 5.51429e-06 0)
(0.713693 8.49161e-06 0)
(0.713701 1.27557e-05 0)
(0.713713 1.86028e-05 0)
(0.71373 2.61848e-05 0)
(0.713758 3.52614e-05 0)
(0.713794 4.44005e-05 0)
(0.713753 4.83392e-05 0)
(0.713471 3.55281e-05 0)
(0.714047 3.72302e-06 0)
(0.719693 -2.65256e-05 0)
(0.700103 -3.54881e-05 0)
(0.722189 -6.39097e-05 0)
(0.371254 -0.0190298 0)
(1.0586 -0.0294739 0)
(0.958482 -0.0373955 0)
(0.863137 -0.0377569 0)
(0.820743 -0.0332871 0)
(0.794191 -0.0269045 0)
(0.771232 -0.0205835 0)
(0.752919 -0.0151657 0)
(0.739681 -0.0108595 0)
(0.730477 -0.00759855 0)
(0.724178 -0.00521448 0)
(0.719918 -0.00352001 0)
(0.717072 -0.00234298 0)
(0.715193 -0.00154066 0)
(0.713966 -0.00100232 0)
(0.713172 -0.000645922 0)
(0.712662 -0.000412706 0)
(0.712338 -0.000261652 0)
(0.712134 -0.000164701 0)
(0.712005 -0.000102985 0)
(0.711925 -6.39892e-05 0)
(0.711875 -3.95142e-05 0)
(0.711845 -2.4247e-05 0)
(0.711826 -1.47791e-05 0)
(0.711814 -8.9405e-06 0)
(0.711807 -5.35777e-06 0)
(0.711803 -3.16955e-06 0)
(0.711801 -1.83916e-06 0)
(0.711799 -1.03426e-06 0)
(0.711798 -5.49771e-07 0)
(0.711797 -2.59842e-07 0)
(0.711797 -8.76334e-08 0)
(0.711797 1.35572e-08 0)
(0.711797 7.20543e-08 0)
(0.711797 1.04948e-07 0)
(0.711797 1.22563e-07 0)
(0.711797 1.31097e-07 0)
(0.711797 1.34292e-07 0)
(0.711797 1.34373e-07 0)
(0.711797 1.327e-07 0)
(0.711797 1.30074e-07 0)
(0.711797 1.26993e-07 0)
(0.711797 1.23737e-07 0)
(0.711797 1.20492e-07 0)
(0.711797 1.17347e-07 0)
(0.711797 1.14368e-07 0)
(0.711797 1.11568e-07 0)
(0.711797 1.08965e-07 0)
(0.711797 1.0654e-07 0)
(0.711797 1.04289e-07 0)
(0.711797 1.02176e-07 0)
(0.711797 1.00187e-07 0)
(0.711797 9.82783e-08 0)
(0.711797 9.64266e-08 0)
(0.711797 9.45842e-08 0)
(0.711797 9.27239e-08 0)
(0.711797 9.07935e-08 0)
(0.711797 8.87631e-08 0)
(0.711797 8.65782e-08 0)
(0.711797 8.42074e-08 0)
(0.711797 8.15952e-08 0)
(0.711797 7.87105e-08 0)
(0.711797 7.54994e-08 0)
(0.711797 7.19342e-08 0)
(0.711797 6.79668e-08 0)
(0.711797 6.35783e-08 0)
(0.711797 5.87334e-08 0)
(0.711797 5.34321e-08 0)
(0.711797 4.76659e-08 0)
(0.711797 4.14739e-08 0)
(0.711797 3.49058e-08 0)
(0.711797 2.80882e-08 0)
(0.711797 2.12061e-08 0)
(0.711797 1.45995e-08 0)
(0.711797 8.79454e-09 0)
(0.711797 4.68286e-09 0)
(0.711797 3.68797e-09 0)
(0.711797 8.16049e-09 0)
(0.711797 2.18894e-08 0)
(0.711797 5.10441e-08 0)
(0.711797 1.05522e-07 0)
(0.711797 2.01153e-07 0)
(0.711798 3.62889e-07 0)
(0.711798 6.29583e-07 0)
(0.711799 1.06052e-06 0)
(0.7118 1.74404e-06 0)
(0.711803 2.80733e-06 0)
(0.711806 4.42489e-06 0)
(0.711812 6.81917e-06 0)
(0.711821 1.0242e-05 0)
(0.711833 1.49221e-05 0)
(0.711853 2.09622e-05 0)
(0.711883 2.81198e-05 0)
(0.711921 3.51108e-05 0)
(0.711881 3.75477e-05 0)
(0.7116 2.65591e-05 0)
(0.712176 1.23908e-06 0)
(0.717809 -2.44898e-05 0)
(0.698186 -3.49929e-05 0)
(0.720265 -5.06077e-05 0)
(0.373218 -0.0128146 0)
(1.06425 -0.0204626 0)
(0.966185 -0.0264604 0)
(0.870975 -0.0270233 0)
(0.827582 -0.0240151 0)
(0.799575 -0.0195248 0)
(0.775106 -0.015001 0)
(0.755455 -0.011085 0)
(0.741148 -0.00795331 0)
(0.731145 -0.00557241 0)
(0.724273 -0.00382732 0)
(0.719616 -0.00258496 0)
(0.716501 -0.0017211 0)
(0.714443 -0.0011319 0)
(0.713099 -0.000736417 0)
(0.712229 -0.000474555 0)
(0.711671 -0.000303189 0)
(0.711316 -0.000192194 0)
(0.711092 -0.000120957 0)
(0.710951 -7.56114e-05 0)
(0.710863 -4.69596e-05 0)
(0.710809 -2.8977e-05 0)
(0.710775 -1.77598e-05 0)
(0.710755 -1.08043e-05 0)
(0.710742 -6.5155e-06 0)
(0.710735 -3.88384e-06 0)
(0.71073 -2.27665e-06 0)
(0.710727 -1.29978e-06 0)
(0.710725 -7.09097e-07 0)
(0.710724 -3.53901e-07 0)
(0.710724 -1.41748e-07 0)
(0.710723 -1.6178e-08 0)
(0.710723 5.71201e-08 0)
(0.710723 9.89753e-08 0)
(0.710723 1.21955e-07 0)
(0.710723 1.33669e-07 0)
(0.710723 1.38688e-07 0)
(0.710723 1.39783e-07 0)
(0.710723 1.386e-07 0)
(0.710723 1.36159e-07 0)
(0.710723 1.33057e-07 0)
(0.710723 1.29673e-07 0)
(0.710723 1.26217e-07 0)
(0.710723 1.22834e-07 0)
(0.710723 1.19587e-07 0)
(0.710723 1.1653e-07 0)
(0.710723 1.13667e-07 0)
(0.710723 1.11011e-07 0)
(0.710723 1.08538e-07 0)
(0.710723 1.06245e-07 0)
(0.710723 1.04094e-07 0)
(0.710723 1.02069e-07 0)
(0.710723 1.00125e-07 0)
(0.710723 9.82399e-08 0)
(0.710723 9.63633e-08 0)
(0.710723 9.4469e-08 0)
(0.710723 9.25022e-08 0)
(0.710723 9.04344e-08 0)
(0.710723 8.8208e-08 0)
(0.710723 8.57931e-08 0)
(0.710723 8.31311e-08 0)
(0.710723 8.01924e-08 0)
(0.710723 7.69198e-08 0)
(0.710723 7.32868e-08 0)
(0.710723 6.92419e-08 0)
(0.710723 6.47669e-08 0)
(0.710723 5.9822e-08 0)
(0.710723 5.44061e-08 0)
(0.710723 4.85032e-08 0)
(0.710723 4.21458e-08 0)
(0.710723 3.53663e-08 0)
(0.710723 2.8268e-08 0)
(0.710723 2.09904e-08 0)
(0.710723 1.38017e-08 0)
(0.710723 7.10055e-09 0)
(0.710723 1.56923e-09 0)
(0.710723 -1.72537e-09 0)
(0.710723 -1.02078e-09 0)
(0.710723 6.49475e-09 0)
(0.710723 2.53939e-08 0)
(0.710723 6.29773e-08 0)
(0.710724 1.30909e-07 0)
(0.710724 2.47537e-07 0)
(0.710724 4.41401e-07 0)
(0.710725 7.55998e-07 0)
(0.710727 1.25609e-06 0)
(0.71073 2.0348e-06 0)
(0.710733 3.21958e-06 0)
(0.71074 4.97223e-06 0)
(0.710749 7.47442e-06 0)
(0.710763 1.08883e-05 0)
(0.710784 1.52783e-05 0)
(0.710816 2.0439e-05 0)
(0.710855 2.53578e-05 0)
(0.710816 2.67424e-05 0)
(0.710534 1.8336e-05 0)
(0.711111 -8.43873e-08 0)
(0.716732 -1.95946e-05 0)
(0.697088 -2.85617e-05 0)
(0.719164 -3.62394e-05 0)
(0.374509 -0.00737684 0)
(1.06797 -0.0120451 0)
(0.971301 -0.0157721 0)
(0.876267 -0.0162303 0)
(0.832276 -0.0145008 0)
(0.803335 -0.0118362 0)
(0.777872 -0.00911981 0)
(0.757328 -0.00675234 0)
(0.7423 -0.00485105 0)
(0.731755 -0.00340186 0)
(0.724494 -0.00233786 0)
(0.719567 -0.00157954 0)
(0.716268 -0.00105188 0)
(0.714088 -0.000691838 0)
(0.712664 -0.000450117 0)
(0.711742 -0.000290043 0)
(0.711151 -0.000185284 0)
(0.710775 -0.000117429 0)
(0.710537 -7.38788e-05 0)
(0.710388 -4.61565e-05 0)
(0.710295 -2.86392e-05 0)
(0.710238 -1.76438e-05 0)
(0.710202 -1.07849e-05 0)
(0.71018 -6.53215e-06 0)
(0.710167 -3.90996e-06 0)
(0.710159 -2.30095e-06 0)
(0.710154 -1.31845e-06 0)
(0.710151 -7.21581e-07 0)
(0.710149 -3.61088e-07 0)
(0.710148 -1.44801e-07 0)
(0.710148 -1.61893e-08 0)
(0.710147 5.9299e-08 0)
(0.710147 1.0266e-07 0)
(0.710147 1.26667e-07 0)
(0.710147 1.39026e-07 0)
(0.710147 1.44434e-07 0)
(0.710147 1.45707e-07 0)
(0.710147 1.44577e-07 0)
(0.710147 1.42067e-07 0)
(0.710147 1.38832e-07 0)
(0.710147 1.35247e-07 0)
(0.710147 1.31566e-07 0)
(0.710147 1.27921e-07 0)
(0.710147 1.24414e-07 0)
(0.710147 1.21082e-07 0)
(0.710147 1.17964e-07 0)
(0.710147 1.15052e-07 0)
(0.710147 1.12358e-07 0)
(0.710147 1.09853e-07 0)
(0.710147 1.07532e-07 0)
(0.710147 1.05354e-07 0)
(0.710147 1.03305e-07 0)
(0.710147 1.01338e-07 0)
(0.710147 9.94309e-08 0)
(0.710147 9.75313e-08 0)
(0.710147 9.56146e-08 0)
(0.710147 9.36233e-08 0)
(0.710147 9.15306e-08 0)
(0.710147 8.92762e-08 0)
(0.710147 8.68317e-08 0)
(0.710147 8.41359e-08 0)
(0.710147 8.11606e-08 0)
(0.710147 7.78459e-08 0)
(0.710147 7.41666e-08 0)
(0.710147 7.00679e-08 0)
(0.710147 6.55323e-08 0)
(0.710147 6.05158e-08 0)
(0.710147 5.50158e-08 0)
(0.710147 4.90088e-08 0)
(0.710147 4.25198e-08 0)
(0.710147 3.55631e-08 0)
(0.710147 2.82165e-08 0)
(0.710147 2.05706e-08 0)
(0.710147 1.28159e-08 0)
(0.710147 5.21406e-09 0)
(0.710147 -1.77795e-09 0)
(0.710147 -7.47645e-09 0)
(0.710147 -1.0751e-08 0)
(0.710147 -9.83941e-09 0)
(0.710147 -1.88315e-09 0)
(0.710147 1.76314e-08 0)
(0.710147 5.59e-08 0)
(0.710148 1.24183e-07 0)
(0.710148 2.39974e-07 0)
(0.710149 4.2986e-07 0)
(0.710151 7.33407e-07 0)
(0.710154 1.20743e-06 0)
(0.710158 1.92952e-06 0)
(0.710164 2.99784e-06 0)
(0.710174 4.52191e-06 0)
(0.710189 6.59843e-06 0)
(0.710211 9.26254e-06 0)
(0.710244 1.23775e-05 0)
(0.710284 1.52969e-05 0)
(0.710245 1.59803e-05 0)
(0.709964 1.07138e-05 0)
(0.71054 -4.76135e-07 0)
(0.716153 -1.26177e-05 0)
(0.696495 -1.84686e-05 0)
(0.718572 -2.16926e-05 0)
(0.375155 -0.00240641 0)
(1.06981 -0.0039775 0)
(0.973848 -0.00524009 0)
(0.878927 -0.00541283 0)
(0.834658 -0.00484912 0)
(0.805262 -0.00396605 0)
(0.779305 -0.00306025 0)
(0.758314 -0.00226776 0)
(0.742924 -0.00162993 0)
(0.732106 -0.00114344 0)
(0.724648 -0.000786016 0)
(0.719584 -0.000531139 0)
(0.716192 -0.000353725 0)
(0.71395 -0.00023264 0)
(0.712485 -0.000151336 0)
(0.711537 -9.74889e-05 0)
(0.710929 -6.22457e-05 0)
(0.710542 -3.94155e-05 0)
(0.710298 -2.47604e-05 0)
(0.710145 -1.54289e-05 0)
(0.710049 -9.52989e-06 0)
(0.70999 -5.82488e-06 0)
(0.709953 -3.5126e-06 0)
(0.709931 -2.07877e-06 0)
(0.709917 -1.19464e-06 0)
(0.709909 -6.52033e-07 0)
(0.709904 -3.20886e-07 0)
(0.709901 -1.20159e-07 0)
(0.709899 4.05079e-10 0)
(0.709898 7.19196e-08 0)
(0.709897 1.13478e-07 0)
(0.709897 1.36792e-07 0)
(0.709897 1.48976e-07 0)
(0.709897 1.54408e-07 0)
(0.709897 1.55727e-07 0)
(0.709896 1.54589e-07 0)
(0.709896 1.51987e-07 0)
(0.709896 1.48565e-07 0)
(0.709896 1.44701e-07 0)
(0.709896 1.40665e-07 0)
(0.709896 1.36602e-07 0)
(0.709896 1.32637e-07 0)
(0.709896 1.28819e-07 0)
(0.709896 1.25206e-07 0)
(0.709896 1.21806e-07 0)
(0.709896 1.18643e-07 0)
(0.709896 1.157e-07 0)
(0.709896 1.12984e-07 0)
(0.709896 1.1046e-07 0)
(0.709896 1.08125e-07 0)
(0.709896 1.05933e-07 0)
(0.709896 1.03874e-07 0)
(0.709896 1.01894e-07 0)
(0.709896 9.9977e-08 0)
(0.709896 9.80659e-08 0)
(0.709896 9.61384e-08 0)
(0.709896 9.41347e-08 0)
(0.709896 9.20298e-08 0)
(0.709896 8.97609e-08 0)
(0.709896 8.73016e-08 0)
(0.709896 8.45882e-08 0)
(0.709896 8.15942e-08 0)
(0.709896 7.8257e-08 0)
(0.709896 7.45531e-08 0)
(0.709896 7.04247e-08 0)
(0.709896 6.5855e-08 0)
(0.709896 6.07959e-08 0)
(0.709896 5.52434e-08 0)
(0.709896 4.91662e-08 0)
(0.709896 4.25814e-08 0)
(0.709896 3.54845e-08 0)
(0.709896 2.79267e-08 0)
(0.709896 1.99474e-08 0)
(0.709896 1.16559e-08 0)
(0.709896 3.17075e-09 0)
(0.709896 -5.28648e-09 0)
(0.709896 -1.34317e-08 0)
(0.709897 -2.07937e-08 0)
(0.709897 -2.6704e-08 0)
(0.709897 -3.00907e-08 0)
(0.709897 -2.93438e-08 0)
(0.709897 -2.19225e-08 0)
(0.709897 -3.94493e-09 0)
(0.709898 3.05794e-08 0)
(0.709899 9.06467e-08 0)
(0.709901 1.89633e-07 0)
(0.709904 3.46684e-07 0)
(0.709908 5.8787e-07 0)
(0.709914 9.45891e-07 0)
(0.709924 1.45693e-06 0)
(0.709939 2.15332e-06 0)
(0.709962 3.0468e-06 0)
(0.709996 4.08971e-06 0)
(0.710036 5.05978e-06 0)
(0.709998 5.26611e-06 0)
(0.709716 3.47751e-06 0)
(0.710292 -2.70992e-07 0)
(0.715901 -4.38406e-06 0)
(0.696237 -6.39967e-06 0)
(0.718314 -7.25085e-06 0)
(0.375155 0.00240928 0)
(1.06981 0.00397784 0)
(0.973848 0.00523956 0)
(0.878927 0.00541182 0)
(0.834658 0.00484771 0)
(0.805262 0.00396445 0)
(0.779305 0.00305883 0)
(0.758314 0.00226769 0)
(0.742924 0.00163109 0)
(0.732106 0.00114449 0)
(0.724648 0.000786797 0)
(0.719584 0.000531717 0)
(0.716192 0.000354169 0)
(0.71395 0.000232999 0)
(0.712485 0.000151645 0)
(0.711537 9.7772e-05 0)
(0.710929 6.25191e-05 0)
(0.710542 3.96902e-05 0)
(0.710298 2.50437e-05 0)
(0.710145 1.5726e-05 0)
(0.710049 9.84368e-06 0)
(0.70999 6.15614e-06 0)
(0.709953 3.85852e-06 0)
(0.709931 2.43456e-06 0)
(0.709917 1.55668e-06 0)
(0.709909 1.01819e-06 0)
(0.709904 6.89051e-07 0)
(0.709901 4.88256e-07 0)
(0.709899 3.65643e-07 0)
(0.709898 2.90434e-07 0)
(0.709897 2.43776e-07 0)
(0.709897 2.14228e-07 0)
(0.709897 1.94835e-07 0)
(0.709897 1.81463e-07 0)
(0.709897 1.71618e-07 0)
(0.709896 1.63872e-07 0)
(0.709896 1.57367e-07 0)
(0.709896 1.5165e-07 0)
(0.709896 1.46438e-07 0)
(0.709896 1.41615e-07 0)
(0.709896 1.37094e-07 0)
(0.709896 1.32864e-07 0)
(0.709896 1.28893e-07 0)
(0.709896 1.25194e-07 0)
(0.709896 1.21745e-07 0)
(0.709896 1.18556e-07 0)
(0.709896 1.15598e-07 0)
(0.709896 1.12875e-07 0)
(0.709896 1.10348e-07 0)
(0.709896 1.08012e-07 0)
(0.709896 1.0582e-07 0)
(0.709896 1.03762e-07 0)
(0.709896 1.01783e-07 0)
(0.709896 9.98664e-08 0)
(0.709896 9.79555e-08 0)
(0.709896 9.60289e-08 0)
(0.709896 9.4025e-08 0)
(0.709896 9.19206e-08 0)
(0.709896 8.9651e-08 0)
(0.709896 8.71917e-08 0)
(0.709896 8.4477e-08 0)
(0.709896 8.14821e-08 0)
(0.709896 7.81424e-08 0)
(0.709896 7.44359e-08 0)
(0.709896 7.03021e-08 0)
(0.709896 6.57251e-08 0)
(0.709896 6.06529e-08 0)
(0.709896 5.50802e-08 0)
(0.709896 4.89678e-08 0)
(0.709896 4.23249e-08 0)
(0.709896 3.51278e-08 0)
(0.709896 2.74006e-08 0)
(0.709896 1.91307e-08 0)
(0.709896 1.03446e-08 0)
(0.709896 1.01567e-09 0)
(0.709896 -8.87365e-09 0)
(0.709896 -1.94447e-08 0)
(0.709896 -3.08955e-08 0)
(0.709897 -4.36665e-08 0)
(0.709897 -5.84978e-08 0)
(0.709897 -7.67229e-08 0)
(0.709897 -1.0052e-07 0)
(0.709897 -1.33486e-07 0)
(0.709898 -1.81287e-07 0)
(0.709899 -2.52751e-07 0)
(0.709901 -3.61033e-07 0)
(0.709903 -5.25092e-07 0)
(0.709908 -7.70944e-07 0)
(0.709914 -1.13202e-06 0)
(0.709924 -1.64577e-06 0)
(0.709939 -2.34368e-06 0)
(0.709962 -3.23543e-06 0)
(0.709996 -4.27285e-06 0)
(0.710036 -5.23384e-06 0)
(0.709998 -5.42842e-06 0)
(0.709716 -3.62579e-06 0)
(0.710292 1.39416e-07 0)
(0.715901 4.26948e-06 0)
(0.696237 6.29249e-06 0)
(0.718314 7.12309e-06 0)
(0.374509 0.00737971 0)
(1.06797 0.0120454 0)
(0.971301 0.0157715 0)
(0.876267 0.0162293 0)
(0.832276 0.0144994 0)
(0.803335 0.0118346 0)
(0.777872 0.00911833 0)
(0.757328 0.00675228 0)
(0.7423 0.00485227 0)
(0.731755 0.00340292 0)
(0.724494 0.00233864 0)
(0.719567 0.00158011 0)
(0.716268 0.00105232 0)
(0.714088 0.000692194 0)
(0.712663 0.000450423 0)
(0.711742 0.000290324 0)
(0.711151 0.000185555 0)
(0.710774 0.000117701 0)
(0.710537 7.41599e-05 0)
(0.710388 4.64508e-05 0)
(0.710295 2.89496e-05 0)
(0.710238 1.79712e-05 0)
(0.710202 1.11273e-05 0)
(0.71018 6.88493e-06 0)
(0.710167 4.2692e-06 0)
(0.710159 2.66441e-06 0)
(0.710154 1.68405e-06 0)
(0.710151 1.08723e-06 0)
(0.710149 7.24773e-07 0)
(0.710148 5.04853e-07 0)
(0.710148 3.71194e-07 0)
(0.710147 2.89522e-07 0)
(0.710147 2.39002e-07 0)
(0.710147 2.07104e-07 0)
(0.710147 1.8627e-07 0)
(0.710147 1.72029e-07 0)
(0.710147 1.61701e-07 0)
(0.710147 1.53745e-07 0)
(0.710147 1.47229e-07 0)
(0.710147 1.41655e-07 0)
(0.710147 1.36706e-07 0)
(0.710147 1.32238e-07 0)
(0.710147 1.28138e-07 0)
(0.710147 1.24376e-07 0)
(0.710147 1.20898e-07 0)
(0.710147 1.17702e-07 0)
(0.710147 1.14747e-07 0)
(0.710147 1.12033e-07 0)
(0.710147 1.09517e-07 0)
(0.710147 1.07195e-07 0)
(0.710147 1.05016e-07 0)
(0.710147 1.0297e-07 0)
(0.710147 1.01004e-07 0)
(0.710147 9.91e-08 0)
(0.710147 9.72008e-08 0)
(0.710147 9.52868e-08 0)
(0.710147 9.32948e-08 0)
(0.710147 9.12037e-08 0)
(0.710147 8.89472e-08 0)
(0.710147 8.65028e-08 0)
(0.710147 8.3803e-08 0)
(0.710147 8.08253e-08 0)
(0.710147 7.7503e-08 0)
(0.710147 7.38159e-08 0)
(0.710147 6.97012e-08 0)
(0.710147 6.5144e-08 0)
(0.710147 6.00886e-08 0)
(0.710147 5.45284e-08 0)
(0.710147 4.84166e-08 0)
(0.710147 4.17546e-08 0)
(0.710147 3.45e-08 0)
(0.710147 2.66495e-08 0)
(0.710147 1.81394e-08 0)
(0.710147 8.91413e-09 0)
(0.710147 -1.19665e-09 0)
(0.710147 -1.24472e-08 0)
(0.710147 -2.53594e-08 0)
(0.710147 -4.07922e-08 0)
(0.710147 -6.02816e-08 0)
(0.710147 -8.63567e-08 0)
(0.710147 -1.23257e-07 0)
(0.710147 -1.7782e-07 0)
(0.710148 -2.61025e-07 0)
(0.710148 -3.90047e-07 0)
(0.710149 -5.91323e-07 0)
(0.710151 -9.04185e-07 0)
(0.710153 -1.38523e-06 0)
(0.710158 -2.11205e-06 0)
(0.710164 -3.18367e-06 0)
(0.710174 -4.71059e-06 0)
(0.710188 -6.78831e-06 0)
(0.71021 -9.45021e-06 0)
(0.710244 -1.25595e-05 0)
(0.710284 -1.54697e-05 0)
(0.710245 -1.61413e-05 0)
(0.709964 -1.08609e-05 0)
(0.71054 3.45789e-07 0)
(0.716153 1.25044e-05 0)
(0.696495 1.83624e-05 0)
(0.718572 2.15658e-05 0)
(0.373218 0.0128175 0)
(1.06425 0.0204629 0)
(0.966185 0.0264599 0)
(0.870975 0.0270223 0)
(0.827582 0.0240137 0)
(0.799575 0.0195232 0)
(0.775106 0.0149994 0)
(0.755456 0.011085 0)
(0.741148 0.00795466 0)
(0.731145 0.0055735 0)
(0.724273 0.00382809 0)
(0.719616 0.00258553 0)
(0.716501 0.00172153 0)
(0.714443 0.00113225 0)
(0.713098 0.000736719 0)
(0.712228 0.000474832 0)
(0.711671 0.000303456 0)
(0.711316 0.000192463 0)
(0.711091 0.000121234 0)
(0.710951 7.59006e-05 0)
(0.710863 4.72637e-05 0)
(0.710809 2.92973e-05 0)
(0.710775 1.80955e-05 0)
(0.710755 1.11512e-05 0)
(0.710742 6.86927e-06 0)
(0.710734 4.24204e-06 0)
(0.71073 2.63719e-06 0)
(0.710727 1.66058e-06 0)
(0.710725 1.06809e-06 0)
(0.710724 7.09385e-07 0)
(0.710724 4.9229e-07 0)
(0.710723 3.60634e-07 0)
(0.710723 2.80274e-07 0)
(0.710723 2.30627e-07 0)
(0.710723 1.99273e-07 0)
(0.710723 1.78827e-07 0)
(0.710723 1.64857e-07 0)
(0.710723 1.5478e-07 0)
(0.710723 1.4704e-07 0)
(0.710723 1.40771e-07 0)
(0.710723 1.35436e-07 0)
(0.710723 1.30764e-07 0)
(0.710723 1.26564e-07 0)
(0.710723 1.22762e-07 0)
(0.710723 1.19277e-07 0)
(0.710723 1.16093e-07 0)
(0.710723 1.13159e-07 0)
(0.710723 1.10471e-07 0)
(0.710723 1.07981e-07 0)
(0.710723 1.05686e-07 0)
(0.710723 1.03533e-07 0)
(0.710723 1.01513e-07 0)
(0.710723 9.95701e-08 0)
(0.710723 9.76908e-08 0)
(0.710723 9.58148e-08 0)
(0.710723 9.39251e-08 0)
(0.710723 9.19571e-08 0)
(0.710723 8.9892e-08 0)
(0.710723 8.76621e-08 0)
(0.710723 8.52474e-08 0)
(0.710723 8.25788e-08 0)
(0.710723 7.96361e-08 0)
(0.710723 7.6351e-08 0)
(0.710723 7.27053e-08 0)
(0.710723 6.86342e-08 0)
(0.710723 6.41237e-08 0)
(0.710723 5.91151e-08 0)
(0.710723 5.36005e-08 0)
(0.710723 4.7526e-08 0)
(0.710723 4.08853e-08 0)
(0.710723 3.36179e-08 0)
(0.710723 2.56945e-08 0)
(0.710723 1.70018e-08 0)
(0.710723 7.40512e-09 0)
(0.710723 -3.40416e-09 0)
(0.710723 -1.59081e-08 0)
(0.710723 -3.10138e-08 0)
(0.710723 -5.02159e-08 0)
(0.710723 -7.6103e-08 0)
(0.710723 -1.12923e-07 0)
(0.710723 -1.67709e-07 0)
(0.710723 -2.51772e-07 0)
(0.710724 -3.83187e-07 0)
(0.710724 -5.90192e-07 0)
(0.710725 -9.16154e-07 0)
(0.710727 -1.42557e-06 0)
(0.710729 -2.21135e-06 0)
(0.710733 -3.40098e-06 0)
(0.710739 -5.15733e-06 0)
(0.710748 -7.66249e-06 0)
(0.710762 -1.10769e-05 0)
(0.710783 -1.5464e-05 0)
(0.710816 -2.06186e-05 0)
(0.710855 -2.55283e-05 0)
(0.710816 -2.69008e-05 0)
(0.710534 -1.84808e-05 0)
(0.711111 -4.36228e-08 0)
(0.716732 1.94835e-05 0)
(0.697087 2.84575e-05 0)
(0.719164 3.61146e-05 0)
(0.371254 0.0190326 0)
(1.0586 0.0294742 0)
(0.958482 0.037395 0)
(0.863137 0.0377559 0)
(0.820743 0.0332856 0)
(0.794192 0.0269028 0)
(0.771232 0.0205817 0)
(0.75292 0.0151657 0)
(0.739681 0.010861 0)
(0.730477 0.00759968 0)
(0.724177 0.00521526 0)
(0.719917 0.00352056 0)
(0.717072 0.0023434 0)
(0.715193 0.001541 0)
(0.713965 0.00100261 0)
(0.713171 0.000646193 0)
(0.712662 0.000412968 0)
(0.712338 0.000261915 0)
(0.712133 0.000164972 0)
(0.712005 0.000103268 0)
(0.711925 6.42853e-05 0)
(0.711875 3.98253e-05 0)
(0.711844 2.45733e-05 0)
(0.711826 1.51175e-05 0)
(0.711814 9.28636e-06 0)
(0.711807 5.70835e-06 0)
(0.711803 3.52267e-06 0)
(0.7118 2.1928e-06 0)
(0.711799 1.38632e-06 0)
(0.711798 8.98491e-07 0)
(0.711797 6.03771e-07 0)
(0.711797 4.2562e-07 0)
(0.711797 3.17512e-07 0)
(0.711797 2.51369e-07 0)
(0.711797 2.10251e-07 0)
(0.711797 1.84057e-07 0)
(0.711797 1.66725e-07 0)
(0.711797 1.547e-07 0)
(0.711797 1.45849e-07 0)
(0.711797 1.38962e-07 0)
(0.711797 1.33295e-07 0)
(0.711797 1.2846e-07 0)
(0.711797 1.24192e-07 0)
(0.711797 1.20376e-07 0)
(0.711797 1.16907e-07 0)
(0.711797 1.13755e-07 0)
(0.711797 1.10859e-07 0)
(0.711797 1.08213e-07 0)
(0.711797 1.05765e-07 0)
(0.711797 1.0351e-07 0)
(0.711797 1.01396e-07 0)
(0.711797 9.94135e-08 0)
(0.711797 9.75064e-08 0)
(0.711797 9.56628e-08 0)
(0.711797 9.38213e-08 0)
(0.711797 9.19673e-08 0)
(0.711797 9.00352e-08 0)
(0.711797 8.80087e-08 0)
(0.711797 8.5819e-08 0)
(0.711797 8.34484e-08 0)
(0.711797 8.08272e-08 0)
(0.711797 7.79371e-08 0)
(0.711797 7.47089e-08 0)
(0.711797 7.11263e-08 0)
(0.711797 6.7123e-08 0)
(0.711797 6.26863e-08 0)
(0.711797 5.77543e-08 0)
(0.711797 5.23183e-08 0)
(0.711797 4.6318e-08 0)
(0.711797 3.97398e-08 0)
(0.711797 3.25065e-08 0)
(0.711797 2.4564e-08 0)
(0.711797 1.57528e-08 0)
(0.711797 5.86409e-09 0)
(0.711797 -5.54007e-09 0)
(0.711797 -1.91546e-08 0)
(0.711797 -3.62466e-08 0)
(0.711797 -5.89035e-08 0)
(0.711797 -9.06967e-08 0)
(0.711797 -1.37478e-07 0)
(0.711797 -2.08883e-07 0)
(0.711797 -3.20401e-07 0)
(0.711797 -4.96724e-07 0)
(0.711798 -7.76419e-07 0)
(0.711799 -1.21866e-06 0)
(0.7118 -1.91147e-06 0)
(0.711802 -2.98186e-06 0)
(0.711806 -4.60446e-06 0)
(0.711812 -7.0029e-06 0)
(0.71182 -1.04286e-05 0)
(0.711833 -1.51084e-05 0)
(0.711853 -2.11449e-05 0)
(0.711883 -2.82961e-05 0)
(0.711921 -3.5278e-05 0)
(0.711881 -3.77025e-05 0)
(0.711599 -2.67006e-05 0)
(0.712176 -1.36382e-06 0)
(0.717808 2.43818e-05 0)
(0.698186 3.48914e-05 0)
(0.720264 5.04858e-05 0)
(0.368518 0.0263706 0)
(1.05083 0.0393072 0)
(0.948142 0.0486391 0)
(0.852905 0.0483648 0)
(0.812044 0.0421895 0)
(0.787538 0.0338362 0)
(0.766629 0.0257427 0)
(0.750099 0.0188957 0)
(0.738266 0.0134969 0)
(0.730106 0.00942772 0)
(0.72455 0.00646257 0)
(0.720804 0.00435962 0)
(0.718306 0.00290079 0)
(0.716658 0.00190717 0)
(0.715582 0.00124076 0)
(0.714886 0.000799679 0)
(0.714439 0.000511073 0)
(0.714155 0.000324147 0)
(0.713975 0.000204174 0)
(0.713863 0.000127803 0)
(0.713792 7.95494e-05 0)
(0.713749 4.92684e-05 0)
(0.713722 3.03845e-05 0)
(0.713705 1.86759e-05 0)
(0.713695 1.14549e-05 0)
(0.713689 7.02358e-06 0)
(0.713685 4.31652e-06 0)
(0.713683 2.66946e-06 0)
(0.713682 1.67081e-06 0)
(0.713681 1.06702e-06 0)
(0.71368 7.02581e-07 0)
(0.71368 4.82676e-07 0)
(0.71368 3.49658e-07 0)
(0.71368 2.68717e-07 0)
(0.71368 2.18853e-07 0)
(0.71368 1.87523e-07 0)
(0.71368 1.67201e-07 0)
(0.71368 1.53459e-07 0)
(0.71368 1.43641e-07 0)
(0.71368 1.36229e-07 0)
(0.71368 1.30295e-07 0)
(0.71368 1.25342e-07 0)
(0.71368 1.21041e-07 0)
(0.71368 1.1724e-07 0)
(0.71368 1.1381e-07 0)
(0.71368 1.10711e-07 0)
(0.71368 1.07871e-07 0)
(0.71368 1.05283e-07 0)
(0.71368 1.02891e-07 0)
(0.71368 1.00691e-07 0)
(0.71368 9.86272e-08 0)
(0.71368 9.66949e-08 0)
(0.71368 9.48349e-08 0)
(0.71368 9.3038e-08 0)
(0.71368 9.12423e-08 0)
(0.71368 8.94352e-08 0)
(0.71368 8.75509e-08 0)
(0.71368 8.55751e-08 0)
(0.71368 8.34389e-08 0)
(0.71368 8.11269e-08 0)
(0.71368 7.85687e-08 0)
(0.71368 7.57486e-08 0)
(0.71368 7.25967e-08 0)
(0.71368 6.90986e-08 0)
(0.71368 6.5187e-08 0)
(0.71368 6.08504e-08 0)
(0.71368 5.60247e-08 0)
(0.71368 5.07004e-08 0)
(0.71368 4.48111e-08 0)
(0.71368 3.83373e-08 0)
(0.71368 3.11862e-08 0)
(0.71368 2.32815e-08 0)
(0.71368 1.44217e-08 0)
(0.71368 4.3308e-09 0)
(0.71368 -7.54608e-09 0)
(0.71368 -2.20963e-08 0)
(0.71368 -4.09116e-08 0)
(0.71368 -6.66149e-08 0)
(0.71368 -1.03663e-07 0)
(0.71368 -1.59354e-07 0)
(0.71368 -2.45672e-07 0)
(0.71368 -3.81869e-07 0)
(0.71368 -5.98608e-07 0)
(0.713681 -9.43781e-07 0)
(0.713682 -1.49082e-06 0)
(0.713683 -2.34906e-06 0)
(0.713685 -3.67658e-06 0)
(0.713688 -5.69125e-06 0)
(0.713693 -8.67306e-06 0)
(0.7137 -1.29396e-05 0)
(0.713712 -1.87856e-05 0)
(0.71373 -2.63633e-05 0)
(0.713758 -3.54334e-05 0)
(0.713793 -4.45634e-05 0)
(0.713752 -4.84895e-05 0)
(0.71347 -3.56657e-05 0)
(0.714046 -3.84368e-06 0)
(0.719692 2.64214e-05 0)
(0.700102 3.53899e-05 0)
(0.722188 6.37914e-05 0)
(0.364883 0.0352169 0)
(1.04074 0.0501813 0)
(0.935188 0.0602017 0)
(0.84059 0.0587352 0)
(0.801983 0.050569 0)
(0.780204 0.0401721 0)
(0.761916 0.0303561 0)
(0.74761 0.0221781 0)
(0.737506 0.0157916 0)
(0.730616 0.0110076 0)
(0.725959 0.00753561 0)
(0.722832 0.00507944 0)
(0.720751 0.00337825 0)
(0.71938 0.00222061 0)
(0.718485 0.00144458 0)
(0.717906 0.000931054 0)
(0.717535 0.000595071 0)
(0.717298 0.000377452 0)
(0.717148 0.000237767 0)
(0.717054 0.000148836 0)
(0.716996 9.26398e-05 0)
(0.716959 5.73694e-05 0)
(0.716937 3.53711e-05 0)
(0.716923 2.17299e-05 0)
(0.716915 1.3316e-05 0)
(0.716909 8.15207e-06 0)
(0.716906 4.99719e-06 0)
(0.716904 3.07761e-06 0)
(0.716903 1.91381e-06 0)
(0.716903 1.21034e-06 0)
(0.716902 7.85974e-07 0)
(0.716902 5.30181e-07 0)
(0.716902 3.75762e-07 0)
(0.716902 2.82122e-07 0)
(0.716902 2.24766e-07 0)
(0.716902 1.89053e-07 0)
(0.716902 1.66194e-07 0)
(0.716902 1.51013e-07 0)
(0.716902 1.404e-07 0)
(0.716902 1.32574e-07 0)
(0.716902 1.26446e-07 0)
(0.716902 1.21427e-07 0)
(0.716902 1.17131e-07 0)
(0.716902 1.13375e-07 0)
(0.716902 1.10008e-07 0)
(0.716902 1.06981e-07 0)
(0.716902 1.04216e-07 0)
(0.716902 1.01702e-07 0)
(0.716902 9.93796e-08 0)
(0.716902 9.72473e-08 0)
(0.716902 9.52474e-08 0)
(0.716902 9.33763e-08 0)
(0.716902 9.15747e-08 0)
(0.716902 8.98354e-08 0)
(0.716902 8.80962e-08 0)
(0.716902 8.63471e-08 0)
(0.716902 8.45218e-08 0)
(0.716902 8.2609e-08 0)
(0.716902 8.05391e-08 0)
(0.716902 7.82996e-08 0)
(0.716902 7.58199e-08 0)
(0.716902 7.30868e-08 0)
(0.716902 7.003e-08 0)
(0.716902 6.66374e-08 0)
(0.716902 6.28408e-08 0)
(0.716902 5.86304e-08 0)
(0.716902 5.394e-08 0)
(0.716902 4.87599e-08 0)
(0.716902 4.30186e-08 0)
(0.716902 3.66912e-08 0)
(0.716902 2.96714e-08 0)
(0.716902 2.18638e-08 0)
(0.716902 1.303e-08 0)
(0.716902 2.83593e-09 0)
(0.716902 -9.37517e-09 0)
(0.716902 -2.46572e-08 0)
(0.716902 -4.48835e-08 0)
(0.716902 -7.31397e-08 0)
(0.716902 -1.14649e-07 0)
(0.716902 -1.77958e-07 0)
(0.716902 -2.77082e-07 0)
(0.716902 -4.34526e-07 0)
(0.716902 -6.86113e-07 0)
(0.716903 -1.08781e-06 0)
(0.716903 -1.72538e-06 0)
(0.716904 -2.72674e-06 0)
(0.716906 -4.27718e-06 0)
(0.716909 -6.63284e-06 0)
(0.716913 -1.01243e-05 0)
(0.716919 -1.51313e-05 0)
(0.716929 -2.20165e-05 0)
(0.716944 -3.09929e-05 0)
(0.71697 -4.18658e-05 0)
(0.717002 -5.31948e-05 0)
(0.71696 -5.91332e-05 0)
(0.716676 -4.54128e-05 0)
(0.717249 -7.54191e-06 0)
(0.72291 2.49477e-05 0)
(0.703365 2.67915e-05 0)
(0.72547 7.41549e-05 0)
(0.360226 0.0459972 0)
(1.02815 0.062289 0)
(0.919842 0.0720139 0)
(0.82682 0.068686 0)
(0.79142 0.0582276 0)
(0.773154 0.0457423 0)
(0.758086 0.0342928 0)
(0.746438 0.0249191 0)
(0.738363 0.0176791 0)
(0.732945 0.0122942 0)
(0.729322 0.0084039 0)
(0.726903 0.00565972 0)
(0.725299 0.00376238 0)
(0.724243 0.00247258 0)
(0.723554 0.00160841 0)
(0.723108 0.00103669 0)
(0.722822 0.000662649 0)
(0.72264 0.000420365 0)
(0.722524 0.000264829 0)
(0.722451 0.000165793 0)
(0.722406 0.0001032 0)
(0.722378 6.3908e-05 0)
(0.722361 3.93978e-05 0)
(0.72235 2.41966e-05 0)
(0.722343 1.48193e-05 0)
(0.722339 9.06321e-06 0)
(0.722337 5.54619e-06 0)
(0.722335 3.40612e-06 0)
(0.722335 2.10865e-06 0)
(0.722334 1.32448e-06 0)
(0.722334 8.51588e-07 0)
(0.722334 5.66743e-07 0)
(0.722333 3.95012e-07 0)
(0.722333 2.91114e-07 0)
(0.722333 2.27724e-07 0)
(0.722333 1.88499e-07 0)
(0.722333 1.63629e-07 0)
(0.722333 1.47326e-07 0)
(0.722333 1.36116e-07 0)
(0.722333 1.27999e-07 0)
(0.722333 1.21759e-07 0)
(0.722333 1.16729e-07 0)
(0.722333 1.12477e-07 0)
(0.722333 1.08796e-07 0)
(0.722333 1.05517e-07 0)
(0.722333 1.02583e-07 0)
(0.722333 9.99097e-08 0)
(0.722333 9.74852e-08 0)
(0.722333 9.52477e-08 0)
(0.722333 9.31959e-08 0)
(0.722333 9.12715e-08 0)
(0.722333 8.94731e-08 0)
(0.722333 8.77406e-08 0)
(0.722333 8.60695e-08 0)
(0.722333 8.43973e-08 0)
(0.722333 8.27168e-08 0)
(0.722333 8.09617e-08 0)
(0.722333 7.91233e-08 0)
(0.722333 7.71323e-08 0)
(0.722333 7.4979e-08 0)
(0.722333 7.25927e-08 0)
(0.722333 6.9963e-08 0)
(0.722333 6.70195e-08 0)
(0.722333 6.37527e-08 0)
(0.722333 6.00939e-08 0)
(0.722333 5.60351e-08 0)
(0.722333 5.15085e-08 0)
(0.722333 4.65045e-08 0)
(0.722333 4.09475e-08 0)
(0.722333 3.48084e-08 0)
(0.722333 2.79697e-08 0)
(0.722333 2.03201e-08 0)
(0.722333 1.1591e-08 0)
(0.722333 1.40013e-09 0)
(0.722333 -1.09929e-08 0)
(0.722333 -2.67786e-08 0)
(0.722333 -4.80609e-08 0)
(0.722333 -7.83036e-08 0)
(0.722333 -1.23356e-07 0)
(0.722333 -1.92785e-07 0)
(0.722333 -3.02262e-07 0)
(0.722333 -4.76948e-07 0)
(0.722334 -7.56884e-07 0)
(0.722334 -1.20464e-06 0)
(0.722334 -1.91606e-06 0)
(0.722335 -3.03443e-06 0)
(0.722337 -4.76765e-06 0)
(0.722339 -7.40411e-06 0)
(0.722342 -1.1318e-05 0)
(0.722347 -1.69456e-05 0)
(0.722355 -2.47162e-05 0)
(0.722368 -3.49124e-05 0)
(0.722389 -4.74239e-05 0)
(0.722418 -6.09451e-05 0)
(0.722374 -6.94127e-05 0)
(0.722088 -5.5828e-05 0)
(0.722653 -1.22659e-05 0)
(0.728327 1.95691e-05 0)
(0.708844 4.68646e-06 0)
(0.730988 7.81808e-05 0)
(0.354474 0.0591876 0)
(1.01312 0.0757349 0)
(0.902745 0.0838923 0)
(0.812757 0.0779493 0)
(0.78179 0.0649224 0)
(0.767929 0.050361 0)
(0.756698 0.037422 0)
(0.748121 0.02703 0)
(0.742343 0.0191004 0)
(0.73857 0.0132485 0)
(0.736092 0.00904179 0)
(0.734455 0.00608369 0)
(0.733373 0.00404228 0)
(0.732663 0.002656 0)
(0.732199 0.00172769 0)
(0.731899 0.00111366 0)
(0.731705 0.000711949 0)
(0.731582 0.000451712 0)
(0.731504 0.000284624 0)
(0.731454 0.000178211 0)
(0.731424 0.000110942 0)
(0.731404 6.87068e-05 0)
(0.731393 4.23552e-05 0)
(0.731385 2.60092e-05 0)
(0.731381 1.59239e-05 0)
(0.731378 9.73226e-06 0)
(0.731376 5.94857e-06 0)
(0.731375 3.646e-06 0)
(0.731375 2.24995e-06 0)
(0.731374 1.40622e-06 0)
(0.731374 8.97519e-07 0)
(0.731374 5.91238e-07 0)
(0.731374 4.06749e-07 0)
(0.731374 2.95312e-07 0)
(0.731374 2.27511e-07 0)
(0.731374 1.85745e-07 0)
(0.731374 1.59445e-07 0)
(0.731374 1.42372e-07 0)
(0.731374 1.30779e-07 0)
(0.731374 1.22508e-07 0)
(0.731374 1.16242e-07 0)
(0.731374 1.1126e-07 0)
(0.731374 1.07095e-07 0)
(0.731374 1.03519e-07 0)
(0.731374 1.00352e-07 0)
(0.731374 9.75314e-08 0)
(0.731374 9.49673e-08 0)
(0.731374 9.26473e-08 0)
(0.731374 9.0508e-08 0)
(0.731374 8.85491e-08 0)
(0.731374 8.67118e-08 0)
(0.731374 8.49967e-08 0)
(0.731374 8.33438e-08 0)
(0.731374 8.1751e-08 0)
(0.731374 8.0156e-08 0)
(0.731374 7.85543e-08 0)
(0.731374 7.688e-08 0)
(0.731374 7.51273e-08 0)
(0.731374 7.32273e-08 0)
(0.731374 7.11731e-08 0)
(0.731374 6.88947e-08 0)
(0.731374 6.63842e-08 0)
(0.731374 6.35719e-08 0)
(0.731374 6.04506e-08 0)
(0.731374 5.69515e-08 0)
(0.731374 5.30688e-08 0)
(0.731374 4.87336e-08 0)
(0.731374 4.39368e-08 0)
(0.731374 3.85999e-08 0)
(0.731374 3.26905e-08 0)
(0.731374 2.60827e-08 0)
(0.731374 1.86532e-08 0)
(0.731374 1.01099e-08 0)
(0.731374 3.44015e-11 0)
(0.731374 -1.23775e-08 0)
(0.731374 -2.84191e-08 0)
(0.731374 -5.03678e-08 0)
(0.731374 -8.19714e-08 0)
(0.731374 -1.29548e-07 0)
(0.731374 -2.03429e-07 0)
(0.731374 -3.20522e-07 0)
(0.731374 -5.07979e-07 0)
(0.731374 -8.08996e-07 0)
(0.731374 -1.29109e-06 0)
(0.731375 -2.05771e-06 0)
(0.731375 -3.2638e-06 0)
(0.731376 -5.13467e-06 0)
(0.731378 -7.984e-06 0)
(0.73138 -1.22214e-05 0)
(0.731384 -1.83323e-05 0)
(0.731389 -2.68089e-05 0)
(0.731399 -3.80085e-05 0)
(0.731417 -5.19381e-05 0)
(0.731441 -6.75634e-05 0)
(0.731394 -7.899e-05 0)
(0.731105 -6.66002e-05 0)
(0.731656 -1.74707e-05 0)
(0.737338 1.03875e-05 0)
(0.717936 -3.70077e-05 0)
(0.740152 7.02447e-05 0)
(0.347714 0.0752553 0)
(0.996111 0.0904872 0)
(0.885266 0.0954934 0)
(0.800425 0.0861496 0)
(0.775409 0.0703595 0)
(0.766934 0.0538279 0)
(0.760158 0.0396153 0)
(0.75503 0.0284301 0)
(0.751773 0.0200051 0)
(0.749781 0.0138389 0)
(0.748531 0.00942934 0)
(0.747725 0.00633865 0)
(0.747199 0.00420982 0)
(0.746854 0.00276568 0)
(0.746629 0.0017991 0)
(0.746482 0.00115985 0)
(0.746387 0.000741619 0)
(0.746326 0.000470637 0)
(0.746287 0.000296612 0)
(0.746263 0.000185754 0)
(0.746247 0.000115657 0)
(0.746238 7.1636e-05 0)
(0.746232 4.41636e-05 0)
(0.746228 2.71185e-05 0)
(0.746226 1.65999e-05 0)
(0.746224 1.0141e-05 0)
(0.746223 6.19335e-06 0)
(0.746223 3.79065e-06 0)
(0.746223 2.33374e-06 0)
(0.746222 1.45322e-06 0)
(0.746222 9.22373e-07 0)
(0.746222 6.02852e-07 0)
(0.746222 4.10504e-07 0)
(0.746222 2.94453e-07 0)
(0.746222 2.23986e-07 0)
(0.746222 1.80719e-07 0)
(0.746222 1.53613e-07 0)
(0.746222 1.36145e-07 0)
(0.746222 1.24399e-07 0)
(0.746222 1.16115e-07 0)
(0.746222 1.09915e-07 0)
(0.746222 1.05042e-07 0)
(0.746222 1.01005e-07 0)
(0.746222 9.75667e-08 0)
(0.746222 9.45362e-08 0)
(0.746222 9.18484e-08 0)
(0.746222 8.94102e-08 0)
(0.746222 8.72094e-08 0)
(0.746222 8.51813e-08 0)
(0.746222 8.33272e-08 0)
(0.746222 8.15881e-08 0)
(0.746222 7.99667e-08 0)
(0.746222 7.84033e-08 0)
(0.746222 7.68984e-08 0)
(0.746222 7.53903e-08 0)
(0.746222 7.38772e-08 0)
(0.746222 7.2294e-08 0)
(0.746222 7.06376e-08 0)
(0.746222 6.88402e-08 0)
(0.746222 6.68977e-08 0)
(0.746222 6.47408e-08 0)
(0.746222 6.23649e-08 0)
(0.746222 5.97006e-08 0)
(0.746222 5.67436e-08 0)
(0.746222 5.34256e-08 0)
(0.746222 4.97425e-08 0)
(0.746222 4.56254e-08 0)
(0.746222 4.1066e-08 0)
(0.746222 3.59838e-08 0)
(0.746222 3.03449e-08 0)
(0.746222 2.40174e-08 0)
(0.746222 1.68703e-08 0)
(0.746222 8.59559e-09 0)
(0.746222 -1.24877e-09 0)
(0.746222 -1.35088e-08 0)
(0.746222 -2.95443e-08 0)
(0.746222 -5.17448e-08 0)
(0.746222 -8.40396e-08 0)
(0.746222 -1.33047e-07 0)
(0.746222 -2.09582e-07 0)
(0.746222 -3.31344e-07 0)
(0.746222 -5.26745e-07 0)
(0.746222 -8.40996e-07 0)
(0.746222 -1.34477e-06 0)
(0.746222 -2.14641e-06 0)
(0.746223 -3.4085e-06 0)
(0.746223 -5.36798e-06 0)
(0.746224 -8.35608e-06 0)
(0.746225 -1.28085e-05 0)
(0.746227 -1.92503e-05 0)
(0.746231 -2.82298e-05 0)
(0.746237 -4.01799e-05 0)
(0.74625 -5.52449e-05 0)
(0.746269 -7.27707e-05 0)
(0.746218 -8.74209e-05 0)
(0.745926 -7.71747e-05 0)
(0.746455 -2.21353e-05 0)
(0.752133 -1.6491e-06 0)
(0.732835 -0.00010652 0)
(0.755171 4.15897e-05 0)
(0.34036 0.0945623 0)
(0.978435 0.106281 0)
(0.869976 0.106258 0)
(0.793156 0.0927868 0)
(0.775892 0.0741964 0)
(0.77383 0.055935 0)
(0.772088 0.0407525 0)
(0.770726 0.029051 0)
(0.77016 0.0203542 0)
(0.770039 0.0140427 0)
(0.770066 0.00955314 0)
(0.77012 0.00641649 0)
(0.770166 0.00425998 0)
(0.770198 0.00279846 0)
(0.770217 0.00182063 0)
(0.770228 0.00117399 0)
(0.770234 0.000750853 0)
(0.770238 0.00047663 0)
(0.770239 0.000300472 0)
(0.77024 0.00018822 0)
(0.77024 0.000117219 0)
(0.77024 7.26171e-05 0)
(0.77024 4.47744e-05 0)
(0.77024 2.7495e-05 0)
(0.77024 1.68292e-05 0)
(0.77024 1.02785e-05 0)
(0.77024 6.27384e-06 0)
(0.77024 3.83602e-06 0)
(0.77024 2.35762e-06 0)
(0.77024 1.46403e-06 0)
(0.77024 9.25315e-07 0)
(0.77024 6.01104e-07 0)
(0.77024 4.0601e-07 0)
(0.77024 2.88395e-07 0)
(0.77024 2.1708e-07 0)
(0.77024 1.73399e-07 0)
(0.77024 1.46135e-07 0)
(0.77024 1.28663e-07 0)
(0.77024 1.17001e-07 0)
(0.77024 1.08851e-07 0)
(0.77024 1.0281e-07 0)
(0.77024 9.81073e-08 0)
(0.77024 9.42417e-08 0)
(0.77024 9.09711e-08 0)
(0.77024 8.8101e-08 0)
(0.77024 8.55652e-08 0)
(0.77024 8.32691e-08 0)
(0.77024 8.12015e-08 0)
(0.77024 7.9297e-08 0)
(0.77024 7.7559e-08 0)
(0.77024 7.59285e-08 0)
(0.77024 7.44107e-08 0)
(0.77024 7.29463e-08 0)
(0.77024 7.15386e-08 0)
(0.77024 7.01265e-08 0)
(0.77024 6.87112e-08 0)
(0.77024 6.72288e-08 0)
(0.77024 6.56789e-08 0)
(0.77024 6.39952e-08 0)
(0.77024 6.21763e-08 0)
(0.77024 6.01543e-08 0)
(0.77024 5.79273e-08 0)
(0.77024 5.54274e-08 0)
(0.77024 5.26527e-08 0)
(0.77024 4.95358e-08 0)
(0.77024 4.60752e-08 0)
(0.77024 4.22017e-08 0)
(0.77024 3.79089e-08 0)
(0.77024 3.3115e-08 0)
(0.77024 2.77864e-08 0)
(0.77024 2.17877e-08 0)
(0.77024 1.49848e-08 0)
(0.77024 7.06172e-09 0)
(0.77024 -2.4339e-09 0)
(0.77024 -1.43673e-08 0)
(0.77024 -3.01264e-08 0)
(0.77024 -5.21484e-08 0)
(0.77024 -8.44369e-08 0)
(0.77024 -1.33732e-07 0)
(0.77024 -2.11045e-07 0)
(0.77024 -3.34388e-07 0)
(0.77024 -5.32681e-07 0)
(0.77024 -8.51941e-07 0)
(0.77024 -1.36412e-06 0)
(0.77024 -2.17961e-06 0)
(0.77024 -3.46434e-06 0)
(0.77024 -5.46069e-06 0)
(0.77024 -8.50903e-06 0)
(0.77024 -1.30607e-05 0)
(0.770241 -1.9669e-05 0)
(0.770242 -2.89281e-05 0)
(0.770244 -4.13417e-05 0)
(0.770253 -5.71965e-05 0)
(0.770266 -7.62834e-05 0)
(0.77021 -9.4167e-05 0)
(0.769912 -8.67168e-05 0)
(0.770409 -2.46253e-05 0)
(0.776064 -1.42403e-05 0)
(0.756895 -0.000214684 0)
(0.779421 -2.07266e-05 0)
(0.333448 0.11718 0)
(0.962805 0.122478 0)
(0.861272 0.115351 0)
(0.796164 0.0972282 0)
(0.788657 0.0760537 0)
(0.793999 0.0564791 0)
(0.797783 0.0407304 0)
(0.800413 0.0288418 0)
(0.802633 0.0201228 0)
(0.80442 0.0138479 0)
(0.805738 0.0094072 0)
(0.806655 0.00631411 0)
(0.807273 0.00419108 0)
(0.80768 0.00275338 0)
(0.807943 0.00179172 0)
(0.808112 0.00115571 0)
(0.808219 0.000739423 0)
(0.808286 0.000469544 0)
(0.808328 0.000296109 0)
(0.808354 0.000185548 0)
(0.80837 0.00011559 0)
(0.80838 7.16259e-05 0)
(0.808386 4.41723e-05 0)
(0.808389 2.7129e-05 0)
(0.808391 1.66058e-05 0)
(0.808393 1.0141e-05 0)
(0.808394 6.18779e-06 0)
(0.808394 3.78078e-06 0)
(0.808394 2.32079e-06 0)
(0.808395 1.43821e-06 0)
(0.808395 9.06088e-07 0)
(0.808395 5.85862e-07 0)
(0.808395 3.93207e-07 0)
(0.808395 2.77124e-07 0)
(0.808395 2.06806e-07 0)
(0.808395 1.63809e-07 0)
(0.808395 1.37046e-07 0)
(0.808395 1.19965e-07 0)
(0.808395 1.08627e-07 0)
(0.808395 1.00759e-07 0)
(0.808395 9.49704e-08 0)
(0.808395 9.04992e-08 0)
(0.808395 8.68468e-08 0)
(0.808395 8.37743e-08 0)
(0.808395 8.10876e-08 0)
(0.808395 7.87223e-08 0)
(0.808395 7.65838e-08 0)
(0.808395 7.46627e-08 0)
(0.808395 7.28938e-08 0)
(0.808395 7.12826e-08 0)
(0.808395 6.97707e-08 0)
(0.808395 6.83658e-08 0)
(0.808395 6.70093e-08 0)
(0.808395 6.57074e-08 0)
(0.808395 6.44001e-08 0)
(0.808395 6.30915e-08 0)
(0.808395 6.17191e-08 0)
(0.808395 6.02855e-08 0)
(0.808395 5.87259e-08 0)
(0.808395 5.70419e-08 0)
(0.808395 5.51673e-08 0)
(0.808395 5.31033e-08 0)
(0.808395 5.07831e-08 0)
(0.808395 4.82081e-08 0)
(0.808395 4.53118e-08 0)
(0.808395 4.20951e-08 0)
(0.808395 3.849e-08 0)
(0.808395 3.44917e-08 0)
(0.808395 3.00188e-08 0)
(0.808395 2.50389e-08 0)
(0.808395 1.94164e-08 0)
(0.808395 1.30186e-08 0)
(0.808395 5.52963e-09 0)
(0.808395 -3.49988e-09 0)
(0.808395 -1.49309e-08 0)
(0.808395 -3.01407e-08 0)
(0.808395 -5.15484e-08 0)
(0.808395 -8.31227e-08 0)
(0.808395 -1.31545e-07 0)
(0.808395 -2.07723e-07 0)
(0.808395 -3.29504e-07 0)
(0.808395 -5.25536e-07 0)
(0.808394 -8.41416e-07 0)
(0.808394 -1.34845e-06 0)
(0.808394 -2.15614e-06 0)
(0.808394 -3.42933e-06 0)
(0.808393 -5.40944e-06 0)
(0.808393 -8.43701e-06 0)
(0.808392 -1.29676e-05 0)
(0.808391 -1.95693e-05 0)
(0.808389 -2.88688e-05 0)
(0.808388 -4.14305e-05 0)
(0.808391 -5.76723e-05 0)
(0.808397 -7.78409e-05 0)
(0.808335 -9.86374e-05 0)
(0.808033 -9.41069e-05 0)
(0.808486 -2.25654e-05 0)
(0.814085 -2.30551e-05 0)
(0.795074 -0.0003752 0)
(0.817882 -0.000134863 0)
(0.329073 0.14257 0)
(0.954145 0.137881 0)
(0.866128 0.121605 0)
(0.817144 0.0987228 0)
(0.821416 0.0755426 0)
(0.834989 0.0552837 0)
(0.844632 0.0394753 0)
(0.851353 0.0277754 0)
(0.856365 0.0193036 0)
(0.860034 0.0132544 0)
(0.862614 0.00899363 0)
(0.864371 0.0060338 0)
(0.865543 0.00400498 0)
(0.866313 0.00263177 0)
(0.866813 0.00171324 0)
(0.867134 0.00110559 0)
(0.867338 0.000707691 0)
(0.867467 0.000449605 0)
(0.867548 0.000283661 0)
(0.867598 0.000177822 0)
(0.867629 0.000110819 0)
(0.867648 6.86928e-05 0)
(0.86766 4.23756e-05 0)
(0.867667 2.60314e-05 0)
(0.867672 1.59362e-05 0)
(0.867675 9.73234e-06 0)
(0.867676 5.93753e-06 0)
(0.867677 3.62632e-06 0)
(0.867678 2.2241e-06 0)
(0.867678 1.37626e-06 0)
(0.867678 8.65019e-07 0)
(0.867678 5.57339e-07 0)
(0.867679 3.72244e-07 0)
(0.867679 2.60748e-07 0)
(0.867679 1.9325e-07 0)
(0.867679 1.52023e-07 0)
(0.867679 1.26409e-07 0)
(0.867679 1.10109e-07 0)
(0.867679 9.93315e-08 0)
(0.867679 9.18913e-08 0)
(0.867679 8.64473e-08 0)
(0.867679 8.22674e-08 0)
(0.867679 7.88693e-08 0)
(0.867679 7.60243e-08 0)
(0.867679 7.35435e-08 0)
(0.867679 7.13665e-08 0)
(0.867679 6.94006e-08 0)
(0.867679 6.76387e-08 0)
(0.867679 6.60169e-08 0)
(0.867679 6.45427e-08 0)
(0.867679 6.3159e-08 0)
(0.867679 6.18757e-08 0)
(0.867679 6.06359e-08 0)
(0.867679 5.9448e-08 0)
(0.867679 5.82539e-08 0)
(0.867679 5.70603e-08 0)
(0.867679 5.58067e-08 0)
(0.867679 5.44986e-08 0)
(0.867679 5.30732e-08 0)
(0.867679 5.1535e-08 0)
(0.867679 4.98199e-08 0)
(0.867679 4.7932e-08 0)
(0.867679 4.58066e-08 0)
(0.867679 4.34477e-08 0)
(0.867679 4.07907e-08 0)
(0.867679 3.7839e-08 0)
(0.867679 3.45261e-08 0)
(0.867679 3.08494e-08 0)
(0.867679 2.67292e-08 0)
(0.867679 2.21356e-08 0)
(0.867679 1.69359e-08 0)
(0.867679 1.10027e-08 0)
(0.867679 4.02892e-09 0)
(0.867679 -4.41872e-09 0)
(0.867679 -1.51737e-08 0)
(0.867679 -2.95642e-08 0)
(0.867679 -4.99259e-08 0)
(0.867679 -8.00841e-08 0)
(0.867679 -1.26481e-07 0)
(0.867678 -1.99629e-07 0)
(0.867678 -3.16727e-07 0)
(0.867678 -5.05381e-07 0)
(0.867678 -8.09548e-07 0)
(0.867678 -1.29796e-06 0)
(0.867678 -2.07631e-06 0)
(0.867677 -3.30387e-06 0)
(0.867676 -5.21457e-06 0)
(0.867675 -8.13987e-06 0)
(0.867673 -1.25275e-05 0)
(0.86767 -1.8945e-05 0)
(0.867666 -2.80353e-05 0)
(0.867661 -4.0409e-05 0)
(0.867658 -5.65922e-05 0)
(0.867657 -7.72425e-05 0)
(0.867589 -0.00010027 0)
(0.867282 -9.80058e-05 0)
(0.86768 -1.27857e-05 0)
(0.873177 -2.0917e-05 0)
(0.85435 -0.000604393 0)
(0.877549 -0.000324828 0)
(0.330981 0.169064 0)
(0.960521 0.150516 0)
(0.894769 0.123511 0)
(0.866632 0.0964582 0)
(0.884397 0.0723182 0)
(0.906679 0.0522275 0)
(0.922263 0.0369577 0)
(0.933001 0.0258562 0)
(0.940696 0.0179101 0)
(0.946152 0.0122759 0)
(0.949919 0.00832347 0)
(0.952463 0.00558362 0)
(0.954154 0.0037072 0)
(0.955264 0.00243729 0)
(0.955984 0.00158759 0)
(0.956447 0.00102515 0)
(0.956742 0.000656619 0)
(0.956929 0.000417412 0)
(0.957046 0.000263501 0)
(0.95712 0.000165272 0)
(0.957165 0.000103047 0)
(0.957193 6.39036e-05 0)
(0.957211 3.94364e-05 0)
(0.957221 2.42337e-05 0)
(0.957228 1.48395e-05 0)
(0.957232 9.06403e-06 0)
(0.957234 5.52992e-06 0)
(0.957236 3.37675e-06 0)
(0.957236 2.07e-06 0)
(0.957237 1.27968e-06 0)
(0.957237 8.03012e-07 0)
(0.957237 5.1609e-07 0)
(0.957238 3.43468e-07 0)
(0.957238 2.39493e-07 0)
(0.957238 1.76563e-07 0)
(0.957238 1.38151e-07 0)
(0.957238 1.1431e-07 0)
(0.957238 9.91658e-08 0)
(0.957238 8.91772e-08 0)
(0.957238 8.23051e-08 0)
(0.957238 7.72949e-08 0)
(0.957238 7.34646e-08 0)
(0.957238 7.03609e-08 0)
(0.957238 6.77721e-08 0)
(0.957238 6.55192e-08 0)
(0.957238 6.35479e-08 0)
(0.957238 6.17693e-08 0)
(0.957238 6.01792e-08 0)
(0.957238 5.87156e-08 0)
(0.957238 5.73884e-08 0)
(0.957238 5.61423e-08 0)
(0.957238 5.49892e-08 0)
(0.957238 5.38743e-08 0)
(0.957238 5.28084e-08 0)
(0.957238 5.17355e-08 0)
(0.957238 5.0665e-08 0)
(0.957238 4.95389e-08 0)
(0.957238 4.83652e-08 0)
(0.957238 4.70837e-08 0)
(0.957238 4.57018e-08 0)
(0.957238 4.41581e-08 0)
(0.957238 4.24592e-08 0)
(0.957238 4.05433e-08 0)
(0.957238 3.84168e-08 0)
(0.957238 3.60177e-08 0)
(0.957238 3.33517e-08 0)
(0.957238 3.03547e-08 0)
(0.957238 2.70266e-08 0)
(0.957238 2.32906e-08 0)
(0.957238 1.91204e-08 0)
(0.957238 1.43894e-08 0)
(0.957238 8.97976e-09 0)
(0.957238 2.60098e-09 0)
(0.957238 -5.15148e-09 0)
(0.957238 -1.50611e-08 0)
(0.957238 -2.83698e-08 0)
(0.957238 -4.72666e-08 0)
(0.957238 -7.53291e-08 0)
(0.957238 -1.18587e-07 0)
(0.957238 -1.8687e-07 0)
(0.957237 -2.96267e-07 0)
(0.957237 -4.72597e-07 0)
(0.957237 -7.5699e-07 0)
(0.957237 -1.21375e-06 0)
(0.957236 -1.94185e-06 0)
(0.957235 -3.09067e-06 0)
(0.957234 -4.88013e-06 0)
(0.957232 -7.62335e-06 0)
(0.957229 -1.17475e-05 0)
(0.957225 -1.78029e-05 0)
(0.957218 -2.64307e-05 0)
(0.95721 -3.82694e-05 0)
(0.957201 -5.39271e-05 0)
(0.957192 -7.43894e-05 0)
(0.957118 -9.86543e-05 0)
(0.956809 -9.70521e-05 0)
(0.957142 8.51856e-06 0)
(0.962476 2.98437e-06 0)
(0.943859 -0.00091935 0)
(0.96755 -0.000619457 0)
(0.345218 0.193151 0)
(0.993879 0.15746 0)
(0.960636 0.119315 0)
(0.957507 0.089687 0)
(0.989613 0.0661624 0)
(1.0205 0.0472862 0)
(1.04174 0.0332123 0)
(1.0562 0.023128 0)
(1.06634 0.0159803 0)
(1.0734 0.0109414 0)
(1.07823 0.00741736 0)
(1.08148 0.00497763 0)
(1.08363 0.0033071 0)
(1.08504 0.00217605 0)
(1.08596 0.00141867 0)
(1.08655 0.000916881 0)
(1.08693 0.000587767 0)
(1.08717 0.000373941 0)
(1.08732 0.000236233 0)
(1.08741 0.00014827 0)
(1.08747 9.25045e-05 0)
(1.08751 5.7398e-05 0)
(1.08753 3.54397e-05 0)
(1.08754 2.17876e-05 0)
(1.08755 1.33467e-05 0)
(1.08756 8.15469e-06 0)
(1.08756 4.9761e-06 0)
(1.08756 3.03868e-06 0)
(1.08756 1.8624e-06 0)
(1.08756 1.15073e-06 0)
(1.08756 7.21352e-07 0)
(1.08756 4.62824e-07 0)
(1.08756 3.07248e-07 0)
(1.08756 2.13524e-07 0)
(1.08756 1.56795e-07 0)
(1.08756 1.22173e-07 0)
(1.08756 1.0069e-07 0)
(1.08756 8.70552e-08 0)
(1.08756 7.80709e-08 0)
(1.08756 7.19011e-08 0)
(1.08756 6.74107e-08 0)
(1.08756 6.39868e-08 0)
(1.08756 6.12175e-08 0)
(1.08756 5.89138e-08 0)
(1.08756 5.69114e-08 0)
(1.08756 5.51638e-08 0)
(1.08756 5.35878e-08 0)
(1.08756 5.21823e-08 0)
(1.08756 5.08888e-08 0)
(1.08756 4.97188e-08 0)
(1.08756 4.86199e-08 0)
(1.08756 4.76057e-08 0)
(1.08756 4.66243e-08 0)
(1.08756 4.56885e-08 0)
(1.08756 4.47452e-08 0)
(1.08756 4.38058e-08 0)
(1.08756 4.28159e-08 0)
(1.08756 4.17854e-08 0)
(1.08756 4.0658e-08 0)
(1.08756 3.94431e-08 0)
(1.08756 3.8083e-08 0)
(1.08756 3.65864e-08 0)
(1.08756 3.48953e-08 0)
(1.08756 3.30181e-08 0)
(1.08756 3.08964e-08 0)
(1.08756 2.85378e-08 0)
(1.08756 2.58818e-08 0)
(1.08756 2.29307e-08 0)
(1.08756 1.96121e-08 0)
(1.08756 1.59045e-08 0)
(1.08756 1.16902e-08 0)
(1.08756 6.86453e-09 0)
(1.08756 1.16146e-09 0)
(1.08756 -5.78321e-09 0)
(1.08756 -1.46815e-08 0)
(1.08756 -2.6655e-08 0)
(1.08756 -4.36861e-08 0)
(1.08756 -6.90076e-08 0)
(1.08756 -1.08073e-07 0)
(1.08756 -1.69763e-07 0)
(1.08756 -2.6862e-07 0)
(1.08756 -4.27974e-07 0)
(1.08756 -6.85014e-07 0)
(1.08756 -1.09786e-06 0)
(1.08756 -1.75602e-06 0)
(1.08756 -2.79481e-06 0)
(1.08756 -4.41393e-06 0)
(1.08756 -6.89903e-06 0)
(1.08755 -1.06437e-05 0)
(1.08755 -1.61639e-05 0)
(1.08754 -2.40781e-05 0)
(1.08753 -3.50345e-05 0)
(1.08751 -4.97033e-05 0)
(1.08749 -6.93183e-05 0)
(1.08741 -9.36941e-05 0)
(1.08711 -9.02841e-05 0)
(1.08737 4.50636e-05 0)
(1.09247 6.34657e-05 0)
(1.07409 -0.0013327 0)
(1.0983 -0.00104764 0)
(0.380443 0.208754 0)
(1.0695 0.154672 0)
(1.07837 0.107296 0)
(1.10218 0.0779705 0)
(1.14782 0.0571002 0)
(1.18633 0.0405853 0)
(1.21245 0.0283587 0)
(1.23006 0.0196839 0)
(1.24225 0.0135814 0)
(1.25065 0.00929749 0)
(1.25636 0.00630671 0)
(1.26019 0.0042366 0)
(1.26273 0.00281818 0)
(1.2644 0.00185671 0)
(1.26548 0.00121201 0)
(1.26618 0.000784268 0)
(1.26663 0.000503327 0)
(1.26691 0.000320557 0)
(1.26709 0.000202705 0)
(1.2672 0.00012734 0)
(1.26727 7.95111e-05 0)
(1.26731 4.93727e-05 0)
(1.26734 3.05054e-05 0)
(1.26736 1.87657e-05 0)
(1.26737 1.15021e-05 0)
(1.26737 7.0312e-06 0)
(1.26737 4.29241e-06 0)
(1.26738 2.62211e-06 0)
(1.26738 1.60747e-06 0)
(1.26738 9.93296e-07 0)
(1.26738 6.22568e-07 0)
(1.26738 3.99257e-07 0)
(1.26738 2.64814e-07 0)
(1.26738 1.83789e-07 0)
(1.26738 1.34723e-07 0)
(1.26738 1.04767e-07 0)
(1.26738 8.61699e-08 0)
(1.26738 7.43632e-08 0)
(1.26738 6.65803e-08 0)
(1.26738 6.12364e-08 0)
(1.26738 5.73467e-08 0)
(1.26738 5.43837e-08 0)
(1.26738 5.19879e-08 0)
(1.26738 4.99983e-08 0)
(1.26738 4.82696e-08 0)
(1.26738 4.67643e-08 0)
(1.26738 4.54071e-08 0)
(1.26738 4.41999e-08 0)
(1.26738 4.3089e-08 0)
(1.26738 4.2087e-08 0)
(1.26738 4.11456e-08 0)
(1.26738 4.02795e-08 0)
(1.26738 3.94407e-08 0)
(1.26738 3.86431e-08 0)
(1.26738 3.78381e-08 0)
(1.26738 3.70382e-08 0)
(1.26738 3.61936e-08 0)
(1.26738 3.53157e-08 0)
(1.26738 3.43529e-08 0)
(1.26738 3.33161e-08 0)
(1.26738 3.21525e-08 0)
(1.26738 3.08723e-08 0)
(1.26738 2.94224e-08 0)
(1.26738 2.78125e-08 0)
(1.26738 2.59891e-08 0)
(1.26738 2.39613e-08 0)
(1.26738 2.16732e-08 0)
(1.26738 1.91295e-08 0)
(1.26738 1.62638e-08 0)
(1.26738 1.30599e-08 0)
(1.26738 9.41217e-09 0)
(1.26738 5.23201e-09 0)
(1.26738 2.85119e-10 0)
(1.26738 -5.74234e-09 0)
(1.26738 -1.34714e-08 0)
(1.26738 -2.38724e-08 0)
(1.26738 -3.86678e-08 0)
(1.26738 -6.06574e-08 0)
(1.26738 -9.45702e-08 0)
(1.26738 -1.48099e-07 0)
(1.26738 -2.33844e-07 0)
(1.26738 -3.7201e-07 0)
(1.26738 -5.94828e-07 0)
(1.26738 -9.52621e-07 0)
(1.26738 -1.52296e-06 0)
(1.26738 -2.42325e-06 0)
(1.26737 -3.82717e-06 0)
(1.26737 -5.98421e-06 0)
(1.26737 -9.24177e-06 0)
(1.26736 -1.40632e-05 0)
(1.26735 -2.10225e-05 0)
(1.26733 -3.07588e-05 0)
(1.26731 -4.40014e-05 0)
(1.26729 -6.22145e-05 0)
(1.2672 -8.57742e-05 0)
(1.26691 -7.789e-05 0)
(1.26712 9.86114e-05 0)
(1.27192 0.000177821 0)
(1.25381 -0.0018445 0)
(1.27835 -0.00162977 0)
(0.44689 0.206223 0)
(1.20161 0.137689 0)
(1.25682 0.0865464 0)
(1.30455 0.0616038 0)
(1.36035 0.0455614 0)
(1.40434 0.0324552 0)
(1.43397 0.0226226 0)
(1.45386 0.0156751 0)
(1.4675 0.0108143 0)
(1.47686 0.00741079 0)
(1.4832 0.00503503 0)
(1.48746 0.00338867 0)
(1.49028 0.00225849 0)
(1.49214 0.00149078 0)
(1.49334 0.000974882 0)
(1.49412 0.000631881 0)
(1.49462 0.000406153 0)
(1.49494 0.000259035 0)
(1.49514 0.000164014 0)
(1.49527 0.000103156 0)
(1.49535 6.44811e-05 0)
(1.49539 4.00798e-05 0)
(1.49542 2.47864e-05 0)
(1.49544 1.52606e-05 0)
(1.49545 9.36104e-06 0)
(1.49546 5.72659e-06 0)
(1.49546 3.49835e-06 0)
(1.49547 2.1384e-06 0)
(1.49547 1.3117e-06 0)
(1.49547 8.10952e-07 0)
(1.49547 5.08497e-07 0)
(1.49547 3.26196e-07 0)
(1.49547 2.1637e-07 0)
(1.49547 1.50137e-07 0)
(1.49547 1.09995e-07 0)
(1.49547 8.54649e-08 0)
(1.49547 7.02184e-08 0)
(1.49547 6.05269e-08 0)
(1.49547 5.41275e-08 0)
(1.49547 4.97279e-08 0)
(1.49547 4.652e-08 0)
(1.49547 4.40752e-08 0)
(1.49547 4.20964e-08 0)
(1.49547 4.04546e-08 0)
(1.49547 3.90276e-08 0)
(1.49547 3.77875e-08 0)
(1.49547 3.66695e-08 0)
(1.49547 3.56777e-08 0)
(1.49547 3.4765e-08 0)
(1.49547 3.39445e-08 0)
(1.49547 3.31733e-08 0)
(1.49547 3.24663e-08 0)
(1.49547 3.1781e-08 0)
(1.49547 3.11316e-08 0)
(1.49547 3.04751e-08 0)
(1.49547 2.98245e-08 0)
(1.49547 2.9136e-08 0)
(1.49547 2.84215e-08 0)
(1.49547 2.76358e-08 0)
(1.49547 2.67904e-08 0)
(1.49547 2.58389e-08 0)
(1.49547 2.47922e-08 0)
(1.49547 2.36036e-08 0)
(1.49547 2.22835e-08 0)
(1.49547 2.07848e-08 0)
(1.49547 1.91171e-08 0)
(1.49547 1.72316e-08 0)
(1.49547 1.51339e-08 0)
(1.49547 1.27665e-08 0)
(1.49547 1.01182e-08 0)
(1.49547 7.09879e-09 0)
(1.49547 3.63782e-09 0)
(1.49547 -4.60318e-10 0)
(1.49547 -5.45091e-09 0)
(1.49547 -1.18467e-08 0)
(1.49547 -2.0441e-08 0)
(1.49547 -3.26492e-08 0)
(1.49547 -5.07632e-08 0)
(1.49547 -7.86604e-08 0)
(1.49547 -1.22637e-07 0)
(1.49547 -1.93011e-07 0)
(1.49547 -3.06314e-07 0)
(1.49547 -4.88928e-07 0)
(1.49547 -7.8199e-07 0)
(1.49547 -1.24895e-06 0)
(1.49547 -1.98593e-06 0)
(1.49546 -3.13541e-06 0)
(1.49546 -4.9028e-06 0)
(1.49546 -7.57713e-06 0)
(1.49545 -1.15511e-05 0)
(1.49543 -1.73297e-05 0)
(1.49542 -2.55199e-05 0)
(1.49539 -3.69228e-05 0)
(1.49536 -5.33289e-05 0)
(1.49527 -7.57589e-05 0)
(1.49499 -6.21843e-05 0)
(1.49518 0.000164771 0)
(1.49965 0.000359243 0)
(1.48193 -0.00240245 0)
(1.50608 -0.00233299 0)
(0.550971 0.172248 0)
(1.38995 0.103248 0)
(1.48118 0.0583398 0)
(1.54118 0.0421001 0)
(1.6004 0.0324795 0)
(1.6464 0.0234287 0)
(1.67757 0.0163287 0)
(1.69849 0.0113095 0)
(1.71279 0.00781354 0)
(1.72258 0.00536804 0)
(1.72923 0.00365783 0)
(1.73369 0.00246913 0)
(1.73666 0.00165034 0)
(1.73862 0.00109228 0)
(1.7399 0.000716048 0)
(1.74073 0.000465169 0)
(1.74126 0.000299614 0)
(1.7416 0.000191449 0)
(1.74181 0.000121428 0)
(1.74195 7.64918e-05 0)
(1.74203 4.78816e-05 0)
(1.74208 2.98006e-05 0)
(1.74212 1.8451e-05 0)
(1.74214 1.13719e-05 0)
(1.74215 6.98198e-06 0)
(1.74216 4.27443e-06 0)
(1.74216 2.61265e-06 0)
(1.74216 1.59742e-06 0)
(1.74216 9.79691e-07 0)
(1.74217 6.05204e-07 0)
(1.74217 3.7882e-07 0)
(1.74217 2.42262e-07 0)
(1.74217 1.59925e-07 0)
(1.74217 1.10227e-07 0)
(1.74217 8.00768e-08 0)
(1.74217 6.16326e-08 0)
(1.74217 5.01509e-08 0)
(1.74217 4.28412e-08 0)
(1.74217 3.80033e-08 0)
(1.74217 3.4671e-08 0)
(1.74217 3.22347e-08 0)
(1.74217 3.0376e-08 0)
(1.74217 2.88683e-08 0)
(1.74217 2.76179e-08 0)
(1.74217 2.65299e-08 0)
(1.74217 2.55861e-08 0)
(1.74217 2.47346e-08 0)
(1.74217 2.39814e-08 0)
(1.74217 2.32878e-08 0)
(1.74217 2.26665e-08 0)
(1.74217 2.20821e-08 0)
(1.74217 2.15484e-08 0)
(1.74217 2.10303e-08 0)
(1.74217 2.05414e-08 0)
(1.74217 2.0046e-08 0)
(1.74217 1.95567e-08 0)
(1.74217 1.90375e-08 0)
(1.74217 1.84999e-08 0)
(1.74217 1.79067e-08 0)
(1.74217 1.72694e-08 0)
(1.74217 1.65497e-08 0)
(1.74217 1.57586e-08 0)
(1.74217 1.48574e-08 0)
(1.74217 1.38569e-08 0)
(1.74217 1.2718e-08 0)
(1.74217 1.14506e-08 0)
(1.74217 1.00146e-08 0)
(1.74217 8.41685e-09 0)
(1.74217 6.61055e-09 0)
(1.74217 4.58992e-09 0)
(1.74217 2.28372e-09 0)
(1.74217 -3.58451e-10 0)
(1.74217 -3.48736e-09 0)
(1.74217 -7.29227e-09 0)
(1.74217 -1.21628e-08 0)
(1.74217 -1.86931e-08 0)
(1.74217 -2.79519e-08 0)
(1.74217 -4.16598e-08 0)
(1.74217 -6.27353e-08 0)
(1.74217 -9.59051e-08 0)
(1.74217 -1.48919e-07 0)
(1.74217 -2.34176e-07 0)
(1.74217 -3.7146e-07 0)
(1.74216 -5.91557e-07 0)
(1.74216 -9.41988e-07 0)
(1.74216 -1.49473e-06 0)
(1.74216 -2.35662e-06 0)
(1.74216 -3.682e-06 0)
(1.74215 -5.69023e-06 0)
(1.74214 -8.6847e-06 0)
(1.74213 -1.3071e-05 0)
(1.74211 -1.93817e-05 0)
(1.74208 -2.84639e-05 0)
(1.74204 -4.25605e-05 0)
(1.74194 -6.40444e-05 0)
(1.74169 -4.77191e-05 0)
(1.74192 0.000223688 0)
(1.74616 0.000595916 0)
(1.72912 -0.00287931 0)
(1.75105 -0.00303151 0)
(0.6794 0.0964585 0)
(1.58464 0.052116 0)
(1.67266 0.0269904 0)
(1.72089 0.0228959 0)
(1.77364 0.0196967 0)
(1.81734 0.0144753 0)
(1.84755 0.0100451 0)
(1.86786 0.00694428 0)
(1.88173 0.00480929 0)
(1.89126 0.00331803 0)
(1.89775 0.00227131 0)
(1.90214 0.00154 0)
(1.90508 0.00103361 0)
(1.90702 0.000686727 0)
(1.9083 0.000451784 0)
(1.90913 0.000294447 0)
(1.90966 0.000190218 0)
(1.91001 0.00012188 0)
(1.91022 7.75003e-05 0)
(1.91036 4.89365e-05 0)
(1.91045 3.07026e-05 0)
(1.9105 1.91512e-05 0)
(1.91053 1.18843e-05 0)
(1.91055 7.34242e-06 0)
(1.91057 4.52061e-06 0)
(1.91057 2.77712e-06 0)
(1.91058 1.70526e-06 0)
(1.91058 1.04938e-06 0)
(1.91058 6.49677e-07 0)
(1.91058 4.06981e-07 0)
(1.91058 2.60026e-07 0)
(1.91059 1.71221e-07 0)
(1.91059 1.17565e-07 0)
(1.91059 8.50993e-08 0)
(1.91059 6.53426e-08 0)
(1.91059 5.32105e-08 0)
(1.91059 4.56223e-08 0)
(1.91059 4.07642e-08 0)
(1.91059 3.75286e-08 0)
(1.91059 3.52863e-08 0)
(1.91059 3.36382e-08 0)
(1.91059 3.23764e-08 0)
(1.91059 3.13513e-08 0)
(1.91059 3.05016e-08 0)
(1.91059 2.97636e-08 0)
(1.91059 2.91253e-08 0)
(1.91059 2.85513e-08 0)
(1.91059 2.80456e-08 0)
(1.91059 2.75815e-08 0)
(1.91059 2.71674e-08 0)
(1.91059 2.67792e-08 0)
(1.91059 2.64261e-08 0)
(1.91059 2.60841e-08 0)
(1.91059 2.57624e-08 0)
(1.91059 2.54368e-08 0)
(1.91059 2.51156e-08 0)
(1.91059 2.47746e-08 0)
(1.91059 2.44216e-08 0)
(1.91059 2.40313e-08 0)
(1.91059 2.36114e-08 0)
(1.91059 2.31358e-08 0)
(1.91059 2.2612e-08 0)
(1.91059 2.20133e-08 0)
(1.91059 2.13467e-08 0)
(1.91059 2.05852e-08 0)
(1.91059 1.97352e-08 0)
(1.91059 1.87686e-08 0)
(1.91059 1.76892e-08 0)
(1.91059 1.64646e-08 0)
(1.91059 1.509e-08 0)
(1.91059 1.35164e-08 0)
(1.91059 1.17095e-08 0)
(1.91059 9.56792e-09 0)
(1.91059 6.96594e-09 0)
(1.91059 3.64577e-09 0)
(1.91059 -7.83508e-10 0)
(1.91059 -7.02334e-09 0)
(1.91059 -1.61999e-08 0)
(1.91059 -3.02198e-08 0)
(1.91059 -5.21656e-08 0)
(1.91059 -8.70825e-08 0)
(1.91058 -1.4303e-07 0)
(1.91058 -2.32833e-07 0)
(1.91058 -3.76414e-07 0)
(1.91058 -6.04536e-07 0)
(1.91058 -9.63759e-07 0)
(1.91058 -1.52315e-06 0)
(1.91057 -2.38267e-06 0)
(1.91057 -3.6856e-06 0)
(1.91056 -5.63403e-06 0)
(1.91054 -8.50952e-06 0)
(1.91052 -1.27245e-05 0)
(1.91049 -1.91156e-05 0)
(1.91044 -3.05231e-05 0)
(1.91033 -5.24033e-05 0)
(1.9101 -4.51204e-05 0)
(1.91044 0.000235933 0)
(1.91478 0.000841375 0)
(1.89924 -0.00309301 0)
(1.91496 -0.00354573 0)
(0.731105 -0.00730428 0)
(1.55666 0.00548493 0)
(1.57968 0.00582466 0)
(1.59384 0.00878532 0)
(1.63141 0.0084617 0)
(1.66689 0.00611572 0)
(1.69164 0.00416741 0)
(1.70812 0.00288312 0)
(1.71939 0.00201359 0)
(1.72716 0.00140116 0)
(1.73251 0.000965969 0)
(1.73616 0.000658842 0)
(1.73861 0.000444456 0)
(1.74025 0.000296624 0)
(1.74134 0.00019592 0)
(1.74204 0.000128144 0)
(1.7425 8.30467e-05 0)
(1.7428 5.33628e-05 0)
(1.74299 3.4018e-05 0)
(1.7431 2.15277e-05 0)
(1.74318 1.35314e-05 0)
(1.74323 8.45227e-06 0)
(1.74325 5.24925e-06 0)
(1.74327 3.24285e-06 0)
(1.74328 1.99371e-06 0)
(1.74329 1.22047e-06 0)
(1.74329 7.44269e-07 0)
(1.7433 4.52432e-07 0)
(1.7433 2.74353e-07 0)
(1.7433 1.66115e-07 0)
(1.7433 1.0053e-07 0)
(1.7433 6.08903e-08 0)
(1.7433 3.69502e-08 0)
(1.7433 2.24846e-08 0)
(1.7433 1.37028e-08 0)
(1.7433 8.33191e-09 0)
(1.7433 4.9908e-09 0)
(1.7433 2.86801e-09 0)
(1.7433 1.46554e-09 0)
(1.7433 5.02905e-10 0)
(1.7433 -2.00043e-10 0)
(1.7433 -7.34587e-10 0)
(1.7433 -1.16867e-09 0)
(1.7433 -1.52775e-09 0)
(1.7433 -1.84129e-09 0)
(1.7433 -2.11262e-09 0)
(1.7433 -2.35847e-09 0)
(1.7433 -2.57526e-09 0)
(1.7433 -2.77589e-09 0)
(1.7433 -2.95482e-09 0)
(1.7433 -3.12402e-09 0)
(1.7433 -3.27769e-09 0)
(1.7433 -3.4277e-09 0)
(1.7433 -3.56842e-09 0)
(1.7433 -3.71182e-09 0)
(1.7433 -3.85266e-09 0)
(1.7433 -4.00301e-09 0)
(1.7433 -4.1578e-09 0)
(1.7433 -4.32954e-09 0)
(1.7433 -4.51325e-09 0)
(1.7433 -4.72165e-09 0)
(1.7433 -4.94983e-09 0)
(1.7433 -5.21072e-09 0)
(1.7433 -5.49936e-09 0)
(1.7433 -5.82872e-09 0)
(1.7433 -6.19403e-09 0)
(1.7433 -6.60854e-09 0)
(1.7433 -7.06825e-09 0)
(1.7433 -7.58822e-09 0)
(1.7433 -8.16809e-09 0)
(1.7433 -8.83e-09 0)
(1.7433 -9.58664e-09 0)
(1.7433 -1.04834e-08 0)
(1.7433 -1.15737e-08 0)
(1.7433 -1.29728e-08 0)
(1.7433 -1.48524e-08 0)
(1.7433 -1.7526e-08 0)
(1.7433 -2.14924e-08 0)
(1.7433 -2.76003e-08 0)
(1.7433 -3.72153e-08 0)
(1.7433 -5.25718e-08 0)
(1.7433 -7.72244e-08 0)
(1.7433 -1.16803e-07 0)
(1.7433 -1.80013e-07 0)
(1.7433 -2.80288e-07 0)
(1.7433 -4.3784e-07 0)
(1.74329 -6.82479e-07 0)
(1.74329 -1.05694e-06 0)
(1.74329 -1.62192e-06 0)
(1.74328 -2.46072e-06 0)
(1.74326 -3.68046e-06 0)
(1.74324 -5.41351e-06 0)
(1.74321 -7.9843e-06 0)
(1.74316 -1.34901e-05 0)
(1.74304 -2.9915e-05 0)
(1.74279 -4.47032e-05 0)
(1.74317 0.000123454 0)
(1.74765 0.000776488 0)
(1.73588 -0.00209951 0)
(1.73864 -0.00264207 0)
(0.459878 -0.0213139 0)
(0.866172 -0.00535711 0)
(0.815636 -0.00206111 0)
(0.809159 0.00126985 0)
(0.827231 0.00219728 0)
(0.844239 0.00169555 0)
(0.855076 0.00113833 0)
(0.861942 0.000776943 0)
(0.866619 0.000542047 0)
(0.869895 0.000379759 0)
(0.87218 0.000263917 0)
(0.873753 0.000181618 0)
(0.874823 0.000123459 0)
(0.875542 8.30394e-05 0)
(0.876021 5.51979e-05 0)
(0.876336 3.63393e-05 0)
(0.876541 2.36741e-05 0)
(0.876674 1.5296e-05 0)
(0.876759 9.79428e-06 0)
(0.876813 6.22862e-06 0)
(0.876847 3.93155e-06 0)
(0.876868 2.46837e-06 0)
(0.876882 1.54086e-06 0)
(0.87689 9.58607e-07 0)
(0.876895 5.94516e-07 0)
(0.876898 3.68753e-07 0)
(0.8769 2.2917e-07 0)
(0.876901 1.43492e-07 0)
(0.876902 9.10081e-08 0)
(0.876902 5.90464e-08 0)
(0.876903 3.95912e-08 0)
(0.876903 2.77956e-08 0)
(0.876903 2.06254e-08 0)
(0.876903 1.62681e-08 0)
(0.876903 1.35951e-08 0)
(0.876903 1.19438e-08 0)
(0.876903 1.08994e-08 0)
(0.876903 1.0226e-08 0)
(0.876903 9.7714e-09 0)
(0.876903 9.45512e-09 0)
(0.876903 9.22001e-09 0)
(0.876903 9.04081e-09 0)
(0.876903 8.89437e-09 0)
(0.876903 8.77459e-09 0)
(0.876903 8.67026e-09 0)
(0.876903 8.58165e-09 0)
(0.876903 8.50175e-09 0)
(0.876903 8.43275e-09 0)
(0.876903 8.36915e-09 0)
(0.876903 8.3136e-09 0)
(0.876903 8.26113e-09 0)
(0.876903 8.21441e-09 0)
(0.876903 8.16872e-09 0)
(0.876903 8.12661e-09 0)
(0.876903 8.08342e-09 0)
(0.876903 8.04162e-09 0)
(0.876903 7.9965e-09 0)
(0.876903 7.95049e-09 0)
(0.876903 7.89873e-09 0)
(0.876903 7.84364e-09 0)
(0.876903 7.78018e-09 0)
(0.876903 7.7108e-09 0)
(0.876903 7.63012e-09 0)
(0.876903 7.54079e-09 0)
(0.876903 7.437e-09 0)
(0.876903 7.32148e-09 0)
(0.876903 7.18787e-09 0)
(0.876903 7.03888e-09 0)
(0.876903 6.86692e-09 0)
(0.876903 6.6739e-09 0)
(0.876903 6.44928e-09 0)
(0.876903 6.19139e-09 0)
(0.876903 5.88169e-09 0)
(0.876903 5.5068e-09 0)
(0.876903 5.02585e-09 0)
(0.876903 4.39055e-09 0)
(0.876903 3.49885e-09 0)
(0.876903 2.20535e-09 0)
(0.876903 2.44342e-10 0)
(0.876903 -2.78667e-09 0)
(0.876903 -7.57473e-09 0)
(0.876903 -1.51694e-08 0)
(0.876902 -2.72798e-08 0)
(0.876902 -4.64626e-08 0)
(0.876902 -7.68041e-08 0)
(0.876901 -1.2421e-07 0)
(0.8769 -1.97736e-07 0)
(0.876898 -3.09761e-07 0)
(0.876896 -4.7913e-07 0)
(0.876892 -7.31233e-07 0)
(0.876886 -1.10653e-06 0)
(0.876878 -1.67297e-06 0)
(0.876866 -2.65771e-06 0)
(0.876845 -5.11494e-06 0)
(0.876771 -1.20427e-05 0)
(0.876563 -1.51192e-05 0)
(0.876621 6.40706e-05 0)
(0.879524 0.000340611 0)
(0.875173 -0.000850941 0)
(0.870253 -0.00107606 0)
)
;

boundaryField
{
    inlet
    {
        type            fixedValue;
        value           uniform (1 0 0);
    }
    outlet
    {
        type            zeroGradient;
    }
    lowerWall
    {
        type            fixedValue;
        value           uniform (0 0 0);
    }
    upperWall
    {
        type            fixedValue;
        value           uniform (0 0 0);
    }
    frontAndBack
    {
        type            empty;
    }
}


// ************************************************************************* //
