/*--------------------------------*- C++ -*----------------------------------*\
| =========                 |                                                 |
| \\      /  F ield         | foam-extend: Open Source CFD                    |
|  \\    /   O peration     | Version:     5.0                                |
|   \\  /    A nd           | Web:         http://www.foam-extend.org         |
|    \\/     M anipulation  |                                                 |
\*---------------------------------------------------------------------------*/
FoamFile
{
    version     2.0;
    format      ascii;
    class       surfaceScalarField;
    location    "0.5";
    object      phi;
}
// * * * * * * * * * * * * * * * * * * * * * * * * * * * * * * * * * * * * * //

dimensions      [0 3 -1 0 0 0 0];

internalField   nonuniform List<scalar> 
7860
(
0.00255977
0.00244023
0.00234051
0.000219257
0.00236261
-2.2099e-05
0.00232801
3.45941e-05
0.00235277
-2.47546e-05
0.00233807
1.46962e-05
0.0023479
-9.8323e-06
0.00234171
6.19732e-06
0.00234565
-3.94319e-06
0.00234313
2.51688e-06
0.00234473
-1.59737e-06
0.00234371
1.01652e-06
0.00234436
-6.46227e-07
0.00234395
4.10826e-07
0.00234421
-2.61192e-07
0.00234404
1.66055e-07
0.00234415
-1.05561e-07
0.00234408
6.71135e-08
0.00234413
-4.26631e-08
0.0023441
2.71243e-08
0.00234412
-1.72426e-08
0.00234411
1.09624e-08
0.00234411
-6.96869e-09
0.00234411
4.43053e-09
0.00234411
-2.81643e-09
0.00234411
1.79062e-09
0.00234411
-1.13828e-09
0.00234411
7.2369e-10
0.00234411
-4.60041e-10
0.00234411
2.92483e-10
0.00234411
-1.85928e-10
0.00234411
1.18209e-10
0.00234411
-7.51438e-11
0.00234411
4.77747e-11
0.00234411
-3.03698e-11
0.00234411
1.93085e-11
0.00234411
-1.22741e-11
0.00234411
7.80358e-12
0.00234411
-4.96071e-12
0.00234411
3.15387e-12
0.00234411
-2.00489e-12
0.00234411
1.27467e-12
0.00234411
-8.10277e-13
0.00234411
5.15179e-13
0.00234411
-3.27445e-13
0.00234411
2.08176e-13
0.00234411
-1.32346e-13
0.00234411
8.41857e-14
0.00234411
-5.35049e-14
0.00234411
3.40242e-14
0.00234411
-2.161e-14
0.00234411
1.3747e-14
0.00234411
-8.6995e-15
0.00234411
5.53172e-15
0.00234411
-3.51854e-15
0.00234411
2.26493e-15
0.00234411
-1.4358e-15
0.00234411
8.72229e-16
0.00234411
-5.6334e-16
0.00234411
3.59413e-16
0.00234411
-2.49461e-16
0.00234411
1.89734e-16
0.00234411
-1.07954e-16
0.00234411
4.2562e-17
0.00234411
-2.52329e-17
0.00234411
1.19252e-17
0.00234411
-3.96501e-17
0.00234411
4.04472e-17
0.00234411
3.20241e-17
0.00234411
-2.94907e-17
0.00234411
-2.79394e-17
0.00234411
3.80307e-18
0.00234411
-9.24255e-19
0.00234411
1.85569e-17
0.00234411
1.53217e-17
0.00234411
1.39511e-17
0.00234411
-4.62142e-18
0.00234411
6.94813e-18
0.00234411
3.99826e-17
0.00234411
5.95635e-17
0.00234411
4.41456e-17
0.00234411
5.31072e-17
0.00234411
2.04269e-17
0.00234411
6.30659e-17
0.00234411
1.0851e-16
0.00234411
1.54796e-16
0.00234411
1.34649e-16
0.00234411
1.54988e-16
0.00234411
1.89395e-16
0.00234411
2.2478e-16
0.00234411
2.66177e-16
0.00234411
2.62013e-16
0.00234411
2.69699e-16
0.00234411
3.73986e-16
0.00234411
4.54826e-16
0.00234411
4.83364e-16
0.00234411
5.15877e-16
0.00234411
4.95398e-16
0.00234411
4.5548e-16
4.24313e-16
0.00429922
0.00314102
0.00415517
0.000363304
0.00412627
6.80521e-06
0.00411945
4.14084e-05
0.00412756
-3.28584e-05
0.00412403
1.8226e-05
0.00412714
-1.29458e-05
0.00412527
8.07183e-06
0.00412647
-5.14909e-06
0.00412569
3.29984e-06
0.00412618
-2.09092e-06
0.00412587
1.33205e-06
0.00412607
-8.46887e-07
0.00412594
5.38338e-07
0.00412602
-3.42329e-07
0.00412597
2.1762e-07
0.004126
-1.38351e-07
0.00412598
8.79571e-08
0.00412599
-5.59159e-08
0.00412599
3.55484e-08
0.00412599
-2.25989e-08
0.00412599
1.43671e-08
0.00412599
-9.13347e-09
0.00412599
5.80654e-09
0.00412599
-3.69134e-09
0.00412599
2.34675e-09
0.00412599
-1.49188e-09
0.00412599
9.48451e-10
0.00412599
-6.02949e-10
0.00412599
3.83322e-10
0.00412599
-2.43685e-10
0.00412599
1.54922e-10
0.00412599
-9.84865e-11
0.00412599
6.26125e-11
0.00412599
-3.98038e-11
0.00412599
2.53052e-11
0.00412599
-1.60869e-11
0.00412599
1.02272e-11
0.00412599
-6.50166e-12
0.00412599
4.13347e-12
0.00412599
-2.62771e-12
0.00412599
1.67053e-12
0.00412599
-1.06197e-12
0.00412599
6.75162e-13
0.00412599
-4.29226e-13
0.00412599
2.72917e-13
0.00412599
-1.73527e-13
0.00412599
1.10373e-13
0.00412599
-7.013e-14
0.00412599
4.44796e-14
0.00412599
-2.84195e-14
0.00412599
1.80297e-14
0.00412599
-1.1465e-14
0.00412599
7.25529e-15
0.00412599
-4.49913e-15
0.00412599
2.99066e-15
0.00412599
-1.88584e-15
0.00412599
1.16748e-15
0.00412599
-7.47773e-16
0.00412599
4.6637e-16
0.00412599
-2.9029e-16
0.00412599
2.23687e-16
0.00412599
-1.47841e-16
0.00412599
5.30415e-17
0.00412599
5.27938e-17
0.00412599
2.57384e-17
0.00412599
-6.45944e-17
0.00412599
4.93152e-17
0.00412599
6.4135e-17
0.00412599
2.17534e-17
0.00412599
1.13367e-17
0.00412599
-2.36005e-17
0.00412599
-2.16663e-17
0.00412599
1.27411e-17
0.00412599
7.48004e-17
0.00412599
9.27495e-17
0.00412599
6.17569e-17
0.00412599
8.12596e-17
0.00412599
1.33945e-16
0.00412599
2.09847e-16
0.00412599
2.20851e-16
0.00412599
2.7932e-16
0.00412599
2.083e-16
0.00412599
2.91963e-16
0.00412599
4.55575e-16
0.00412599
5.8767e-16
0.00412599
7.38769e-16
0.00412599
8.69709e-16
0.00412599
9.51423e-16
0.00412599
1.07958e-15
0.00412599
1.37886e-15
0.00412599
1.54296e-15
0.00412599
1.56272e-15
0.00412599
1.94068e-15
0.00412599
2.25506e-15
0.00412599
2.32436e-15
0.00412599
2.60616e-15
0.00412599
2.58649e-15
0.00412599
2.53558e-15
1.6666e-15
0.00493579
0.00320522
0.00484572
0.00045338
0.00480397
4.85497e-05
0.00480659
3.87905e-05
0.00480829
-3.45615e-05
0.00480893
1.7592e-05
0.00480948
-1.3499e-05
0.00480925
8.30105e-06
0.00480941
-5.31276e-06
0.00480929
3.42178e-06
0.00480936
-2.16372e-06
0.00480932
1.38037e-06
0.00480935
-8.77657e-07
0.00480933
5.57843e-07
0.00480934
-3.54813e-07
0.00480933
2.25537e-07
0.00480934
-1.43394e-07
0.00480933
9.11604e-08
0.00480934
-5.79547e-08
0.00480933
3.68431e-08
0.00480934
-2.3423e-08
0.00480933
1.48904e-08
0.00480933
-9.46654e-09
0.00480933
6.01803e-09
0.00480933
-3.82595e-09
0.00480933
2.43222e-09
0.00480933
-1.54628e-09
0.00480933
9.82996e-10
0.00480933
-6.24937e-10
0.00480933
3.97283e-10
0.00480933
-2.52571e-10
0.00480933
1.60565e-10
0.00480933
-1.02078e-10
0.00480933
6.48933e-11
0.00480933
-4.12551e-11
0.00480933
2.6227e-11
0.00480933
-1.66735e-11
0.00480933
1.05998e-11
0.00480933
-6.73875e-12
0.00480933
4.28408e-12
0.00480933
-2.7235e-12
0.00480933
1.73137e-12
0.00480933
-1.10074e-12
0.00480933
6.9976e-13
0.00480933
-4.44807e-13
0.00480933
2.82841e-13
0.00480933
-1.79785e-13
0.00480933
1.14391e-13
0.00480933
-7.27408e-14
0.00480933
4.61994e-14
0.00480933
-2.93776e-14
0.00480933
1.86857e-14
0.00480933
-1.1846e-14
0.00480933
7.48552e-15
0.00480933
-4.72667e-15
0.00480933
3.06965e-15
0.00480933
-1.99184e-15
0.00480933
1.24775e-15
0.00480933
-6.98362e-16
0.00480933
5.03843e-16
0.00480933
-2.93506e-16
0.00480933
2.30073e-16
0.00480933
-1.59958e-16
0.00480933
5.11162e-17
0.00480933
1.5366e-17
0.00480933
1.8427e-17
0.00480933
-9.16287e-17
0.00480933
6.86993e-17
0.00480933
9.62916e-17
0.00480933
4.86239e-17
0.00480933
1.39369e-17
0.00480933
-6.0045e-17
0.00480933
-7.26582e-18
0.00480933
5.2791e-17
0.00480933
1.22349e-16
0.00480933
1.25272e-16
0.00480933
1.20492e-16
0.00480933
2.26117e-16
0.00480933
2.85773e-16
0.00480933
3.7094e-16
0.00480933
4.08642e-16
0.00480933
5.41362e-16
0.00480933
5.04352e-16
0.00480933
6.17301e-16
0.00480933
8.31682e-16
0.00480933
1.11591e-15
0.00480933
1.52424e-15
0.00480933
1.81792e-15
0.00480933
1.94945e-15
0.00480933
2.22266e-15
0.00480933
2.83082e-15
0.00480933
3.23591e-15
0.00480933
3.23885e-15
0.00480933
3.99628e-15
0.00480933
4.63255e-15
0.00480933
4.7532e-15
0.00480933
5.3878e-15
0.00480933
5.39922e-15
0.00480933
5.21984e-15
3.21755e-15
0.00515508
0.00305014
0.00510278
0.000505686
0.00506522
8.61048e-05
0.00507007
3.39436e-05
0.0050696
-3.40933e-05
0.0050715
1.56912e-05
0.00507121
-1.32064e-05
0.00507152
7.99056e-06
0.00507134
-5.13432e-06
0.00507144
3.32563e-06
0.00507137
-2.0979e-06
0.00507141
1.34058e-06
0.00507139
-8.52386e-07
0.0050714
5.41736e-07
0.00507139
-3.4465e-07
0.0050714
2.1906e-07
0.00507139
-1.39285e-07
0.0050714
8.85462e-08
0.00507139
-5.62941e-08
0.0050714
3.57867e-08
0.0050714
-2.2752e-08
0.0050714
1.44634e-08
0.0050714
-9.19537e-09
0.0050714
5.84547e-09
0.0050714
-3.71636e-09
0.0050714
2.36248e-09
0.0050714
-1.50199e-09
0.0050714
9.54811e-10
0.0050714
-6.07035e-10
0.0050714
3.85892e-10
0.0050714
-2.45336e-10
0.0050714
1.55961e-10
0.0050714
-9.91534e-11
0.0050714
6.3033e-11
0.0050714
-4.0073e-11
0.0050714
2.54751e-11
0.0050714
-1.61958e-11
0.0050714
1.02958e-11
0.0050714
-6.54566e-12
0.0050714
4.16127e-12
0.0050714
-2.64543e-12
0.0050714
1.68179e-12
0.0050714
-1.06911e-12
0.0050714
6.79689e-13
0.0050714
-4.32055e-13
0.0050714
2.74784e-13
0.0050714
-1.74688e-13
0.0050714
1.11133e-13
0.0050714
-7.06352e-14
0.0050714
4.48305e-14
0.0050714
-2.85094e-14
0.0050714
1.81166e-14
0.0050714
-1.14924e-14
0.0050714
7.2979e-15
0.0050714
-4.53493e-15
0.0050714
3.02816e-15
0.0050714
-1.90463e-15
0.0050714
1.21214e-15
0.0050714
-6.52047e-16
0.0050714
5.11508e-16
0.0050714
-3.38407e-16
0.0050714
2.29729e-16
0.0050714
-1.06137e-16
0.0050714
3.70926e-17
0.0050714
1.80874e-17
0.0050714
7.59375e-17
0.0050714
-7.68294e-17
0.0050714
1.20091e-17
0.0050714
5.72517e-17
0.0050714
7.04683e-17
0.0050714
3.29768e-17
0.0050714
-2.66149e-17
0.0050714
-7.1388e-17
0.0050714
1.05397e-16
0.0050714
1.39958e-16
0.0050714
1.75221e-16
0.0050714
2.08296e-16
0.0050714
3.4045e-16
0.0050714
4.31891e-16
0.0050714
5.59892e-16
0.0050714
6.40062e-16
0.0050714
8.34245e-16
0.0050714
8.28458e-16
0.0050714
9.36237e-16
0.0050714
1.1922e-15
0.0050714
1.62156e-15
0.0050714
2.31829e-15
0.0050714
2.85083e-15
0.0050714
3.03759e-15
0.0050714
3.34782e-15
0.0050714
4.30602e-15
0.0050714
5.04489e-15
0.0050714
5.08475e-15
0.0050714
6.16117e-15
0.0050714
7.12975e-15
0.0050714
7.30877e-15
0.0050714
8.26803e-15
0.0050714
8.3728e-15
0.0050714
8.13153e-15
4.86849e-15
0.00522605
0.00282409
0.00519713
0.000534603
0.00516645
0.000116786
0.00517127
2.912e-05
0.00516998
-3.28032e-05
0.00517219
1.34876e-05
0.0051716
-1.26183e-05
0.00517209
7.50047e-06
0.00517179
-4.84071e-06
0.00517197
3.15471e-06
0.00517185
-1.98486e-06
0.00517192
1.27065e-06
0.00517188
-8.07935e-07
0.00517191
5.13447e-07
0.00517189
-3.26731e-07
0.0051719
2.07657e-07
0.00517189
-1.32041e-07
0.0051719
8.39409e-08
0.00517189
-5.3367e-08
0.0051719
3.39255e-08
0.00517189
-2.15691e-08
0.0051719
1.37112e-08
0.00517189
-8.71729e-09
0.0051719
5.54147e-09
0.00517189
-3.52314e-09
0.0051719
2.23962e-09
0.0051719
-1.4239e-09
0.0051719
9.05155e-10
0.0051719
-5.75475e-10
0.0051719
3.65824e-10
0.0051719
-2.3258e-10
0.0051719
1.47851e-10
0.0051719
-9.39979e-11
0.0051719
5.97554e-11
0.0051719
-3.79892e-11
0.0051719
2.41505e-11
0.0051719
-1.53535e-11
0.0051719
9.76046e-12
0.0051719
-6.20528e-12
0.0051719
3.94486e-12
0.0051719
-2.5078e-12
0.0051719
1.59442e-12
0.0051719
-1.01354e-12
0.0051719
6.44394e-13
0.0051719
-4.0957e-13
0.0051719
2.60551e-13
0.0051719
-1.65548e-13
0.0051719
1.0537e-13
0.0051719
-6.69765e-14
0.0051719
4.2551e-14
0.0051719
-2.70033e-14
0.0051719
1.71791e-14
0.0051719
-1.09675e-14
0.0051719
6.94897e-15
0.0051719
-4.32781e-15
0.0051719
2.85075e-15
0.0051719
-1.74221e-15
0.0051719
1.16136e-15
0.0051719
-6.17563e-16
0.0051719
4.9718e-16
0.0051719
-2.8625e-16
0.0051719
2.86781e-16
0.0051719
-1.41337e-16
0.0051719
6.32357e-17
0.0051719
-9.68511e-19
0.0051719
6.2908e-17
0.0051719
-8.34419e-17
0.0051719
4.79613e-17
0.0051719
7.08878e-17
0.0051719
9.47535e-17
0.0051719
3.48788e-17
0.0051719
-2.87713e-17
0.0051719
-2.57118e-17
0.0051719
1.51518e-16
0.0051719
1.67396e-16
0.0051719
2.73489e-16
0.0051719
3.17773e-16
0.0051719
5.10459e-16
0.0051719
5.41036e-16
0.0051719
7.79969e-16
0.0051719
8.96211e-16
0.0051719
1.1187e-15
0.0051719
1.16482e-15
0.0051719
1.27412e-15
0.0051719
1.51064e-15
0.0051719
2.05304e-15
0.0051719
3.10247e-15
0.0051719
3.91849e-15
0.0051719
4.15108e-15
0.0051719
4.47008e-15
0.0051719
5.70874e-15
0.0051719
6.8018e-15
0.0051719
6.89843e-15
0.0051719
8.29111e-15
0.0051719
9.60863e-15
0.0051719
9.82122e-15
0.0051719
1.09835e-14
0.0051719
1.13084e-14
0.0051719
1.10955e-14
6.49051e-15
0.00524139
0.0025827
0.00522918
0.000546819
0.00520608
0.000139887
0.00521027
2.49257e-05
0.00520864
-3.11727e-05
0.0052108
1.13296e-05
0.00521011
-1.19253e-05
0.00521065
6.95755e-06
0.00521032
-4.51156e-06
0.00521052
2.95903e-06
0.00521039
-1.8566e-06
0.00521047
1.19083e-06
0.00521042
-7.57182e-07
0.00521045
4.8116e-07
0.00521043
-3.06261e-07
0.00521044
1.94634e-07
0.00521043
-1.23766e-07
0.00521044
7.86809e-08
0.00521043
-5.0023e-08
0.00521044
3.17997e-08
0.00521044
-2.02177e-08
0.00521044
1.28521e-08
0.00521044
-8.17114e-09
0.00521044
5.19425e-09
0.00521044
-3.30241e-09
0.00521044
2.09929e-09
0.00521044
-1.33469e-09
0.00521044
8.48439e-10
0.00521044
-5.3942e-10
0.00521044
3.42902e-10
0.00521044
-2.18008e-10
0.00521044
1.38587e-10
0.00521044
-8.81082e-11
0.00521044
5.60115e-11
0.00521044
-3.56087e-11
0.00521044
2.26375e-11
0.00521044
-1.43915e-11
0.00521044
9.14896e-12
0.00521044
-5.81652e-12
0.00521044
3.69773e-12
0.00521044
-2.35062e-12
0.00521044
1.49454e-12
0.00521044
-9.49977e-13
0.00521044
6.04008e-13
0.00521044
-3.8391e-13
0.00521044
2.44209e-13
0.00521044
-1.5528e-13
0.00521044
9.88016e-14
0.00521044
-6.27811e-14
0.00521044
3.98644e-14
0.00521044
-2.52475e-14
0.00521044
1.60813e-14
0.00521044
-1.02776e-14
0.00521044
6.54347e-15
0.00521044
-4.10182e-15
0.00521044
2.72343e-15
0.00521044
-1.63435e-15
0.00521044
1.11878e-15
0.00521044
-6.08663e-16
0.00521044
3.98483e-16
0.00521044
-3.13294e-16
0.00521044
2.71239e-16
0.00521044
-1.22667e-16
0.00521044
5.30669e-17
0.00521044
-5.75965e-18
0.00521044
8.1841e-17
0.00521044
-4.83785e-17
0.00521044
-3.02813e-18
0.00521044
4.55902e-17
0.00521044
-7.41717e-18
0.00521044
5.73458e-17
0.00521044
-2.0906e-17
0.00521044
-2.12057e-17
0.00521044
1.58737e-16
0.00521044
1.9237e-16
0.00521044
3.17799e-16
0.00521044
3.69913e-16
0.00521044
6.4871e-16
0.00521044
6.19522e-16
0.00521044
9.57853e-16
0.00521044
1.09635e-15
0.00521044
1.42747e-15
0.00521044
1.53818e-15
0.00521044
1.58117e-15
0.00521044
1.79432e-15
0.00521044
2.43431e-15
0.00521044
3.78221e-15
0.00521044
4.97134e-15
0.00521044
5.24108e-15
0.00521044
5.57666e-15
0.00521044
6.99485e-15
0.00521044
8.40013e-15
0.00521044
8.7065e-15
0.00521044
1.02276e-14
0.00521044
1.18847e-14
0.00521044
1.23284e-14
0.00521044
1.35452e-14
0.00521044
1.41232e-14
0.00521044
1.40313e-14
8.09011e-15
0.00523787
0.00234483
0.00523813
0.000546564
0.00522196
0.000156058
0.00522544
2.1442e-05
0.00522362
-2.93556e-05
0.00522562
9.33636e-06
0.00522488
-1.11866e-05
0.00522543
6.40323e-06
0.00522509
-4.17253e-06
0.0052253
2.75452e-06
0.00522517
-1.72337e-06
0.00522525
1.10758e-06
0.0052252
-7.04238e-07
0.00522523
4.47488e-07
0.00522521
-2.84899e-07
0.00522522
1.81047e-07
0.00522521
-1.15131e-07
0.00522522
7.31921e-08
0.00522522
-4.65334e-08
0.00522522
2.95815e-08
0.00522522
-1.88074e-08
0.00522522
1.19555e-08
0.00522522
-7.60118e-09
0.00522522
4.83191e-09
0.00522522
-3.07206e-09
0.00522522
1.95285e-09
0.00522522
-1.24159e-09
0.00522522
7.89256e-10
0.00522522
-5.01793e-10
0.00522522
3.18983e-10
0.00522522
-2.02801e-10
0.00522522
1.2892e-10
0.00522522
-8.1962e-11
0.00522522
5.21049e-11
0.00522522
-3.31244e-11
0.00522522
2.10585e-11
0.00522522
-1.33876e-11
0.00522522
8.51086e-12
0.00522522
-5.41069e-12
0.00522522
3.43988e-12
0.00522522
-2.18661e-12
0.00522522
1.39028e-12
0.00522522
-8.83745e-13
0.00522522
5.61863e-13
0.00522522
-3.57151e-13
0.00522522
2.27129e-13
0.00522522
-1.44399e-13
0.00522522
9.18022e-14
0.00522522
-5.83896e-14
0.00522522
3.71093e-14
0.00522522
-2.35457e-14
0.00522522
1.4962e-14
0.00522522
-9.56308e-15
0.00522522
6.09194e-15
0.00522522
-3.81267e-15
0.00522522
2.56766e-15
0.00522522
-1.45615e-15
0.00522522
1.02325e-15
0.00522522
-5.75252e-16
0.00522522
3.85933e-16
0.00522522
-2.68726e-16
0.00522522
3.45523e-16
0.00522522
-9.49276e-17
0.00522522
7.32176e-17
0.00522522
4.24183e-17
0.00522522
8.23563e-17
0.00522522
-5.77592e-17
0.00522522
-1.47555e-17
0.00522522
3.97646e-17
0.00522522
9.817e-18
0.00522522
9.96169e-17
0.00522522
2.1957e-17
0.00522522
4.95159e-18
0.00522522
1.68016e-16
0.00522522
2.36889e-16
0.00522522
3.8399e-16
0.00522522
4.12859e-16
0.00522522
7.74558e-16
0.00522522
7.57292e-16
0.00522522
1.0978e-15
0.00522522
1.3541e-15
0.00522522
1.74614e-15
0.00522522
1.81747e-15
0.00522522
1.88503e-15
0.00522522
2.13259e-15
0.00522522
2.84572e-15
0.00522522
4.40227e-15
0.00522522
5.88091e-15
0.00522522
6.29561e-15
0.00522522
6.68517e-15
0.00522522
8.19845e-15
0.00522522
9.88818e-15
0.00522522
1.04367e-14
0.00522522
1.20601e-14
0.00522522
1.39187e-14
0.00522522
1.46648e-14
0.00522522
1.6116e-14
0.00522522
1.6666e-14
0.00522522
1.67708e-14
9.67854e-15
0.0052281
0.00211673
0.00523848
0.000536183
0.0052286
0.000165936
0.00523147
1.85729e-05
0.00522953
-2.74164e-05
0.00523131
7.55129e-06
0.00523055
-1.0422e-05
0.0052311
5.85263e-06
0.00523076
-3.83286e-06
0.00523097
2.54675e-06
0.00523083
-1.58884e-06
0.00523092
1.02316e-06
0.00523086
-6.50552e-07
0.0052309
4.1335e-07
0.00523088
-2.63229e-07
0.00523089
1.67267e-07
0.00523088
-1.06372e-07
0.00523089
6.76245e-08
0.00523088
-4.29936e-08
0.00523089
2.73314e-08
0.00523088
-1.73769e-08
0.00523089
1.10461e-08
0.00523088
-7.02301e-09
0.00523089
4.46438e-09
0.00523088
-2.83839e-09
0.00523089
1.80431e-09
0.00523088
-1.14715e-09
0.00523089
7.29222e-10
0.00523088
-4.63625e-10
0.00523088
2.9472e-10
0.00523088
-1.87375e-10
0.00523088
1.19115e-10
0.00523088
-7.57273e-11
0.00523088
4.8142e-11
0.00523088
-3.06046e-11
0.00523088
1.94569e-11
0.00523088
-1.23691e-11
0.00523088
7.86357e-12
0.00523088
-4.99901e-12
0.00523088
3.1783e-12
0.00523088
-2.02032e-12
0.00523088
1.28454e-12
0.00523088
-8.16439e-13
0.00523088
5.19161e-13
0.00523088
-3.29962e-13
0.00523088
2.09908e-13
0.00523088
-1.33416e-13
0.00523088
8.48673e-14
0.00523088
-5.39881e-14
0.00523088
3.42461e-14
0.00523088
-2.17262e-14
0.00523088
1.37957e-14
0.00523088
-8.79667e-15
0.00523088
5.63235e-15
0.00523088
-3.41531e-15
0.00523088
2.3304e-15
0.00523088
-1.40442e-15
0.00523088
9.14962e-16
0.00523088
-5.29608e-16
0.00523088
3.04311e-16
0.00523088
-2.73299e-16
0.00523088
2.80737e-16
0.00523088
-1.29289e-16
0.00523088
5.87135e-17
0.00523088
2.7507e-17
0.00523088
7.36405e-17
0.00523088
-8.29137e-17
0.00523088
-1.67695e-17
0.00523088
6.56669e-17
0.00523088
-2.90704e-17
0.00523088
1.01147e-16
0.00523088
4.13579e-17
0.00523088
-5.29734e-17
0.00523088
1.85668e-16
0.00523088
3.14583e-16
0.00523088
4.47995e-16
0.00523088
4.42377e-16
0.00523088
8.65868e-16
0.00523088
9.03729e-16
0.00523088
1.22824e-15
0.00523088
1.52771e-15
0.00523088
2.06931e-15
0.00523088
2.0997e-15
0.00523088
2.18597e-15
0.00523088
2.4672e-15
0.00523088
3.20507e-15
0.00523088
4.93692e-15
0.00523088
6.67822e-15
0.00523088
7.30635e-15
0.00523088
7.73766e-15
0.00523088
9.26903e-15
0.00523088
1.12237e-14
0.00523088
1.20439e-14
0.00523088
1.38338e-14
0.00523088
1.57529e-14
0.00523088
1.68197e-14
0.00523088
1.85487e-14
0.00523088
1.89872e-14
0.00523088
1.92226e-14
1.11275e-14
0.00521702
0.00189971
0.00523588
0.000517322
0.0052316
0.000170219
0.00523398
1.61899e-05
0.00523195
-2.53823e-05
0.00523351
5.98654e-06
0.00523273
-9.63726e-06
0.00523327
5.31094e-06
0.00523293
-3.49556e-06
0.00523314
2.33748e-06
0.00523301
-1.45417e-06
0.00523309
9.38296e-07
0.00523304
-5.96582e-07
0.00523307
3.79036e-07
0.00523305
-2.41436e-07
0.00523306
1.5341e-07
0.00523306
-9.75634e-08
0.00523306
6.20254e-08
0.00523306
-3.94337e-08
0.00523306
2.50685e-08
0.00523306
-1.59382e-08
0.00523306
1.01316e-08
0.00523306
-6.44156e-09
0.00523306
4.09476e-09
0.00523306
-2.60339e-09
0.00523306
1.65492e-09
0.00523306
-1.05217e-09
0.00523306
6.68848e-10
0.00523306
-4.2524e-10
0.00523306
2.7032e-10
0.00523306
-1.71861e-10
0.00523306
1.09253e-10
0.00523306
-6.94571e-11
0.00523306
4.41566e-11
0.00523306
-2.80703e-11
0.00523306
1.78461e-11
0.00523306
-1.13449e-11
0.00523306
7.2126e-12
0.00523306
-4.58504e-12
0.00523306
2.91525e-12
0.00523306
-1.85301e-12
0.00523306
1.17817e-12
0.00523306
-7.488e-13
0.00523306
4.76174e-13
0.00523306
-3.02647e-13
0.00523306
1.92517e-13
0.00523306
-1.22351e-13
0.00523306
7.78397e-14
0.00523306
-4.94698e-14
0.00523306
3.14046e-14
0.00523306
-1.9871e-14
0.00523306
1.26551e-14
0.00523306
-8.08697e-15
0.00523306
5.14613e-15
0.00523306
-3.11972e-15
0.00523306
2.12826e-15
0.00523306
-1.33693e-15
0.00523306
7.94884e-16
0.00523306
-4.65167e-16
0.00523306
2.54453e-16
0.00523306
-2.56366e-16
0.00523306
2.52843e-16
0.00523306
-1.73694e-16
0.00523306
3.37886e-17
0.00523306
5.81749e-17
0.00523306
1.70452e-17
0.00523306
-1.27099e-16
0.00523306
2.92393e-17
0.00523306
-9.27727e-18
0.00523306
7.67299e-18
0.00523306
1.07637e-16
0.00523306
3.49733e-17
0.00523306
-6.56758e-17
0.00523306
1.39775e-16
0.00523306
2.87472e-16
0.00523306
4.95304e-16
0.00523306
5.11575e-16
0.00523306
9.62288e-16
0.00523306
9.91207e-16
0.00523306
1.36595e-15
0.00523306
1.64528e-15
0.00523306
2.34067e-15
0.00523306
2.3414e-15
0.00523306
2.47152e-15
0.00523306
2.79709e-15
0.00523306
3.55225e-15
0.00523306
5.3599e-15
0.00523306
7.32989e-15
0.00523306
8.23798e-15
0.00523306
8.76356e-15
0.00523306
1.03362e-14
0.00523306
1.23791e-14
0.00523306
1.3449e-14
0.00523306
1.55107e-14
0.00523306
1.74455e-14
0.00523306
1.87791e-14
0.00523306
2.07953e-14
0.00523306
2.11206e-14
0.00523306
2.14162e-14
1.24447e-14
0.00520628
0.00169343
0.00523242
0.000491175
0.00523311
0.000169527
0.00523514
1.41672e-05
0.00523303
-2.32713e-05
0.00523437
4.64139e-06
0.00523357
-8.83405e-06
0.0052341
4.78017e-06
0.00523376
-3.16176e-06
0.00523397
2.12733e-06
0.00523384
-1.31981e-06
0.00523393
8.53245e-07
0.00523387
-5.42493e-07
0.00523391
3.44652e-07
0.00523388
-2.19586e-07
0.0052339
1.39518e-07
0.00523389
-8.87324e-08
0.00523389
5.64118e-08
0.00523389
-3.58647e-08
0.00523389
2.27997e-08
0.00523389
-1.44957e-08
0.00523389
9.21466e-09
0.00523389
-5.85859e-09
0.00523389
3.72418e-09
0.00523389
-2.36778e-09
0.00523389
1.50515e-09
0.00523389
-9.56951e-10
0.00523389
6.08317e-10
0.00523389
-3.86755e-10
0.00523389
2.45856e-10
0.00523389
-1.56307e-10
0.00523389
9.93663e-11
0.00523389
-6.31706e-11
0.00523389
4.01607e-11
0.00523389
-2.55296e-11
0.00523389
1.62313e-11
0.00523389
-1.03181e-11
0.00523389
6.55991e-12
0.00523389
-4.17002e-12
0.00523389
2.65136e-12
0.00523389
-1.68525e-12
0.00523389
1.07157e-12
0.00523389
-6.80996e-13
0.00523389
4.33107e-13
0.00523389
-2.75165e-13
0.00523389
1.75104e-13
0.00523389
-1.11258e-13
0.00523389
7.07408e-14
0.00523389
-4.50306e-14
0.00523389
2.85762e-14
0.00523389
-1.80279e-14
0.00523389
1.14497e-14
0.00523389
-7.38338e-15
0.00523389
4.76297e-15
0.00523389
-2.79519e-15
0.00523389
1.8789e-15
0.00523389
-1.21473e-15
0.00523389
7.47665e-16
0.00523389
-3.86868e-16
0.00523389
1.50777e-16
0.00523389
-2.33773e-16
0.00523389
2.78518e-16
0.00523389
-2.1055e-16
0.00523389
5.13454e-17
0.00523389
7.16722e-17
0.00523389
-1.38694e-17
0.00523389
-1.07455e-16
0.00523389
5.86141e-19
0.00523389
3.53057e-17
0.00523389
3.78856e-18
0.00523389
1.01517e-16
0.00523389
4.76021e-17
0.00523389
-4.71709e-17
0.00523389
1.70391e-16
0.00523389
3.13542e-16
0.00523389
5.08504e-16
0.00523389
5.96148e-16
0.00523389
1.05293e-15
0.00523389
1.11748e-15
0.00523389
1.52396e-15
0.00523389
1.80161e-15
0.00523389
2.55035e-15
0.00523389
2.57238e-15
0.00523389
2.81452e-15
0.00523389
3.15814e-15
0.00523389
3.87829e-15
0.00523389
5.68109e-15
0.00523389
7.79154e-15
0.00523389
9.06563e-15
0.00523389
9.82145e-15
0.00523389
1.1332e-14
0.00523389
1.33659e-14
0.00523389
1.46053e-14
0.00523389
1.70294e-14
0.00523389
1.90686e-14
0.00523389
2.04483e-14
0.00523389
2.26878e-14
0.00523389
2.31004e-14
0.00523389
2.34509e-14
1.36067e-14
0.00519645
0.00149698
0.00522891
0.000458714
0.00523399
0.000164447
0.00523576
1.24022e-05
0.00523358
-2.10959e-05
0.00523471
3.50806e-06
0.00523389
-8.0129e-06
0.00523441
4.26091e-06
0.00523408
-2.8318e-06
0.00523429
1.9165e-06
0.00523416
-1.18589e-06
0.00523425
7.68092e-07
0.00523419
-4.88343e-07
0.00523423
3.10233e-07
0.0052342
-1.97701e-07
0.00523422
1.25607e-07
0.00523421
-7.98877e-08
0.00523421
5.07894e-08
0.00523421
-3.229e-08
0.00523421
2.05274e-08
0.00523421
-1.3051e-08
0.00523421
8.29629e-09
0.00523421
-5.2747e-09
0.00523421
3.35301e-09
0.00523421
-2.1318e-09
0.00523421
1.35514e-09
0.00523421
-8.61577e-10
0.00523421
5.47691e-10
0.00523421
-3.48209e-10
0.00523421
2.21354e-10
0.00523421
-1.40728e-10
0.00523421
8.94638e-11
0.00523421
-5.68741e-11
0.00523421
3.61586e-11
0.00523421
-2.2985e-11
0.00523421
1.46138e-11
0.00523421
-9.28962e-12
0.00523421
5.90623e-12
0.00523421
-3.75433e-12
0.00523421
2.38717e-12
0.00523421
-1.51719e-12
0.00523421
9.64808e-13
0.00523421
-6.13113e-13
0.00523421
3.8998e-13
0.00523421
-2.47735e-13
0.00523421
1.57734e-13
0.00523421
-1.00205e-13
0.00523421
6.36883e-14
0.00523421
-4.04991e-14
0.00523421
2.5765e-14
0.00523421
-1.624e-14
0.00523421
1.03555e-14
0.00523421
-6.64986e-15
0.00523421
4.31451e-15
0.00523421
-2.49034e-15
0.00523421
1.69652e-15
0.00523421
-1.0847e-15
0.00523421
6.99272e-16
0.00523421
-3.29827e-16
0.00523421
1.17444e-16
0.00523421
-2.19775e-16
0.00523421
2.10146e-16
0.00523421
-1.62338e-16
0.00523421
7.46721e-17
0.00523421
8.21913e-17
0.00523421
9.55419e-18
0.00523421
-8.03825e-17
0.00523421
-2.04331e-17
0.00523421
4.47945e-17
0.00523421
-8.31769e-18
0.00523421
6.64177e-17
0.00523421
1.6477e-17
0.00523421
-6.51014e-18
0.00523421
1.79226e-16
0.00523421
3.24457e-16
0.00523421
5.71435e-16
0.00523421
6.26067e-16
0.00523421
1.15317e-15
0.00523421
1.20853e-15
0.00523421
1.66544e-15
0.00523421
1.90901e-15
0.00523421
2.73966e-15
0.00523421
2.76993e-15
0.00523421
3.13757e-15
0.00523421
3.49366e-15
0.00523421
4.19473e-15
0.00523421
5.93596e-15
0.00523421
8.08363e-15
0.00523421
9.68617e-15
0.00523421
1.07996e-14
0.00523421
1.22853e-14
0.00523421
1.42915e-14
0.00523421
1.55783e-14
0.00523421
1.82048e-14
0.00523421
2.04895e-14
0.00523421
2.19656e-14
0.00523421
2.43079e-14
0.00523421
2.47687e-14
0.00523421
2.5294e-14
1.46762e-14
0.00518769
0.0013093
0.00522563
0.000420768
0.00523457
0.00015551
0.00523616
1.08151e-05
0.00523393
-1.88668e-05
0.00523486
2.57438e-06
0.00523402
-7.17434e-06
0.00523453
3.75314e-06
0.0052342
-2.5057e-06
0.00523442
1.7051e-06
0.00523428
-1.05249e-06
0.00523437
6.82874e-07
0.00523431
-4.34153e-07
0.00523435
2.75794e-07
0.00523433
-1.75792e-07
0.00523434
1.11681e-07
0.00523433
-7.10331e-08
0.00523434
4.51606e-08
0.00523433
-2.87113e-08
0.00523434
1.82525e-08
0.00523433
-1.16047e-08
0.00523434
7.37686e-09
0.00523433
-4.69014e-09
0.00523433
2.98142e-09
0.00523433
-1.89555e-09
0.00523433
1.20496e-09
0.00523433
-7.66094e-10
0.00523433
4.86995e-10
0.00523433
-3.09619e-10
0.00523433
1.96824e-10
0.00523433
-1.25132e-10
0.00523433
7.95498e-11
0.00523433
-5.05706e-11
0.00523433
3.21517e-11
0.00523433
-2.04374e-11
0.00523433
1.29944e-11
0.00523433
-8.25997e-12
0.00523433
5.2518e-12
0.00523433
-3.33825e-12
0.00523433
2.12262e-12
0.00523433
-1.34899e-12
0.00523433
8.57945e-13
0.00523433
-5.45193e-13
0.00523433
3.46721e-13
0.00523433
-2.20305e-13
0.00523433
1.40294e-13
0.00523433
-8.90995e-14
0.00523433
5.67131e-14
0.00523433
-3.59681e-14
0.00523433
2.29424e-14
0.00523433
-1.44496e-14
0.00523433
9.15623e-15
0.00523433
-5.88536e-15
0.00523433
3.90981e-15
0.00523433
-2.19905e-15
0.00523433
1.466e-15
0.00523433
-9.65527e-16
0.00523433
6.83219e-16
0.00523433
-2.25286e-16
0.00523433
1.47876e-16
0.00523433
-1.65712e-16
0.00523433
1.76996e-16
0.00523433
-1.73767e-16
0.00523433
8.62405e-17
0.00523433
2.37932e-17
0.00523433
-1.20515e-17
0.00523433
-8.43058e-17
0.00523433
-4.91851e-17
0.00523433
6.19878e-17
0.00523433
-4.67434e-18
0.00523433
4.37374e-17
0.00523433
3.74747e-17
0.00523433
-2.67233e-17
0.00523433
2.26106e-16
0.00523433
3.39077e-16
0.00523433
5.73206e-16
0.00523433
6.64287e-16
0.00523433
1.18702e-15
0.00523433
1.25794e-15
0.00523433
1.799e-15
0.00523433
2.04731e-15
0.00523433
2.85343e-15
0.00523433
2.911e-15
0.00523433
3.46931e-15
0.00523433
3.82546e-15
0.00523433
4.46469e-15
0.00523433
6.14841e-15
0.00523433
8.23714e-15
0.00523433
1.01456e-14
0.00523433
1.15746e-14
0.00523433
1.30989e-14
0.00523433
1.5118e-14
0.00523433
1.64334e-14
0.00523433
1.9111e-14
0.00523433
2.16142e-14
0.00523433
2.32792e-14
0.00523433
2.5738e-14
0.00523433
2.60894e-14
0.00523433
2.67369e-14
1.55738e-14
0.00518
0.00112929
0.00522269
0.00037808
0.00523499
0.000143214
0.00523646
9.34639e-06
0.00523418
-1.65931e-05
0.00523493
1.82488e-06
0.00523408
-6.31911e-06
0.00523457
3.25645e-06
0.00523425
-2.18331e-06
0.00523446
1.49318e-06
0.00523433
-9.19593e-07
0.00523441
5.97607e-07
0.00523436
-3.79934e-07
0.0052344
2.41341e-07
0.00523437
-1.53861e-07
0.00523439
9.77443e-08
0.00523438
-6.21706e-08
0.00523438
3.95265e-08
0.00523438
-2.51293e-08
0.00523438
1.59754e-08
0.00523438
-1.01569e-08
0.00523438
6.45657e-09
0.00523438
-4.10503e-09
0.00523438
2.60948e-09
0.00523438
-1.65907e-09
0.00523438
1.05464e-09
0.00523438
-6.7052e-10
0.00523438
4.26241e-10
0.00523438
-2.70992e-10
0.00523438
1.7227e-10
0.00523438
-1.0952e-10
0.00523438
6.96264e-11
0.00523438
-4.42611e-11
0.00523438
2.8141e-11
0.00523438
-1.78874e-11
0.00523438
1.13735e-11
0.00523438
-7.2294e-12
0.00523438
4.59671e-12
0.00523438
-2.92172e-12
0.00523438
1.85781e-12
0.00523438
-1.18068e-12
0.00523438
7.50997e-13
0.00523438
-4.77168e-13
0.00523438
3.03533e-13
0.00523438
-1.92801e-13
0.00523438
1.22783e-13
0.00523438
-7.80206e-14
0.00523438
4.96109e-14
0.00523438
-3.14424e-14
0.00523438
2.00636e-14
0.00523438
-1.26862e-14
0.00523438
8.04658e-15
0.00523438
-5.17527e-15
0.00523438
3.45529e-15
0.00523438
-1.93207e-15
0.00523438
1.25774e-15
0.00523438
-7.94549e-16
0.00523438
5.77007e-16
0.00523438
-9.11487e-17
0.00523438
1.11446e-16
0.00523438
-1.18079e-16
0.00523438
1.8344e-16
0.00523438
-1.75923e-16
0.00523438
8.42301e-17
0.00523438
5.35179e-17
0.00523438
1.96433e-17
0.00523438
-6.72554e-17
0.00523438
-6.47343e-17
0.00523438
1.27548e-16
0.00523438
-3.76801e-17
0.00523438
8.90404e-17
0.00523438
1.45646e-17
0.00523438
-9.25639e-18
0.00523438
2.69785e-16
0.00523438
3.45352e-16
0.00523438
5.8988e-16
0.00523438
6.9449e-16
0.00523438
1.20478e-15
0.00523438
1.36035e-15
0.00523438
1.90237e-15
0.00523438
2.12915e-15
0.00523438
2.97466e-15
0.00523438
3.04035e-15
0.00523438
3.79987e-15
0.00523438
4.06626e-15
0.00523438
4.74061e-15
0.00523438
6.35596e-15
0.00523438
8.35484e-15
0.00523438
1.04554e-14
0.00523438
1.20677e-14
0.00523438
1.3742e-14
0.00523438
1.58825e-14
0.00523438
1.71605e-14
0.00523438
1.98814e-14
0.00523438
2.24251e-14
0.00523438
2.42331e-14
0.00523438
2.68935e-14
0.00523438
2.72308e-14
0.00523438
2.78307e-14
1.62069e-14
0.00517336
0.00095593
0.00522012
0.000331326
0.00523531
0.000128026
0.0052367
7.9541e-06
0.00523439
-1.42829e-05
0.00523497
1.24156e-06
0.0052341
-5.44832e-06
0.00523459
2.77008e-06
0.00523427
-1.86439e-06
0.00523448
1.28079e-06
0.00523435
-7.87186e-07
0.00523443
5.12301e-07
0.00523438
-3.25693e-07
0.00523441
2.06877e-07
0.00523439
-1.31913e-07
0.00523441
8.37978e-08
0.0052344
-5.33014e-08
0.0052344
3.3888e-08
0.0052344
-2.15445e-08
0.0052344
1.36965e-08
0.0052344
-8.70804e-09
0.0052344
5.53555e-09
0.0052344
-3.51945e-09
0.0052344
2.23724e-09
0.0052344
-1.4224e-09
0.0052344
9.04197e-10
0.0052344
-5.74871e-10
0.0052344
3.65439e-10
0.0052344
-2.32334e-10
0.0052344
1.47697e-10
0.0052344
-9.38965e-11
0.0052344
5.9695e-11
0.0052344
-3.79467e-11
0.0052344
2.41272e-11
0.0052344
-1.53354e-11
0.0052344
9.75128e-12
0.0052344
-6.19795e-12
0.0052344
3.94109e-12
0.0052344
-2.50484e-12
0.0052344
1.59289e-12
0.0052344
-1.01219e-12
0.0052344
6.43948e-13
0.0052344
-4.09089e-13
0.0052344
2.60244e-13
0.0052344
-1.65274e-13
0.0052344
1.05356e-13
0.0052344
-6.68298e-14
0.0052344
4.25832e-14
0.0052344
-2.68835e-14
0.0052344
1.71777e-14
0.0052344
-1.08865e-14
0.0052344
6.91785e-15
0.0052344
-4.44451e-15
0.0052344
2.99923e-15
0.0052344
-1.63612e-15
0.0052344
1.10366e-15
0.0052344
-7.41354e-16
0.0052344
4.26202e-16
0.0052344
-1.97531e-18
0.0052344
1.28749e-16
0.0052344
-7.37084e-17
0.0052344
1.36261e-16
0.0052344
-1.88659e-16
0.0052344
4.3246e-17
0.0052344
2.09705e-17
0.0052344
5.96065e-17
0.0052344
-4.75798e-17
0.0052344
-6.3393e-17
0.0052344
1.92475e-16
0.0052344
-2.39289e-17
0.0052344
6.36028e-17
0.0052344
3.49968e-17
0.0052344
3.11456e-18
0.0052344
2.89724e-16
0.0052344
2.87194e-16
0.0052344
6.67001e-16
0.0052344
7.3981e-16
0.0052344
1.18834e-15
0.0052344
1.42705e-15
0.0052344
1.98245e-15
0.0052344
2.16795e-15
0.0052344
3.04965e-15
0.0052344
3.17461e-15
0.0052344
4.01118e-15
0.0052344
4.30207e-15
0.0052344
5.03439e-15
0.0052344
6.55749e-15
0.0052344
8.42274e-15
0.0052344
1.05685e-14
0.0052344
1.23138e-14
0.0052344
1.41885e-14
0.0052344
1.64447e-14
0.0052344
1.77454e-14
0.0052344
2.04995e-14
0.0052344
2.30295e-14
0.0052344
2.48383e-14
0.0052344
2.7681e-14
0.0052344
2.80536e-14
0.0052344
2.87249e-14
1.67579e-14
0.00516773
0.000788195
0.00521791
0.000281149
0.00523555
0.000110384
0.0052369
6.60852e-06
0.00523456
-1.1943e-05
0.005235
8.0427e-07
0.00523411
-4.56345e-06
0.00523459
2.29307e-06
0.00523427
-1.54858e-06
0.00523449
1.06799e-06
0.00523435
-6.55231e-07
0.00523444
4.26962e-07
0.00523439
-2.71434e-07
0.00523442
1.72407e-07
0.0052344
-1.0995e-07
0.00523441
6.98433e-08
0.0052344
-4.44264e-08
0.00523441
2.82457e-08
0.00523441
-1.79574e-08
0.00523441
1.14161e-08
0.00523441
-7.25818e-09
0.00523441
4.6139e-09
0.00523441
-2.93347e-09
0.00523441
1.86475e-09
0.00523441
-1.18558e-09
0.00523441
7.53653e-10
0.00523441
-4.79157e-10
0.00523441
3.04596e-10
0.00523441
-1.93651e-10
0.00523441
1.23107e-10
0.00523441
-7.82622e-11
0.00523441
4.97568e-11
0.00523441
-3.16281e-11
0.00523441
2.01105e-11
0.00523441
-1.27818e-11
0.00523441
8.12798e-12
0.00523441
-5.1659e-12
0.00523441
3.28505e-12
0.00523441
-2.0877e-12
0.00523441
1.32768e-12
0.00523441
-8.43534e-13
0.00523441
5.36698e-13
0.00523441
-3.4096e-13
0.00523441
2.16947e-13
0.00523441
-1.37739e-13
0.00523441
8.78164e-14
0.00523441
-5.56866e-14
0.00523441
3.54178e-14
0.00523441
-2.2405e-14
0.00523441
1.42779e-14
0.00523441
-9.12373e-15
0.00523441
5.71568e-15
0.00523441
-3.72749e-15
0.00523441
2.51721e-15
0.00523441
-1.34409e-15
0.00523441
8.91064e-16
0.00523441
-6.13953e-16
0.00523441
3.25445e-16
0.00523441
4.11076e-17
0.00523441
1.03599e-16
0.00523441
-8.96306e-18
0.00523441
9.07811e-17
0.00523441
-2.16024e-16
0.00523441
2.85995e-17
0.00523441
1.81987e-17
0.00523441
6.28205e-17
0.00523441
-6.85376e-17
0.00523441
-5.89492e-17
0.00523441
1.65273e-16
0.00523441
-3.77323e-17
0.00523441
1.00825e-16
0.00523441
5.47131e-17
0.00523441
1.0243e-17
0.00523441
2.80434e-16
0.00523441
2.75856e-16
0.00523441
6.4808e-16
0.00523441
7.80445e-16
0.00523441
1.21508e-15
0.00523441
1.45427e-15
0.00523441
2.04635e-15
0.00523441
2.1648e-15
0.00523441
3.11077e-15
0.00523441
3.27702e-15
0.00523441
4.16512e-15
0.00523441
4.45813e-15
0.00523441
5.24328e-15
0.00523441
6.73519e-15
0.00523441
8.50333e-15
0.00523441
1.06259e-14
0.00523441
1.23853e-14
0.00523441
1.43378e-14
0.00523441
1.67037e-14
0.00523441
1.81231e-14
0.00523441
2.09205e-14
0.00523441
2.34392e-14
0.00523441
2.52504e-14
0.00523441
2.8116e-14
0.00523441
2.84369e-14
0.00523441
2.92126e-14
1.70983e-14
0.0051631
0.000625095
0.00521607
0.000228178
0.00523574
9.0711e-05
0.00523707
5.28593e-06
0.0052347
-9.57991e-06
0.00523502
4.91111e-07
0.00523412
-3.6663e-06
0.00523459
1.82419e-06
0.00523428
-1.23547e-06
0.00523449
8.54831e-07
0.00523436
-5.23674e-07
0.00523444
3.41599e-07
0.00523439
-2.17162e-07
0.00523442
1.37931e-07
0.0052344
-8.7975e-08
0.00523441
5.58824e-08
0.00523441
-3.55468e-08
0.00523441
2.26003e-08
0.00523441
-1.43682e-08
0.00523441
9.13441e-09
0.00523441
-5.80751e-09
0.00523441
3.69174e-09
0.00523441
-2.34717e-09
0.00523441
1.49205e-09
0.00523441
-9.48622e-10
0.00523441
6.03024e-10
0.00523441
-3.83389e-10
0.00523441
2.43719e-10
0.00523441
-1.54945e-10
0.00523441
9.85029e-11
0.00523441
-6.26193e-11
0.00523441
3.98128e-11
0.00523441
-2.53061e-11
0.00523441
1.60916e-11
0.00523441
-1.02266e-11
0.00523441
6.50376e-12
0.00523441
-4.13324e-12
0.00523441
2.62859e-12
0.00523441
-1.67036e-12
0.00523441
1.06245e-12
0.00523441
-6.74905e-13
0.00523441
4.29489e-13
0.00523441
-2.72786e-13
0.00523441
1.73598e-13
0.00523441
-1.102e-13
0.00523441
7.02516e-14
0.00523441
-4.45045e-14
0.00523441
2.83368e-14
0.00523441
-1.78746e-14
0.00523441
1.15203e-14
0.00523441
-7.27134e-15
0.00523441
4.56908e-15
0.00523441
-2.96924e-15
0.00523441
2.0846e-15
0.00523441
-1.01558e-15
0.00523441
7.23828e-16
0.00523441
-5.17677e-16
0.00523441
2.90799e-16
0.00523441
1.22334e-16
0.00523441
1.10313e-16
0.00523441
2.46589e-17
0.00523441
3.75279e-17
0.00523441
-1.54242e-16
0.00523441
6.60324e-17
0.00523441
5.1643e-17
0.00523441
4.18492e-17
0.00523441
-9.0321e-17
0.00523441
-6.51911e-17
0.00523441
1.56274e-16
0.00523441
1.45419e-18
0.00523441
1.32675e-16
0.00523441
7.29198e-17
0.00523441
2.67884e-17
0.00523441
2.7682e-16
0.00523441
3.09876e-16
0.00523441
6.87441e-16
0.00523441
7.65139e-16
0.00523441
1.1986e-15
0.00523441
1.47983e-15
0.00523441
2.07865e-15
0.00523441
2.17019e-15
0.00523441
3.15704e-15
0.00523441
3.35724e-15
0.00523441
4.22335e-15
0.00523441
4.56944e-15
0.00523441
5.40739e-15
0.00523441
6.84651e-15
0.00523441
8.60906e-15
0.00523441
1.06022e-14
0.00523441
1.23777e-14
0.00523441
1.42787e-14
0.00523441
1.66218e-14
0.00523441
1.82905e-14
0.00523441
2.10499e-14
0.00523441
2.35563e-14
0.00523441
2.54269e-14
0.00523441
2.83405e-14
0.00523441
2.85772e-14
0.00523441
2.93456e-14
1.72281e-14
0.00515944
0.000465657
0.0052146
0.000173015
0.00523588
6.94279e-05
0.0052372
3.9696e-06
0.00523482
-7.19932e-06
0.00523503
2.78792e-07
0.00523412
-2.75896e-06
0.00523459
1.36204e-06
0.00523428
-9.24589e-07
0.00523449
6.41383e-07
0.00523436
-3.9245e-07
0.00523444
2.56216e-07
0.00523439
-1.6288e-07
0.00523442
1.03451e-07
0.0052344
-6.59899e-08
0.00523442
4.19162e-08
0.00523441
-2.66633e-08
0.00523441
1.69524e-08
0.00523441
-1.07775e-08
0.00523441
6.8517e-09
0.00523441
-4.3562e-09
0.00523441
2.76917e-09
0.00523441
-1.76061e-09
0.00523441
1.11919e-09
0.00523441
-7.11558e-10
0.00523441
4.52328e-10
0.00523441
-2.87578e-10
0.00523441
1.82814e-10
0.00523441
-1.16223e-10
0.00523441
7.38879e-11
0.00523441
-4.69694e-11
0.00523441
2.98644e-11
0.00523441
-1.89812e-11
0.00523441
1.2071e-11
0.00523441
-7.67041e-12
0.00523441
4.87882e-12
0.00523441
-3.10019e-12
0.00523441
1.97183e-12
0.00523441
-1.25276e-12
0.00523441
7.97016e-13
0.00523441
-5.06126e-13
0.00523441
3.22151e-13
0.00523441
-2.04587e-13
0.00523441
1.30223e-13
0.00523441
-8.26094e-14
0.00523441
5.27769e-14
0.00523441
-3.33967e-14
0.00523441
2.12558e-14
0.00523441
-1.33707e-14
0.00523441
8.61802e-15
0.00523441
-5.42873e-15
0.00523441
3.3769e-15
0.00523441
-2.21708e-15
0.00523441
1.59764e-15
0.00523441
-7.58467e-16
0.00523441
5.06833e-16
0.00523441
-3.78703e-16
0.00523441
2.29221e-16
0.00523441
1.76148e-16
0.00523441
1.59101e-16
0.00523441
5.4113e-17
0.00523441
9.89498e-17
0.00523441
-9.40741e-17
0.00523441
6.72886e-17
0.00523441
5.13539e-17
0.00523441
3.80591e-17
0.00523441
-7.31478e-17
0.00523441
-5.28217e-17
0.00523441
1.25102e-16
0.00523441
6.51376e-18
0.00523441
1.24981e-16
0.00523441
1.10902e-16
0.00523441
-4.24596e-19
0.00523441
2.75392e-16
0.00523441
3.54861e-16
0.00523441
6.50649e-16
0.00523441
7.66189e-16
0.00523441
1.22788e-15
0.00523441
1.44142e-15
0.00523441
2.04156e-15
0.00523441
2.18105e-15
0.00523441
3.19043e-15
0.00523441
3.37461e-15
0.00523441
4.25345e-15
0.00523441
4.62653e-15
0.00523441
5.44328e-15
0.00523441
6.88536e-15
0.00523441
8.65801e-15
0.00523441
1.05094e-14
0.00523441
1.23011e-14
0.00523441
1.41135e-14
0.00523441
1.63934e-14
0.00523441
1.81817e-14
0.00523441
2.08132e-14
0.00523441
2.33458e-14
0.00523441
2.52326e-14
0.00523441
2.82184e-14
0.00523441
2.84835e-14
0.00523441
2.92246e-14
1.71686e-14
0.00515672
0.000308939
0.0052135
0.000116232
0.00523598
4.69466e-05
0.0052373
2.65092e-06
0.00523491
-4.80621e-06
0.00523504
1.42978e-07
0.00523413
-1.84377e-06
0.00523459
9.05085e-07
0.00523428
-6.15423e-07
0.00523449
4.27713e-07
0.00523436
-2.61486e-07
0.00523444
1.70818e-07
0.00523439
-1.08591e-07
0.00523442
6.89687e-08
0.0052344
-4.39974e-08
0.00523442
2.79463e-08
0.00523441
-1.77771e-08
0.00523441
1.13026e-08
0.00523441
-7.18568e-09
0.00523441
4.56822e-09
0.00523441
-2.9044e-09
0.00523441
1.84629e-09
0.00523441
-1.17384e-09
0.00523441
7.46195e-10
0.00523441
-4.74415e-10
0.00523441
3.01582e-10
0.00523441
-1.91735e-10
0.00523441
1.21889e-10
0.00523441
-7.74876e-11
0.00523441
4.92646e-11
0.00523441
-3.13144e-11
0.00523441
1.99127e-11
0.00523441
-1.26542e-11
0.00523441
8.04885e-12
0.00523441
-5.11337e-12
0.00523441
3.25321e-12
0.00523441
-2.06669e-12
0.00523441
1.31482e-12
0.00523441
-8.35081e-13
0.00523441
5.31526e-13
0.00523441
-3.37403e-13
0.00523441
2.14868e-13
0.00523441
-1.36372e-13
0.00523441
8.68889e-14
0.00523441
-5.50106e-14
0.00523441
3.52127e-14
0.00523441
-2.22578e-14
0.00523441
1.41304e-14
0.00523441
-8.83369e-15
0.00523441
5.82329e-15
0.00523441
-3.60981e-15
0.00523441
2.22511e-15
0.00523441
-1.40108e-15
0.00523441
1.18311e-15
0.00523441
-4.7269e-16
0.00523441
3.16394e-16
0.00523441
-2.15728e-16
0.00523441
2.05691e-16
0.00523441
1.99707e-16
0.00523441
1.21397e-16
0.00523441
3.96619e-17
0.00523441
9.05972e-17
0.00523441
-3.80248e-17
0.00523441
2.39156e-17
0.00523441
2.45072e-17
0.00523441
9.73408e-17
0.00523441
-4.35528e-17
0.00523441
-3.72286e-17
0.00523441
1.39266e-16
0.00523441
1.03149e-17
0.00523441
1.32962e-16
0.00523441
9.63361e-17
0.00523441
2.21275e-17
0.00523441
2.84135e-16
0.00523441
3.53024e-16
0.00523441
6.56401e-16
0.00523441
7.53625e-16
0.00523441
1.24876e-15
0.00523441
1.41435e-15
0.00523441
2.0168e-15
0.00523441
2.1506e-15
0.00523441
3.22076e-15
0.00523441
3.35769e-15
0.00523441
4.21863e-15
0.00523441
4.59921e-15
0.00523441
5.36607e-15
0.00523441
6.82484e-15
0.00523441
8.64011e-15
0.00523441
1.03125e-14
0.00523441
1.20877e-14
0.00523441
1.38648e-14
0.00523441
1.60942e-14
0.00523441
1.79021e-14
0.00523441
2.04038e-14
0.00523441
2.28122e-14
0.00523441
2.46054e-14
0.00523441
2.76855e-14
0.00523441
2.79441e-14
0.00523441
2.86848e-14
1.69123e-14
0.00515492
0.000154022
0.00521277
5.83809e-05
0.00523604
2.36712e-05
0.00523737
1.32721e-06
0.00523497
-2.40507e-06
0.00523505
5.85746e-08
0.00523413
-9.23236e-07
0.00523458
4.51652e-07
0.00523428
-3.07419e-07
0.00523449
2.13894e-07
0.00523436
-1.30698e-07
0.00523444
8.54114e-08
0.00523439
-5.42966e-08
0.00523442
3.44847e-08
0.0052344
-2.19999e-08
0.00523442
1.39738e-08
0.00523441
-8.88903e-09
0.00523441
5.65163e-09
0.00523441
-3.59304e-09
0.00523441
2.28424e-09
0.00523441
-1.45228e-09
0.00523441
9.23198e-10
0.00523441
-5.86952e-10
0.00523441
3.7312e-10
0.00523441
-2.37219e-10
0.00523441
1.50801e-10
0.00523441
-9.58713e-11
0.00523441
6.09501e-11
0.00523441
-3.87438e-11
0.00523441
2.46358e-11
0.00523441
-1.5656e-11
0.00523441
9.95873e-12
0.00523441
-6.3258e-12
0.00523441
4.02591e-12
0.00523441
-2.55578e-12
0.00523441
1.62728e-12
0.00523441
-1.03296e-12
0.00523441
6.57707e-13
0.00523441
-4.17339e-13
0.00523441
2.65938e-13
0.00523441
-1.68603e-13
0.00523441
1.07579e-13
0.00523441
-6.81771e-14
0.00523441
4.35007e-14
0.00523441
-2.74367e-14
0.00523441
1.76404e-14
0.00523441
-1.10838e-14
0.00523441
7.11213e-15
0.00523441
-4.31073e-15
0.00523441
2.88134e-15
0.00523441
-1.79654e-15
0.00523441
1.002e-15
0.00523441
-7.04875e-16
0.00523441
6.87089e-16
0.00523441
-2.32934e-16
0.00523441
1.35714e-16
0.00523441
-1.00383e-16
0.00523441
1.37363e-16
0.00523441
1.80662e-16
0.00523441
6.54478e-17
0.00523441
6.13492e-17
0.00523441
8.20595e-17
0.00523441
-3.3705e-17
0.00523441
1.29472e-17
0.00523441
4.3628e-18
0.00523441
8.49764e-17
0.00523441
-7.01928e-17
0.00523441
-1.68577e-17
0.00523441
1.05782e-16
0.00523441
-2.39259e-17
0.00523441
1.02317e-16
0.00523441
1.08693e-16
0.00523441
3.19656e-18
0.00523441
2.5742e-16
0.00523441
3.89441e-16
0.00523441
6.34032e-16
0.00523441
6.79618e-16
0.00523441
1.18219e-15
0.00523441
1.35511e-15
0.00523441
1.97791e-15
0.00523441
2.0618e-15
0.00523441
3.14042e-15
0.00523441
3.29591e-15
0.00523441
4.11477e-15
0.00523441
4.48241e-15
0.00523441
5.22541e-15
0.00523441
6.65187e-15
0.00523441
8.52772e-15
0.00523441
9.96315e-15
0.00523441
1.17443e-14
0.00523441
1.34873e-14
0.00523441
1.56218e-14
0.00523441
1.74428e-14
0.00523441
1.97559e-14
0.00523441
2.20809e-14
0.00523441
2.38404e-14
0.00523441
2.68259e-14
0.00523441
2.70957e-14
0.00523441
2.77459e-14
1.641e-14
0.00515402
1.12697e-12
0.0052124
1.20734e-13
0.00523607
-4.16926e-13
0.0052374
-6.00084e-13
0.005235
-4.33571e-13
0.00523505
-9.46172e-14
0.00523413
1.60362e-13
0.00523458
2.08013e-13
0.00523428
1.00675e-13
0.00523449
-4.7186e-14
0.00523436
-1.40547e-13
0.00523444
-1.55833e-13
0.00523439
-1.20766e-13
0.00523442
-7.36899e-14
0.0052344
-3.84383e-14
0.00523442
-1.90283e-14
0.00523441
-9.32718e-15
0.00523441
-3.77671e-15
0.00523441
6.31058e-16
0.00523441
3.99177e-15
0.00523441
6.33247e-15
0.00523441
7.06902e-15
0.00523441
6.27012e-15
0.00523441
4.53388e-15
0.00523441
3.44547e-15
0.00523441
3.58246e-15
0.00523441
3.28963e-15
0.00523441
4.26971e-15
0.00523441
4.36855e-15
0.00523441
4.18091e-15
0.00523441
4.18542e-15
0.00523441
3.65993e-15
0.00523441
3.3337e-15
0.00523441
2.3921e-15
0.00523441
2.07999e-15
0.00523441
1.15185e-15
0.00523441
8.57303e-16
0.00523441
5.30961e-16
0.00523441
4.84452e-16
0.00523441
2.87272e-16
0.00523441
2.84204e-16
0.00523441
2.05173e-16
0.00523441
1.05135e-16
0.00523441
1.4736e-16
0.00523441
1.74103e-16
0.00523441
5.99827e-17
0.00523441
4.50528e-17
0.00523441
2.89711e-17
0.00523441
1.69445e-16
0.00523441
7.29137e-17
0.00523441
6.88732e-17
0.00523441
-7.33213e-17
0.00523441
4.04111e-17
0.00523441
2.07737e-16
0.00523441
3.8987e-17
0.00523441
-3.52724e-17
0.00523441
5.82488e-17
0.00523441
3.31932e-17
0.00523441
1.99737e-16
0.00523441
4.38944e-17
0.00523441
8.87775e-17
0.00523441
1.16828e-16
0.00523441
-3.20896e-17
0.00523441
4.37856e-17
0.00523441
5.87678e-17
0.00523441
7.93127e-17
0.00523441
-3.53429e-17
0.00523441
-1.08247e-17
0.00523441
1.08657e-16
0.00523441
-4.49912e-17
0.00523441
1.47256e-16
0.00523441
1.33775e-16
0.00523441
2.3465e-17
0.00523441
2.54662e-16
0.00523441
4.03284e-16
0.00523441
5.96668e-16
0.00523441
6.4656e-16
0.00523441
1.11058e-15
0.00523441
1.28093e-15
0.00523441
1.89652e-15
0.00523441
1.98826e-15
0.00523441
3.01573e-15
0.00523441
3.23216e-15
0.00523441
3.93342e-15
0.00523441
4.28174e-15
0.00523441
5.02673e-15
0.00523441
6.3877e-15
0.00523441
8.30808e-15
0.00523441
9.53121e-15
0.00523441
1.12497e-14
0.00523441
1.28922e-14
0.00523441
1.49642e-14
0.00523441
1.68144e-14
0.00523441
1.88724e-14
0.00523441
2.11317e-14
0.00523441
2.28314e-14
0.00523441
2.56276e-14
0.00523441
2.59821e-14
0.00523441
2.65489e-14
1.58018e-14
0.00515402
-0.000154022
0.0052124
-5.83809e-05
0.00523607
-2.36712e-05
0.0052374
-1.32721e-06
0.005235
2.40506e-06
0.00523505
-5.85748e-08
0.00523413
9.23236e-07
0.00523458
-4.51651e-07
0.00523428
3.07419e-07
0.00523449
-2.13894e-07
0.00523436
1.30698e-07
0.00523444
-8.54117e-08
0.00523439
5.42963e-08
0.00523442
-3.44848e-08
0.0052344
2.19999e-08
0.00523442
-1.39738e-08
0.00523441
8.88901e-09
0.00523441
-5.65164e-09
0.00523441
3.59304e-09
0.00523441
-2.28423e-09
0.00523441
1.45229e-09
0.00523441
-9.23184e-10
0.00523441
5.86964e-10
0.00523441
-3.73111e-10
0.00523441
2.37226e-10
0.00523441
-1.50794e-10
0.00523441
9.58778e-11
0.00523441
-6.09416e-11
0.00523441
3.87524e-11
0.00523441
-2.46274e-11
0.00523441
1.56643e-11
0.00523441
-9.95146e-12
0.00523441
6.33246e-12
0.00523441
-4.02103e-12
0.00523441
2.55991e-12
0.00523441
-1.62494e-12
0.00523441
1.03461e-12
0.00523441
-6.56632e-13
0.00523441
4.18285e-13
0.00523441
-2.65289e-13
0.00523441
1.69155e-13
0.00523441
-1.07153e-13
0.00523441
6.83496e-14
0.00523441
-4.32453e-14
0.00523441
2.77497e-14
0.00523441
-1.74813e-14
0.00523441
1.12143e-14
0.00523441
-7.076e-15
0.00523441
4.73538e-15
0.00523441
-2.78021e-15
0.00523441
1.86015e-15
0.00523441
-1.19618e-15
0.00523441
8.11491e-16
0.00523441
-2.72204e-16
0.00523441
3.67012e-16
0.00523441
-1.86308e-16
0.00523441
2.20093e-16
0.00523441
-4.95151e-17
0.00523441
2.82225e-16
0.00523441
6.03769e-18
0.00523441
8.76525e-17
0.00523441
1.13223e-16
0.00523441
-2.9965e-17
0.00523441
8.75619e-17
0.00523441
1.54723e-16
0.00523441
7.10868e-17
0.00523441
-3.99614e-17
0.00523441
2.20957e-17
0.00523441
9.80041e-17
0.00523441
-6.29727e-17
0.00523441
1.49303e-16
0.00523441
1.37126e-16
0.00523441
7.94308e-17
0.00523441
2.64642e-16
0.00523441
4.08488e-16
0.00523441
5.64414e-16
0.00523441
6.45416e-16
0.00523441
9.89568e-16
0.00523441
1.23704e-15
0.00523441
1.81496e-15
0.00523441
1.93793e-15
0.00523441
2.84775e-15
0.00523441
3.14132e-15
0.00523441
3.73799e-15
0.00523441
4.02058e-15
0.00523441
4.78749e-15
0.00523441
6.07646e-15
0.00523441
8.01579e-15
0.00523441
9.06893e-15
0.00523441
1.06879e-14
0.00523441
1.22049e-14
0.00523441
1.42108e-14
0.00523441
1.60898e-14
0.00523441
1.78793e-14
0.00523441
2.00695e-14
0.00523441
2.17351e-14
0.00523441
2.43085e-14
0.00523441
2.47256e-14
0.00523441
2.527e-14
1.51736e-14
0.00515492
-0.000308939
0.00521277
-0.000116232
0.00523604
-4.69466e-05
0.00523737
-2.65092e-06
0.00523497
4.80621e-06
0.00523505
-1.42978e-07
0.00523413
1.84377e-06
0.00523458
-9.05084e-07
0.00523428
6.15424e-07
0.00523449
-4.27713e-07
0.00523436
2.61486e-07
0.00523444
-1.70819e-07
0.00523439
1.0859e-07
0.00523442
-6.89688e-08
0.0052344
4.39973e-08
0.00523442
-2.79463e-08
0.00523441
1.77771e-08
0.00523441
-1.13026e-08
0.00523441
7.18568e-09
0.00523441
-4.56821e-09
0.00523441
2.90441e-09
0.00523441
-1.84627e-09
0.00523441
1.17386e-09
0.00523441
-7.46186e-10
0.00523441
4.74422e-10
0.00523441
-3.01575e-10
0.00523441
1.91742e-10
0.00523441
-1.21881e-10
0.00523441
7.74962e-11
0.00523441
-4.92564e-11
0.00523441
3.13228e-11
0.00523441
-1.99055e-11
0.00523441
1.26609e-11
0.00523441
-8.04411e-12
0.00523441
5.11754e-12
0.00523441
-3.25089e-12
0.00523441
2.06827e-12
0.00523441
-1.31383e-12
0.00523441
8.36021e-13
0.00523441
-5.30829e-13
0.00523441
3.38075e-13
0.00523441
-2.14472e-13
0.00523441
1.36568e-13
0.00523441
-8.65477e-14
0.00523441
5.53261e-14
0.00523441
-3.50204e-14
0.00523441
2.23549e-14
0.00523441
-1.42036e-14
0.00523441
9.13147e-15
0.00523441
-5.70429e-15
0.00523441
3.697e-15
0.00523441
-2.34457e-15
0.00523441
1.55692e-15
0.00523441
-7.98065e-16
0.00523441
6.05318e-16
0.00523441
-3.70184e-16
0.00523441
3.92535e-16
0.00523441
-1.2147e-16
0.00523441
3.57321e-16
0.00523441
2.72041e-17
0.00523441
1.14803e-16
0.00523441
5.70632e-17
0.00523441
-3.92482e-17
0.00523441
1.07543e-16
0.00523441
1.50177e-16
0.00523441
6.4701e-17
0.00523441
-3.39365e-17
0.00523441
4.6792e-17
0.00523441
8.74266e-17
0.00523441
-7.28598e-17
0.00523441
1.26175e-16
0.00523441
2.10841e-16
0.00523441
9.42679e-17
0.00523441
1.71703e-16
0.00523441
3.62378e-16
0.00523441
5.73793e-16
0.00523441
6.15331e-16
0.00523441
9.10063e-16
0.00523441
1.15967e-15
0.00523441
1.70015e-15
0.00523441
1.83183e-15
0.00523441
2.68994e-15
0.00523441
3.02376e-15
0.00523441
3.50695e-15
0.00523441
3.76066e-15
0.00523441
4.47911e-15
0.00523441
5.70517e-15
0.00523441
7.70639e-15
0.00523441
8.59783e-15
0.00523441
1.01193e-14
0.00523441
1.15358e-14
0.00523441
1.34172e-14
0.00523441
1.53293e-14
0.00523441
1.68682e-14
0.00523441
1.89113e-14
0.00523441
2.05664e-14
0.00523441
2.29741e-14
0.00523441
2.34614e-14
0.00523441
2.39672e-14
1.4496e-14
0.00515672
-0.000465657
0.0052135
-0.000173015
0.00523598
-6.94279e-05
0.0052373
-3.96961e-06
0.00523491
7.19932e-06
0.00523504
-2.78792e-07
0.00523413
2.75897e-06
0.00523459
-1.36204e-06
0.00523428
9.24589e-07
0.00523449
-6.41383e-07
0.00523436
3.9245e-07
0.00523444
-2.56216e-07
0.00523439
1.6288e-07
0.00523442
-1.03451e-07
0.0052344
6.59898e-08
0.00523442
-4.19163e-08
0.00523441
2.66633e-08
0.00523441
-1.69524e-08
0.00523441
1.07775e-08
0.00523441
-6.85169e-09
0.00523441
4.35621e-09
0.00523441
-2.76915e-09
0.00523441
1.76062e-09
0.00523441
-1.11918e-09
0.00523441
7.11565e-10
0.00523441
-4.52322e-10
0.00523441
2.87584e-10
0.00523441
-1.82806e-10
0.00523441
1.16231e-10
0.00523441
-7.38799e-11
0.00523441
4.69777e-11
0.00523441
-2.98572e-11
0.00523441
1.89878e-11
0.00523441
-1.20662e-11
0.00523441
7.6746e-12
0.00523441
-4.8764e-12
0.00523441
3.10168e-12
0.00523441
-1.97084e-12
0.00523441
1.25364e-12
0.00523441
-7.96347e-13
0.00523441
5.06856e-13
0.00523441
-3.21848e-13
0.00523441
2.04693e-13
0.00523441
-1.29955e-13
0.00523441
8.28723e-14
0.00523441
-5.25576e-14
0.00523441
3.35275e-14
0.00523441
-2.12335e-14
0.00523441
1.36298e-14
0.00523441
-8.57469e-15
0.00523441
5.53621e-15
0.00523441
-3.50801e-15
0.00523441
2.2871e-15
0.00523441
-1.31578e-15
0.00523441
8.98701e-16
0.00523441
-5.12982e-16
0.00523441
5.16219e-16
0.00523441
-1.98361e-16
0.00523441
3.29648e-16
0.00523441
-2.43276e-17
0.00523441
9.5381e-17
0.00523441
4.74463e-17
0.00523441
-3.82026e-18
0.00523441
1.03843e-17
0.00523441
1.50287e-16
0.00523441
4.51458e-17
0.00523441
-1.85808e-17
0.00523441
6.79964e-17
0.00523441
1.26975e-17
0.00523441
-7.81623e-17
0.00523441
1.20303e-16
0.00523441
2.36715e-16
0.00523441
1.41136e-16
0.00523441
1.18698e-16
0.00523441
3.01312e-16
0.00523441
5.81276e-16
0.00523441
5.77875e-16
0.00523441
8.12084e-16
0.00523441
1.02364e-15
0.00523441
1.64931e-15
0.00523441
1.72855e-15
0.00523441
2.50945e-15
0.00523441
2.87893e-15
0.00523441
3.28098e-15
0.00523441
3.53503e-15
0.00523441
4.16095e-15
0.00523441
5.35138e-15
0.00523441
7.32081e-15
0.00523441
8.11761e-15
0.00523441
9.52489e-15
0.00523441
1.08349e-14
0.00523441
1.26247e-14
0.00523441
1.45352e-14
0.00523441
1.58718e-14
0.00523441
1.77402e-14
0.00523441
1.9337e-14
0.00523441
2.1691e-14
0.00523441
2.21692e-14
0.00523441
2.26145e-14
1.38382e-14
0.00515944
-0.000625095
0.0052146
-0.000228178
0.00523588
-9.0711e-05
0.0052372
-5.28593e-06
0.00523482
9.57991e-06
0.00523503
-4.91111e-07
0.00523412
3.6663e-06
0.00523459
-1.82419e-06
0.00523428
1.23547e-06
0.00523449
-8.54831e-07
0.00523436
5.23674e-07
0.00523444
-3.41599e-07
0.00523439
2.17162e-07
0.00523442
-1.37931e-07
0.0052344
8.79749e-08
0.00523442
-5.58824e-08
0.00523441
3.55467e-08
0.00523441
-2.26003e-08
0.00523441
1.43682e-08
0.00523441
-9.1344e-09
0.00523441
5.80752e-09
0.00523441
-3.69173e-09
0.00523441
2.34718e-09
0.00523441
-1.49204e-09
0.00523441
9.48628e-10
0.00523441
-6.03018e-10
0.00523441
3.83395e-10
0.00523441
-2.43711e-10
0.00523441
1.54953e-10
0.00523441
-9.84951e-11
0.00523441
6.26272e-11
0.00523441
-3.98058e-11
0.00523441
2.53126e-11
0.00523441
-1.6087e-11
0.00523441
1.02307e-11
0.00523441
-6.5015e-12
0.00523441
4.13475e-12
0.00523441
-2.62764e-12
0.00523441
1.6711e-12
0.00523441
-1.06178e-12
0.00523441
6.75586e-13
0.00523441
-4.29188e-13
0.00523441
2.72931e-13
0.00523441
-1.73222e-13
0.00523441
1.10459e-13
0.00523441
-7.01032e-14
0.00523441
4.46754e-14
0.00523441
-2.8306e-14
0.00523441
1.80923e-14
0.00523441
-1.1389e-14
0.00523441
7.36697e-15
0.00523441
-4.70113e-15
0.00523441
3.07668e-15
0.00523441
-1.86898e-15
0.00523441
1.15467e-15
0.00523441
-6.70538e-16
0.00523441
6.5147e-16
0.00523441
-2.06304e-16
0.00523441
2.90053e-16
0.00523441
-3.17135e-17
0.00523441
7.01027e-17
0.00523441
1.68335e-17
0.00523441
6.34592e-17
0.00523441
-3.23342e-17
0.00523441
8.84712e-17
0.00523441
9.32897e-17
0.00523441
-1.25308e-17
0.00523441
8.15172e-17
0.00523441
-4.53967e-17
0.00523441
-7.55811e-17
0.00523441
1.17154e-16
0.00523441
2.19287e-16
0.00523441
1.47917e-16
0.00523441
5.59393e-17
0.00523441
2.29807e-16
0.00523441
5.85606e-16
0.00523441
5.75939e-16
0.00523441
7.38341e-16
0.00523441
8.77515e-16
0.00523441
1.53942e-15
0.00523441
1.63585e-15
0.00523441
2.34257e-15
0.00523441
2.71663e-15
0.00523441
3.06033e-15
0.00523441
3.29412e-15
0.00523441
3.88589e-15
0.00523441
5.00537e-15
0.00523441
6.883e-15
0.00523441
7.63911e-15
0.00523441
8.9432e-15
0.00523441
1.01265e-14
0.00523441
1.18388e-14
0.00523441
1.37241e-14
0.00523441
1.48608e-14
0.00523441
1.65831e-14
0.00523441
1.81366e-14
0.00523441
2.03819e-14
0.00523441
2.07995e-14
0.00523441
2.13008e-14
1.31868e-14
0.0051631
-0.000788195
0.00521607
-0.000281149
0.00523574
-0.000110384
0.00523707
-6.60853e-06
0.0052347
1.1943e-05
0.00523502
-8.04271e-07
0.00523412
4.56345e-06
0.00523459
-2.29307e-06
0.00523428
1.54858e-06
0.00523449
-1.06799e-06
0.00523436
6.55231e-07
0.00523444
-4.26963e-07
0.00523439
2.71434e-07
0.00523442
-1.72407e-07
0.0052344
1.0995e-07
0.00523441
-6.98434e-08
0.00523441
4.44264e-08
0.00523441
-2.82457e-08
0.00523441
1.79574e-08
0.00523441
-1.14161e-08
0.00523441
7.25819e-09
0.00523441
-4.61389e-09
0.00523441
2.93349e-09
0.00523441
-1.86474e-09
0.00523441
1.18559e-09
0.00523441
-7.53647e-10
0.00523441
4.79162e-10
0.00523441
-3.04588e-10
0.00523441
1.93658e-10
0.00523441
-1.23099e-10
0.00523441
7.82699e-11
0.00523441
-4.97497e-11
0.00523441
3.16346e-11
0.00523441
-2.0106e-11
0.00523441
1.27857e-11
0.00523441
-8.12575e-12
0.00523441
5.16739e-12
0.00523441
-3.2841e-12
0.00523441
2.08849e-12
0.00523441
-1.32706e-12
0.00523441
8.44308e-13
0.00523441
-5.36418e-13
0.00523441
3.41048e-13
0.00523441
-2.16642e-13
0.00523441
1.38096e-13
0.00523441
-8.75682e-14
0.00523441
5.58116e-14
0.00523441
-3.53507e-14
0.00523441
2.25396e-14
0.00523441
-1.42016e-14
0.00523441
9.16614e-15
0.00523441
-5.84918e-15
0.00523441
3.87569e-15
0.00523441
-2.32438e-15
0.00523441
1.42562e-15
0.00523441
-8.64201e-16
0.00523441
7.9659e-16
0.00523441
-3.31856e-16
0.00523441
2.86856e-16
0.00523441
-4.62006e-17
0.00523441
5.80927e-17
0.00523441
-4.80199e-17
0.00523441
1.19708e-16
0.00523441
-5.62496e-17
0.00523441
5.62435e-17
0.00523441
9.13933e-17
0.00523441
-1.92939e-18
0.00523441
5.59438e-17
0.00523441
-4.18291e-17
0.00523441
-7.36438e-17
0.00523441
9.55994e-17
0.00523441
2.10954e-16
0.00523441
2.085e-16
0.00523441
2.0782e-17
0.00523441
2.25655e-16
0.00523441
5.63421e-16
0.00523441
5.59254e-16
0.00523441
6.53514e-16
0.00523441
7.68251e-16
0.00523441
1.44725e-15
0.00523441
1.56135e-15
0.00523441
2.18396e-15
0.00523441
2.5754e-15
0.00523441
2.82291e-15
0.00523441
3.07078e-15
0.00523441
3.59581e-15
0.00523441
4.68056e-15
0.00523441
6.43728e-15
0.00523441
7.15908e-15
0.00523441
8.32775e-15
0.00523441
9.38929e-15
0.00523441
1.10446e-14
0.00523441
1.29168e-14
0.00523441
1.38342e-14
0.00523441
1.54189e-14
0.00523441
1.69451e-14
0.00523441
1.90991e-14
0.00523441
1.94537e-14
0.00523441
1.99427e-14
1.25066e-14
0.00516773
-0.00095593
0.00521791
-0.000331326
0.00523555
-0.000128026
0.0052369
-7.9541e-06
0.00523456
1.42829e-05
0.005235
-1.24156e-06
0.00523411
5.44832e-06
0.00523459
-2.77008e-06
0.00523427
1.86439e-06
0.00523449
-1.28079e-06
0.00523435
7.87186e-07
0.00523444
-5.12301e-07
0.00523439
3.25692e-07
0.00523442
-2.06878e-07
0.0052344
1.31913e-07
0.00523441
-8.37979e-08
0.0052344
5.33013e-08
0.00523441
-3.3888e-08
0.00523441
2.15445e-08
0.00523441
-1.36965e-08
0.00523441
8.70805e-09
0.00523441
-5.53554e-09
0.00523441
3.51946e-09
0.00523441
-2.23723e-09
0.00523441
1.42241e-09
0.00523441
-9.04191e-10
0.00523441
5.74876e-10
0.00523441
-3.65432e-10
0.00523441
2.32342e-10
0.00523441
-1.4769e-10
0.00523441
9.39038e-11
0.00523441
-5.96882e-11
0.00523441
3.7953e-11
0.00523441
-2.41227e-11
0.00523441
1.53393e-11
0.00523441
-9.74923e-12
0.00523441
6.19934e-12
0.00523441
-3.94034e-12
0.00523441
2.50548e-12
0.00523441
-1.59217e-12
0.00523441
1.01287e-12
0.00523441
-6.43668e-13
0.00523441
4.09159e-13
0.00523441
-2.6002e-13
0.00523441
1.65553e-13
0.00523441
-1.05075e-13
0.00523441
6.69531e-14
0.00523441
-4.2417e-14
0.00523441
2.70775e-14
0.00523441
-1.70742e-14
0.00523441
1.09412e-14
0.00523441
-7.04824e-15
0.00523441
4.51786e-15
0.00523441
-2.76049e-15
0.00523441
1.64629e-15
0.00523441
-1.05939e-15
0.00523441
9.18631e-16
0.00523441
-4.13294e-16
0.00523441
3.88638e-16
0.00523441
-7.7752e-17
0.00523441
7.54802e-17
0.00523441
-3.99805e-17
0.00523441
1.93482e-16
0.00523441
-1.1147e-16
0.00523441
4.68848e-17
0.00523441
7.84933e-17
0.00523441
-2.00504e-17
0.00523441
3.91658e-17
0.00523441
-8.02627e-17
0.00523441
-9.52267e-17
0.00523441
7.74115e-17
0.00523441
2.0482e-16
0.00523441
1.98505e-16
0.00523441
9.70853e-18
0.00523441
1.75583e-16
0.00523441
5.25811e-16
0.00523441
5.18653e-16
0.00523441
6.18886e-16
0.00523441
7.2624e-16
0.00523441
1.3472e-15
0.00523441
1.48452e-15
0.00523441
2.04096e-15
0.00523441
2.41149e-15
0.00523441
2.65068e-15
0.00523441
2.86608e-15
0.00523441
3.34204e-15
0.00523441
4.35702e-15
0.00523441
6.02627e-15
0.00523441
6.67334e-15
0.00523441
7.73856e-15
0.00523441
8.66922e-15
0.00523441
1.02706e-14
0.00523441
1.20512e-14
0.00523441
1.28096e-14
0.00523441
1.42844e-14
0.00523441
1.57152e-14
0.00523441
1.78113e-14
0.00523441
1.81579e-14
0.00523441
1.85419e-14
1.17276e-14
0.00517336
-0.00112929
0.00522012
-0.00037808
0.00523531
-0.000143214
0.0052367
-9.34639e-06
0.00523439
1.65931e-05
0.00523497
-1.82488e-06
0.0052341
6.31911e-06
0.00523459
-3.25645e-06
0.00523427
2.18331e-06
0.00523448
-1.49318e-06
0.00523435
9.19593e-07
0.00523443
-5.97607e-07
0.00523438
3.79933e-07
0.00523441
-2.41341e-07
0.00523439
1.53861e-07
0.00523441
-9.77444e-08
0.0052344
6.21706e-08
0.0052344
-3.95265e-08
0.0052344
2.51293e-08
0.0052344
-1.59754e-08
0.0052344
1.01569e-08
0.0052344
-6.45656e-09
0.0052344
4.10504e-09
0.0052344
-2.60947e-09
0.0052344
1.65908e-09
0.0052344
-1.05463e-09
0.0052344
6.70525e-10
0.0052344
-4.26234e-10
0.0052344
2.70999e-10
0.0052344
-1.72263e-10
0.0052344
1.09527e-10
0.0052344
-6.962e-11
0.0052344
4.4267e-11
0.0052344
-2.81366e-11
0.0052344
1.78912e-11
0.0052344
-1.13714e-11
0.0052344
7.23076e-12
0.0052344
-4.59595e-12
0.0052344
2.92233e-12
0.0052344
-1.85718e-12
0.0052344
1.18131e-12
0.0052344
-7.50719e-13
0.0052344
4.77236e-13
0.0052344
-3.03283e-13
0.0052344
1.93032e-13
0.0052344
-1.22582e-13
0.0052344
7.80278e-14
0.0052344
-4.94764e-14
0.0052344
3.15533e-14
0.0052344
-2.00122e-14
0.0052344
1.27674e-14
0.0052344
-8.19751e-15
0.0052344
5.27372e-15
0.0052344
-3.28278e-15
0.0052344
1.93517e-15
0.0052344
-1.22643e-15
0.0052344
1.08484e-15
0.0052344
-5.05286e-16
0.0052344
3.90684e-16
0.0052344
-1.17982e-16
0.0052344
1.23893e-16
0.0052344
-5.4609e-17
0.0052344
2.36807e-16
0.0052344
-9.95552e-17
0.0052344
-1.31046e-17
0.0052344
1.03655e-16
0.0052344
1.80309e-17
0.0052344
6.45856e-18
0.0052344
-6.62536e-17
0.0052344
-5.72069e-17
0.0052344
7.24957e-17
0.0052344
2.04882e-16
0.0052344
1.99576e-16
0.0052344
6.77469e-17
0.0052344
9.82674e-17
0.0052344
4.3483e-16
0.0052344
5.19991e-16
0.0052344
5.92624e-16
0.0052344
6.39398e-16
0.0052344
1.26824e-15
0.0052344
1.37061e-15
0.0052344
1.88656e-15
0.0052344
2.23032e-15
0.0052344
2.45534e-15
0.0052344
2.61337e-15
0.0052344
3.0721e-15
0.0052344
4.03527e-15
0.0052344
5.60726e-15
0.0052344
6.18991e-15
0.0052344
7.1584e-15
0.0052344
7.92776e-15
0.0052344
9.46992e-15
0.0052344
1.11684e-14
0.0052344
1.17983e-14
0.0052344
1.31606e-14
0.0052344
1.44938e-14
0.0052344
1.65083e-14
0.0052344
1.68512e-14
0.0052344
1.71508e-14
1.09483e-14
0.00518
-0.0013093
0.00522269
-0.000420768
0.00523499
-0.00015551
0.00523646
-1.08151e-05
0.00523418
1.88668e-05
0.00523493
-2.57437e-06
0.00523408
7.17434e-06
0.00523457
-3.75314e-06
0.00523425
2.5057e-06
0.00523446
-1.7051e-06
0.00523433
1.05249e-06
0.00523441
-6.82875e-07
0.00523436
4.34152e-07
0.0052344
-2.75794e-07
0.00523437
1.75792e-07
0.00523439
-1.11681e-07
0.00523438
7.10331e-08
0.00523438
-4.51606e-08
0.00523438
2.87113e-08
0.00523438
-1.82525e-08
0.00523438
1.16047e-08
0.00523438
-7.37685e-09
0.00523438
4.69015e-09
0.00523438
-2.98141e-09
0.00523438
1.89555e-09
0.00523438
-1.20496e-09
0.00523438
7.66099e-10
0.00523438
-4.86988e-10
0.00523438
3.09625e-10
0.00523438
-1.96818e-10
0.00523438
1.25138e-10
0.00523438
-7.95438e-11
0.00523438
5.05762e-11
0.00523438
-3.21475e-11
0.00523438
2.0441e-11
0.00523438
-1.29925e-11
0.00523438
8.26127e-12
0.00523438
-5.25107e-12
0.00523438
3.33888e-12
0.00523438
-2.12193e-12
0.00523438
1.34967e-12
0.00523438
-8.57778e-13
0.00523438
5.45254e-13
0.00523438
-3.4649e-13
0.00523438
2.20548e-13
0.00523438
-1.40054e-13
0.00523438
8.91868e-14
0.00523438
-5.65211e-14
0.00523438
3.60402e-14
0.00523438
-2.27551e-14
0.00523438
1.45853e-14
0.00523438
-9.31178e-15
0.00523438
5.98991e-15
0.00523438
-3.66814e-15
0.00523438
2.23357e-15
0.00523438
-1.39055e-15
0.00523438
1.16849e-15
0.00523438
-5.50342e-16
0.00523438
4.40625e-16
0.00523438
-1.42726e-16
0.00523438
1.20295e-16
0.00523438
-7.2201e-17
0.00523438
2.84803e-16
0.00523438
-7.96193e-17
0.00523438
-6.69761e-17
0.00523438
1.28603e-16
0.00523438
5.68741e-17
0.00523438
9.42823e-18
0.00523438
-2.78838e-17
0.00523438
-7.09293e-17
0.00523438
8.37868e-17
0.00523438
1.90973e-16
0.00523438
2.27014e-16
0.00523438
1.00102e-16
0.00523438
6.57024e-17
0.00523438
3.34385e-16
0.00523438
5.34845e-16
0.00523438
5.20486e-16
0.00523438
6.06789e-16
0.00523438
1.15864e-15
0.00523438
1.28331e-15
0.00523438
1.72962e-15
0.00523438
2.04762e-15
0.00523438
2.28104e-15
0.00523438
2.37281e-15
0.00523438
2.85069e-15
0.00523438
3.70032e-15
0.00523438
5.15392e-15
0.00523438
5.69443e-15
0.00523438
6.5628e-15
0.00523438
7.23284e-15
0.00523438
8.66974e-15
0.00523438
1.02675e-14
0.00523438
1.08244e-14
0.00523438
1.20682e-14
0.00523438
1.32883e-14
0.00523438
1.51325e-14
0.00523438
1.55423e-14
0.00523438
1.57701e-14
1.01285e-14
0.00518769
-0.00149698
0.00522563
-0.000458714
0.00523457
-0.000164447
0.00523616
-1.24022e-05
0.00523393
2.10959e-05
0.00523486
-3.50806e-06
0.00523402
8.0129e-06
0.00523453
-4.26091e-06
0.0052342
2.8318e-06
0.00523442
-1.9165e-06
0.00523428
1.18589e-06
0.00523437
-7.68092e-07
0.00523431
4.88342e-07
0.00523435
-3.10233e-07
0.00523433
1.97701e-07
0.00523434
-1.25607e-07
0.00523433
7.98876e-08
0.00523434
-5.07894e-08
0.00523433
3.229e-08
0.00523434
-2.05274e-08
0.00523433
1.3051e-08
0.00523434
-8.29628e-09
0.00523433
5.27471e-09
0.00523433
-3.35301e-09
0.00523433
2.1318e-09
0.00523433
-1.35514e-09
0.00523433
8.61582e-10
0.00523433
-5.47685e-10
0.00523433
3.48215e-10
0.00523433
-2.21349e-10
0.00523433
1.40734e-10
0.00523433
-8.94583e-11
0.00523433
5.68793e-11
0.00523433
-3.61544e-11
0.00523433
2.29884e-11
0.00523433
-1.4612e-11
0.00523433
9.29084e-12
0.00523433
-5.90561e-12
0.00523433
3.75498e-12
0.00523433
-2.38645e-12
0.00523433
1.51781e-12
0.00523433
-9.64639e-13
0.00523433
6.13202e-13
0.00523433
-3.89737e-13
0.00523433
2.48034e-13
0.00523433
-1.57469e-13
0.00523433
1.00165e-13
0.00523433
-6.36894e-14
0.00523433
4.05426e-14
0.00523433
-2.56571e-14
0.00523433
1.63489e-14
0.00523433
-1.04942e-14
0.00523433
6.77003e-15
0.00523433
-4.15557e-15
0.00523433
2.52106e-15
0.00523433
-1.58161e-15
0.00523433
1.32897e-15
0.00523433
-6.72236e-16
0.00523433
5.20088e-16
0.00523433
-9.1372e-17
0.00523433
1.61031e-16
0.00523433
-1.11788e-16
0.00523433
3.0501e-16
0.00523433
-5.83444e-17
0.00523433
-5.88972e-17
0.00523433
1.50587e-16
0.00523433
1.0564e-16
0.00523433
1.66615e-17
0.00523433
-3.48323e-17
0.00523433
-4.54057e-17
0.00523433
5.40277e-17
0.00523433
2.33818e-16
0.00523433
2.58311e-16
0.00523433
1.4179e-16
0.00523433
-4.3477e-17
0.00523433
2.81612e-16
0.00523433
5.2875e-16
0.00523433
4.75506e-16
0.00523433
5.58941e-16
0.00523433
1.08997e-15
0.00523433
1.16455e-15
0.00523433
1.55061e-15
0.00523433
1.88805e-15
0.00523433
2.06603e-15
0.00523433
2.13581e-15
0.00523433
2.62048e-15
0.00523433
3.37044e-15
0.00523433
4.69715e-15
0.00523433
5.21064e-15
0.00523433
5.99436e-15
0.00523433
6.50625e-15
0.00523433
7.85705e-15
0.00523433
9.3788e-15
0.00523433
9.81026e-15
0.00523433
1.09571e-14
0.00523433
1.21188e-14
0.00523433
1.3798e-14
0.00523433
1.41832e-14
0.00523433
1.43879e-14
9.3315e-15
0.00519645
-0.00169343
0.00522891
-0.000491175
0.00523399
-0.000169527
0.00523576
-1.41672e-05
0.00523358
2.32713e-05
0.00523471
-4.64139e-06
0.00523389
8.83405e-06
0.00523441
-4.78017e-06
0.00523408
3.16176e-06
0.00523429
-2.12733e-06
0.00523416
1.31981e-06
0.00523425
-8.53245e-07
0.00523419
5.42493e-07
0.00523423
-3.44652e-07
0.0052342
2.19586e-07
0.00523422
-1.39519e-07
0.00523421
8.87323e-08
0.00523421
-5.64118e-08
0.00523421
3.58647e-08
0.00523421
-2.27997e-08
0.00523421
1.44958e-08
0.00523421
-9.21465e-09
0.00523421
5.8586e-09
0.00523421
-3.72417e-09
0.00523421
2.36779e-09
0.00523421
-1.50515e-09
0.00523421
9.56955e-10
0.00523421
-6.08312e-10
0.00523421
3.8676e-10
0.00523421
-2.45851e-10
0.00523421
1.56312e-10
0.00523421
-9.93614e-11
0.00523421
6.31752e-11
0.00523421
-4.01569e-11
0.00523421
2.5533e-11
0.00523421
-1.62296e-11
0.00523421
1.03191e-11
0.00523421
-6.55943e-12
0.00523421
4.17062e-12
0.00523421
-2.65072e-12
0.00523421
1.68586e-12
0.00523421
-1.07135e-12
0.00523421
6.81131e-13
0.00523421
-4.32924e-13
0.00523421
2.75425e-13
0.00523421
-1.7498e-13
0.00523421
1.11311e-13
0.00523421
-7.06755e-14
0.00523421
4.50348e-14
0.00523421
-2.85287e-14
0.00523421
1.81295e-14
0.00523421
-1.15771e-14
0.00523421
7.49393e-15
0.00523421
-4.57587e-15
0.00523421
2.83785e-15
0.00523421
-1.72128e-15
0.00523421
1.39324e-15
0.00523421
-7.57519e-16
0.00523421
6.01992e-16
0.00523421
-1.00679e-16
0.00523421
1.29251e-16
0.00523421
-1.59431e-16
0.00523421
2.87385e-16
0.00523421
-1.70534e-17
0.00523421
-4.97565e-17
0.00523421
1.64917e-16
0.00523421
1.47027e-16
0.00523421
3.40709e-17
0.00523421
-2.19998e-17
0.00523421
-2.31696e-17
0.00523421
3.44697e-17
0.00523421
2.23004e-16
0.00523421
2.23801e-16
0.00523421
1.62325e-16
0.00523421
-4.2733e-17
0.00523421
2.44081e-16
0.00523421
5.01788e-16
0.00523421
4.01401e-16
0.00523421
4.89625e-16
0.00523421
9.87328e-16
0.00523421
1.07978e-15
0.00523421
1.4018e-15
0.00523421
1.68739e-15
0.00523421
1.83132e-15
0.00523421
1.93019e-15
0.00523421
2.42776e-15
0.00523421
3.06017e-15
0.00523421
4.18552e-15
0.00523421
4.70744e-15
0.00523421
5.45477e-15
0.00523421
5.81998e-15
0.00523421
7.0468e-15
0.00523421
8.45036e-15
0.00523421
8.81815e-15
0.00523421
9.86384e-15
0.00523421
1.09474e-14
0.00523421
1.24777e-14
0.00523421
1.27861e-14
0.00523421
1.29744e-14
8.53665e-15
0.00520628
-0.00189971
0.00523242
-0.000517322
0.00523311
-0.000170219
0.00523514
-1.61899e-05
0.00523303
2.53823e-05
0.00523437
-5.98654e-06
0.00523357
9.63726e-06
0.0052341
-5.31094e-06
0.00523376
3.49556e-06
0.00523397
-2.33748e-06
0.00523384
1.45417e-06
0.00523393
-9.38296e-07
0.00523387
5.96581e-07
0.00523391
-3.79036e-07
0.00523388
2.41436e-07
0.0052339
-1.5341e-07
0.00523389
9.75634e-08
0.00523389
-6.20254e-08
0.00523389
3.94337e-08
0.00523389
-2.50685e-08
0.00523389
1.59382e-08
0.00523389
-1.01316e-08
0.00523389
6.44156e-09
0.00523389
-4.09475e-09
0.00523389
2.6034e-09
0.00523389
-1.65492e-09
0.00523389
1.05218e-09
0.00523389
-6.68843e-10
0.00523389
4.25245e-10
0.00523389
-2.70315e-10
0.00523389
1.71866e-10
0.00523389
-1.09249e-10
0.00523389
6.94613e-11
0.00523389
-4.4153e-11
0.00523389
2.80733e-11
0.00523389
-1.78446e-11
0.00523389
1.1346e-11
0.00523389
-7.21213e-12
0.00523389
4.58561e-12
0.00523389
-2.91466e-12
0.00523389
1.85349e-12
0.00523389
-1.17795e-12
0.00523389
7.48902e-13
0.00523389
-4.76024e-13
0.00523389
3.0289e-13
0.00523389
-1.92375e-13
0.00523389
1.22388e-13
0.00523389
-7.77865e-14
0.00523389
4.95852e-14
0.00523389
-3.143e-14
0.00523389
1.98821e-14
0.00523389
-1.27595e-14
0.00523389
8.22769e-15
0.00523389
-5.10246e-15
0.00523389
3.1387e-15
0.00523389
-1.92369e-15
0.00523389
1.49484e-15
0.00523389
-8.50851e-16
0.00523389
6.70984e-16
0.00523389
-1.30561e-16
0.00523389
1.62511e-16
0.00523389
-1.91103e-16
0.00523389
3.17393e-16
0.00523389
-5.08867e-17
0.00523389
-6.49985e-17
0.00523389
1.41725e-16
0.00523389
1.08429e-16
0.00523389
8.6861e-18
0.00523389
-5.30451e-18
0.00523389
-6.31561e-19
0.00523389
4.20292e-18
0.00523389
2.02024e-16
0.00523389
2.26497e-16
0.00523389
1.22818e-16
0.00523389
-2.80741e-17
0.00523389
2.02997e-16
0.00523389
4.69878e-16
0.00523389
3.71244e-16
0.00523389
4.38774e-16
0.00523389
8.88315e-16
0.00523389
9.5376e-16
0.00523389
1.25202e-15
0.00523389
1.47864e-15
0.00523389
1.59164e-15
0.00523389
1.73667e-15
0.00523389
2.22212e-15
0.00523389
2.74447e-15
0.00523389
3.67796e-15
0.00523389
4.19195e-15
0.00523389
4.89082e-15
0.00523389
5.15906e-15
0.00523389
6.28339e-15
0.00523389
7.48234e-15
0.00523389
7.84416e-15
0.00523389
8.78267e-15
0.00523389
9.776e-15
0.00523389
1.11398e-14
0.00523389
1.13983e-14
0.00523389
1.15346e-14
7.67544e-15
0.00521702
-0.00211673
0.00523588
-0.000536183
0.0052316
-0.000165936
0.00523398
-1.85729e-05
0.00523195
2.74164e-05
0.00523351
-7.55129e-06
0.00523273
1.0422e-05
0.00523327
-5.85263e-06
0.00523293
3.83286e-06
0.00523314
-2.54675e-06
0.00523301
1.58884e-06
0.00523309
-1.02316e-06
0.00523304
6.50552e-07
0.00523307
-4.1335e-07
0.00523305
2.63229e-07
0.00523306
-1.67267e-07
0.00523306
1.06372e-07
0.00523306
-6.76245e-08
0.00523306
4.29936e-08
0.00523306
-2.73314e-08
0.00523306
1.73769e-08
0.00523306
-1.10461e-08
0.00523306
7.02302e-09
0.00523306
-4.46437e-09
0.00523306
2.83839e-09
0.00523306
-1.8043e-09
0.00523306
1.14715e-09
0.00523306
-7.29218e-10
0.00523306
4.63629e-10
0.00523306
-2.94716e-10
0.00523306
1.87379e-10
0.00523306
-1.19111e-10
0.00523306
7.5731e-11
0.00523306
-4.81387e-11
0.00523306
3.06073e-11
0.00523306
-1.94554e-11
0.00523306
1.237e-11
0.00523306
-7.8632e-12
0.00523306
4.99952e-12
0.00523306
-3.17779e-12
0.00523306
2.02074e-12
0.00523306
-1.28429e-12
0.00523306
8.16554e-13
0.00523306
-5.1903e-13
0.00523306
3.30231e-13
0.00523306
-2.09729e-13
0.00523306
1.33386e-13
0.00523306
-8.48414e-14
0.00523306
5.39821e-14
0.00523306
-3.41783e-14
0.00523306
2.1692e-14
0.00523306
-1.39074e-14
0.00523306
8.9654e-15
0.00523306
-5.54119e-15
0.00523306
3.49304e-15
0.00523306
-2.09906e-15
0.00523306
1.64191e-15
0.00523306
-9.27766e-16
0.00523306
6.72529e-16
0.00523306
-1.33387e-16
0.00523306
1.93285e-16
0.00523306
-2.06316e-16
0.00523306
3.4102e-16
0.00523306
-1.65238e-17
0.00523306
-5.19917e-17
0.00523306
1.24146e-16
0.00523306
7.62283e-17
0.00523306
-2.27015e-17
0.00523306
1.06588e-17
0.00523306
4.75314e-17
0.00523306
1.27305e-17
0.00523306
1.51114e-16
0.00523306
1.94475e-16
0.00523306
9.57128e-17
0.00523306
-1.16943e-17
0.00523306
1.75472e-16
0.00523306
4.31499e-16
0.00523306
3.04386e-16
0.00523306
3.74477e-16
0.00523306
7.92372e-16
0.00523306
8.20412e-16
0.00523306
1.1657e-15
0.00523306
1.26765e-15
0.00523306
1.36972e-15
0.00523306
1.53339e-15
0.00523306
1.94678e-15
0.00523306
2.43248e-15
0.00523306
3.18452e-15
0.00523306
3.66958e-15
0.00523306
4.277e-15
0.00523306
4.53494e-15
0.00523306
5.54708e-15
0.00523306
6.53314e-15
0.00523306
6.84728e-15
0.00523306
7.69058e-15
0.00523306
8.59134e-15
0.00523306
9.79158e-15
0.00523306
1.00075e-14
0.00523306
1.00803e-14
6.7728e-15
0.0052281
-0.00234483
0.00523848
-0.000546564
0.0052286
-0.000156058
0.00523147
-2.1442e-05
0.00522953
2.93556e-05
0.00523131
-9.33635e-06
0.00523055
1.11866e-05
0.0052311
-6.40323e-06
0.00523076
4.17253e-06
0.00523097
-2.75452e-06
0.00523083
1.72337e-06
0.00523092
-1.10758e-06
0.00523086
7.04238e-07
0.0052309
-4.47488e-07
0.00523088
2.84899e-07
0.00523089
-1.81047e-07
0.00523088
1.15131e-07
0.00523089
-7.31921e-08
0.00523088
4.65334e-08
0.00523089
-2.95815e-08
0.00523088
1.88074e-08
0.00523089
-1.19555e-08
0.00523088
7.60118e-09
0.00523089
-4.83191e-09
0.00523088
3.07206e-09
0.00523089
-1.95284e-09
0.00523088
1.24159e-09
0.00523089
-7.89252e-10
0.00523088
5.01797e-10
0.00523088
-3.1898e-10
0.00523088
2.02805e-10
0.00523088
-1.28917e-10
0.00523088
8.19651e-11
0.00523088
-5.2102e-11
0.00523088
3.31268e-11
0.00523088
-2.10572e-11
0.00523088
1.33883e-11
0.00523088
-8.51051e-12
0.00523088
5.41112e-12
0.00523088
-3.43943e-12
0.00523088
2.18703e-12
0.00523088
-1.39011e-12
0.00523088
8.83761e-13
0.00523088
-5.61813e-13
0.00523088
3.57294e-13
0.00523088
-2.27013e-13
0.00523088
1.44419e-13
0.00523088
-9.17673e-14
0.00523088
5.84338e-14
0.00523088
-3.70255e-14
0.00523088
2.34983e-14
0.00523088
-1.50645e-14
0.00523088
9.67369e-15
0.00523088
-6.00684e-15
0.00523088
3.87213e-15
0.00523088
-2.29753e-15
0.00523088
1.68889e-15
0.00523088
-1.01702e-15
0.00523088
6.95751e-16
0.00523088
-1.72026e-16
0.00523088
2.11884e-16
0.00523088
-2.23181e-16
0.00523088
3.50208e-16
0.00523088
-3.61332e-17
0.00523088
-6.45852e-17
0.00523088
8.54207e-17
0.00523088
5.519e-17
0.00523088
-5.40965e-17
0.00523088
4.25271e-17
0.00523088
4.93675e-17
0.00523088
-2.86428e-17
0.00523088
1.07935e-16
0.00523088
1.51827e-16
0.00523088
1.0634e-16
0.00523088
4.21019e-19
0.00523088
1.66299e-16
0.00523088
3.43654e-16
0.00523088
2.59417e-16
0.00523088
3.4979e-16
0.00523088
6.65857e-16
0.00523088
7.01669e-16
0.00523088
1.03084e-15
0.00523088
1.08271e-15
0.00523088
1.1352e-15
0.00523088
1.33465e-15
0.00523088
1.72228e-15
0.00523088
2.10856e-15
0.00523088
2.71503e-15
0.00523088
3.16666e-15
0.00523088
3.67176e-15
0.00523088
3.88358e-15
0.00523088
4.79019e-15
0.00523088
5.60028e-15
0.00523088
5.86793e-15
0.00523088
6.61019e-15
0.00523088
7.41503e-15
0.00523088
8.42492e-15
0.00523088
8.619e-15
0.00523088
8.62268e-15
5.85603e-15
0.00523787
-0.0025827
0.00523813
-0.000546819
0.00522196
-0.000139887
0.00522544
-2.49257e-05
0.00522362
3.11727e-05
0.00522562
-1.13296e-05
0.00522488
1.19253e-05
0.00522543
-6.95755e-06
0.00522509
4.51156e-06
0.0052253
-2.95903e-06
0.00522517
1.8566e-06
0.00522525
-1.19083e-06
0.0052252
7.57182e-07
0.00522523
-4.81161e-07
0.00522521
3.06261e-07
0.00522522
-1.94634e-07
0.00522521
1.23766e-07
0.00522522
-7.86809e-08
0.00522522
5.0023e-08
0.00522522
-3.17997e-08
0.00522522
2.02177e-08
0.00522522
-1.28521e-08
0.00522522
8.17114e-09
0.00522522
-5.19424e-09
0.00522522
3.30241e-09
0.00522522
-2.09928e-09
0.00522522
1.33469e-09
0.00522522
-8.48436e-10
0.00522522
5.39422e-10
0.00522522
-3.42899e-10
0.00522522
2.18011e-10
0.00522522
-1.38584e-10
0.00522522
8.81109e-11
0.00522522
-5.60092e-11
0.00522522
3.56107e-11
0.00522522
-2.26364e-11
0.00522522
1.43922e-11
0.00522522
-9.14866e-12
0.00522522
5.81677e-12
0.00522522
-3.69742e-12
0.00522522
2.35095e-12
0.00522522
-1.49429e-12
0.00522522
9.50076e-13
0.00522522
-6.03945e-13
0.00522522
3.8404e-13
0.00522522
-2.44107e-13
0.00522522
1.55249e-13
0.00522522
-9.8681e-14
0.00522522
6.27958e-14
0.00522522
-3.98485e-14
0.00522522
2.52912e-14
0.00522522
-1.62454e-14
0.00522522
1.02989e-14
0.00522522
-6.45934e-15
0.00522522
4.19115e-15
0.00522522
-2.45552e-15
0.00522522
1.73961e-15
0.00522522
-1.10586e-15
0.00522522
7.2044e-16
0.00522522
-2.29225e-16
0.00522522
2.62159e-16
0.00522522
-2.63306e-16
0.00522522
2.95739e-16
0.00522522
-3.66653e-17
0.00522522
-2.46926e-17
0.00522522
3.68139e-17
0.00522522
4.00007e-17
0.00522522
-4.5684e-17
0.00522522
2.97051e-17
0.00522522
7.53369e-17
0.00522522
-2.20157e-17
0.00522522
6.30043e-17
0.00522522
1.62091e-16
0.00522522
5.11284e-17
0.00522522
6.04102e-18
0.00522522
1.82165e-16
0.00522522
2.75197e-16
0.00522522
2.38591e-16
0.00522522
2.8094e-16
0.00522522
5.40399e-16
0.00522522
5.46203e-16
0.00522522
9.07104e-16
0.00522522
9.0887e-16
0.00522522
9.2902e-16
0.00522522
1.10407e-15
0.00522522
1.44039e-15
0.00522522
1.78346e-15
0.00522522
2.25863e-15
0.00522522
2.64346e-15
0.00522522
3.06299e-15
0.00522522
3.23997e-15
0.00522522
4.0201e-15
0.00522522
4.69646e-15
0.00522522
4.89161e-15
0.00522522
5.5189e-15
0.00522522
6.2062e-15
0.00522522
7.06032e-15
0.00522522
7.24654e-15
0.00522522
7.1632e-15
4.90531e-15
0.00524139
-0.00282409
0.00522918
-0.000534603
0.00520608
-0.000116786
0.00521027
-2.912e-05
0.00520864
3.28032e-05
0.0052108
-1.34876e-05
0.00521011
1.26183e-05
0.00521065
-7.50047e-06
0.00521032
4.84071e-06
0.00521052
-3.15471e-06
0.00521039
1.98486e-06
0.00521047
-1.27065e-06
0.00521042
8.07935e-07
0.00521045
-5.13447e-07
0.00521043
3.26731e-07
0.00521044
-2.07657e-07
0.00521043
1.32041e-07
0.00521044
-8.39409e-08
0.00521043
5.33669e-08
0.00521044
-3.39255e-08
0.00521044
2.15691e-08
0.00521044
-1.37112e-08
0.00521044
8.71729e-09
0.00521044
-5.54147e-09
0.00521044
3.52314e-09
0.00521044
-2.23962e-09
0.00521044
1.4239e-09
0.00521044
-9.05153e-10
0.00521044
5.75477e-10
0.00521044
-3.65822e-10
0.00521044
2.32583e-10
0.00521044
-1.47849e-10
0.00521044
9.39999e-11
0.00521044
-5.97535e-11
0.00521044
3.79907e-11
0.00521044
-2.41497e-11
0.00521044
1.53542e-11
0.00521044
-9.7603e-12
0.00521044
6.20557e-12
0.00521044
-3.94458e-12
0.00521044
2.50808e-12
0.00521044
-1.59422e-12
0.00521044
1.01354e-12
0.00521044
-6.44324e-13
0.00521044
4.09638e-13
0.00521044
-2.60387e-13
0.00521044
1.65608e-13
0.00521044
-1.0523e-13
0.00521044
6.70143e-14
0.00521044
-4.25147e-14
0.00521044
2.69822e-14
0.00521044
-1.7255e-14
0.00521044
1.1017e-14
0.00521044
-6.84382e-15
0.00521044
4.45887e-15
0.00521044
-2.63045e-15
0.00521044
1.88054e-15
0.00521044
-1.25647e-15
0.00521044
7.2487e-16
0.00521044
-2.90053e-16
0.00521044
2.76817e-16
0.00521044
-3.12376e-16
0.00521044
2.30496e-16
0.00521044
-3.72115e-17
0.00521044
-5.01776e-17
0.00521044
3.60901e-17
0.00521044
3.14727e-17
0.00521044
-7.52728e-17
0.00521044
-5.05034e-18
0.00521044
9.53577e-17
0.00521044
2.8494e-17
0.00521044
3.41994e-17
0.00521044
9.01364e-17
0.00521044
-7.71795e-19
0.00521044
1.47825e-18
0.00521044
2.03128e-16
0.00521044
2.12592e-16
0.00521044
1.88465e-16
0.00521044
2.37217e-16
0.00521044
4.33709e-16
0.00521044
4.46582e-16
0.00521044
7.25349e-16
0.00521044
7.35789e-16
0.00521044
7.16026e-16
0.00521044
8.71083e-16
0.00521044
1.19886e-15
0.00521044
1.41951e-15
0.00521044
1.7947e-15
0.00521044
2.14091e-15
0.00521044
2.45967e-15
0.00521044
2.62175e-15
0.00521044
3.24236e-15
0.00521044
3.7778e-15
0.00521044
3.92973e-15
0.00521044
4.45452e-15
0.00521044
5.03211e-15
0.00521044
5.6514e-15
0.00521044
5.8944e-15
0.00521044
5.7454e-15
3.93816e-15
0.00522605
-0.00305014
0.00519713
-0.000505686
0.00516645
-8.61048e-05
0.00517127
-3.39436e-05
0.00516998
3.40933e-05
0.00517219
-1.56912e-05
0.0051716
1.32064e-05
0.00517209
-7.99056e-06
0.00517179
5.13432e-06
0.00517197
-3.32563e-06
0.00517185
2.0979e-06
0.00517192
-1.34058e-06
0.00517188
8.52386e-07
0.00517191
-5.41736e-07
0.00517189
3.4465e-07
0.0051719
-2.1906e-07
0.00517189
1.39284e-07
0.0051719
-8.85462e-08
0.00517189
5.62941e-08
0.0051719
-3.57867e-08
0.00517189
2.2752e-08
0.0051719
-1.44634e-08
0.00517189
9.19537e-09
0.0051719
-5.84547e-09
0.00517189
3.71636e-09
0.0051719
-2.36248e-09
0.0051719
1.50199e-09
0.0051719
-9.54809e-10
0.0051719
6.07037e-10
0.0051719
-3.85891e-10
0.0051719
2.45338e-10
0.0051719
-1.5596e-10
0.0051719
9.91548e-11
0.0051719
-6.30317e-11
0.0051719
4.00741e-11
0.0051719
-2.54745e-11
0.0051719
1.61962e-11
0.0051719
-1.02958e-11
0.0051719
6.54582e-12
0.0051719
-4.16097e-12
0.0051719
2.64557e-12
0.0051719
-1.68167e-12
0.0051719
1.06915e-12
0.0051719
-6.79703e-13
0.0051719
4.32075e-13
0.0051719
-2.74691e-13
0.0051719
1.74642e-13
0.0051719
-1.11082e-13
0.0051719
7.06533e-14
0.0051719
-4.48843e-14
0.0051719
2.84759e-14
0.0051719
-1.81299e-14
0.0051719
1.15838e-14
0.0051719
-7.29135e-15
0.0051719
4.65048e-15
0.0051719
-2.84696e-15
0.0051719
1.94449e-15
0.0051719
-1.33766e-15
0.0051719
7.74757e-16
0.0051719
-3.80693e-16
0.0051719
2.8916e-16
0.0051719
-2.5394e-16
0.0051719
1.68748e-16
0.0051719
-7.58542e-17
0.0051719
9.47119e-18
0.0051719
-1.65069e-17
0.0051719
5.11212e-17
0.0051719
-7.48672e-17
0.0051719
-5.81525e-19
0.0051719
4.24536e-17
0.0051719
2.06843e-17
0.0051719
5.90164e-17
0.0051719
1.01005e-16
0.0051719
2.32518e-19
0.0051719
-1.73477e-17
0.0051719
1.52489e-16
0.0051719
2.02668e-16
0.0051719
1.0211e-16
0.0051719
1.55191e-16
0.0051719
3.26552e-16
0.0051719
3.02483e-16
0.0051719
5.9968e-16
0.0051719
5.8157e-16
0.0051719
5.13825e-16
0.0051719
6.40678e-16
0.0051719
9.42979e-16
0.0051719
1.08144e-15
0.0051719
1.3378e-15
0.0051719
1.65052e-15
0.0051719
1.84712e-15
0.0051719
1.98265e-15
0.0051719
2.4461e-15
0.0051719
2.8453e-15
0.0051719
2.98159e-15
0.0051719
3.43906e-15
0.0051719
3.84801e-15
0.0051719
4.25185e-15
0.0051719
4.52707e-15
0.0051719
4.35386e-15
2.97216e-15
0.00515508
-0.00320522
0.00510278
-0.00045338
0.00506522
-4.85497e-05
0.00507007
-3.87905e-05
0.0050696
3.45615e-05
0.0050715
-1.7592e-05
0.00507121
1.3499e-05
0.00507152
-8.30105e-06
0.00507134
5.31276e-06
0.00507144
-3.42178e-06
0.00507137
2.16372e-06
0.00507141
-1.38037e-06
0.00507139
8.77657e-07
0.0050714
-5.57843e-07
0.00507139
3.54813e-07
0.0050714
-2.25537e-07
0.00507139
1.43394e-07
0.0050714
-9.11604e-08
0.00507139
5.79547e-08
0.0050714
-3.68431e-08
0.0050714
2.3423e-08
0.0050714
-1.48904e-08
0.0050714
9.46654e-09
0.0050714
-6.01803e-09
0.0050714
3.82596e-09
0.0050714
-2.43222e-09
0.0050714
1.54628e-09
0.0050714
-9.82995e-10
0.0050714
6.24938e-10
0.0050714
-3.97282e-10
0.0050714
2.52572e-10
0.0050714
-1.60564e-10
0.0050714
1.02079e-10
0.0050714
-6.48925e-11
0.0050714
4.12558e-11
0.0050714
-2.62266e-11
0.0050714
1.66737e-11
0.0050714
-1.05997e-11
0.0050714
6.73886e-12
0.0050714
-4.2839e-12
0.0050714
2.7236e-12
0.0050714
-1.73131e-12
0.0050714
1.10074e-12
0.0050714
-6.99694e-13
0.0050714
4.44866e-13
0.0050714
-2.82791e-13
0.0050714
1.79801e-13
0.0050714
-1.14339e-13
0.0050714
7.26805e-14
0.0050714
-4.61291e-14
0.0050714
2.92721e-14
0.0050714
-1.86855e-14
0.0050714
1.18949e-14
0.0050714
-7.46824e-15
0.0050714
4.81982e-15
0.0050714
-2.92841e-15
0.0050714
1.97345e-15
0.0050714
-1.32622e-15
0.0050714
7.96631e-16
0.0050714
-4.31904e-16
0.0050714
3.59199e-16
0.0050714
-1.97078e-16
0.0050714
1.67528e-16
0.0050714
-6.38985e-17
0.0050714
4.7803e-17
0.0050714
-3.27155e-17
0.0050714
6.7685e-17
0.0050714
-7.54947e-17
0.0050714
-2.94157e-17
0.0050714
4.61684e-17
0.0050714
2.42493e-17
0.0050714
2.22168e-17
0.0050714
8.97455e-17
0.0050714
-2.47622e-17
0.0050714
-2.84281e-17
0.0050714
9.83805e-17
0.0050714
1.49428e-16
0.0050714
6.93566e-17
0.0050714
1.25228e-16
0.0050714
2.02128e-16
0.0050714
1.79533e-16
0.0050714
4.36136e-16
0.0050714
4.13177e-16
0.0050714
3.46123e-16
0.0050714
4.25363e-16
0.0050714
6.33855e-16
0.0050714
7.43912e-16
0.0050714
9.31732e-16
0.0050714
1.15084e-15
0.0050714
1.27688e-15
0.0050714
1.36648e-15
0.0050714
1.66328e-15
0.0050714
1.97806e-15
0.0050714
2.05671e-15
0.0050714
2.3731e-15
0.0050714
2.67895e-15
0.0050714
2.91502e-15
0.0050714
3.14069e-15
0.0050714
2.99206e-15
2.06295e-15
0.00493579
-0.00314102
0.00484572
-0.000363304
0.00480397
-6.80521e-06
0.00480659
-4.14084e-05
0.00480829
3.28584e-05
0.00480893
-1.8226e-05
0.00480948
1.29458e-05
0.00480925
-8.07183e-06
0.00480941
5.14909e-06
0.00480929
-3.29984e-06
0.00480936
2.09092e-06
0.00480932
-1.33205e-06
0.00480935
8.46887e-07
0.00480933
-5.38338e-07
0.00480934
3.42329e-07
0.00480933
-2.1762e-07
0.00480934
1.38351e-07
0.00480933
-8.79571e-08
0.00480934
5.59159e-08
0.00480933
-3.55484e-08
0.00480934
2.25989e-08
0.00480933
-1.43671e-08
0.00480933
9.13347e-09
0.00480933
-5.80654e-09
0.00480933
3.69134e-09
0.00480933
-2.34675e-09
0.00480933
1.49188e-09
0.00480933
-9.4845e-10
0.00480933
6.0295e-10
0.00480933
-3.83321e-10
0.00480933
2.43686e-10
0.00480933
-1.54921e-10
0.00480933
9.8487e-11
0.00480933
-6.26121e-11
0.00480933
3.98042e-11
0.00480933
-2.53049e-11
0.00480933
1.60871e-11
0.00480933
-1.02272e-11
0.00480933
6.50168e-12
0.00480933
-4.13338e-12
0.00480933
2.62771e-12
0.00480933
-1.67053e-12
0.00480933
1.062e-12
0.00480933
-6.75122e-13
0.00480933
4.29187e-13
0.00480933
-2.72828e-13
0.00480933
1.73475e-13
0.00480933
-1.1026e-13
0.00480933
7.01262e-14
0.00480933
-4.45834e-14
0.00480933
2.82907e-14
0.00480933
-1.8021e-14
0.00480933
1.14486e-14
0.00480933
-7.28874e-15
0.00480933
4.67772e-15
0.00480933
-2.87708e-15
0.00480933
1.82611e-15
0.00480933
-1.24601e-15
0.00480933
7.88383e-16
0.00480933
-4.61162e-16
0.00480933
3.15338e-16
0.00480933
-1.44104e-16
0.00480933
1.18413e-16
0.00480933
-8.06413e-17
0.00480933
3.13847e-17
0.00480933
-1.47053e-17
0.00480933
2.36273e-17
0.00480933
-6.01392e-17
0.00480933
5.40178e-18
0.00480933
6.40992e-18
0.00480933
1.25467e-18
0.00480933
6.03211e-17
0.00480933
2.18178e-17
0.00480933
-3.14908e-17
0.00480933
-6.53694e-18
0.00480933
3.58279e-17
0.00480933
7.75569e-17
0.00480933
1.84556e-17
0.00480933
8.28754e-17
0.00480933
1.00421e-16
0.00480933
1.02123e-16
0.00480933
2.78015e-16
0.00480933
2.54388e-16
0.00480933
1.86855e-16
0.00480933
2.25127e-16
0.00480933
3.63543e-16
0.00480933
4.28359e-16
0.00480933
5.5233e-16
0.00480933
6.60545e-16
0.00480933
7.29497e-16
0.00480933
7.74805e-16
0.00480933
9.45971e-16
0.00480933
1.12944e-15
0.00480933
1.16578e-15
0.00480933
1.3659e-15
0.00480933
1.57721e-15
0.00480933
1.64681e-15
0.00480933
1.81656e-15
0.00480933
1.703e-15
1.22386e-15
0.00429922
-0.00244023
0.00415517
-0.000219257
0.00412627
2.2099e-05
0.00411945
-3.45941e-05
0.00412756
2.47546e-05
0.00412403
-1.46962e-05
0.00412714
9.8323e-06
0.00412527
-6.19732e-06
0.00412647
3.94319e-06
0.00412569
-2.51688e-06
0.00412618
1.59737e-06
0.00412587
-1.01652e-06
0.00412607
6.46227e-07
0.00412594
-4.10826e-07
0.00412602
2.61192e-07
0.00412597
-1.66055e-07
0.004126
1.05561e-07
0.00412598
-6.71135e-08
0.00412599
4.26631e-08
0.00412599
-2.71243e-08
0.00412599
1.72426e-08
0.00412599
-1.09624e-08
0.00412599
6.96869e-09
0.00412599
-4.43053e-09
0.00412599
2.81643e-09
0.00412599
-1.79062e-09
0.00412599
1.13828e-09
0.00412599
-7.2369e-10
0.00412599
4.60041e-10
0.00412599
-2.92483e-10
0.00412599
1.85928e-10
0.00412599
-1.18209e-10
0.00412599
7.51438e-11
0.00412599
-4.77746e-11
0.00412599
3.03698e-11
0.00412599
-1.93084e-11
0.00412599
1.22742e-11
0.00412599
-7.80358e-12
0.00412599
4.96069e-12
0.00412599
-3.15384e-12
0.00412599
2.00492e-12
0.00412599
-1.27468e-12
0.00412599
8.1025e-13
0.00412599
-5.15166e-13
0.00412599
3.27467e-13
0.00412599
-2.08238e-13
0.00412599
1.32366e-13
0.00412599
-8.41722e-14
0.00412599
5.34892e-14
0.00412599
-3.39988e-14
0.00412599
2.16007e-14
0.00412599
-1.37527e-14
0.00412599
8.70659e-15
0.00412599
-5.57615e-15
0.00412599
3.53544e-15
0.00412599
-2.19191e-15
0.00412599
1.42085e-15
0.00412599
-9.24774e-16
0.00412599
5.99155e-16
0.00412599
-4.01109e-16
0.00412599
2.41325e-16
0.00412599
-1.4076e-16
0.00412599
7.65775e-17
0.00412599
-8.96032e-17
0.00412599
3.85321e-17
0.00412599
-1.90959e-17
0.00412599
3.18277e-17
0.00412599
-4.99251e-17
0.00412599
7.63526e-18
0.00412599
2.12114e-18
0.00412599
6.3222e-18
0.00412599
1.1075e-17
0.00412599
-8.59835e-18
0.00412599
-3.14442e-17
0.00412599
-4.9217e-18
0.00412599
-1.18527e-17
0.00412599
3.68733e-17
0.00412599
-2.54923e-18
0.00412599
5.07991e-17
0.00412599
1.24473e-17
0.00412599
3.41453e-17
0.00412599
1.34662e-16
0.00412599
7.36657e-17
0.00412599
5.80556e-17
0.00412599
7.98567e-17
0.00412599
1.21924e-16
0.00412599
1.63807e-16
0.00412599
1.94722e-16
0.00412599
2.31025e-16
0.00412599
2.525e-16
0.00412599
2.88132e-16
0.00412599
3.35949e-16
0.00412599
4.10668e-16
0.00412599
4.08787e-16
0.00412599
4.98733e-16
0.00412599
5.88807e-16
0.00412599
5.97041e-16
0.00412599
6.67621e-16
0.00412599
5.89181e-16
4.55289e-16
0.00255977
0.00234051
0.00236261
0.00232801
0.00235277
0.00233807
0.0023479
0.00234171
0.00234565
0.00234313
0.00234473
0.00234371
0.00234436
0.00234395
0.00234421
0.00234404
0.00234415
0.00234408
0.00234413
0.0023441
0.00234412
0.00234411
0.00234411
0.00234411
0.00234411
0.00234411
0.00234411
0.00234411
0.00234411
0.00234411
0.00234411
0.00234411
0.00234411
0.00234411
0.00234411
0.00234411
0.00234411
0.00234411
0.00234411
0.00234411
0.00234411
0.00234411
0.00234411
0.00234411
0.00234411
0.00234411
0.00234411
0.00234411
0.00234411
0.00234411
0.00234411
0.00234411
0.00234411
0.00234411
0.00234411
0.00234411
0.00234411
0.00234411
0.00234411
0.00234411
0.00234411
0.00234411
0.00234411
0.00234411
0.00234411
0.00234411
0.00234411
0.00234411
0.00234411
0.00234411
0.00234411
0.00234411
0.00234411
0.00234411
0.00234411
0.00234411
0.00234411
0.00234411
0.00234411
0.00234411
0.00234411
0.00234411
0.00234411
0.00234411
0.00234411
0.00234411
0.00234411
0.00234411
0.00234411
0.00234411
0.00234411
0.00234411
0.00234411
0.00234411
0.00234411
0.00234411
0.00234411
0.00234411
0.00234411
)
;

boundaryField
{
    inlet
    {
        type            calculated;
        value           nonuniform List<scalar> 
40
(
-0.005
-0.005
-0.005
-0.005
-0.005
-0.005
-0.005
-0.005
-0.005
-0.005
-0.005
-0.005
-0.005
-0.005
-0.005
-0.005
-0.005
-0.005
-0.005
-0.005
-0.005
-0.005
-0.005
-0.005
-0.005
-0.005
-0.005
-0.005
-0.005
-0.005
-0.005
-0.005
-0.005
-0.005
-0.005
-0.005
-0.005
-0.005
-0.005
-0.005
)
;
    }
    outlet
    {
        type            calculated;
        value           nonuniform List<scalar> 
40
(
0.00234411
0.00412599
0.00480933
0.0050714
0.0051719
0.00521044
0.00522522
0.00523088
0.00523306
0.00523389
0.00523421
0.00523433
0.00523438
0.0052344
0.00523441
0.00523441
0.00523441
0.00523441
0.00523441
0.00523441
0.00523441
0.00523441
0.00523441
0.00523441
0.00523441
0.00523441
0.0052344
0.00523438
0.00523433
0.00523421
0.00523389
0.00523306
0.00523088
0.00522522
0.00521044
0.0051719
0.0050714
0.00480933
0.00412599
0.00234411
)
;
    }
    lowerWall
    {
        type            calculated;
        value           uniform 0;
    }
    upperWall
    {
        type            calculated;
        value           uniform 0;
    }
    frontAndBack
    {
        type            empty;
    }
}


// ************************************************************************* //
