/*--------------------------------*- C++ -*----------------------------------*\
| =========                 |                                                 |
| \\      /  F ield         | foam-extend: Open Source CFD                    |
|  \\    /   O peration     | Version:     5.0                                |
|   \\  /    A nd           | Web:         http://www.foam-extend.org         |
|    \\/     M anipulation  |                                                 |
\*---------------------------------------------------------------------------*/
FoamFile
{
    version     2.0;
    format      ascii;
    class       volScalarField;
    location    "0.075";
    object      alpha1;
}
// * * * * * * * * * * * * * * * * * * * * * * * * * * * * * * * * * * * * * //

dimensions      [0 0 0 0 0 0 0];

internalField   nonuniform List<scalar> 
4000
(
0.647611
1
1
1
0.982962
0.987602
1
0
0.0702518
1
0.91585
0.982506
0
1
0
1
0
1
0
1
1
0
0
1
0
1
0.999967
0
0
1
0
0
1
1
0
0
1
0
1
0
1
1
0
1
1
0
1
0
1
0
1
1
1
0
0
1
1
0
1
0
1
0.469215
0.0200218
1
0
1
0.73475
0.982986
0.633647
0.724403
0.520449
0.830969
0.615949
0.666441
0.484771
0.683822
0.996152
0.86618
0.708406
0.733928
0.998753
0.93251
0
1
0
0
1
0
0.999983
1
0
1
0
1
0
0.998481
0.72468
0.467659
0
1
0
0.685921
1
0.975062
1
0.490833
0
1
0
0.382945
1
0
1
0
1
0
0.666597
0
1
0
1
0
1
1
0.459004
0
1
1
1
0
1
0
1
0
1
0
0
1
0
1
0
0
1
0
0
1
0
1
0
1
0
1
0
1
0
1
0
1
0
1
0
1
1
0
1
0
1
0.322869
0
1
0
0
1
0
1
1
0
1
0
1
0
1
0
0
1
0
1
0
0.999778
1
0
0.327365
0.998262
1
0
0
1
0
1
0
0.965466
0.369991
0.620964
0.428732
1
0
1
0
1
0
0.086672
1
1
0
1
1
1
0.595661
0
1
0
0
1
0
1
0
1
0
1
0
1
0
1
1
0
0
1
0
1
0
0
1
0
1
0
1
0
1
0
1
0.999547
0
0.999555
0
1
1
0
1
0
1
0
1
0
1
1
0
1
0
1
0
0
1
0
1
0
1
1
0
1
0
1
0.741544
0
1
0
1
0
1
0
1
0
1
0
0
1
0.613526
0
1
0
1
0
0.348741
0
1
0
1
0
1
0
1
0
0.507593
1
0
0.447646
1
0
1
0.126821
0
1
0
1
0
1
0.999926
0
1
0
0.999967
0
1
0
1
0
1
0
0
0
0
1
0
1
0
1
0
1
0
1
0.999657
0
1
0
1
0
0.701353
0
1
0
1
0
0
0
1
1
0
1
1
0.457142
0
0.30205
1
0.346811
0
1
0
1
0
1
0
1
0
0
1
1
0
1
0
1
0
1
0
1
0
1
0
0.996095
0.927476
1
0
0
0.495414
0
0
1
0
1
0
1
0
0
1
0
1
0
0
1
0
1
0
1
0
1
1
0
1
1
0
0
1
0.732087
0
1
0
1
0
1
0.588722
0
1
0
1
0
1
0
0
1
1
0.999769
0
1
0
1
0
1
0
1
0
1
0
1
0
1
0
0.595912
0.959101
0
0.700304
0
1
0.907003
0.107058
1
1
0
1
0
1
0
1
0
1
1
0
0
1
0
1
0
1
0
1
0
1
0
1
0
1
0
0.685512
0
0.442704
1
1
0
1
0
1
0.294176
1
0
0
1
0
1
1
0
1
0
1
0.821336
1
0
1
1
0
0
1
0
1
1
0
1
1
0
1
0
0
1
0
1
0
1
0
0
1
0
1
0
0
1
0
1
0
1
0
0
1
0
1
0
1
0
1
0
0
0
0.779548
0.690941
1
1
0.482595
1
0
1
0
1
0
1
0
1
0
1
1
0.859172
0
1
0
0
0.999726
1
0.4508
0
0
1
0
1
0
1
0
0
0.274843
0
0
1
0
1
1
0
0.600332
1
0
1
0
1
0
1
1
0.679586
0
1
0
1
0
0
0
1
0
1
0
1
1
1
0
1
0
0
0
1
0
1
1
0
0
1
0
0
1
0
1
0
1
0.991634
0
0
1
0
1
0
1
1
0
1
0
1
0
0.612051
0.233175
1
0.634776
0.500653
0
0.177363
1
0
1
0
1
0
1
1
0
0
1
0.0874364
1
0
1
0
0.631021
1
0
1
1
0
1
0
0.997128
0.974573
0.742975
0.269463
0
0
1
0
1
0
0
0
1
0
1
0
1
0
1
0
1
1
1
0
1
1
0
1
1
0
0
1
0
1
0
0
1
0
0
1
1
0
1
1
0
0
1
0
1
0
1
0
0
1
0.999653
0
0
1
0
1
0
1
1
0
1
0
1
0
0.0836324
1
1
0.679964
0.200572
0
1
0
0
1
0
1
0
1
0
0.897261
1
0
0
1
0.152197
0.742717
0
1
0
0
0.740738
0
0
1
0
0.997023
1
1
0.460105
1
0
0
0.00826568
1
0
1
1
1
0
1
0
0
0
1
0
1
0
1
0
1
0
1
0
1
0
1
1
0
1
0
1
1
0
1
1
0
0
1
0
0
0
1
0
1
0
1
0.361691
1
0
1
0.999679
0
1
0
1
0
1
0
1
0
1
0
1
0
1
0
0.495144
0
1
0
1
0.142853
1
0
1
0
1
0
0.92713
0.418039
0.915986
0
1
0
0
0.749123
1
1
0.279955
0.533816
0.102095
0.260061
1
0
0.997603
0.997027
0.614592
0
0.126815
0.562065
1
0
0.251617
1
1
0
1
0
1
0
1
1
0
1
1
0
1
0
1
0
1
0
1
0
1
0
1
0
0
1
0
1
0
1
0
1
1
0
1
0
1
0
1
0
1
0.999984
0
1
0
1
0
1
0
1
1
0.99994
0
1
0
1
0
1
0
1
0
1
0
0.246821
0
1
0
1
0
1
0
1
0
1
0
1
0
1
0
1
0
1
0
0
1
1
1
0
0
0.359652
0.997577
1
0
1
0.39612
0.605963
0
1
0
1
0
1
0
1
0
1
0
0
1
0
0.100141
1
0
0
1
0
0
1
0
1
0
1
0
1
1
0
1
0
1
0
1
0
0
1
0
1
0
1
1
0
1
0
1
0
1
0
0
1
0
1
0.999869
0
1
0
1
0
1
0
1
0
1
0.510824
0.00426497
1
1
0
1
1
0.99848
0
1
0
1
0
1
0
1
0
1
1
1
0
0
1
1
0
0
1
0
0.943851
1
0
1
0
0.777817
0.509457
0
0
0
0.00421121
1
0
1
0
1
0
1
0
1
0
0.414099
0
1
1
0
1
0
1
0
0
1
0
1
0
0
1
0
1
1
0
0
1
0
0
1
0.999981
0
1
0
1
0
1
0
1
0
0
1
0
1
0.999806
0
1
0
1
0
1
1
0
1
1
0.918847
0
0
1
0
0.364692
1
0.434167
0
1
0
1
0
1
1
1
0
1
1
1
0
0
1
0.998897
0
1
0
1
0
1
0
1
0.00177538
1
1
0.488213
1
0.662296
0
0
0.351382
1
0
1
0
0
0
0.0136906
0
1
0.910861
0
1
0
1
0
1
0
1
1
0
1
0
1
1
0
1
0
0
0
1
0
1
0
1
0
1
0
1
0
1
0
1
0
1
0
0
1
0
0
1
0
1
1
0
1
0
1
0
1
0
1
1
0
0
1
0
0
1
0
1
0
1
0
0.139945
0
1
0
0
0
1
1
0.997548
0
1
0
1
0
1
0
1
0
0
0.0679479
0.805727
0
1
1
1
0
0
0.205793
1
0
0.426243
1
0
1
1
0
0
1
0
1
0
0
0
1
0
0
1
0
1
0
0
1
0
0.419701
1
1
0
1
0
1
0
1
0
1
0
1
0
1
0
1
0
1
0
0
1
1
0
1
0
0
1
0
1
1
0
0
1
0.746513
0
1
0
0
1
0
0
1
0
1
0
1
0
1
0
1
0
1
1
0
0
1
0
0
1
1
0
1
0
1
1
0
0.728605
1
0.734713
1
0
1
1
0
0
1
1
0
1
0
1
0
1
0
1
0
1
1
0.590121
0
1
1
0
1
0
1
0
1
0
1
1
0
1
0
1
0
1
0
1
0
1
0
0
0
1
0
1
0
0.616662
1
0
1
1
0
1
1
0
1
1
0
1
1
0
0
1
0
1
1
0
1
0.0454033
0
0
1
0
0
1
0
1
0
1
0
0
0
1
0
1
1
0
0
1
0
1
0
0
0.99767
0.998607
0.547125
0
0
1
0
0
0
0.816901
0
1
0
0
1
0
1
0
0
1
0
1
0
1
0
1
0.399734
1
0
1
0
1
0
1
0
1
0.0271214
0
1
0
1
0
1
0
1
0.994853
0
0
0
1
1
0
0
1
0
0
0.95207
1
1
1
0
1
0
0
0
1
0
1
0
0.0516349
1
0
0.26584
1
0
1
0
1
0
1
0
1
1
0
1
0
1
0
1
0
1
0
1
0
1
0
1
0
1
1
0.997521
0.998611
0
1
0.134369
0
1
1
1
0.362538
0.823526
0
1
1
0
1
0
1
1
0
1
0
1
0
1
0
1
0
1
0
1
1
0
1
0
0
1
0
1
0
0
1
0
1
0.999992
0.999998
0
1
0
1
0
0
1
0
0.699838
1
0
0
1
0
1
0
1
0
1
0
1
1
0
0.287736
1
0.999304
0
1
0
1
0.709393
0
1
0
1
0
1
0.999993
0
1
0
1
0
1
0
1
0
1
0
1
0
0.997037
0
0
1
0.498049
1
1
0
1
1
0
0
0
1
1
0
0
1
0
1
0
1
0
1
1
1
0
1
1
0
1
0
1
0
1
0
1
1
1
0
1
0
0
1
0
1
0
0.999975
0
1
0.999975
0.194347
0
1
1
0
0.923805
1
0
1
0
0
1
0
1
0
1
0
1
1
0
1
1
1
0
1
0
1
0
1
0
1
0.999985
0
1
0
1
0
1
1
0
1
0
0
1
1
0
1
0
1
0.997069
0
1
0
0.83023
0
0
1
0
0
1
1
1
0
1
1
0
1
0
1
1
0
1
0
1
0
1
0
1
0
1
0.539945
0
1
0
1
0
1
0
1
0
0.999873
1
0
0.999779
0
1
0
0
1
0
1
0
0
1
1
1
0
1
0
1
1
0
0
1
1
0
1
0.999912
0
1
0
1
0
1
0
1
0
1
0
1
1
0
1
0
1
0
1
1
0
1
0
0
1
0
1
0
0
1
0
1
0
1
1
0.999019
1
0
0
0
1
0
0
0.715411
1
0
1
1
0
1
0
0
1
0
1
0
0.733018
1
1
0
1
0
1
1
0
1
0
1
0
0
0
1
0
0
0.999797
0.999799
0.999811
0
0
1
0
0.999929
0.999951
1
1
0
1
0
1
0
1
0
1
1
1
0
1
0
1
0
1
0
1
0
0.478285
0
1
0
1
0
1
0
0
1
0
1
0
1
0
0
1
0
0
1
0
1
0
1
0.999145
0
1
0
1
0
0
0
0
1
1
1
0
1
0
1
0
1
0
1
0
0
0
1
0
1
0
1
0
0
1
0
0
1
0
1
1
0
1
0
1
1
1
0
0.999851
1
0
0.999822
0.999838
1
1
1
0
0.999892
0
0.999952
0
1
0
1
0
1
0
1
0
0
0
1
0
1
0
0
1
0.779177
0
1
0
0.213899
0
1
0
1
0
1
0
1
1
0
1
0
1
0
1
0
1
0
1
0
0
1
0
1
0
1
0
1
1
1
1
0
0
0
1
0
1
0
1
0
1
0
1
0
1
0
0.309808
0
1
0
0.501215
1
0
1
0
0.060851
0
0
1
1
0
1
0
0
0.999978
0.999917
0.999839
1
1
1
0
1
1
0
0
0
1
0
0.999932
0
1
0
1
0
1
0
0
1
1
1
0
1
0
1
0.999999
0
0.145417
1
1
1
0
0.666132
1
0
1
0
1
0.999214
0
1
0
1
0
1
0
1
0
1
0
1
1
0
1
0
1
0
1
0
0
0.999361
0
1
1
1
0
1
0
1
0
1
0
1
0
1
1
1
0
0
1
0
0.0832614
1
1
0
1
1
0
1
0
0
1
0
0
0
0
0.999898
0.999803
1
1
1
0
0.999937
1
0.609303
0.0506028
0
0
1
0
1
0
0.950919
1
1
0
0
1
0
1
0
1
0
1
0.999987
0
0
1
0.999951
0
1
0
1
0
1
0
1
0.999967
0
1
0
1
0
1
0
1
0
1
0
1
0
0
1
0
1
0
1
0
1
1
0
0.893928
1
1
1
1
0.216904
1
0
1
0
1
0
1
0
0
0
1
0
0
1
1
0
0.89336
1
0
1
1
0
1
1
0
0
1
1
1
0
0
1
1
0
0.999895
0.999891
1
0.670653
1
1
1
0
1
1
0
1
1
0.181408
0
0.670551
0
1
0
1
0
1
0
0
0
1
0.999982
0
1
0
1
0
1
0
1
0
0
1
0
1
0
0
0
1
0
0
1
0
1
0
0
0
1
0
1
0.923877
1
0
0
1
0.743831
0
1
1
1
0
1
1
0
1
0
1
1
1
1
1
0
1
1
1
1
1
0
1
1
0
1
1
0
1
1
1
0.980975
0.213696
0.80216
1
0.267657
1
0
0.999853
0.999904
0.999863
0
1
0
0.999835
0
1
0
0
1
0
1
0
0.462214
0.131966
1
0
1
0
1
0
1
0
0
1
0
0
1
1
0
1
0
1
0
1
1
0.99988
0
1
0
1
1
0
0
1
0
1
0.999822
0
1
1
0.999161
0
1
0
0.998048
1
1
0
1
1
0.848903
1
0.455642
1
0
1
1
0
1
0
1
1
1
0
1
1
1
1
1
1
1
1
1
1
1
1
1
1
1
0.924391
0.663521
0
1
1
0.764675
0
0.999734
0.999786
0.999837
0.999865
1
1
0
0
1
0
1
0
1
1
0
0.359267
0.270339
1
0
1
0
1
0
1
0
0
1
0
1
1
0
1
0
0
1
0
0
1
0.999835
0
1
0
1
0
0
0
1
0.519041
0.836329
0.999868
0
1
1
0.996224
0
1
0
0
0
0.998579
0
1
1
0
1
0.280586
0
1
0.87855
0
1
0
1
0
1
1
1
1
1
1
1
1
1
1
1
1
1
1
1
1
1
1
1
1
0
0.540617
1
0.900833
1
0
0.999733
0.999735
0.999778
1
1
0
1
1
0
1
0
1
0
1
0
1
1
0
1
1
0
0
0
1
0
1
0
1
0
0
0
1
0
1
0
1
1
0
0
1
1
0
0
1
0
1
0
0
1
0
1
0
0.999554
0
1
0
0
1
0
0
1
0
1
0.5695
0
1
0
1
1
0
0
1
0
1
0
1
0
1
1
1
1
1
1
0
1
1
1
1
1
1
1
1
1
1
0
1
1
1
1
0
0.999781
0.999793
0.999796
1
0.548915
1
0
0.999764
1
1
0
1
0
1
0.580036
0
0
1
0
0
1
0
1
0
0
1
0
1
0
1
1
0
1
0
1
0
0
0
1
0.999701
0
0.322169
1
0
1
0
1
1
0
1
0
1
0
1
0
0
1
0
1
0
0
1
0
1
0.327028
1
1
0
1
1
0
0
1
0
1
0
1
0
1
1
1
1
1
1
0
1
1
1
1
1
1
0.834288
0.926625
0.499541
0
1
1
0
0
1
0
0.999911
1
1
0
0
1
0
1
1
0.368406
0
1
0
0
1
0
1
0
1
0
1
0
0
1
0
1
0
1
0
0
0.304922
0
1
0
1
1
1
0.248534
0
0
1
0.205462
0
0
1
0
1
1
0
1
0
1
0
1
0.635519
0
1
0
1
0
0.115947
1
0
0.179487
1
1
0.56324
0
1
0
0.986206
1
1
0
1
0
1
0
1
1
1
0
1
1
0
1
1
1
0
1
1
1
0.575953
1
1
1
1
0
1
0.99933
0.999859
0
0
0.999805
0.999791
1
0
0.999854
0.999814
0.999891
1
1
0
1
0
1
0
1
0
1
0
1
1
0
0
0
1
0
1
1
0
0
0
1
0
0
0
1
0.345004
0
0.999768
1
1
0
0
1
0
1
0.00765273
0
0
0.495692
1
0
1
0
0
1
0
1
0
0
0
1
0
1
0
1
0
1
0
0
0
1
0
1
0
1
0
1
0
1
0
1
0
1
1
1
1
0.97735
1
0
0
1
1
1
0.978671
0
0.999917
1
0.999214
0.999841
0.999805
0.999802
0.999798
1
0.431784
0
0.999861
0.999937
1
0.999996
1
0
1
0
0.261685
0.978517
0
0.160938
1
0
0
1
0
1
0
1
0
0
1
0
0
0
1
0
1
0
1
1
0
0.999885
0
1
1
0
0.999847
0.999873
1
0
0
0.99942
1
0
0.861573
1
0
1
0
0.463626
1
1
1
0
1
0
1
0
1
0
1
1
1
0
1
0
1
0
1
0
1
0
1
0
1
1
1
1
1
1
1
0
0
1
1
0.999826
1
0
0.999932
0.999908
1
0
0.237525
0.378501
0
1
0.82915
0
0
0.999946
0.999948
1
0
1
0
0
1
0
1
0
1
1
1
0
1
1
0
1
0
1
0
1
1
1
0
0
1
0
0.999745
0.999863
1
0
1
0
0.988248
1
0
0.999807
0.999856
1
0
0
0.999354
1
0
1
0
0.999019
0.935463
0
0.999939
1
1
0
0
1
0
1
0
1
0
0
0.955525
1
0
1
0
1
0
1
0
1
0
1
1
1
1
1
1
0
1
1
1
0.754968
0
1
0
0.999989
0.99995
0.999924
0.998915
0.999828
0.999799
1
0
1
0
0
0
0.999906
0.999958
1
0
1
0
0.999948
1
1
0
1
0
0.0324328
0.999935
1
0
1
0.511419
1
0
1
1
0
0
0
1
0
1
0
0
0.999835
0.999879
1
0
1
0
0.88674
1
0
0.999738
0.99976
1
0
0
0.999013
1
0
1
0
1
1
0.999944
1
0
1
1
0
1
0
1
0
0.815166
1
0
0
0.287848
0
1
0
1
0
1
0
1
1
1
1
1
1
0
0
0
0.672074
0.752767
1
1
0
0.998588
1
1
1
0
0.999817
0.999785
0.999764
0.999762
1
1
0
0
0.999922
1
1
0
1
0
1
1
0
1
0
1
0
0
0.953359
1
0
1
0.805323
0
1
0.773747
1
0
1
0.000352934
0
0.999805
1
0
0
0.99978
1
0.572165
0
0
0.953459
0.387034
1
0
0
0.99966
1
0
0
0.998745
1
1
0
0.574516
0
0
0
1
0
0
1
0
1
0
1
1
0
1
0
1
1
0
1
1
0
1
0
1
1
1
1
1
1
0
1
1
0.659801
1
1
0
0
0.999846
0
0
1
0
0.999804
0.999771
0.455483
0.999751
1
1
0
0.999894
0.999923
1
0
1
1
0
1
1
0
1
0.550962
1
0
0
0
0.642432
1
0
1
0
0
0.999806
1
0
0
1
0
0
0.726556
0.918441
1
0
0.999858
1
0
0
0.92812
0.991617
1
0.0158106
0
0
0.999455
1
0
0.998762
0
0
1
0
0.112661
1
1
0
1
1
0
1
1
0
1
0
1
0
1
0
0
0
1
1
0
1
0
1
1
1
1
1
1
1
0
1
1
1
1
0
0.999781
0.999797
0.999838
1
1
0
0.999791
0.999758
1
0
0.515552
1
0
0.999849
1
1
0
1
0
1
0
1
0
1
1
0
1
0
0
0.999925
1
0
1
0.827872
0
0.999876
1
0
1
0
1
0
0.999792
1
0
1
0
1
1
0
0
0.993418
0.480937
1
0.285244
0
0.779736
1
0
0
1
1
0
1
1
0
1
1
1
0
1
0.906755
0
0.0791155
0
1
0
1
0
1
0.0578033
1
0
1
0
1
0
1
1
1
1
1
1
1
1
1
0
1
1
1
1
0.999716
0.99976
0
0
0.999859
0.999767
0.999743
0.999775
0.999662
1
0.791384
0
0.999831
1
0
1
0
1
0
1
0
1
0
0.999976
1
0
1
0
0.901294
1
0
1
0
1
0
1
1
0
1
0
0
0.999727
1
0
0
1
0
0
1
0
0
1
0
1
1
0
1
0
1
0
0
1
0
0
1
1
1
0
1
0.391566
0
0.591632
1
1
0
1
0.770315
0
0
1
0
0.702108
1
0
1
0
1
1
1
1
1
1
0
1
1
1
1
0
1
0.438875
1
0.0531164
0.999747
0.999764
0.999828
0.99978
0.999699
0
0.999425
1
0
0
0.999846
1
0
0
1
0
1
0
1
0
1
0
0.999998
1
0
0.999915
1
0
0.523288
0.0407237
1
0
0.999845
1
0
1
0
1
1
1
0
1
0
0.999776
1
1
0
1
0
0.451363
1
0.665607
0
1
0.205275
0
0.998867
0.998864
1
0
1
0.191072
0
1
0
1
0.055616
0
0.867043
0.849242
0.281543
0.189794
1
1
0
0
0
1
1
0
0
0.117225
1
0
1
1
1
1
1
1
1
1
1
1
0.99998
0.999907
0
0.690254
1
1
1
0.999662
0
1
1
1
0.468959
0
1
0
1
0
1
0
1
0
1
1
0
1
0
1
0
1
0
0.999891
1
0
0.317352
1
0
0
0
1
0
0.999835
1
0
1
0
0.999718
1
0
0.95932
0.9998
1
0.0946593
0
0
0.999684
1
1
0.254358
0
1
0
0.815632
0.998752
1
0
0.999577
0.662245
0.993907
0.361255
0.93745
0.684426
0.988662
1
1
0.72797
0
0.883724
1
1
0
0
1
0.828975
1
0
1
1
0
1
1
1
1
1
1
1
0.997718
1
1
0.999986
0.999921
0
1
1
1
0.776464
0.962011
1
0.999694
0
1
0.999671
0.999593
0
0
1
0
1
0
1
0
1
0
1
0
1
0
0.667317
1
0.0600292
1
0
0
0.999208
1
0
0
1
0
0
0
0.999925
0.999935
1
0.160751
1
0
1
0
1
0.671908
1
1
0.380671
0
0.999866
1
0
0.202327
1
0.00922489
0
0.957164
0.461922
1
0.00574008
0.221948
0.71755
0
)
;

boundaryField
{
    inlet
    {
        type            zeroGradient;
    }
    outlet
    {
        type            zeroGradient;
    }
    lowerWall
    {
        type            zeroGradient;
    }
    upperWall
    {
        type            zeroGradient;
    }
    frontAndBack
    {
        type            empty;
    }
}


// ************************************************************************* //
