/*--------------------------------*- C++ -*----------------------------------*\
| =========                 |                                                 |
| \\      /  F ield         | foam-extend: Open Source CFD                    |
|  \\    /   O peration     | Version:     5.0                                |
|   \\  /    A nd           | Web:         http://www.foam-extend.org         |
|    \\/     M anipulation  |                                                 |
\*---------------------------------------------------------------------------*/
FoamFile
{
    version     2.0;
    format      ascii;
    class       volVectorField;
    location    "0.075";
    object      bodyForce;
}
// * * * * * * * * * * * * * * * * * * * * * * * * * * * * * * * * * * * * * //

dimensions      [0 1 -2 0 0 0 0];

internalField   nonuniform List<vector> 
4000
(
(-2598.18 0 0)
(-4786.07 0 0)
(-10095.3 0 0)
(-14436 0 0)
(-19243.7 0 0)
(-23146.2 0 0)
(-27596.4 0 0)
(-33704.5 0 0)
(-44070.3 0 0)
(-56533.6 0 0)
(-74817 0 0)
(-79514.3 0 0)
(-74351 0 0)
(-72731.5 0 0)
(-100297 0 0)
(-125869 0 0)
(-152249 0 0)
(-169096 0 0)
(-194589 0 0)
(-198122 0 0)
(-234882 0 0)
(-273165 0 0)
(-286248 0 0)
(-304688 0 0)
(-317714 0 0)
(-325325 0 0)
(-340537 0 0)
(-336963 0 0)
(-324934 0 0)
(-324636 0 0)
(-342890 0 0)
(-319924 0 0)
(-274998 0 0)
(-273001 0 0)
(-253705 0 0)
(-237962 0 0)
(-231935 0 0)
(-241199 0 0)
(-230406 0 0)
(-232332 0 0)
(-208737 0 0)
(-197934 0 0)
(-203063 0 0)
(-203300 0 0)
(-223343 0 0)
(-233183 0 0)
(-201087 0 0)
(-177769 0 0)
(-132809 0 0)
(-111385 0 0)
(-76427.2 0 0)
(-66456.8 0 0)
(-75350.2 0 0)
(-73489.4 0 0)
(-66295.9 0 0)
(-55999.8 0 0)
(-63733.8 0 0)
(-61661.1 0 0)
(-51363.9 0 0)
(-52458.4 0 0)
(-46156.1 0 0)
(-47714.2 0 0)
(-46433.3 0 0)
(-39615.8 0 0)
(-36104.1 0 0)
(-28380.7 0 0)
(-25265.1 0 0)
(-22394.1 0 0)
(-17561 0 0)
(-13270.1 0 0)
(-12103.6 0 0)
(-8188.89 0 0)
(-7195.48 0 0)
(-5229.39 0 0)
(-4076.5 0 0)
(-4625.58 0 0)
(-2609.24 0 0)
(-4309.43 0 0)
(-1331.64 0 0)
(-740.512 0 0)
(3758.08 -0 0)
(-273.794 0 0)
(4842.51 -0 0)
(1122.07 -0 0)
(3491.48 -0 0)
(5017.88 -0 0)
(-4989.53 0 0)
(-675.406 0 0)
(812.926 -0 0)
(-11047.3 0 0)
(-5684.88 0 0)
(-10351.8 0 0)
(-597.363 0 0)
(-4533.66 0 0)
(3662.92 -0 0)
(6185.89 -0 0)
(-1604.29 0 0)
(-3330.43 0 0)
(-1668.77 0 0)
(-9104.78 0 0)
(-8089.2 0 0)
(-11127.2 0 0)
(-21093.2 0 0)
(-26941.5 0 0)
(-37223.3 0 0)
(-42646.4 0 0)
(-51112.2 0 0)
(-59148.2 0 0)
(-70530 0 0)
(-71028.3 0 0)
(-77142.5 0 0)
(-75019 0 0)
(-57603 0 0)
(-73538.2 0 0)
(-84722.6 0 0)
(-130360 0 0)
(-161543 0 0)
(-178900 0 0)
(-189888 0 0)
(-233622 0 0)
(-266392 0 0)
(-314880 0 0)
(-298485 0 0)
(-303874 0 0)
(-304995 0 0)
(-298756 0 0)
(-258839 0 0)
(-247774 0 0)
(-258460 0 0)
(-274237 0 0)
(-259538 0 0)
(-227068 0 0)
(-205564 0 0)
(-227938 0 0)
(-221857 0 0)
(-233676 0 0)
(-243073 0 0)
(-226624 0 0)
(-236149 0 0)
(-223811 0 0)
(-225812 0 0)
(-214104 0 0)
(-213789 0 0)
(-221748 0 0)
(-231188 0 0)
(-247031 0 0)
(-261242 0 0)
(-220270 0 0)
(-189302 0 0)
(-154429 0 0)
(-138577 0 0)
(-100188 0 0)
(-96449 0 0)
(-77567.6 0 0)
(-85068.1 0 0)
(-79559.4 0 0)
(-89491.1 0 0)
(-80109.2 0 0)
(-91783.2 0 0)
(-81223.5 0 0)
(-88704.6 0 0)
(-78545 0 0)
(-84045.6 0 0)
(-77421.7 0 0)
(-64690 0 0)
(-60079.3 0 0)
(-43830.5 0 0)
(-43131.4 0 0)
(-30299.1 0 0)
(-23447 0 0)
(-22284 0 0)
(-13699.2 0 0)
(-10552.7 0 0)
(-9482.86 0 0)
(-5721.86 0 0)
(-11861 0 0)
(-8153.25 0 0)
(-13346.3 0 0)
(-5994.05 0 0)
(-11082.4 0 0)
(570.16 -0 0)
(-5871.13 0 0)
(6524.19 -0 0)
(7311.78 -0 0)
(-4607.39 0 0)
(1050.31 -0 0)
(-11709.8 0 0)
(-8716.25 0 0)
(-3969.55 0 0)
(-23805.5 0 0)
(-21635.2 0 0)
(-16026 0 0)
(-9967.32 0 0)
(-13931 0 0)
(-2160.81 0 0)
(3275.79 -0 0)
(-6437.42 0 0)
(-804.554 0 0)
(-9841.31 0 0)
(-8675.19 0 0)
(-10567.2 0 0)
(-16845.4 0 0)
(-28361.6 0 0)
(-29604.9 0 0)
(-41394.8 0 0)
(-43468.9 0 0)
(-50185.6 0 0)
(-52147.2 0 0)
(-52866.8 0 0)
(-54404.6 0 0)
(-43298.2 0 0)
(-34805.3 0 0)
(-33437.6 0 0)
(-53206.5 0 0)
(-65800.5 0 0)
(-114347 0 0)
(-144151 0 0)
(-170386 0 0)
(-195061 0 0)
(-221308 0 0)
(-277635 0 0)
(-287016 0 0)
(-248604 0 0)
(-252783 0 0)
(-241362 0 0)
(-234738 0 0)
(-216270 0 0)
(-226193 0 0)
(-226261 0 0)
(-220479 0 0)
(-191052 0 0)
(-165700 0 0)
(-169289 0 0)
(-189681 0 0)
(-205385 0 0)
(-188667 0 0)
(-189597 0 0)
(-208742 0 0)
(-208963 0 0)
(-215310 0 0)
(-197092 0 0)
(-187206 0 0)
(-196579 0 0)
(-190709 0 0)
(-206930 0 0)
(-213179 0 0)
(-239385 0 0)
(-214612 0 0)
(-190277 0 0)
(-172902 0 0)
(-160938 0 0)
(-132217 0 0)
(-114838 0 0)
(-93655.8 0 0)
(-85134.5 0 0)
(-93928.4 0 0)
(-96872.2 0 0)
(-82597.9 0 0)
(-94849.3 0 0)
(-87243.4 0 0)
(-96625.3 0 0)
(-85324.6 0 0)
(-88242.1 0 0)
(-79287.7 0 0)
(-78559.9 0 0)
(-69165.2 0 0)
(-49576.6 0 0)
(-48685.4 0 0)
(-34622.2 0 0)
(-31943.2 0 0)
(-20942.6 0 0)
(-14381.7 0 0)
(-15137.3 0 0)
(-13021.7 0 0)
(-11777 0 0)
(-9456.7 0 0)
(-24295 0 0)
(-12680.5 0 0)
(-24269.8 0 0)
(-12423 0 0)
(-17106 0 0)
(-16503.4 0 0)
(-567.856 0 0)
(-10780.5 0 0)
(-4976.47 0 0)
(-18779.6 0 0)
(-12530.4 0 0)
(-28680.4 0 0)
(-20893.9 0 0)
(-36637.1 0 0)
(-28737.1 0 0)
(-39581.4 0 0)
(-43310.4 0 0)
(-21265.7 0 0)
(-19660 0 0)
(-23100.9 0 0)
(-8121.2 0 0)
(-14918.4 0 0)
(-7690.37 0 0)
(-16947.7 0 0)
(-11077.7 0 0)
(-15410.4 0 0)
(-28077.6 0 0)
(-35164.7 0 0)
(-35757.1 0 0)
(-44869.9 0 0)
(-43954.2 0 0)
(-46022.1 0 0)
(-45401.9 0 0)
(-41987.5 0 0)
(-38010.3 0 0)
(-27066.6 0 0)
(-34676.4 0 0)
(-45229.8 0 0)
(-57400.4 0 0)
(-102833 0 0)
(-139538 0 0)
(-160703 0 0)
(-204348 0 0)
(-243781 0 0)
(-253329 0 0)
(-251541 0 0)
(-213111 0 0)
(-213901 0 0)
(-199472 0 0)
(-191120 0 0)
(-187664 0 0)
(-201455 0 0)
(-219985 0 0)
(-189914 0 0)
(-135061 0 0)
(-106626 0 0)
(-144771 0 0)
(-149708 0 0)
(-155840 0 0)
(-144636 0 0)
(-162350 0 0)
(-169732 0 0)
(-184605 0 0)
(-196727 0 0)
(-197503 0 0)
(-194957 0 0)
(-181893 0 0)
(-187849 0 0)
(-192182 0 0)
(-211615 0 0)
(-224171 0 0)
(-215974 0 0)
(-165562 0 0)
(-146452 0 0)
(-140513 0 0)
(-116794 0 0)
(-110267 0 0)
(-91129.5 0 0)
(-94225.1 0 0)
(-99455.2 0 0)
(-85861.1 0 0)
(-79788.1 0 0)
(-90270 0 0)
(-87439.7 0 0)
(-97384.2 0 0)
(-89357 0 0)
(-83852.1 0 0)
(-80307.6 0 0)
(-81987.7 0 0)
(-70782.8 0 0)
(-54600.4 0 0)
(-49069 0 0)
(-41286.6 0 0)
(-33791.9 0 0)
(-24243.6 0 0)
(-19694.9 0 0)
(-17892.6 0 0)
(-13556.7 0 0)
(-19863.2 0 0)
(-17101.5 0 0)
(-27974.9 0 0)
(-18323.8 0 0)
(-29978 0 0)
(-17449.3 0 0)
(-22559.3 0 0)
(-10378.1 0 0)
(-6286.29 0 0)
(-5461.11 0 0)
(-18681.5 0 0)
(-14476.3 0 0)
(-29000.9 0 0)
(-25120.6 0 0)
(-40570.1 0 0)
(-34247.1 0 0)
(-47019.7 0 0)
(-38034.7 0 0)
(-49924 0 0)
(-30038.8 0 0)
(-35282.7 0 0)
(-21973.9 0 0)
(-10295.4 0 0)
(-9378.81 0 0)
(-14894 0 0)
(-16149 0 0)
(-12333.8 0 0)
(-16600.5 0 0)
(-23579.4 0 0)
(-29968.1 0 0)
(-40331.3 0 0)
(-39037.1 0 0)
(-43850.2 0 0)
(-39391.1 0 0)
(-40863.5 0 0)
(-38943.8 0 0)
(-31487.8 0 0)
(-16619.9 0 0)
(-24027.8 0 0)
(-28006.4 0 0)
(-69678.7 0 0)
(-107525 0 0)
(-131892 0 0)
(-169973 0 0)
(-202448 0 0)
(-242806 0 0)
(-247309 0 0)
(-212452 0 0)
(-175739 0 0)
(-175466 0 0)
(-160010 0 0)
(-131367 0 0)
(-147423 0 0)
(-183366 0 0)
(-166994 0 0)
(-115670 0 0)
(-68738.1 0 0)
(-58633.9 0 0)
(-83288 0 0)
(-121451 0 0)
(-96629.7 0 0)
(-105729 0 0)
(-111403 0 0)
(-132339 0 0)
(-156601 0 0)
(-166177 0 0)
(-178592 0 0)
(-171549 0 0)
(-169488 0 0)
(-166916 0 0)
(-187131 0 0)
(-212263 0 0)
(-226167 0 0)
(-216772 0 0)
(-176161 0 0)
(-133198 0 0)
(-107534 0 0)
(-118362 0 0)
(-100527 0 0)
(-100352 0 0)
(-84417.7 0 0)
(-90833.8 0 0)
(-82348 0 0)
(-88629 0 0)
(-84078.9 0 0)
(-86460.1 0 0)
(-88424.6 0 0)
(-84057.4 0 0)
(-82105.5 0 0)
(-85282.5 0 0)
(-78696.6 0 0)
(-70631.1 0 0)
(-59803.8 0 0)
(-51204.9 0 0)
(-43901.7 0 0)
(-35928.4 0 0)
(-29818.9 0 0)
(-21990.6 0 0)
(-18350.6 0 0)
(-19719.4 0 0)
(-19245.2 0 0)
(-28433.4 0 0)
(-23388.2 0 0)
(-30718 0 0)
(-22572.5 0 0)
(-27576.8 0 0)
(-15162.4 0 0)
(-19459.5 0 0)
(-23564.4 0 0)
(-15386.5 0 0)
(-14334.6 0 0)
(-29333.9 0 0)
(-24827.9 0 0)
(-46004 0 0)
(-36896.1 0 0)
(-50848.6 0 0)
(-41915.7 0 0)
(-53727.4 0 0)
(-42740.2 0 0)
(-45880.1 0 0)
(-30612.2 0 0)
(-33795.6 0 0)
(-18663.7 0 0)
(-22721.4 0 0)
(-15577.1 0 0)
(-21417.9 0 0)
(-12992 0 0)
(-17352.9 0 0)
(-28209.7 0 0)
(-33837.3 0 0)
(-34867.2 0 0)
(-42093.7 0 0)
(-38976.8 0 0)
(-39178.7 0 0)
(-36854.7 0 0)
(-31590.6 0 0)
(-23344.1 0 0)
(-9473.73 0 0)
(-2531.4 0 0)
(-27908.9 0 0)
(-54336.9 0 0)
(-98506.1 0 0)
(-142986 0 0)
(-170467 0 0)
(-208665 0 0)
(-218162 0 0)
(-214544 0 0)
(-186302 0 0)
(-151597 0 0)
(-124537 0 0)
(-105982 0 0)
(-96608.4 0 0)
(-108978 0 0)
(-115214 0 0)
(-88651.5 0 0)
(-21388.2 0 0)
(26515 -0 0)
(-22294.1 0 0)
(-80646.4 0 0)
(-61219.8 0 0)
(-66441.7 0 0)
(-72459.1 0 0)
(-105059 0 0)
(-114753 0 0)
(-139927 0 0)
(-169127 0 0)
(-160468 0 0)
(-157834 0 0)
(-139507 0 0)
(-146945 0 0)
(-158679 0 0)
(-187807 0 0)
(-222511 0 0)
(-223950 0 0)
(-181427 0 0)
(-119573 0 0)
(-103843 0 0)
(-112941 0 0)
(-99268.8 0 0)
(-101198 0 0)
(-83502.4 0 0)
(-93428.2 0 0)
(-95994.4 0 0)
(-85604.8 0 0)
(-88464.6 0 0)
(-80651.5 0 0)
(-88661 0 0)
(-82278.2 0 0)
(-85234.4 0 0)
(-81044.4 0 0)
(-76471.3 0 0)
(-69097 0 0)
(-59944.4 0 0)
(-53830.2 0 0)
(-45419 0 0)
(-36791 0 0)
(-32456.5 0 0)
(-25504.2 0 0)
(-18277.7 0 0)
(-18902.9 0 0)
(-26835.3 0 0)
(-24772.9 0 0)
(-31389.6 0 0)
(-23888.3 0 0)
(-29630.9 0 0)
(-18309.1 0 0)
(-22755.4 0 0)
(-14170.7 0 0)
(-9818.24 0 0)
(-25409.4 0 0)
(-29278.4 0 0)
(-24925.4 0 0)
(-37667.1 0 0)
(-54971.8 0 0)
(-45895.4 0 0)
(-40350.3 0 0)
(-45342 0 0)
(-58170.7 0 0)
(-44146.2 0 0)
(-37037 0 0)
(-40414.8 0 0)
(-28095.5 0 0)
(-31402.1 0 0)
(-22307.7 0 0)
(-20657.3 0 0)
(-24306 0 0)
(-13360.8 0 0)
(-17468.6 0 0)
(-27799.1 0 0)
(-28831.5 0 0)
(-39345.2 0 0)
(-38003.3 0 0)
(-40206.7 0 0)
(-38674.5 0 0)
(-31315.3 0 0)
(-18203.7 0 0)
(-6515.18 0 0)
(3989.63 -0 0)
(9421.11 -0 0)
(-25926.3 0 0)
(-57062.9 0 0)
(-107544 0 0)
(-133388 0 0)
(-166354 0 0)
(-203226 0 0)
(-197419 0 0)
(-168422 0 0)
(-145405 0 0)
(-116743 0 0)
(-92888.6 0 0)
(-59398 0 0)
(-35352 0 0)
(-36044.9 0 0)
(-29313.3 0 0)
(46556.1 -0 0)
(128887 -0 0)
(139658 -0 0)
(-30812.5 0 0)
(-52585.7 0 0)
(-17415.3 0 0)
(-7651 0 0)
(-44484.5 0 0)
(-79387.5 0 0)
(-95628.5 0 0)
(-120726 0 0)
(-149997 0 0)
(-148425 0 0)
(-149244 0 0)
(-132520 0 0)
(-126048 0 0)
(-138066 0 0)
(-173570 0 0)
(-213759 0 0)
(-237446 0 0)
(-201303 0 0)
(-131389 0 0)
(-113581 0 0)
(-99980.1 0 0)
(-101568 0 0)
(-95460.4 0 0)
(-79148.1 0 0)
(-84943.8 0 0)
(-90211.5 0 0)
(-85105.5 0 0)
(-86933.4 0 0)
(-76877.2 0 0)
(-85809.2 0 0)
(-82217.5 0 0)
(-80520.4 0 0)
(-77603.6 0 0)
(-73523.9 0 0)
(-69326.4 0 0)
(-62427.3 0 0)
(-55072.2 0 0)
(-46509.5 0 0)
(-37585.6 0 0)
(-32566.9 0 0)
(-29913.7 0 0)
(-21307.8 0 0)
(-22579.2 0 0)
(-23614.3 0 0)
(-29921.2 0 0)
(-25062.6 0 0)
(-27107.5 0 0)
(-19515.8 0 0)
(-19094.8 0 0)
(-19392.4 0 0)
(-21320.1 0 0)
(-9806.23 0 0)
(-21502.3 0 0)
(-19364.1 0 0)
(-32758 0 0)
(-30694.2 0 0)
(-47130.8 0 0)
(-59582.8 0 0)
(-45582.7 0 0)
(-55412.5 0 0)
(-46326 0 0)
(-55180.2 0 0)
(-53609.8 0 0)
(-35971.1 0 0)
(-38314 0 0)
(-28308.3 0 0)
(-18797.2 0 0)
(-21644.5 0 0)
(-28254.4 0 0)
(-13031.5 0 0)
(-16020.7 0 0)
(-24453.4 0 0)
(-31795 0 0)
(-34985.2 0 0)
(-39214.4 0 0)
(-36987.5 0 0)
(-35446.3 0 0)
(-24037.6 0 0)
(-7251.85 0 0)
(5397.52 -0 0)
(22016.1 -0 0)
(20020.7 -0 0)
(-15676.2 0 0)
(-72616.8 0 0)
(-103169 0 0)
(-141383 0 0)
(-160343 0 0)
(-175146 0 0)
(-167866 0 0)
(-129797 0 0)
(-88590.5 0 0)
(-50195.1 0 0)
(-15556.5 0 0)
(32315 -0 0)
(42752.2 -0 0)
(22355.6 -0 0)
(70093.3 -0 0)
(166692 -0 0)
(226402 -0 0)
(155995 -0 0)
(-22784.9 0 0)
(46854.2 -0 0)
(56026.8 -0 0)
(36471.5 -0 0)
(10821.5 -0 0)
(-21172.1 0 0)
(-68414.6 0 0)
(-107138 0 0)
(-122316 0 0)
(-136659 0 0)
(-128894 0 0)
(-108121 0 0)
(-111102 0 0)
(-131615 0 0)
(-151997 0 0)
(-190557 0 0)
(-243778 0 0)
(-225470 0 0)
(-148633 0 0)
(-114025 0 0)
(-105421 0 0)
(-98079 0 0)
(-83550.1 0 0)
(-82334.9 0 0)
(-86487.1 0 0)
(-85322.6 0 0)
(-87581.5 0 0)
(-82129.7 0 0)
(-75734.2 0 0)
(-82949.9 0 0)
(-77885.9 0 0)
(-80466.5 0 0)
(-72955.1 0 0)
(-72268 0 0)
(-70618.4 0 0)
(-63381.4 0 0)
(-56284.7 0 0)
(-47563.1 0 0)
(-39525.3 0 0)
(-33558.4 0 0)
(-32494.1 0 0)
(-24217.8 0 0)
(-22747.7 0 0)
(-27420.7 0 0)
(-26744.9 0 0)
(-26751.5 0 0)
(-20392.1 0 0)
(-19539.4 0 0)
(-11254.5 0 0)
(-7046.31 0 0)
(-14528.1 0 0)
(-9571.65 0 0)
(-19996.5 0 0)
(-25925.1 0 0)
(-34074.4 0 0)
(-36239.3 0 0)
(-38932.9 0 0)
(-54222.3 0 0)
(-44672.9 0 0)
(-42105 0 0)
(-49424.6 0 0)
(-57313.8 0 0)
(-44189.9 0 0)
(-43154.5 0 0)
(-32882.6 0 0)
(-22505 0 0)
(-21962.6 0 0)
(-25547.5 0 0)
(-26341.6 0 0)
(-14180.7 0 0)
(-14584.9 0 0)
(-19937.6 0 0)
(-30406.8 0 0)
(-34584.9 0 0)
(-35764.5 0 0)
(-34212 0 0)
(-28193.3 0 0)
(-13762.5 0 0)
(583.077 -0 0)
(19830.9 -0 0)
(26057.3 -0 0)
(16923.2 -0 0)
(-13537.5 0 0)
(-70298.6 0 0)
(-117553 0 0)
(-135466 0 0)
(-156744 0 0)
(-150086 0 0)
(-130392 0 0)
(-86458 0 0)
(-46269.6 0 0)
(16060 -0 0)
(82103.1 -0 0)
(127279 -0 0)
(108306 -0 0)
(141198 -0 0)
(182742 -0 0)
(248154 -0 0)
(282305 -0 0)
(154982 -0 0)
(91819.3 -0 0)
(117668 -0 0)
(90874.2 -0 0)
(93137.6 -0 0)
(66464 -0 0)
(8304.3 -0 0)
(-41633.8 0 0)
(-67050.4 0 0)
(-95619.4 0 0)
(-103565 0 0)
(-92290.1 0 0)
(-90217 0 0)
(-104229 0 0)
(-114029 0 0)
(-134071 0 0)
(-167472 0 0)
(-238734 0 0)
(-248308 0 0)
(-172245 0 0)
(-119857 0 0)
(-106143 0 0)
(-96581.4 0 0)
(-89969.3 0 0)
(-90704.5 0 0)
(-84740.2 0 0)
(-88536.9 0 0)
(-84064.4 0 0)
(-85218 0 0)
(-80200.4 0 0)
(-81996.1 0 0)
(-77221.1 0 0)
(-78501 0 0)
(-71235 0 0)
(-70803.7 0 0)
(-68217.1 0 0)
(-62645.7 0 0)
(-56768 0 0)
(-49299.1 0 0)
(-41038.4 0 0)
(-34593.1 0 0)
(-31306.8 0 0)
(-28488.8 0 0)
(-26956.1 0 0)
(-27938.6 0 0)
(-27478 0 0)
(-24385.8 0 0)
(-19802.1 0 0)
(-16054.7 0 0)
(-12541.4 0 0)
(-6150.81 0 0)
(-12093.3 0 0)
(-14320.6 0 0)
(-16993.1 0 0)
(-30657.5 0 0)
(-38072.3 0 0)
(-33544.3 0 0)
(-43144.3 0 0)
(-48970.6 0 0)
(-46646.3 0 0)
(-45687.1 0 0)
(-38610.9 0 0)
(-37108.6 0 0)
(-43190.5 0 0)
(-34077.8 0 0)
(-24738.1 0 0)
(-17462.8 0 0)
(-23490.7 0 0)
(-28894.6 0 0)
(-24289.2 0 0)
(-13086.1 0 0)
(-14751 0 0)
(-15195.8 0 0)
(-27071.8 0 0)
(-32380.3 0 0)
(-31501.4 0 0)
(-29572.1 0 0)
(-18550 0 0)
(-6522.5 0 0)
(12783.2 -0 0)
(27629.9 -0 0)
(39838.2 -0 0)
(24527.5 -0 0)
(-31697.6 0 0)
(-83992.7 0 0)
(-112453 0 0)
(-137019 0 0)
(-136884 0 0)
(-125119 0 0)
(-82487.9 0 0)
(-42918 0 0)
(37206.1 -0 0)
(127472 -0 0)
(177181 -0 0)
(177705 -0 0)
(169052 -0 0)
(176825 -0 0)
(231003 -0 0)
(298113 -0 0)
(259262 -0 0)
(62016.9 -0 0)
(78397.9 -0 0)
(101105 -0 0)
(95051.3 -0 0)
(107382 -0 0)
(99628.9 -0 0)
(70850.5 -0 0)
(5920.95 -0 0)
(-36217.6 0 0)
(-50999.7 0 0)
(-68851.5 0 0)
(-82545.6 0 0)
(-92252.4 0 0)
(-88985.4 0 0)
(-100463 0 0)
(-112022 0 0)
(-138439 0 0)
(-213707 0 0)
(-267494 0 0)
(-194967 0 0)
(-129194 0 0)
(-107991 0 0)
(-90125.9 0 0)
(-99628.1 0 0)
(-89522.2 0 0)
(-87978.8 0 0)
(-91651.1 0 0)
(-85697.4 0 0)
(-82433.8 0 0)
(-81806.8 0 0)
(-77617.3 0 0)
(-79118.3 0 0)
(-75201.6 0 0)
(-72156 0 0)
(-66417.4 0 0)
(-65851.2 0 0)
(-61850.8 0 0)
(-56036.6 0 0)
(-50917.4 0 0)
(-41747.5 0 0)
(-37225.1 0 0)
(-32338.7 0 0)
(-28904.8 0 0)
(-31937.6 0 0)
(-29291.1 0 0)
(-27646.9 0 0)
(-22073.6 0 0)
(-20089.3 0 0)
(-13737.6 0 0)
(-14439.7 0 0)
(-9566.64 0 0)
(-17368.7 0 0)
(-16406.5 0 0)
(-26949.6 0 0)
(-28902.4 0 0)
(-34576.3 0 0)
(-35439.4 0 0)
(-40306 0 0)
(-43425.3 0 0)
(-44537.5 0 0)
(-47247.2 0 0)
(-39141.7 0 0)
(-26260.9 0 0)
(-35713.9 0 0)
(-25487.6 0 0)
(-18311.2 0 0)
(-17857.3 0 0)
(-21451.1 0 0)
(-29486.9 0 0)
(-22283.7 0 0)
(-9675.23 0 0)
(-13362.5 0 0)
(-14783.6 0 0)
(-22820.2 0 0)
(-23903.6 0 0)
(-26120 0 0)
(-19024.5 0 0)
(-12079.1 0 0)
(4434.38 -0 0)
(20431.6 -0 0)
(41039.1 -0 0)
(42913.8 -0 0)
(29892.5 -0 0)
(-22757.3 0 0)
(-93008.7 0 0)
(-122390 0 0)
(-121486 0 0)
(-120681 0 0)
(-89250.1 0 0)
(-33407.2 0 0)
(28742.5 -0 0)
(144561 -0 0)
(218536 -0 0)
(223295 -0 0)
(204576 -0 0)
(181216 -0 0)
(211613 -0 0)
(260163 -0 0)
(309412 -0 0)
(196779 -0 0)
(-597 0 0)
(66906.9 -0 0)
(39865.3 -0 0)
(37384.7 -0 0)
(48442.4 -0 0)
(86890.6 -0 0)
(75318.2 -0 0)
(34491.7 -0 0)
(6480.83 -0 0)
(-30976 0 0)
(-58174.7 0 0)
(-83668.3 0 0)
(-75566.5 0 0)
(-75442.8 0 0)
(-80147.8 0 0)
(-85090.4 0 0)
(-108021 0 0)
(-169841 0 0)
(-261269 0 0)
(-210819 0 0)
(-147605 0 0)
(-111169 0 0)
(-90025.5 0 0)
(-99020.6 0 0)
(-92620.7 0 0)
(-90772.1 0 0)
(-86935.5 0 0)
(-82999.5 0 0)
(-83500.3 0 0)
(-78477.4 0 0)
(-77052 0 0)
(-76369.2 0 0)
(-76367.7 0 0)
(-69641.8 0 0)
(-66156.3 0 0)
(-62116.5 0 0)
(-60334.3 0 0)
(-55897.7 0 0)
(-49732.3 0 0)
(-43698.2 0 0)
(-37593.2 0 0)
(-35277 0 0)
(-33083.7 0 0)
(-33135.3 0 0)
(-28906.6 0 0)
(-25295 0 0)
(-24437.3 0 0)
(-17501.3 0 0)
(-19630.9 0 0)
(-13794.4 0 0)
(-24131 0 0)
(-19208.6 0 0)
(-25142.4 0 0)
(-19338.8 0 0)
(-7244.51 0 0)
(-24423.7 0 0)
(-32740 0 0)
(-32049.5 0 0)
(-36487.1 0 0)
(-37922.5 0 0)
(-42361 0 0)
(-34133.5 0 0)
(-21331.2 0 0)
(-24827.2 0 0)
(-17460.9 0 0)
(-16629.3 0 0)
(-16656.9 0 0)
(-22573.3 0 0)
(-30582.1 0 0)
(-18546.1 0 0)
(-9049.85 0 0)
(-10416 0 0)
(-13645.9 0 0)
(-16737.7 0 0)
(-12060.5 0 0)
(-12539 0 0)
(-13999.5 0 0)
(-1944.8 0 0)
(10363 -0 0)
(32353.7 -0 0)
(45899.7 -0 0)
(51881.5 -0 0)
(24822.1 -0 0)
(-11314.3 0 0)
(-67792.2 0 0)
(-101571 0 0)
(-109971 0 0)
(-83664.2 0 0)
(-44614.5 0 0)
(19080 -0 0)
(130425 -0 0)
(239342 -0 0)
(255754 -0 0)
(219043 -0 0)
(184532 -0 0)
(205385 -0 0)
(219807 -0 0)
(271062 -0 0)
(267118 -0 0)
(99932.1 -0 0)
(-6918.13 0 0)
(15186.3 -0 0)
(-14356.2 0 0)
(-33443.8 0 0)
(-33232.5 0 0)
(16115.7 -0 0)
(64404.3 -0 0)
(63408.4 -0 0)
(25113.6 -0 0)
(4435.21 -0 0)
(-37015.8 0 0)
(-61207.9 0 0)
(-60373.2 0 0)
(-63617.4 0 0)
(-60246.1 0 0)
(-67264.8 0 0)
(-79958 0 0)
(-130342 0 0)
(-235027 0 0)
(-222784 0 0)
(-159629 0 0)
(-109842 0 0)
(-95914.7 0 0)
(-95714.3 0 0)
(-97616.9 0 0)
(-90396.1 0 0)
(-80433.2 0 0)
(-84087.7 0 0)
(-79725.4 0 0)
(-79697.3 0 0)
(-72518.6 0 0)
(-75034.8 0 0)
(-74433.5 0 0)
(-68472.8 0 0)
(-63337.1 0 0)
(-60563.4 0 0)
(-57870.4 0 0)
(-54602.1 0 0)
(-49887 0 0)
(-42534.3 0 0)
(-39651.6 0 0)
(-35824.1 0 0)
(-36166.3 0 0)
(-32908.4 0 0)
(-25898.6 0 0)
(-27804.7 0 0)
(-20802.5 0 0)
(-24490.6 0 0)
(-16478.7 0 0)
(-17520.8 0 0)
(-32371.3 0 0)
(-24848.3 0 0)
(-7937.56 0 0)
(-3742.03 0 0)
(-5622.32 0 0)
(-25783.8 0 0)
(-21899.5 0 0)
(-27595.8 0 0)
(-39868.2 0 0)
(-40332.7 0 0)
(-31323.9 0 0)
(-28038.8 0 0)
(-15583.9 0 0)
(-16723.9 0 0)
(-11697 0 0)
(-14332.2 0 0)
(-15614.6 0 0)
(-21131.7 0 0)
(-25298.2 0 0)
(-12393.6 0 0)
(-9759.1 0 0)
(-8449.52 0 0)
(-12356.8 0 0)
(-11303.2 0 0)
(-2449.78 0 0)
(-1141.89 0 0)
(-3121.68 0 0)
(3210.48 -0 0)
(21981.8 -0 0)
(36649.9 -0 0)
(50617 -0 0)
(55286.3 -0 0)
(21904.7 -0 0)
(-18491.1 0 0)
(-55469.7 0 0)
(-85275.1 0 0)
(-82600.2 0 0)
(-47365 0 0)
(-1468.81 0 0)
(95533.1 -0 0)
(218910 -0 0)
(285994 -0 0)
(250820 -0 0)
(202545 -0 0)
(200414 -0 0)
(203858 -0 0)
(221244 -0 0)
(222412 -0 0)
(201272 -0 0)
(42472 -0 0)
(-95829.3 0 0)
(-44825.2 0 0)
(-81551 0 0)
(-101599 0 0)
(-122210 0 0)
(-87330.8 0 0)
(-24651.5 0 0)
(22609.9 -0 0)
(30264.7 -0 0)
(27667.1 -0 0)
(-7029.24 0 0)
(-36125.5 0 0)
(-55333.8 0 0)
(-53047.3 0 0)
(-57213.1 0 0)
(-51974.8 0 0)
(-59285.2 0 0)
(-99740.8 0 0)
(-200750 0 0)
(-219282 0 0)
(-169090 0 0)
(-115753 0 0)
(-95848 0 0)
(-98946.3 0 0)
(-98457.3 0 0)
(-86356.1 0 0)
(-83948.4 0 0)
(-81083.7 0 0)
(-82041 0 0)
(-78600.6 0 0)
(-69932.5 0 0)
(-73540.7 0 0)
(-69566.5 0 0)
(-68043.2 0 0)
(-63045.2 0 0)
(-58190.3 0 0)
(-54901.9 0 0)
(-51943.8 0 0)
(-48889.1 0 0)
(-42624.7 0 0)
(-39281.7 0 0)
(-39889.2 0 0)
(-34984 0 0)
(-27316.8 0 0)
(-29078.5 0 0)
(-22725 0 0)
(-29919.9 0 0)
(-24600.9 0 0)
(-33215.6 0 0)
(-32149.2 0 0)
(-23585.1 0 0)
(-21492.3 0 0)
(-29216.6 0 0)
(-24232.3 0 0)
(-21310 0 0)
(-14399.5 0 0)
(-19437.1 0 0)
(-32821.9 0 0)
(-31007.7 0 0)
(-25021.2 0 0)
(-29365.4 0 0)
(-16550.2 0 0)
(-20438.8 0 0)
(-8917.37 0 0)
(-11409.4 0 0)
(-10663.9 0 0)
(-18226.3 0 0)
(-25149.5 0 0)
(-22458.9 0 0)
(-5028.97 0 0)
(-11447 0 0)
(-6297.48 0 0)
(-8089.01 0 0)
(-3034.36 0 0)
(-2454.59 0 0)
(2659.38 -0 0)
(10528.5 -0 0)
(15165 -0 0)
(27023.5 -0 0)
(41409.1 -0 0)
(56935.6 -0 0)
(53656.6 -0 0)
(33175.2 -0 0)
(-2081.36 0 0)
(-45613.5 0 0)
(-75713.8 0 0)
(-47433.2 0 0)
(-10841.8 0 0)
(61160.6 -0 0)
(170052 -0 0)
(272593 -0 0)
(278558 -0 0)
(219485 -0 0)
(181502 -0 0)
(190967 -0 0)
(200762 -0 0)
(180051 -0 0)
(168192 -0 0)
(103822 -0 0)
(-75770.8 0 0)
(-113885 0 0)
(-40222.7 0 0)
(-56932.6 0 0)
(-69900.1 0 0)
(-126446 0 0)
(-193309 0 0)
(-146640 0 0)
(-68326.6 0 0)
(-9307.57 0 0)
(19193.4 -0 0)
(13091.9 -0 0)
(-33034.3 0 0)
(-49361.1 0 0)
(-51695.6 0 0)
(-49207.8 0 0)
(-40895.9 0 0)
(-39412.9 0 0)
(-73336.5 0 0)
(-162555 0 0)
(-206556 0 0)
(-175470 0 0)
(-120217 0 0)
(-99343.6 0 0)
(-96999.1 0 0)
(-95465.2 0 0)
(-90894.8 0 0)
(-84081.8 0 0)
(-83295.6 0 0)
(-81581.7 0 0)
(-73146.6 0 0)
(-73090.8 0 0)
(-69963 0 0)
(-70079.9 0 0)
(-65540.4 0 0)
(-62441.6 0 0)
(-54979.1 0 0)
(-55171.8 0 0)
(-50787.9 0 0)
(-47050 0 0)
(-42899 0 0)
(-43530.5 0 0)
(-40967 0 0)
(-42332.8 0 0)
(-38961.5 0 0)
(-22594.1 0 0)
(-30677.2 0 0)
(-21915.4 0 0)
(-34052.5 0 0)
(-24050.2 0 0)
(-32292.4 0 0)
(-22347.7 0 0)
(-26525 0 0)
(-14313.1 0 0)
(-21083.5 0 0)
(-10739.8 0 0)
(-19104.4 0 0)
(-28595.4 0 0)
(-21219.2 0 0)
(-12026 0 0)
(-25554.8 0 0)
(-23513.7 0 0)
(-10307.5 0 0)
(-8541.14 0 0)
(-11780.9 0 0)
(-5439.15 0 0)
(-12923.7 0 0)
(-15993.6 0 0)
(-22489.3 0 0)
(-24387.1 0 0)
(584.042 -0 0)
(-7584.44 0 0)
(-2567.4 0 0)
(-692.966 0 0)
(-598.384 0 0)
(11435.1 -0 0)
(16211.2 -0 0)
(14787.3 -0 0)
(26858.3 -0 0)
(38358.4 -0 0)
(45808.1 -0 0)
(56249.5 -0 0)
(59720.5 -0 0)
(30296.9 -0 0)
(1541.05 -0 0)
(-37126.8 0 0)
(-44760.6 0 0)
(-19020.5 0 0)
(41510.2 -0 0)
(122400 -0 0)
(244085 -0 0)
(299526 -0 0)
(242258 -0 0)
(192966 -0 0)
(189660 -0 0)
(182447 -0 0)
(156094 -0 0)
(126812 -0 0)
(74745.2 -0 0)
(15886.8 -0 0)
(-250826 0 0)
(-101011 0 0)
(-48256.2 0 0)
(-42815.4 0 0)
(-56841.4 0 0)
(-101801 0 0)
(-185700 0 0)
(-222237 0 0)
(-157963 0 0)
(-92171.6 0 0)
(-20106.4 0 0)
(7899 -0 0)
(-21260.6 0 0)
(-49281.1 0 0)
(-49398.6 0 0)
(-50866.7 0 0)
(-27406.7 0 0)
(-14168.6 0 0)
(-40052.5 0 0)
(-127162 0 0)
(-184108 0 0)
(-177627 0 0)
(-127068 0 0)
(-99315.7 0 0)
(-99148.2 0 0)
(-96880.4 0 0)
(-91061.7 0 0)
(-85334 0 0)
(-80543.2 0 0)
(-77119.9 0 0)
(-73230.9 0 0)
(-68888 0 0)
(-70590.3 0 0)
(-68924.7 0 0)
(-59895.5 0 0)
(-60093.8 0 0)
(-56335.7 0 0)
(-53232.7 0 0)
(-45383.2 0 0)
(-47942.4 0 0)
(-42822 0 0)
(-41595.7 0 0)
(-48312.3 0 0)
(-40684.2 0 0)
(-40851.8 0 0)
(-29591.1 0 0)
(-17122.2 0 0)
(-24914.7 0 0)
(-42070.4 0 0)
(-36427.7 0 0)
(-19689.1 0 0)
(-29134.7 0 0)
(-16947.5 0 0)
(-21931.1 0 0)
(-17054.7 0 0)
(-34658.5 0 0)
(-32486.6 0 0)
(-21954.3 0 0)
(-6748.5 0 0)
(-16985.8 0 0)
(-12767.2 0 0)
(-12543.1 0 0)
(-19094.8 0 0)
(-6007.28 0 0)
(-3229.17 0 0)
(-9648.14 0 0)
(-8440.37 0 0)
(-19568.2 0 0)
(-27082.2 0 0)
(-24773.5 0 0)
(5780.79 -0 0)
(-8085.55 0 0)
(-164.025 0 0)
(5258.19 -0 0)
(10484.5 -0 0)
(10647.6 -0 0)
(16721.8 -0 0)
(21093.4 -0 0)
(37129.5 -0 0)
(40675.1 -0 0)
(53163.5 -0 0)
(56829.8 -0 0)
(57099 -0 0)
(37243.7 -0 0)
(4016.43 -0 0)
(-13971 0 0)
(-26125.8 0 0)
(19034 -0 0)
(93800.3 -0 0)
(186098 -0 0)
(282017 -0 0)
(255639 -0 0)
(217988 -0 0)
(172485 -0 0)
(171536 -0 0)
(152647 -0 0)
(98777.6 -0 0)
(41680.8 -0 0)
(992.918 -0 0)
(-67230 0 0)
(-388128 0 0)
(-141125 0 0)
(-43536 0 0)
(-29707.9 0 0)
(-47180.6 0 0)
(-95898.9 0 0)
(-174819 0 0)
(-234206 0 0)
(-168947 0 0)
(-112830 0 0)
(-59099.9 0 0)
(-7704.43 0 0)
(-17066.4 0 0)
(-47906.3 0 0)
(-53567.7 0 0)
(-47808.2 0 0)
(-17062.6 0 0)
(4113.27 -0 0)
(-5620.38 0 0)
(-94439 0 0)
(-153725 0 0)
(-174271 0 0)
(-130485 0 0)
(-101921 0 0)
(-100409 0 0)
(-98422.7 0 0)
(-90184.4 0 0)
(-83881.6 0 0)
(-82859.9 0 0)
(-77281.2 0 0)
(-68860.6 0 0)
(-67668.7 0 0)
(-67706.7 0 0)
(-64274.1 0 0)
(-55868.3 0 0)
(-56940.3 0 0)
(-51932.1 0 0)
(-52681.4 0 0)
(-42729.5 0 0)
(-43830.7 0 0)
(-52718.4 0 0)
(-46629.1 0 0)
(-46451.3 0 0)
(-46841.4 0 0)
(-33704.4 0 0)
(-28883 0 0)
(-19641.6 0 0)
(-32673.1 0 0)
(-23798 0 0)
(-35701.2 0 0)
(-24197.5 0 0)
(-33318.6 0 0)
(-23604.9 0 0)
(-9948 0 0)
(-20890.1 0 0)
(-13876.6 0 0)
(-21628.7 0 0)
(-9390.78 0 0)
(-13485.3 0 0)
(-9941.06 0 0)
(-17300.3 0 0)
(-15668.1 0 0)
(-13197.3 0 0)
(-9807.94 0 0)
(-13357.7 0 0)
(-2745.32 0 0)
(-11801.8 0 0)
(-11480.5 0 0)
(-15723.5 0 0)
(-23654.1 0 0)
(913.699 -0 0)
(-9255.46 0 0)
(4971.94 -0 0)
(5204.29 -0 0)
(13334.1 -0 0)
(25986.3 -0 0)
(32993.3 -0 0)
(38577.3 -0 0)
(46089.7 -0 0)
(44309.1 -0 0)
(53407.3 -0 0)
(63044.5 -0 0)
(62118.5 -0 0)
(40723 -0 0)
(27506.4 -0 0)
(4149.87 -0 0)
(11042.9 -0 0)
(64531.1 -0 0)
(145172 -0 0)
(242528 -0 0)
(286101 -0 0)
(241890 -0 0)
(185253 -0 0)
(161473 -0 0)
(134984 -0 0)
(99182.5 -0 0)
(30837.9 -0 0)
(-40295.1 0 0)
(-90166.2 0 0)
(-172235 0 0)
(-219604 0 0)
(-68278.7 0 0)
(-14552.5 0 0)
(-11403.6 0 0)
(-12740.9 0 0)
(-70377.2 0 0)
(-189161 0 0)
(-256462 0 0)
(-168102 0 0)
(-109682 0 0)
(-56526.6 0 0)
(-17183.8 0 0)
(-26659.8 0 0)
(-60889.1 0 0)
(-56335.7 0 0)
(-42787.2 0 0)
(-17314.8 0 0)
(19738.2 -0 0)
(23642.2 -0 0)
(-60411.8 0 0)
(-125695 0 0)
(-160899 0 0)
(-134594 0 0)
(-108790 0 0)
(-98975.5 0 0)
(-98410.9 0 0)
(-90947.4 0 0)
(-82790.1 0 0)
(-80641.1 0 0)
(-74251.8 0 0)
(-66782.9 0 0)
(-62366.8 0 0)
(-60195.5 0 0)
(-56594.7 0 0)
(-58487.7 0 0)
(-52945.6 0 0)
(-56055.9 0 0)
(-53258.8 0 0)
(-42027.1 0 0)
(-49107.2 0 0)
(-59872.2 0 0)
(-56780.4 0 0)
(-46937.4 0 0)
(-48084.6 0 0)
(-37344.8 0 0)
(-36473.8 0 0)
(-26636.1 0 0)
(-18451.8 0 0)
(-33491.7 0 0)
(-21476.7 0 0)
(-30227.8 0 0)
(-19137 0 0)
(-21840.8 0 0)
(-17537.8 0 0)
(-12779.8 0 0)
(-27984.1 0 0)
(-9801.6 0 0)
(-12786.8 0 0)
(-3832.15 0 0)
(-11235.9 0 0)
(-7913.69 0 0)
(-23024.3 0 0)
(-20027.7 0 0)
(-19291.4 0 0)
(-5712 0 0)
(-13884.6 0 0)
(-16079.3 0 0)
(-10676.2 0 0)
(-6693.96 0 0)
(-19641.5 0 0)
(-14425.7 0 0)
(-3566.27 0 0)
(9752.7 -0 0)
(11191.3 -0 0)
(27029.6 -0 0)
(34581.9 -0 0)
(32250.4 -0 0)
(39215.2 -0 0)
(45458.9 -0 0)
(54179.8 -0 0)
(59837.1 -0 0)
(60296.8 -0 0)
(57801.7 -0 0)
(52845.6 -0 0)
(38035.4 -0 0)
(32829.2 -0 0)
(46239.1 -0 0)
(117496 -0 0)
(197456 -0 0)
(271556 -0 0)
(250922 -0 0)
(221356 -0 0)
(158132 -0 0)
(139570 -0 0)
(97238.1 -0 0)
(39490.1 -0 0)
(-85621.4 0 0)
(-129920 0 0)
(-120176 0 0)
(-146454 0 0)
(-35958.8 0 0)
(-30730.4 0 0)
(-37022.9 0 0)
(-49577.7 0 0)
(-49067.1 0 0)
(-73640 0 0)
(-117241 0 0)
(-226787 0 0)
(-151017 0 0)
(-100552 0 0)
(-44230.8 0 0)
(-11373 0 0)
(-36320.1 0 0)
(-86693.8 0 0)
(-70850.1 0 0)
(-49950.5 0 0)
(-31322.8 0 0)
(33055.7 -0 0)
(53730.9 -0 0)
(-27080.1 0 0)
(-97408.4 0 0)
(-142457 0 0)
(-133978 0 0)
(-107982 0 0)
(-99333.1 0 0)
(-94995.1 0 0)
(-87113.1 0 0)
(-79946.3 0 0)
(-75021 0 0)
(-72801.3 0 0)
(-61193.2 0 0)
(-58766 0 0)
(-53475.2 0 0)
(-53883.7 0 0)
(-54661.7 0 0)
(-57663.7 0 0)
(-54973.4 0 0)
(-46502 0 0)
(-46279.2 0 0)
(-48561.4 0 0)
(-58267.6 0 0)
(-52611.6 0 0)
(-53862.1 0 0)
(-43462.9 0 0)
(-40477.7 0 0)
(-25138.5 0 0)
(-27717.1 0 0)
(-19888.5 0 0)
(-39192 0 0)
(-28828.1 0 0)
(-14105.3 0 0)
(-17809 0 0)
(-5464.94 0 0)
(-18625.7 0 0)
(-15146.5 0 0)
(-30102.8 0 0)
(-14720.4 0 0)
(-2981.83 0 0)
(-5102.54 0 0)
(-4500.25 0 0)
(-2351.02 0 0)
(-12919.2 0 0)
(-25387.7 0 0)
(-12585.9 0 0)
(-14871.6 0 0)
(-4450.38 0 0)
(-15728.6 0 0)
(-12422.3 0 0)
(-13573.9 0 0)
(-35560.9 0 0)
(-20373.8 0 0)
(-4679.27 0 0)
(13750.2 -0 0)
(22782.5 -0 0)
(26139.8 -0 0)
(33440 -0 0)
(46967.9 -0 0)
(50521 -0 0)
(45159.8 -0 0)
(53449.4 -0 0)
(61593 -0 0)
(61755 -0 0)
(54442.5 -0 0)
(56616.6 -0 0)
(48689.8 -0 0)
(61052.5 -0 0)
(89048.9 -0 0)
(157781 -0 0)
(237312 -0 0)
(265349 -0 0)
(237595 -0 0)
(183959 -0 0)
(137179 -0 0)
(107648 -0 0)
(42512.3 -0 0)
(-53922.2 0 0)
(-114928 0 0)
(-91318.7 0 0)
(-72918.2 0 0)
(-102382 0 0)
(-42623 0 0)
(8809.25 -0 0)
(-11173.9 0 0)
(-43015.5 0 0)
(-15690.2 0 0)
(-43713.9 0 0)
(-81286.1 0 0)
(-169044 0 0)
(-167821 0 0)
(-86921.2 0 0)
(-23399.8 0 0)
(-1054.4 0 0)
(-38699.8 0 0)
(-117470 0 0)
(-104520 0 0)
(-79207.3 0 0)
(-53987 0 0)
(26085.8 -0 0)
(74524.7 -0 0)
(7797.6 -0 0)
(-71499.4 0 0)
(-119719 0 0)
(-125737 0 0)
(-108543 0 0)
(-94738.6 0 0)
(-93725.4 0 0)
(-85574.3 0 0)
(-72915.3 0 0)
(-71505.4 0 0)
(-70197.1 0 0)
(-57181.3 0 0)
(-50401.6 0 0)
(-52105.3 0 0)
(-44357.7 0 0)
(-54482.9 0 0)
(-54236.6 0 0)
(-48691.8 0 0)
(-60154.3 0 0)
(-66386.1 0 0)
(-59964.9 0 0)
(-50089 0 0)
(-56781.3 0 0)
(-49962.5 0 0)
(-46986.7 0 0)
(-28405 0 0)
(-17670.4 0 0)
(-1858.25 0 0)
(-9066.8 0 0)
(-25977.9 0 0)
(-10194.4 0 0)
(-16471.3 0 0)
(-284.782 0 0)
(-7234.15 0 0)
(-940.549 0 0)
(-13321 0 0)
(-23537.7 0 0)
(-6202.98 0 0)
(-5661.47 0 0)
(2761.93 -0 0)
(10680.5 -0 0)
(-6807.49 0 0)
(-7816.02 0 0)
(-18613.9 0 0)
(-17206.3 0 0)
(167.799 -0 0)
(-8112.58 0 0)
(-5297.53 0 0)
(-20758.1 0 0)
(-28719.5 0 0)
(-28639.3 0 0)
(-31737.3 0 0)
(-2860.2 0 0)
(12329.5 -0 0)
(22879 -0 0)
(27663.5 -0 0)
(43096.6 -0 0)
(47712.9 -0 0)
(55884.7 -0 0)
(46913.2 -0 0)
(57765.2 -0 0)
(54006.1 -0 0)
(58607.5 -0 0)
(51949.2 -0 0)
(48759.6 -0 0)
(56535.6 -0 0)
(87506.4 -0 0)
(127855 -0 0)
(194707 -0 0)
(249278 -0 0)
(249643 -0 0)
(203109 -0 0)
(151393 -0 0)
(114371 -0 0)
(63725.9 -0 0)
(-5257.98 0 0)
(-64211.8 0 0)
(-75048.8 0 0)
(-50555.4 0 0)
(-44614.6 0 0)
(-50706.7 0 0)
(-30083 0 0)
(35608.6 -0 0)
(-13899.4 0 0)
(-35273.7 0 0)
(-24187.2 0 0)
(-5939.93 0 0)
(-130803 0 0)
(-115098 0 0)
(-188632 0 0)
(-87260.8 0 0)
(-7343 0 0)
(8904.39 -0 0)
(-44369.5 0 0)
(-148066 0 0)
(-144000 0 0)
(-107555 0 0)
(-70317.6 0 0)
(-6380.12 0 0)
(77418.5 -0 0)
(42928.3 -0 0)
(-45706.3 0 0)
(-98717.1 0 0)
(-119853 0 0)
(-101835 0 0)
(-94120.5 0 0)
(-86952.5 0 0)
(-85114.1 0 0)
(-77458.3 0 0)
(-62478.9 0 0)
(-59339.7 0 0)
(-62553.4 0 0)
(-57796.6 0 0)
(-45695.6 0 0)
(-37652.2 0 0)
(-43276.1 0 0)
(-41515.3 0 0)
(-52553.7 0 0)
(-46424.7 0 0)
(-64234.2 0 0)
(-65576.2 0 0)
(-58507.1 0 0)
(-48474.8 0 0)
(-49206.1 0 0)
(-31521.4 0 0)
(-24939.8 0 0)
(-477.144 0 0)
(-8768.23 0 0)
(-11286.5 0 0)
(-4372.52 0 0)
(-18503.3 0 0)
(-1347.76 0 0)
(-5170.16 0 0)
(-395.507 0 0)
(-24105.8 0 0)
(-30337.3 0 0)
(-9769.89 0 0)
(-12137.9 0 0)
(1240.8 -0 0)
(12751.4 -0 0)
(11188.7 -0 0)
(4000.95 -0 0)
(-4924.41 0 0)
(-2501.67 0 0)
(-12850.6 0 0)
(-5003.14 0 0)
(3987.13 -0 0)
(-8008.37 0 0)
(-15909.3 0 0)
(-29303.2 0 0)
(-27948.9 0 0)
(-37930.1 0 0)
(-2045.5 0 0)
(18532.4 -0 0)
(31543.2 -0 0)
(36194.2 -0 0)
(42365.1 -0 0)
(54917.8 -0 0)
(50270.1 -0 0)
(54228 -0 0)
(50330.6 -0 0)
(51602.7 -0 0)
(48528.8 -0 0)
(45469.2 -0 0)
(40560.1 -0 0)
(50608.6 -0 0)
(95805.8 -0 0)
(156707 -0 0)
(218362 -0 0)
(246209 -0 0)
(220332 -0 0)
(177438 -0 0)
(127153 -0 0)
(81433.4 -0 0)
(36143.4 -0 0)
(-15365.6 0 0)
(-60829.8 0 0)
(-52137.8 0 0)
(-7572.67 0 0)
(-20049.2 0 0)
(-43043.3 0 0)
(23525.3 -0 0)
(26218.1 -0 0)
(-21300.7 0 0)
(-94121.2 0 0)
(-183102 0 0)
(-150359 0 0)
(-158452 0 0)
(-155098 0 0)
(-189078 0 0)
(-83426.5 0 0)
(-8930.54 0 0)
(-483.668 0 0)
(-74001.6 0 0)
(-187138 0 0)
(-196384 0 0)
(-129515 0 0)
(-77152.3 0 0)
(-21467.6 0 0)
(47856.8 -0 0)
(69719.8 -0 0)
(-14688.7 0 0)
(-83086.7 0 0)
(-109533 0 0)
(-100674 0 0)
(-84464.7 0 0)
(-85419.9 0 0)
(-77790.7 0 0)
(-73958.9 0 0)
(-62697.2 0 0)
(-58970.7 0 0)
(-54226.1 0 0)
(-53849.5 0 0)
(-31658.6 0 0)
(-39082.6 0 0)
(-28479.5 0 0)
(-34773.1 0 0)
(-48760.1 0 0)
(-38557.7 0 0)
(-37270.5 0 0)
(-50249.6 0 0)
(-60162 0 0)
(-49494.1 0 0)
(-30965.4 0 0)
(-16763.6 0 0)
(-2080.21 0 0)
(4493.56 -0 0)
(3120.24 -0 0)
(-7873.41 0 0)
(6421.44 -0 0)
(3589.33 -0 0)
(-1185.81 0 0)
(15246.4 -0 0)
(11232.3 -0 0)
(-14023.7 0 0)
(-24946.8 0 0)
(-7733.58 0 0)
(-5864 0 0)
(9329.83 -0 0)
(868.557 -0 0)
(9891 -0 0)
(4474.66 -0 0)
(5810.62 -0 0)
(4674.78 -0 0)
(1809.53 -0 0)
(14222.2 -0 0)
(2394.15 -0 0)
(5358.53 -0 0)
(-28889.2 0 0)
(-14862.4 0 0)
(-21620.8 0 0)
(-43685.5 0 0)
(4902.01 -0 0)
(18110.3 -0 0)
(29715.6 -0 0)
(35349.4 -0 0)
(47019.5 -0 0)
(49164.1 -0 0)
(55502.3 -0 0)
(49297.8 -0 0)
(48958.7 -0 0)
(41251.2 -0 0)
(41890.6 -0 0)
(33137.3 -0 0)
(29179.2 -0 0)
(55398.1 -0 0)
(101456 -0 0)
(173064 -0 0)
(230443 -0 0)
(231202 -0 0)
(192896 -0 0)
(144689 -0 0)
(102989 -0 0)
(66755.8 -0 0)
(40138.6 -0 0)
(-29323.2 0 0)
(-62850.9 0 0)
(-29175 0 0)
(10764.9 -0 0)
(-934.14 0 0)
(16031 -0 0)
(50632.2 -0 0)
(41952.2 -0 0)
(-25647 0 0)
(-117696 0 0)
(-241769 0 0)
(-350535 0 0)
(-179029 0 0)
(-236875 0 0)
(-170448 0 0)
(-71850 0 0)
(-15392.7 0 0)
(-21142.2 0 0)
(-144713 0 0)
(-245249 0 0)
(-212810 0 0)
(-137715 0 0)
(-80919 0 0)
(-22384.6 0 0)
(46855.3 -0 0)
(85159.7 -0 0)
(12554.7 -0 0)
(-59901.7 0 0)
(-101631 0 0)
(-89256.6 0 0)
(-84552.5 0 0)
(-75822.7 0 0)
(-77428.4 0 0)
(-67203.3 0 0)
(-50545.4 0 0)
(-46502.6 0 0)
(-55383.3 0 0)
(-48006.5 0 0)
(-29617.9 0 0)
(-34563 0 0)
(-28357 0 0)
(-38898.5 0 0)
(-39072.1 0 0)
(-28990 0 0)
(-36198.1 0 0)
(-31526.9 0 0)
(-41866.9 0 0)
(-49230.9 0 0)
(-30920.5 0 0)
(-5479.77 0 0)
(8692.01 -0 0)
(18787.6 -0 0)
(1891.8 -0 0)
(-7161.56 0 0)
(-20764 0 0)
(-5431.14 0 0)
(14068.4 -0 0)
(6243.25 -0 0)
(6822.67 -0 0)
(-27429.5 0 0)
(-11256 0 0)
(-12048.2 0 0)
(1202.05 -0 0)
(7886.51 -0 0)
(4711.28 -0 0)
(6803.75 -0 0)
(15029 -0 0)
(19692.5 -0 0)
(7211.27 -0 0)
(15411.4 -0 0)
(9838.6 -0 0)
(22239.2 -0 0)
(2074.97 -0 0)
(-6318.1 0 0)
(-8174.92 0 0)
(-20078 0 0)
(-38332.1 0 0)
(424.107 -0 0)
(18186.9 -0 0)
(29086.1 -0 0)
(33564.7 -0 0)
(43640 -0 0)
(52829.4 -0 0)
(50694.6 -0 0)
(49616.6 -0 0)
(39246.3 -0 0)
(34259.5 -0 0)
(29888.3 -0 0)
(21434.1 -0 0)
(17703.7 -0 0)
(43371.3 -0 0)
(96713 -0 0)
(186992 -0 0)
(223890 -0 0)
(209301 -0 0)
(169062 -0 0)
(123559 -0 0)
(95244.2 -0 0)
(74180.1 -0 0)
(40560.8 -0 0)
(-7924.33 0 0)
(-24727.7 0 0)
(18982.9 -0 0)
(55501.1 -0 0)
(56284.5 -0 0)
(91269.9 -0 0)
(104269 -0 0)
(53783.4 -0 0)
(1606.02 -0 0)
(-117755 0 0)
(-178978 0 0)
(-416958 0 0)
(-160076 0 0)
(-170022 0 0)
(-77915.3 0 0)
(-56576.9 0 0)
(-52948.4 0 0)
(-123096 0 0)
(-208274 0 0)
(-197591 0 0)
(-155634 0 0)
(-107327 0 0)
(-67934.9 0 0)
(-25026.2 0 0)
(45502.2 -0 0)
(88126 -0 0)
(50363.7 -0 0)
(-39101.3 0 0)
(-88732 0 0)
(-89634.3 0 0)
(-67732.3 0 0)
(-75610.8 0 0)
(-68402.6 0 0)
(-56580 0 0)
(-52918 0 0)
(-40637.8 0 0)
(-43691.3 0 0)
(-34197.6 0 0)
(-33837 0 0)
(-22177.9 0 0)
(-28284.2 0 0)
(-25246.2 0 0)
(-22530.1 0 0)
(-34808 0 0)
(-47665.8 0 0)
(-40443.4 0 0)
(-32091.2 0 0)
(-38990.8 0 0)
(-16184.7 0 0)
(-1403.21 0 0)
(20537.9 -0 0)
(7060.42 -0 0)
(-6478.5 0 0)
(-22858.2 0 0)
(-13024 0 0)
(6382.91 -0 0)
(6871.55 -0 0)
(20090.7 -0 0)
(8253.93 -0 0)
(-7608.17 0 0)
(-13446.9 0 0)
(-5007.27 0 0)
(-6641.01 0 0)
(2077.19 -0 0)
(-4298.96 0 0)
(13966.7 -0 0)
(8283.9 -0 0)
(25211.5 -0 0)
(21253.8 -0 0)
(13500.2 -0 0)
(25862 -0 0)
(20515.2 -0 0)
(12534 -0 0)
(2388.25 -0 0)
(-4750.47 0 0)
(-14167 0 0)
(-29021.1 0 0)
(-2056.15 0 0)
(18296.5 -0 0)
(28926 -0 0)
(32267.6 -0 0)
(41890.9 -0 0)
(54222.1 -0 0)
(49992.2 -0 0)
(41668.2 -0 0)
(32965.1 -0 0)
(23681.9 -0 0)
(20091.4 -0 0)
(9903.7 -0 0)
(12663.3 -0 0)
(53254.5 -0 0)
(104798 -0 0)
(188767 -0 0)
(209616 -0 0)
(183760 -0 0)
(149615 -0 0)
(121057 -0 0)
(102756 -0 0)
(86274.5 -0 0)
(60798.3 -0 0)
(16069.9 -0 0)
(58647.4 -0 0)
(113373 -0 0)
(115179 -0 0)
(145653 -0 0)
(142299 -0 0)
(135078 -0 0)
(100594 -0 0)
(15045 -0 0)
(-43954.6 0 0)
(-52762.8 0 0)
(-67171.5 0 0)
(15846.3 -0 0)
(-5999.01 0 0)
(-26926.9 0 0)
(-145057 0 0)
(-202079 0 0)
(-179437 0 0)
(-175925 0 0)
(-131048 0 0)
(-78571.5 0 0)
(-54419.5 0 0)
(-34979.2 0 0)
(-9851.86 0 0)
(41360.3 -0 0)
(77689.8 -0 0)
(71318.8 -0 0)
(-15828.5 0 0)
(-63575.8 0 0)
(-79622.9 0 0)
(-59821.2 0 0)
(-62850.2 0 0)
(-50338.1 0 0)
(-57409.1 0 0)
(-41783.6 0 0)
(-41189.9 0 0)
(-28547.6 0 0)
(-33617.4 0 0)
(-22728.2 0 0)
(-22756.1 0 0)
(-14276.2 0 0)
(-2117.59 0 0)
(-17913.1 0 0)
(-43142.8 0 0)
(-36530.1 0 0)
(-22869.2 0 0)
(-33907.3 0 0)
(-19548.2 0 0)
(-10959.1 0 0)
(12695.7 -0 0)
(11696.8 -0 0)
(546.456 -0 0)
(-26850.3 0 0)
(-20872.4 0 0)
(-7392.79 0 0)
(-15737.2 0 0)
(3239.04 -0 0)
(-1478.1 0 0)
(-18482.2 0 0)
(-10071.6 0 0)
(-2043.12 0 0)
(-6552.8 0 0)
(-1149.55 0 0)
(-1931.78 0 0)
(-2677.79 0 0)
(11191.8 -0 0)
(11061.6 -0 0)
(25396.6 -0 0)
(24013.2 -0 0)
(21026.2 -0 0)
(16622.9 -0 0)
(31988.2 -0 0)
(-6751.36 0 0)
(10402.5 -0 0)
(3692.21 -0 0)
(-3142.65 0 0)
(-25711.1 0 0)
(-4835.74 0 0)
(18166.5 -0 0)
(28256.6 -0 0)
(30921.6 -0 0)
(43202 -0 0)
(47887.7 -0 0)
(45789.6 -0 0)
(34121.3 -0 0)
(23815.2 -0 0)
(13985.2 -0 0)
(9506.78 -0 0)
(3082.25 -0 0)
(20304.6 -0 0)
(58932.5 -0 0)
(106180 -0 0)
(179992 -0 0)
(192591 -0 0)
(171118 -0 0)
(150122 -0 0)
(130629 -0 0)
(117667 -0 0)
(94225.4 -0 0)
(90714.8 -0 0)
(88219.4 -0 0)
(137049 -0 0)
(169905 -0 0)
(186182 -0 0)
(188360 -0 0)
(167996 -0 0)
(143118 -0 0)
(112543 -0 0)
(37391.2 -0 0)
(70243.2 -0 0)
(124209 -0 0)
(139915 -0 0)
(147972 -0 0)
(106770 -0 0)
(31549.3 -0 0)
(-130143 0 0)
(-292643 0 0)
(-311178 0 0)
(-187885 0 0)
(-73074.6 0 0)
(-26637.6 0 0)
(-17845.6 0 0)
(-7931.97 0 0)
(12900.2 -0 0)
(55690.1 -0 0)
(88565.6 -0 0)
(76800.9 -0 0)
(18016.8 -0 0)
(-51806.3 0 0)
(-60754.7 0 0)
(-66804.9 0 0)
(-51079.9 0 0)
(-39580.8 0 0)
(-49681.2 0 0)
(-44807.9 0 0)
(-29919.2 0 0)
(-30289.7 0 0)
(-19847.6 0 0)
(-21652.8 0 0)
(-6476.44 0 0)
(-3928.22 0 0)
(5849.46 -0 0)
(-6577.77 0 0)
(-27307 0 0)
(-22219.7 0 0)
(-7246.85 0 0)
(-14040.4 0 0)
(-16536.5 0 0)
(9074.52 -0 0)
(20834.6 -0 0)
(14696.4 -0 0)
(-18922.3 0 0)
(-19518.9 0 0)
(-14815.5 0 0)
(-25367.7 0 0)
(-22258.3 0 0)
(-8312.98 0 0)
(-14630.9 0 0)
(-18096.1 0 0)
(313.084 -0 0)
(-2963.64 0 0)
(532.078 -0 0)
(-4968.24 0 0)
(-6867.32 0 0)
(3213.87 -0 0)
(4533.43 -0 0)
(15689.8 -0 0)
(22738.3 -0 0)
(20324.6 -0 0)
(12313.5 -0 0)
(17624.4 -0 0)
(29979.5 -0 0)
(-3308.86 0 0)
(13855.8 -0 0)
(6942.33 -0 0)
(-2886.78 0 0)
(-15088.2 0 0)
(-6286.3 0 0)
(18855.5 -0 0)
(25895.1 -0 0)
(28192.6 -0 0)
(39915.1 -0 0)
(42025.2 -0 0)
(39030.5 -0 0)
(24747.3 -0 0)
(12511.7 -0 0)
(6006.24 -0 0)
(-507.034 0 0)
(480.741 -0 0)
(19723.4 -0 0)
(60107.6 -0 0)
(105815 -0 0)
(171085 -0 0)
(184792 -0 0)
(168311 -0 0)
(154348 -0 0)
(140510 -0 0)
(131782 -0 0)
(122138 -0 0)
(119060 -0 0)
(154597 -0 0)
(198655 -0 0)
(201626 -0 0)
(206669 -0 0)
(194118 -0 0)
(169260 -0 0)
(137131 -0 0)
(108694 -0 0)
(69264.8 -0 0)
(124837 -0 0)
(160051 -0 0)
(192129 -0 0)
(197312 -0 0)
(154659 -0 0)
(89559.9 -0 0)
(-29126.4 0 0)
(-171432 0 0)
(-281550 0 0)
(-204441 0 0)
(-59875.3 0 0)
(-11582.3 0 0)
(9024.19 -0 0)
(14033.5 -0 0)
(27765.2 -0 0)
(67360.5 -0 0)
(101835 -0 0)
(89473.5 -0 0)
(37439.9 -0 0)
(-21451.7 0 0)
(-54935.9 0 0)
(-53261.1 0 0)
(-30412.7 0 0)
(-32416.4 0 0)
(-42255.8 0 0)
(-29240 0 0)
(-35915.7 0 0)
(-16054.6 0 0)
(-20609.9 0 0)
(-8486.63 0 0)
(-10572.9 0 0)
(11885.5 -0 0)
(7477.49 -0 0)
(-2368.38 0 0)
(1506.28 -0 0)
(-4189.27 0 0)
(-16301.2 0 0)
(-7146.32 0 0)
(-15013.9 0 0)
(8247.33 -0 0)
(21279.3 -0 0)
(8454.38 -0 0)
(-34744.1 0 0)
(-24961.6 0 0)
(-30084.7 0 0)
(-26039.4 0 0)
(-17712.9 0 0)
(-32501.7 0 0)
(-20603.3 0 0)
(-23105.4 0 0)
(-2783.46 0 0)
(-674.811 0 0)
(1819.53 -0 0)
(-7251.85 0 0)
(734.749 -0 0)
(-1186.83 0 0)
(10508.6 -0 0)
(20876.1 -0 0)
(20909.8 -0 0)
(16888.5 -0 0)
(18764.5 -0 0)
(26296.2 -0 0)
(15146.2 -0 0)
(470.461 -0 0)
(13373.5 -0 0)
(14188.6 -0 0)
(3274.52 -0 0)
(-16270.1 0 0)
(-7291.28 0 0)
(16768.7 -0 0)
(23552.2 -0 0)
(23603.6 -0 0)
(33257.1 -0 0)
(35557.4 -0 0)
(30231.1 -0 0)
(21820.7 -0 0)
(6912.01 -0 0)
(3523.12 -0 0)
(-7659.45 0 0)
(-4087.65 0 0)
(14017.5 -0 0)
(52876.8 -0 0)
(99480.6 -0 0)
(158206 -0 0)
(174810 -0 0)
(163314 -0 0)
(156196 -0 0)
(148174 -0 0)
(144049 -0 0)
(142277 -0 0)
(130603 -0 0)
(179109 -0 0)
(203931 -0 0)
(199443 -0 0)
(197540 -0 0)
(181739 -0 0)
(157081 -0 0)
(125549 -0 0)
(97352.6 -0 0)
(87106.9 -0 0)
(149432 -0 0)
(173735 -0 0)
(194355 -0 0)
(203299 -0 0)
(199057 -0 0)
(146158 -0 0)
(60315.1 -0 0)
(-33203.4 0 0)
(-97747.4 0 0)
(-107044 0 0)
(6210.98 -0 0)
(59263.4 -0 0)
(67549.7 -0 0)
(55398.2 -0 0)
(42222.2 -0 0)
(81440.4 -0 0)
(108868 -0 0)
(120860 -0 0)
(51285.2 -0 0)
(-4128.97 0 0)
(-32740.2 0 0)
(-31848.7 0 0)
(-35533.4 0 0)
(-34585.8 0 0)
(-22657.5 0 0)
(-23306.3 0 0)
(-31522.2 0 0)
(-21405.9 0 0)
(-2818.18 0 0)
(-7323.01 0 0)
(-10116.3 0 0)
(10357.2 -0 0)
(1101.33 -0 0)
(14279.4 -0 0)
(-3417.32 0 0)
(-2031.82 0 0)
(7065.63 -0 0)
(-377.988 0 0)
(-8361.62 0 0)
(16783.4 -0 0)
(12997.3 -0 0)
(1096.89 -0 0)
(-37259.2 0 0)
(-35347.7 0 0)
(-22043.1 0 0)
(-18605.3 0 0)
(-25969.6 0 0)
(-52361.2 0 0)
(-38831.9 0 0)
(-14429.6 0 0)
(-5678.37 0 0)
(-1886.72 0 0)
(2035.1 -0 0)
(-979.645 0 0)
(4329.4 -0 0)
(5594.72 -0 0)
(17979.7 -0 0)
(18677.5 -0 0)
(21642.2 -0 0)
(27118 -0 0)
(28106.3 -0 0)
(19908 -0 0)
(18332.2 -0 0)
(2691.36 -0 0)
(12166.1 -0 0)
(16749 -0 0)
(2503.41 -0 0)
(-11074.1 0 0)
(-7965.36 0 0)
(14621.6 -0 0)
(20746.4 -0 0)
(18356.2 -0 0)
(26941 -0 0)
(28725.2 -0 0)
(21887.4 -0 0)
(20010.1 -0 0)
(8976.7 -0 0)
(-2574.29 0 0)
(-6553.49 0 0)
(-18160.2 0 0)
(2516.8 -0 0)
(30204.5 -0 0)
(84722.2 -0 0)
(139659 -0 0)
(160702 -0 0)
(155382 -0 0)
(154695 -0 0)
(152139 -0 0)
(149701 -0 0)
(147584 -0 0)
(127919 -0 0)
(177775 -0 0)
(187284 -0 0)
(179766 -0 0)
(175266 -0 0)
(161944 -0 0)
(141235 -0 0)
(112968 -0 0)
(87327.5 -0 0)
(89979.6 -0 0)
(154879 -0 0)
(176821 -0 0)
(195093 -0 0)
(206070 -0 0)
(209638 -0 0)
(192685 -0 0)
(153778 -0 0)
(124267 -0 0)
(103825 -0 0)
(123019 -0 0)
(93898.2 -0 0)
(110276 -0 0)
(112401 -0 0)
(100162 -0 0)
(79463.8 -0 0)
(92874.4 -0 0)
(120068 -0 0)
(139490 -0 0)
(83514.1 -0 0)
(12809.9 -0 0)
(-35093.3 0 0)
(-42081.5 0 0)
(-34551.2 0 0)
(-14656.8 0 0)
(-27451.3 0 0)
(-21650 0 0)
(-9037.93 0 0)
(-14972 0 0)
(-2089.79 0 0)
(-12798.6 0 0)
(-6279.95 0 0)
(12964.7 -0 0)
(9231.72 -0 0)
(24463.6 -0 0)
(15197.2 -0 0)
(24124.9 -0 0)
(18815.4 -0 0)
(12033.7 -0 0)
(8283.69 -0 0)
(9629.84 -0 0)
(14543.1 -0 0)
(-20778.4 0 0)
(-44598.9 0 0)
(-31734.5 0 0)
(-11939 0 0)
(-22461.4 0 0)
(-29170.1 0 0)
(-46853.3 0 0)
(-46226.3 0 0)
(-12676.1 0 0)
(-10214.7 0 0)
(-300.237 0 0)
(2143.26 -0 0)
(4244.21 -0 0)
(8044.09 -0 0)
(12228.6 -0 0)
(17867.6 -0 0)
(29321.2 -0 0)
(31352.9 -0 0)
(38986.5 -0 0)
(27846 -0 0)
(30912.7 -0 0)
(8696.27 -0 0)
(2823.48 -0 0)
(15460.3 -0 0)
(19944.4 -0 0)
(4489.54 -0 0)
(-11064.9 0 0)
(-10010.2 0 0)
(11417 -0 0)
(18030.2 -0 0)
(13159.9 -0 0)
(20745.3 -0 0)
(24435.5 -0 0)
(14998.5 -0 0)
(9189.87 -0 0)
(8303.4 -0 0)
(335.671 -0 0)
(-15229.3 0 0)
(-11525.3 0 0)
(-8819.01 0 0)
(30670.3 -0 0)
(63857.7 -0 0)
(115230 -0 0)
(141316 -0 0)
(143822 -0 0)
(147964 -0 0)
(147816 -0 0)
(145238 -0 0)
(114526 -0 0)
(113131 -0 0)
(151578 -0 0)
(155037 -0 0)
(149863 -0 0)
(148050 -0 0)
(141806 -0 0)
(129116 -0 0)
(107211 -0 0)
(83698.1 -0 0)
(85720.8 -0 0)
(152825 -0 0)
(176673 -0 0)
(194471 -0 0)
(210202 -0 0)
(220750 -0 0)
(218743 -0 0)
(210963 -0 0)
(217594 -0 0)
(237011 -0 0)
(251575 -0 0)
(233408 -0 0)
(186025 -0 0)
(168355 -0 0)
(158139 -0 0)
(133882 -0 0)
(115022 -0 0)
(128925 -0 0)
(145698 -0 0)
(131659 -0 0)
(38076.3 -0 0)
(-13555.5 0 0)
(-15759.2 0 0)
(-21793.7 0 0)
(620.319 -0 0)
(2387.04 -0 0)
(-585.86 0 0)
(-5861.53 0 0)
(7777.57 -0 0)
(1629.41 -0 0)
(9615.91 -0 0)
(4856.37 -0 0)
(6622.28 -0 0)
(24995.3 -0 0)
(20497.8 -0 0)
(29657.3 -0 0)
(11063.1 -0 0)
(9475.94 -0 0)
(20864.3 -0 0)
(19834.7 -0 0)
(14365.8 -0 0)
(4882.37 -0 0)
(-29892.4 0 0)
(-37452.6 0 0)
(-7547.92 0 0)
(-8709.68 0 0)
(-17046.1 0 0)
(-18538.6 0 0)
(-25571.8 0 0)
(-20207.6 0 0)
(-15991.9 0 0)
(-2392.87 0 0)
(-1200.32 0 0)
(9284.49 -0 0)
(9406.57 -0 0)
(14138.3 -0 0)
(18457.3 -0 0)
(24667.1 -0 0)
(29816.2 -0 0)
(43113.8 -0 0)
(41868.4 -0 0)
(39548.4 -0 0)
(29982.5 -0 0)
(4764.18 -0 0)
(2372.16 -0 0)
(19923.9 -0 0)
(23424.2 -0 0)
(4194.91 -0 0)
(-1661.24 0 0)
(-10700 0 0)
(7477.82 -0 0)
(14871.5 -0 0)
(8136 -0 0)
(12496.7 -0 0)
(12932.3 -0 0)
(14118.9 -0 0)
(2514.76 -0 0)
(5241.12 -0 0)
(-426.51 0 0)
(-19701.8 0 0)
(-21470.1 0 0)
(-5396.76 0 0)
(14945 -0 0)
(52967.8 -0 0)
(88965.3 -0 0)
(116750 -0 0)
(124211 -0 0)
(131696 -0 0)
(132015 -0 0)
(131093 -0 0)
(111695 -0 0)
(86842.2 -0 0)
(117105 -0 0)
(120227 -0 0)
(121099 -0 0)
(123850 -0 0)
(126153 -0 0)
(122865 -0 0)
(109623 -0 0)
(87562.8 -0 0)
(83210.4 -0 0)
(153916 -0 0)
(178648 -0 0)
(194766 -0 0)
(212238 -0 0)
(227097 -0 0)
(233269 -0 0)
(236589 -0 0)
(252657 -0 0)
(281720 -0 0)
(301395 -0 0)
(315129 -0 0)
(258226 -0 0)
(215920 -0 0)
(194077 -0 0)
(168157 -0 0)
(151611 -0 0)
(157666 -0 0)
(174888 -0 0)
(167341 -0 0)
(95152.7 -0 0)
(29578.5 -0 0)
(-6529.22 0 0)
(3571.27 -0 0)
(3265.78 -0 0)
(13538.2 -0 0)
(5355.99 -0 0)
(19571 -0 0)
(16151.5 -0 0)
(29176.9 -0 0)
(18666.2 -0 0)
(809.207 -0 0)
(10780.8 -0 0)
(33052.4 -0 0)
(39206 -0 0)
(31722.2 -0 0)
(38862.2 -0 0)
(27723.6 -0 0)
(13371.9 -0 0)
(26349.9 -0 0)
(16196 -0 0)
(-1529.09 0 0)
(-42778.8 0 0)
(-8055.94 0 0)
(-1571.89 0 0)
(-4449.27 0 0)
(-14778.7 0 0)
(-6511.85 0 0)
(-464.166 0 0)
(-1963.5 0 0)
(-15335.4 0 0)
(113.404 -0 0)
(8402.23 -0 0)
(10879.4 -0 0)
(22540 -0 0)
(20515.4 -0 0)
(22064.2 -0 0)
(22593.6 -0 0)
(36101.9 -0 0)
(41840.7 -0 0)
(50173.2 -0 0)
(34113.6 -0 0)
(24716.5 -0 0)
(2628.69 -0 0)
(6061.38 -0 0)
(21889.4 -0 0)
(27901.5 -0 0)
(4425.25 -0 0)
(10087.9 -0 0)
(-12151.2 0 0)
(5572.53 -0 0)
(8880.54 -0 0)
(6928.23 -0 0)
(4848.29 -0 0)
(9144.18 -0 0)
(1112.61 -0 0)
(2792.72 -0 0)
(-5769.01 0 0)
(-2931.38 0 0)
(-10559.7 0 0)
(-13166.2 0 0)
(-14397.1 0 0)
(17378.6 -0 0)
(35257.4 -0 0)
(63580.3 -0 0)
(76554.2 -0 0)
(92828 -0 0)
(107094 -0 0)
(102371 -0 0)
(78468.2 -0 0)
(58962.4 -0 0)
(40218.8 -0 0)
(77172.3 -0 0)
(84051 -0 0)
(94082.3 -0 0)
(100153 -0 0)
(110857 -0 0)
(120257 -0 0)
(120602 -0 0)
(100202 -0 0)
(92971.6 -0 0)
(158259 -0 0)
(182552 -0 0)
(200144 -0 0)
(215994 -0 0)
(231168 -0 0)
(240375 -0 0)
(249253 -0 0)
(268059 -0 0)
(297153 -0 0)
(322391 -0 0)
(337241 -0 0)
(313740 -0 0)
(260664 -0 0)
(225914 -0 0)
(208701 -0 0)
(187715 -0 0)
(179078 -0 0)
(196583 -0 0)
(206928 -0 0)
(181327 -0 0)
(92387.9 -0 0)
(34420.8 -0 0)
(28536.5 -0 0)
(44477.1 -0 0)
(31407.9 -0 0)
(29697.2 -0 0)
(35673.9 -0 0)
(48919 -0 0)
(47832 -0 0)
(43380.6 -0 0)
(32805.8 -0 0)
(21910.1 -0 0)
(25671 -0 0)
(31721.9 -0 0)
(49898.4 -0 0)
(31720 -0 0)
(39909.7 -0 0)
(25792.6 -0 0)
(16063.3 -0 0)
(8119.55 -0 0)
(-13858.7 0 0)
(-40210.7 0 0)
(-2156.77 0 0)
(-17150.4 0 0)
(-2457.37 0 0)
(-6377.46 0 0)
(-540.039 0 0)
(12641.7 -0 0)
(16326.5 -0 0)
(7733.73 -0 0)
(2535.48 -0 0)
(6126.4 -0 0)
(22442.3 -0 0)
(29127.6 -0 0)
(38261.4 -0 0)
(30804.1 -0 0)
(27449.9 -0 0)
(33380.1 -0 0)
(45008.3 -0 0)
(44471.4 -0 0)
(35270.4 -0 0)
(22851.1 -0 0)
(-688.858 0 0)
(9688.85 -0 0)
(24925.3 -0 0)
(31005.8 -0 0)
(6957.41 -0 0)
(23539.6 -0 0)
(-14339.4 0 0)
(3967.99 -0 0)
(7740.66 -0 0)
(300.877 -0 0)
(3743.61 -0 0)
(-5326.34 0 0)
(-134.66 0 0)
(-8806.3 0 0)
(-6981.18 0 0)
(-16855.6 0 0)
(-29254.4 0 0)
(-36755.7 0 0)
(-16065.6 0 0)
(-807.547 0 0)
(29920.7 -0 0)
(40388 -0 0)
(50257.4 -0 0)
(49029.2 -0 0)
(60486.4 -0 0)
(46080.9 -0 0)
(33198.7 -0 0)
(-8713.15 0 0)
(720.237 -0 0)
(27858.6 -0 0)
(49121.6 -0 0)
(67376.4 -0 0)
(74766.2 -0 0)
(94386.7 -0 0)
(118674 -0 0)
(136190 -0 0)
(118885 -0 0)
(116427 -0 0)
(169484 -0 0)
(192649 -0 0)
(207815 -0 0)
(223281 -0 0)
(237219 -0 0)
(244792 -0 0)
(254060 -0 0)
(273170 -0 0)
(301155 -0 0)
(326298 -0 0)
(347841 -0 0)
(338580 -0 0)
(302930 -0 0)
(254968 -0 0)
(243268 -0 0)
(223570 -0 0)
(214660 -0 0)
(223509 -0 0)
(249927 -0 0)
(246182 -0 0)
(196458 -0 0)
(114869 -0 0)
(100647 -0 0)
(102461 -0 0)
(92040.8 -0 0)
(86645.1 -0 0)
(74062.4 -0 0)
(85594.2 -0 0)
(99073 -0 0)
(95121.2 -0 0)
(57445.5 -0 0)
(42372.1 -0 0)
(30850.5 -0 0)
(31329 -0 0)
(57685.7 -0 0)
(44566.3 -0 0)
(42334.5 -0 0)
(20737.8 -0 0)
(19651.1 -0 0)
(5008.52 -0 0)
(-22160.1 0 0)
(-21836.7 0 0)
(-1901.12 0 0)
(-13754.6 0 0)
(6649.92 -0 0)
(18643.1 -0 0)
(28050.6 -0 0)
(19838.7 -0 0)
(19350.7 -0 0)
(11254.4 -0 0)
(24040 -0 0)
(33434 -0 0)
(20720.1 -0 0)
(32998 -0 0)
(42312.3 -0 0)
(47678 -0 0)
(35417.8 -0 0)
(32688.8 -0 0)
(43028.6 -0 0)
(44397.2 -0 0)
(33791.1 -0 0)
(21337 -0 0)
(2581.94 -0 0)
(13110.7 -0 0)
(28367.5 -0 0)
(33241.8 -0 0)
(11049.1 -0 0)
(34762.2 -0 0)
(-14696.8 0 0)
(95.5836 -0 0)
(6138.43 -0 0)
(1405.66 -0 0)
(-5766.15 0 0)
(-5959.95 0 0)
(-15870.4 0 0)
(-9401.22 0 0)
(-19371.4 0 0)
(-17338.7 0 0)
(-22281.6 0 0)
(-22568.9 0 0)
(-24170.3 0 0)
(567.44 -0 0)
(12826.3 -0 0)
(27952 -0 0)
(18932.5 -0 0)
(18226.4 -0 0)
(6437.63 -0 0)
(-3003.93 0 0)
(-36719.7 0 0)
(-43375.9 0 0)
(-48448.9 0 0)
(-34437.3 0 0)
(-9600.9 0 0)
(28219.1 -0 0)
(39252.5 -0 0)
(75156.9 -0 0)
(112309 -0 0)
(145458 -0 0)
(121694 -0 0)
(135954 -0 0)
(174501 -0 0)
(208925 -0 0)
(218840 -0 0)
(230544 -0 0)
(244500 -0 0)
(251574 -0 0)
(257527 -0 0)
(273519 -0 0)
(298514 -0 0)
(322116 -0 0)
(345029 -0 0)
(341996 -0 0)
(328783 -0 0)
(279344 -0 0)
(265184 -0 0)
(250894 -0 0)
(252658 -0 0)
(254730 -0 0)
(276794 -0 0)
(289267 -0 0)
(273131 -0 0)
(255378 -0 0)
(227927 -0 0)
(187419 -0 0)
(171817 -0 0)
(163849 -0 0)
(146658 -0 0)
(143155 -0 0)
(135765 -0 0)
(133777 -0 0)
(109909 -0 0)
(94099.6 -0 0)
(72964.2 -0 0)
(56155.8 -0 0)
(65160.3 -0 0)
(73715.6 -0 0)
(56737.2 -0 0)
(39430.6 -0 0)
(30034.4 -0 0)
(6868.98 -0 0)
(-4697.12 0 0)
(-16637.8 0 0)
(12352.5 -0 0)
(1598.65 -0 0)
(-1949.41 0 0)
(24303.9 -0 0)
(44254.8 -0 0)
(48339.1 -0 0)
(31230.5 -0 0)
(32206.7 -0 0)
(19612.4 -0 0)
(38075.7 -0 0)
(41982.3 -0 0)
(24421 -0 0)
(39192.9 -0 0)
(45872.7 -0 0)
(49563.4 -0 0)
(39833.1 -0 0)
(33990.3 -0 0)
(42485.1 -0 0)
(36637 -0 0)
(16991.7 -0 0)
(10987.8 -0 0)
(13684.5 -0 0)
(30996.7 -0 0)
(37420.1 -0 0)
(16353 -0 0)
(43290.7 -0 0)
(-14534.2 0 0)
(168.289 -0 0)
(-1213.47 0 0)
(-7219.99 0 0)
(-5000.68 0 0)
(-20616.9 0 0)
(-15089.4 0 0)
(-23270.7 0 0)
(-18682.7 0 0)
(-32299.2 0 0)
(-46145.7 0 0)
(-41911.4 0 0)
(-26059.9 0 0)
(-20539.6 0 0)
(8928 -0 0)
(6899.88 -0 0)
(4731.26 -0 0)
(-23550.4 0 0)
(-27111.7 0 0)
(-65957.2 0 0)
(-71788 0 0)
(-75670.4 0 0)
(-87126.3 0 0)
(-84223.9 0 0)
(-65352.2 0 0)
(-22025 0 0)
(-9310.42 0 0)
(31760.6 -0 0)
(92114.5 -0 0)
(146414 -0 0)
(69633.7 -0 0)
(87975.3 -0 0)
(133805 -0 0)
(212447 -0 0)
(226849 -0 0)
(237476 -0 0)
(248046 -0 0)
(252404 -0 0)
(260514 -0 0)
(274050 -0 0)
(293745 -0 0)
(314173 -0 0)
(336323 -0 0)
(337733 -0 0)
(330396 -0 0)
(298138 -0 0)
(285105 -0 0)
(271578 -0 0)
(275796 -0 0)
(282763 -0 0)
(311709 -0 0)
(338166 -0 0)
(338782 -0 0)
(349192 -0 0)
(330035 -0 0)
(288938 -0 0)
(278012 -0 0)
(247747 -0 0)
(238462 -0 0)
(208229 -0 0)
(187404 -0 0)
(188128 -0 0)
(179847 -0 0)
(154045 -0 0)
(149342 -0 0)
(128452 -0 0)
(101202 -0 0)
(106880 -0 0)
(109259 -0 0)
(110774 -0 0)
(80202.3 -0 0)
(66276.9 -0 0)
(44321.8 -0 0)
(31472.7 -0 0)
(52329.5 -0 0)
(65349.4 -0 0)
(49984.4 -0 0)
(43594 -0 0)
(64081.8 -0 0)
(73858.7 -0 0)
(61393.6 -0 0)
(34390.9 -0 0)
(31847.4 -0 0)
(42128.1 -0 0)
(39690.7 -0 0)
(46104.7 -0 0)
(27627.5 -0 0)
(38945.3 -0 0)
(52004.7 -0 0)
(55625.6 -0 0)
(40681.7 -0 0)
(35179.4 -0 0)
(36393.9 -0 0)
(25009.5 -0 0)
(13985.3 -0 0)
(17506.6 -0 0)
(32008.8 -0 0)
(38815 -0 0)
(22502.4 -0 0)
(52161.6 -0 0)
(-13596.6 0 0)
(-3337.64 0 0)
(-900.525 0 0)
(-3724.48 0 0)
(-16115.5 0 0)
(-17494.8 0 0)
(-31619.2 0 0)
(-23226.3 0 0)
(-31640.2 0 0)
(-42353.8 0 0)
(-42101.9 0 0)
(-56758 0 0)
(-38883.1 0 0)
(-31725.2 0 0)
(-20861.6 0 0)
(-4048.85 0 0)
(-10172.5 0 0)
(-49480.9 0 0)
(-68156.6 0 0)
(-98276.4 0 0)
(-91254.6 0 0)
(-89987.4 0 0)
(-93478.6 0 0)
(-96134.8 0 0)
(-100770 0 0)
(-57545.3 0 0)
(-43963.4 0 0)
(-30274.2 0 0)
(47976.1 -0 0)
(197533 -0 0)
(174144 -0 0)
(-29290 0 0)
(-2317.95 0 0)
(150314 -0 0)
(205276 -0 0)
(226802 -0 0)
(243350 -0 0)
(248241 -0 0)
(252556 -0 0)
(268458 -0 0)
(288355 -0 0)
(306914 -0 0)
(325685 -0 0)
(329784 -0 0)
(325139 -0 0)
(297869 -0 0)
(296451 -0 0)
(291785 -0 0)
(296589 -0 0)
(314766 -0 0)
(350999 -0 0)
(373676 -0 0)
(371195 -0 0)
(389107 -0 0)
(382831 -0 0)
(339657 -0 0)
(341445 -0 0)
(329910 -0 0)
(317334 -0 0)
(279734 -0 0)
(242254 -0 0)
(213546 -0 0)
(215218 -0 0)
(214530 -0 0)
(189157 -0 0)
(192848 -0 0)
(160017 -0 0)
(136415 -0 0)
(149802 -0 0)
(152000 -0 0)
(137114 -0 0)
(145177 -0 0)
(124927 -0 0)
(100374 -0 0)
(84921 -0 0)
(107462 -0 0)
(112695 -0 0)
(112486 -0 0)
(89064 -0 0)
(89223.7 -0 0)
(79715.1 -0 0)
(48439.1 -0 0)
(38132.8 -0 0)
(48707.3 -0 0)
(62546 -0 0)
(65485.2 -0 0)
(40063.7 -0 0)
(33155.4 -0 0)
(40249.7 -0 0)
(52674.4 -0 0)
(49613.7 -0 0)
(21986.4 -0 0)
(29476.1 -0 0)
(26184 -0 0)
(22881.7 -0 0)
(25334.3 -0 0)
(29236.6 -0 0)
(41528.2 -0 0)
(29875.9 -0 0)
(61389 -0 0)
(-11164.9 0 0)
(-673.618 0 0)
(-788.899 0 0)
(-13091 0 0)
(-13114.1 0 0)
(-32310.1 0 0)
(-42625.3 0 0)
(-28545.7 0 0)
(-23948.2 0 0)
(-29043.4 0 0)
(-50385 0 0)
(-46364.8 0 0)
(-51800.6 0 0)
(-30729.9 0 0)
(-36632.1 0 0)
(-25248 0 0)
(-29546.6 0 0)
(-79437.4 0 0)
(-93641 0 0)
(-117763 0 0)
(-106772 0 0)
(-106141 0 0)
(-95511.8 0 0)
(-88274.6 0 0)
(-100876 0 0)
(-101231 0 0)
(-85555.4 0 0)
(-98455.4 0 0)
(-54245.1 0 0)
(116603 -0 0)
(169470 -0 0)
(46914.3 -0 0)
(96111.1 -0 0)
(54172.9 -0 0)
(120595 -0 0)
(152485 -0 0)
(196393 -0 0)
(226258 -0 0)
(236358 -0 0)
(252989 -0 0)
(272762 -0 0)
(287558 -0 0)
(307088 -0 0)
(312701 -0 0)
(312999 -0 0)
(287144 -0 0)
(288227 -0 0)
(288586 -0 0)
(296966 -0 0)
(324084 -0 0)
(343125 -0 0)
(353443 -0 0)
(371902 -0 0)
(362794 -0 0)
(367238 -0 0)
(336992 -0 0)
(342132 -0 0)
(336155 -0 0)
(306514 -0 0)
(306485 -0 0)
(271058 -0 0)
(240922 -0 0)
(251301 -0 0)
(252893 -0 0)
(225625 -0 0)
(233008 -0 0)
(214651 -0 0)
(186023 -0 0)
(193723 -0 0)
(189568 -0 0)
(157341 -0 0)
(156559 -0 0)
(127092 -0 0)
(128306 -0 0)
(109096 -0 0)
(128421 -0 0)
(132110 -0 0)
(111039 -0 0)
(108253 -0 0)
(78842.1 -0 0)
(70790.5 -0 0)
(48126 -0 0)
(39875.4 -0 0)
(36925.2 -0 0)
(48380.3 -0 0)
(48822.7 -0 0)
(53256.2 -0 0)
(39626.3 -0 0)
(26351.5 -0 0)
(36722 -0 0)
(39582.5 -0 0)
(15743.8 -0 0)
(22482.1 -0 0)
(23654.3 -0 0)
(17152.6 -0 0)
(21114.8 -0 0)
(30711.5 -0 0)
(42538.4 -0 0)
(37667 -0 0)
(67947.3 -0 0)
(-6653.78 0 0)
(1934.01 -0 0)
(-9473.88 0 0)
(-9190.26 0 0)
(-26955 0 0)
(-41420.3 0 0)
(-32276.8 0 0)
(-26428.1 0 0)
(-22889.6 0 0)
(-40148.8 0 0)
(-44237.1 0 0)
(-57613.9 0 0)
(-46909.6 0 0)
(-46925.6 0 0)
(-59158.2 0 0)
(-55218.5 0 0)
(-66240.8 0 0)
(-119143 0 0)
(-124126 0 0)
(-147562 0 0)
(-133773 0 0)
(-130629 0 0)
(-115169 0 0)
(-102622 0 0)
(-108658 0 0)
(-136224 0 0)
(-133725 0 0)
(-163976 0 0)
(-226176 0 0)
(-72805.5 0 0)
(127562 -0 0)
(142164 -0 0)
(52361.9 -0 0)
(-8973.2 0 0)
(21522.9 -0 0)
(139782 -0 0)
(184466 -0 0)
(132092 -0 0)
(172552 -0 0)
(197983 -0 0)
(227973 -0 0)
(244888 -0 0)
(266610 -0 0)
(270632 -0 0)
(271270 -0 0)
(249045 -0 0)
(253928 -0 0)
(262264 -0 0)
(271507 -0 0)
(292185 -0 0)
(298168 -0 0)
(326536 -0 0)
(326084 -0 0)
(339426 -0 0)
(321124 -0 0)
(325951 -0 0)
(296765 -0 0)
(303268 -0 0)
(299929 -0 0)
(272056 -0 0)
(273473 -0 0)
(244900 -0 0)
(253948 -0 0)
(254223 -0 0)
(228338 -0 0)
(229319 -0 0)
(200106 -0 0)
(195228 -0 0)
(177622 -0 0)
(178034 -0 0)
(147523 -0 0)
(127848 -0 0)
(123515 -0 0)
(101700 -0 0)
(93357.3 -0 0)
(114734 -0 0)
(121292 -0 0)
(95776.5 -0 0)
(74220.5 -0 0)
(67638.8 -0 0)
(49774.6 -0 0)
(56651.2 -0 0)
(62430.9 -0 0)
(47209.8 -0 0)
(38503.7 -0 0)
(48733.3 -0 0)
(32061.8 -0 0)
(43142.8 -0 0)
(27897.2 -0 0)
(17232.4 -0 0)
(29454 -0 0)
(13086.5 -0 0)
(22667.2 -0 0)
(14876.3 -0 0)
(25531.1 -0 0)
(28921.5 -0 0)
(29135.3 -0 0)
(43614.4 -0 0)
(47946 -0 0)
(77245.9 -0 0)
(-870.868 0 0)
(-453.621 0 0)
(-3932.28 0 0)
(-18637.6 0 0)
(-33179.8 0 0)
(-29877.6 0 0)
(-26001 0 0)
(-37685.1 0 0)
(-42588.9 0 0)
(-42435.4 0 0)
(-59081.8 0 0)
(-51057.7 0 0)
(-55241.7 0 0)
(-55318.6 0 0)
(-78705.7 0 0)
(-98594.8 0 0)
(-134443 0 0)
(-209357 0 0)
(-198398 0 0)
(-220427 0 0)
(-201812 0 0)
(-192897 0 0)
(-168979 0 0)
(-142808 0 0)
(-144980 0 0)
(-199864 0 0)
(-236244 0 0)
(-320426 0 0)
(-404618 0 0)
(-282932 0 0)
(-70809 0 0)
(81763.4 -0 0)
(90250.3 -0 0)
(77761.9 -0 0)
(44097 -0 0)
(-12808.2 0 0)
(-49766.4 0 0)
(75748.5 -0 0)
(182773 -0 0)
(190976 -0 0)
(172409 -0 0)
(173651 -0 0)
(193225 -0 0)
(199235 -0 0)
(188004 -0 0)
(174274 -0 0)
(184313 -0 0)
(194978 -0 0)
(183367 -0 0)
(212029 -0 0)
(243344 -0 0)
(257082 -0 0)
(278456 -0 0)
(270492 -0 0)
(279308 -0 0)
(259401 -0 0)
(262455 -0 0)
(232705 -0 0)
(240667 -0 0)
(235394 -0 0)
(212376 -0 0)
(221937 -0 0)
(227845 -0 0)
(195275 -0 0)
(186962 -0 0)
(187529 -0 0)
(183423 -0 0)
(157601 -0 0)
(165194 -0 0)
(160433 -0 0)
(133370 -0 0)
(122338 -0 0)
(102216 -0 0)
(110463 -0 0)
(98953.3 -0 0)
(84196.4 -0 0)
(72944.5 -0 0)
(79165.4 -0 0)
(51586.1 -0 0)
(58712.7 -0 0)
(59640.6 -0 0)
(40113.1 -0 0)
(36036 -0 0)
(48675.9 -0 0)
(32197.4 -0 0)
(44315.8 -0 0)
(49860.4 -0 0)
(47415.4 -0 0)
(28547.3 -0 0)
(34251.9 -0 0)
(25039 -0 0)
(13637.9 -0 0)
(27703.2 -0 0)
(29592.8 -0 0)
(33544.5 -0 0)
(25598.9 -0 0)
(31601.8 -0 0)
(41161 -0 0)
(59881.4 -0 0)
(77809.9 -0 0)
(2081.58 -0 0)
(7724.89 -0 0)
(-7097.22 0 0)
(-19249.9 0 0)
(-20169.3 0 0)
(-20734.3 0 0)
(-35303.5 0 0)
(-31939.5 0 0)
(-35527.2 0 0)
(-60698.3 0 0)
(-57681.5 0 0)
(-53254.9 0 0)
(-66855.4 0 0)
(-67584.4 0 0)
(-94137.3 0 0)
(-155323 0 0)
(-238032 0 0)
(-330716 0 0)
(-368437 0 0)
(-415750 0 0)
(-416744 0 0)
(-393667 0 0)
(-331061 0 0)
(-293865 0 0)
(-290628 0 0)
(-333909 0 0)
(-333641 0 0)
(-299311 0 0)
(-375801 0 0)
(-360628 0 0)
(-218822 0 0)
(-55111.5 0 0)
(52104.1 -0 0)
(75584.5 -0 0)
(87053.2 -0 0)
(81245.7 -0 0)
(98471.4 -0 0)
(121187 -0 0)
(79572.1 -0 0)
(42824.5 -0 0)
(103373 -0 0)
(133630 -0 0)
(64657.4 -0 0)
(30004.4 -0 0)
(14917.3 -0 0)
(12671.3 -0 0)
(19618.6 -0 0)
(6303.22 -0 0)
(27416.1 -0 0)
(79929 -0 0)
(130163 -0 0)
(159706 -0 0)
(195130 -0 0)
(203051 -0 0)
(189826 -0 0)
(191188 -0 0)
(169172 -0 0)
(166514 -0 0)
(143226 -0 0)
(144088 -0 0)
(121897 -0 0)
(139883 -0 0)
(149409 -0 0)
(119117 -0 0)
(118779 -0 0)
(119343 -0 0)
(96607.6 -0 0)
(79102.1 -0 0)
(86538.2 -0 0)
(88151.6 -0 0)
(60546.4 -0 0)
(68131.2 -0 0)
(68188.4 -0 0)
(59767.1 -0 0)
(77389.5 -0 0)
(61260.2 -0 0)
(72154.5 -0 0)
(71117.8 -0 0)
(41382.9 -0 0)
(49323.6 -0 0)
(44237.5 -0 0)
(46885.7 -0 0)
(34174.3 -0 0)
(28242.5 -0 0)
(16789.4 -0 0)
(27707 -0 0)
(36840.7 -0 0)
(40600 -0 0)
(25136.4 -0 0)
(17497.2 -0 0)
(30273.1 -0 0)
(20650.4 -0 0)
(30922.2 -0 0)
(33129 -0 0)
(35989.5 -0 0)
(23667.6 -0 0)
(29049.2 -0 0)
(37822.9 -0 0)
(56762.7 -0 0)
(86419.2 -0 0)
(4738.06 -0 0)
(5928.9 -0 0)
(-42.2974 0 0)
(-4161.73 0 0)
(-7507.39 0 0)
(-11043.3 0 0)
(-14062.3 0 0)
(-21185.3 0 0)
(-29488.4 0 0)
(-34148.2 0 0)
(-35967.8 0 0)
(-33185.9 0 0)
(-37127.9 0 0)
(-31017.8 0 0)
(-36514.7 0 0)
(-80780.5 0 0)
(-160972 0 0)
(-243864 0 0)
(-310297 0 0)
(-339807 0 0)
(-349210 0 0)
(-358720 0 0)
(-344009 0 0)
(-331818 0 0)
(-330679 0 0)
(-329294 0 0)
(-317849 0 0)
(-314305 0 0)
(-344042 0 0)
(-354563 0 0)
(-310769 0 0)
(-261207 0 0)
(-241179 0 0)
(-233394 0 0)
(-179569 0 0)
(-130410 0 0)
(-76055.6 0 0)
(-52190.9 0 0)
(-23535.2 0 0)
(1063.26 -0 0)
(-58455.6 0 0)
(-111470 0 0)
(-142717 0 0)
(-135015 0 0)
(-115972 0 0)
(-98093.5 0 0)
(-86739.5 0 0)
(-64321.4 0 0)
(-22844.4 0 0)
(-16648.7 0 0)
(-24685.3 0 0)
(3281.21 -0 0)
(29234.6 -0 0)
(55812 -0 0)
(51023 -0 0)
(56805.2 -0 0)
(38187.4 -0 0)
(41595.9 -0 0)
(37905.3 -0 0)
(29309.5 -0 0)
(38202.5 -0 0)
(36099.2 -0 0)
(39139.9 -0 0)
(44866.1 -0 0)
(44835.6 -0 0)
(37702 -0 0)
(28986.6 -0 0)
(43696.8 -0 0)
(25903 -0 0)
(12384.9 -0 0)
(14999.5 -0 0)
(19108.6 -0 0)
(19492.5 -0 0)
(26476.8 -0 0)
(27442.4 -0 0)
(23594.4 -0 0)
(31082.1 -0 0)
(31364.3 -0 0)
(12848.6 -0 0)
(15716.1 -0 0)
(9546.88 -0 0)
(17378.5 -0 0)
(15426.8 -0 0)
(18215.1 -0 0)
(7693.2 -0 0)
(11145.3 -0 0)
(10607.3 -0 0)
(5258.23 -0 0)
(10382.3 -0 0)
(19404.8 -0 0)
(15976 -0 0)
(13791.6 -0 0)
(21510.3 -0 0)
(14196.9 -0 0)
(20114.8 -0 0)
(13131.5 -0 0)
(8809.33 -0 0)
(15462.7 -0 0)
(25426.1 -0 0)
(48097.9 -0 0)
)
;

boundaryField
{
    inlet
    {
        type            calculated;
        value           nonuniform List<vector> 
40
(
(-2598.18 0 0)
(-8089.2 0 0)
(-10567.2 0 0)
(-11077.7 0 0)
(-12333.8 0 0)
(-12992 0 0)
(-13360.8 0 0)
(-13031.5 0 0)
(-14180.7 0 0)
(-13086.1 0 0)
(-9675.23 0 0)
(-9049.85 0 0)
(-9759.1 0 0)
(-11447 0 0)
(-7584.44 0 0)
(-8085.55 0 0)
(-9255.46 0 0)
(-3566.27 0 0)
(-4679.27 0 0)
(-2860.2 0 0)
(-2045.5 0 0)
(4902.01 -0 0)
(424.107 -0 0)
(-2056.15 0 0)
(-4835.74 0 0)
(-6286.3 0 0)
(-7291.28 0 0)
(-7965.36 0 0)
(-10010.2 0 0)
(-10700 0 0)
(-12151.2 0 0)
(-14339.4 0 0)
(-14696.8 0 0)
(-14534.2 0 0)
(-13596.6 0 0)
(-11164.9 0 0)
(-6653.78 0 0)
(-870.868 0 0)
(2081.58 -0 0)
(4738.06 -0 0)
)
;
    }
    outlet
    {
        type            calculated;
        value           nonuniform List<vector> 
40
(
(-9104.78 0 0)
(-8675.19 0 0)
(-16947.7 0 0)
(-16149 0 0)
(-21417.9 0 0)
(-24306 0 0)
(-28254.4 0 0)
(-26341.6 0 0)
(-24289.2 0 0)
(-22283.7 0 0)
(-18546.1 0 0)
(-12393.6 0 0)
(-5028.97 0 0)
(584.042 -0 0)
(5780.79 -0 0)
(913.699 -0 0)
(-14425.7 0 0)
(-20373.8 0 0)
(-31737.3 0 0)
(-37930.1 0 0)
(-43685.5 0 0)
(-38332.1 0 0)
(-29021.1 0 0)
(-25711.1 0 0)
(-15088.2 0 0)
(-16270.1 0 0)
(-11074.1 0 0)
(-11064.9 0 0)
(-1661.24 0 0)
(10087.9 -0 0)
(23539.6 -0 0)
(34762.2 -0 0)
(43290.7 -0 0)
(52161.6 -0 0)
(61389 -0 0)
(67947.3 -0 0)
(77245.9 -0 0)
(77809.9 -0 0)
(86419.2 -0 0)
(48097.9 -0 0)
)
;
    }
    lowerWall
    {
        type            calculated;
        value           nonuniform List<vector> 
100
(
(-2598.18 0 0)
(-4786.07 0 0)
(-10095.3 0 0)
(-14436 0 0)
(-19243.7 0 0)
(-23146.2 0 0)
(-27596.4 0 0)
(-33704.5 0 0)
(-44070.3 0 0)
(-56533.6 0 0)
(-74817 0 0)
(-79514.3 0 0)
(-74351 0 0)
(-72731.5 0 0)
(-100297 0 0)
(-125869 0 0)
(-152249 0 0)
(-169096 0 0)
(-194589 0 0)
(-198122 0 0)
(-234882 0 0)
(-273165 0 0)
(-286248 0 0)
(-304688 0 0)
(-317714 0 0)
(-325325 0 0)
(-340537 0 0)
(-336963 0 0)
(-324934 0 0)
(-324636 0 0)
(-342890 0 0)
(-319924 0 0)
(-274998 0 0)
(-273001 0 0)
(-253705 0 0)
(-237962 0 0)
(-231935 0 0)
(-241199 0 0)
(-230406 0 0)
(-232332 0 0)
(-208737 0 0)
(-197934 0 0)
(-203063 0 0)
(-203300 0 0)
(-223343 0 0)
(-233183 0 0)
(-201087 0 0)
(-177769 0 0)
(-132809 0 0)
(-111385 0 0)
(-76427.2 0 0)
(-66456.8 0 0)
(-75350.2 0 0)
(-73489.4 0 0)
(-66295.9 0 0)
(-55999.8 0 0)
(-63733.8 0 0)
(-61661.1 0 0)
(-51363.9 0 0)
(-52458.4 0 0)
(-46156.1 0 0)
(-47714.2 0 0)
(-46433.3 0 0)
(-39615.8 0 0)
(-36104.1 0 0)
(-28380.7 0 0)
(-25265.1 0 0)
(-22394.1 0 0)
(-17561 0 0)
(-13270.1 0 0)
(-12103.6 0 0)
(-8188.89 0 0)
(-7195.48 0 0)
(-5229.39 0 0)
(-4076.5 0 0)
(-4625.58 0 0)
(-2609.24 0 0)
(-4309.43 0 0)
(-1331.64 0 0)
(-740.512 0 0)
(3758.08 -0 0)
(-273.794 0 0)
(4842.51 -0 0)
(1122.07 -0 0)
(3491.48 -0 0)
(5017.88 -0 0)
(-4989.53 0 0)
(-675.406 0 0)
(812.926 -0 0)
(-11047.3 0 0)
(-5684.88 0 0)
(-10351.8 0 0)
(-597.363 0 0)
(-4533.66 0 0)
(3662.92 -0 0)
(6185.89 -0 0)
(-1604.29 0 0)
(-3330.43 0 0)
(-1668.77 0 0)
(-9104.78 0 0)
)
;
    }
    upperWall
    {
        type            calculated;
        value           nonuniform List<vector> 
100
(
(4738.06 -0 0)
(5928.9 -0 0)
(-42.2974 0 0)
(-4161.73 0 0)
(-7507.39 0 0)
(-11043.3 0 0)
(-14062.3 0 0)
(-21185.3 0 0)
(-29488.4 0 0)
(-34148.2 0 0)
(-35967.8 0 0)
(-33185.9 0 0)
(-37127.9 0 0)
(-31017.8 0 0)
(-36514.7 0 0)
(-80780.5 0 0)
(-160972 0 0)
(-243864 0 0)
(-310297 0 0)
(-339807 0 0)
(-349210 0 0)
(-358720 0 0)
(-344009 0 0)
(-331818 0 0)
(-330679 0 0)
(-329294 0 0)
(-317849 0 0)
(-314305 0 0)
(-344042 0 0)
(-354563 0 0)
(-310769 0 0)
(-261207 0 0)
(-241179 0 0)
(-233394 0 0)
(-179569 0 0)
(-130410 0 0)
(-76055.6 0 0)
(-52190.9 0 0)
(-23535.2 0 0)
(1063.26 -0 0)
(-58455.6 0 0)
(-111470 0 0)
(-142717 0 0)
(-135015 0 0)
(-115972 0 0)
(-98093.5 0 0)
(-86739.5 0 0)
(-64321.4 0 0)
(-22844.4 0 0)
(-16648.7 0 0)
(-24685.3 0 0)
(3281.21 -0 0)
(29234.6 -0 0)
(55812 -0 0)
(51023 -0 0)
(56805.2 -0 0)
(38187.4 -0 0)
(41595.9 -0 0)
(37905.3 -0 0)
(29309.5 -0 0)
(38202.5 -0 0)
(36099.2 -0 0)
(39139.9 -0 0)
(44866.1 -0 0)
(44835.6 -0 0)
(37702 -0 0)
(28986.6 -0 0)
(43696.8 -0 0)
(25903 -0 0)
(12384.9 -0 0)
(14999.5 -0 0)
(19108.6 -0 0)
(19492.5 -0 0)
(26476.8 -0 0)
(27442.4 -0 0)
(23594.4 -0 0)
(31082.1 -0 0)
(31364.3 -0 0)
(12848.6 -0 0)
(15716.1 -0 0)
(9546.88 -0 0)
(17378.5 -0 0)
(15426.8 -0 0)
(18215.1 -0 0)
(7693.2 -0 0)
(11145.3 -0 0)
(10607.3 -0 0)
(5258.23 -0 0)
(10382.3 -0 0)
(19404.8 -0 0)
(15976 -0 0)
(13791.6 -0 0)
(21510.3 -0 0)
(14196.9 -0 0)
(20114.8 -0 0)
(13131.5 -0 0)
(8809.33 -0 0)
(15462.7 -0 0)
(25426.1 -0 0)
(48097.9 -0 0)
)
;
    }
    frontAndBack
    {
        type            empty;
    }
}


// ************************************************************************* //
