/*--------------------------------*- C++ -*----------------------------------*\
| =========                 |                                                 |
| \\      /  F ield         | foam-extend: Open Source CFD                    |
|  \\    /   O peration     | Version:     5.0                                |
|   \\  /    A nd           | Web:         http://www.foam-extend.org         |
|    \\/     M anipulation  |                                                 |
\*---------------------------------------------------------------------------*/
FoamFile
{
    version     2.0;
    format      ascii;
    class       volVectorField;
    location    "0.02";
    object      bodyForce;
}
// * * * * * * * * * * * * * * * * * * * * * * * * * * * * * * * * * * * * * //

dimensions      [0 1 -2 0 0 0 0];

internalField   nonuniform List<vector> 
4000
(
(-120.193 0 0)
(-147.372 0 0)
(-126.028 0 0)
(-118.284 0 0)
(-100.118 0 0)
(-87.4087 0 0)
(-79.5271 0 0)
(-72.978 0 0)
(-67.0514 0 0)
(-62.0453 0 0)
(-58.0158 0 0)
(-54.831 0 0)
(-52.3404 0 0)
(-50.4196 0 0)
(-48.9586 0 0)
(-47.8638 0 0)
(-47.0546 0 0)
(-46.4641 0 0)
(-46.0384 0 0)
(-45.7348 0 0)
(-45.5205 0 0)
(-45.3707 0 0)
(-45.267 0 0)
(-45.1957 0 0)
(-45.1472 0 0)
(-45.1143 0 0)
(-45.0922 0 0)
(-45.0775 0 0)
(-45.0677 0 0)
(-45.0613 0 0)
(-45.057 0 0)
(-45.0543 0 0)
(-45.0525 0 0)
(-45.0513 0 0)
(-45.0506 0 0)
(-45.0501 0 0)
(-45.0498 0 0)
(-45.0496 0 0)
(-45.0495 0 0)
(-45.0494 0 0)
(-45.0494 0 0)
(-45.0494 0 0)
(-45.0493 0 0)
(-45.0493 0 0)
(-45.0493 0 0)
(-45.0493 0 0)
(-45.0493 0 0)
(-45.0493 0 0)
(-45.0493 0 0)
(-45.0493 0 0)
(-45.0493 0 0)
(-45.0493 0 0)
(-45.0493 0 0)
(-45.0493 0 0)
(-45.0493 0 0)
(-45.0493 0 0)
(-45.0493 0 0)
(-45.0493 0 0)
(-45.0493 0 0)
(-45.0493 0 0)
(-45.0493 0 0)
(-45.0493 0 0)
(-45.0493 0 0)
(-45.0493 0 0)
(-45.0493 0 0)
(-45.0493 0 0)
(-45.0493 0 0)
(-45.0493 0 0)
(-45.0493 0 0)
(-45.0493 0 0)
(-45.0493 0 0)
(-45.0493 0 0)
(-45.0493 0 0)
(-45.0493 0 0)
(-45.0494 0 0)
(-45.0494 0 0)
(-45.0495 0 0)
(-45.0496 0 0)
(-45.0498 0 0)
(-45.05 0 0)
(-45.0504 0 0)
(-45.0509 0 0)
(-45.0515 0 0)
(-45.0525 0 0)
(-45.0537 0 0)
(-45.0553 0 0)
(-45.0574 0 0)
(-45.0599 0 0)
(-45.0629 0 0)
(-45.0665 0 0)
(-45.0717 0 0)
(-45.0786 0 0)
(-45.0782 0 0)
(-45.0485 0 0)
(-45.046 0 0)
(-45.2768 0 0)
(-45.2907 0 0)
(-44.3665 0 0)
(-45.5273 0 0)
(-45.7386 0 0)
(-212.577 0 0)
(-215.907 0 0)
(-154.365 0 0)
(-134.432 0 0)
(-96.2154 0 0)
(-64.8181 0 0)
(-43.2013 0 0)
(-26.2416 0 0)
(-11.8511 0 0)
(0.0454864 -0 0)
(9.55564 -0 0)
(17.0151 -0 0)
(22.7965 -0 0)
(27.2128 -0 0)
(30.5432 -0 0)
(33.0207 -0 0)
(34.8398 -0 0)
(36.1599 -0 0)
(37.1068 -0 0)
(37.7789 -0 0)
(38.2512 -0 0)
(38.5801 -0 0)
(38.8071 -0 0)
(38.9625 -0 0)
(39.0681 -0 0)
(39.1394 -0 0)
(39.1871 -0 0)
(39.2189 -0 0)
(39.2399 -0 0)
(39.2537 -0 0)
(39.2628 -0 0)
(39.2687 -0 0)
(39.2725 -0 0)
(39.275 -0 0)
(39.2765 -0 0)
(39.2775 -0 0)
(39.2782 -0 0)
(39.2786 -0 0)
(39.2788 -0 0)
(39.279 -0 0)
(39.2791 -0 0)
(39.2792 -0 0)
(39.2792 -0 0)
(39.2792 -0 0)
(39.2792 -0 0)
(39.2792 -0 0)
(39.2792 -0 0)
(39.2792 -0 0)
(39.2792 -0 0)
(39.2792 -0 0)
(39.2792 -0 0)
(39.2792 -0 0)
(39.2792 -0 0)
(39.2792 -0 0)
(39.2792 -0 0)
(39.2792 -0 0)
(39.2792 -0 0)
(39.2792 -0 0)
(39.2792 -0 0)
(39.2792 -0 0)
(39.2792 -0 0)
(39.2792 -0 0)
(39.2792 -0 0)
(39.2792 -0 0)
(39.2793 -0 0)
(39.2793 -0 0)
(39.2793 -0 0)
(39.2793 -0 0)
(39.2793 -0 0)
(39.2793 -0 0)
(39.2793 -0 0)
(39.2793 -0 0)
(39.2792 -0 0)
(39.2792 -0 0)
(39.2791 -0 0)
(39.279 -0 0)
(39.2789 -0 0)
(39.2786 -0 0)
(39.2783 -0 0)
(39.2778 -0 0)
(39.277 -0 0)
(39.2759 -0 0)
(39.2744 -0 0)
(39.2723 -0 0)
(39.2695 -0 0)
(39.2659 -0 0)
(39.2611 -0 0)
(39.2552 -0 0)
(39.2478 -0 0)
(39.2388 -0 0)
(39.227 -0 0)
(39.2136 -0 0)
(39.2137 -0 0)
(39.2474 -0 0)
(39.1938 -0 0)
(38.7991 -0 0)
(39.0846 -0 0)
(40.6549 -0 0)
(37.0253 -0 0)
(39.1334 -0 0)
(-269.594 0 0)
(-246.972 0 0)
(-149.166 0 0)
(-119.353 0 0)
(-73.0882 0 0)
(-32.5763 0 0)
(-2.84398 0 0)
(20.2466 -0 0)
(39.1564 -0 0)
(54.4195 -0 0)
(66.4438 -0 0)
(75.7665 -0 0)
(82.9145 -0 0)
(88.3174 -0 0)
(92.3524 -0 0)
(95.3278 -0 0)
(97.4948 -0 0)
(99.0568 -0 0)
(100.17 -0 0)
(100.956 -0 0)
(101.505 -0 0)
(101.886 -0 0)
(102.147 -0 0)
(102.326 -0 0)
(102.446 -0 0)
(102.528 -0 0)
(102.582 -0 0)
(102.618 -0 0)
(102.642 -0 0)
(102.657 -0 0)
(102.667 -0 0)
(102.674 -0 0)
(102.678 -0 0)
(102.681 -0 0)
(102.683 -0 0)
(102.684 -0 0)
(102.685 -0 0)
(102.685 -0 0)
(102.685 -0 0)
(102.686 -0 0)
(102.686 -0 0)
(102.686 -0 0)
(102.686 -0 0)
(102.686 -0 0)
(102.686 -0 0)
(102.686 -0 0)
(102.686 -0 0)
(102.686 -0 0)
(102.686 -0 0)
(102.686 -0 0)
(102.686 -0 0)
(102.686 -0 0)
(102.686 -0 0)
(102.686 -0 0)
(102.686 -0 0)
(102.686 -0 0)
(102.686 -0 0)
(102.686 -0 0)
(102.686 -0 0)
(102.686 -0 0)
(102.686 -0 0)
(102.686 -0 0)
(102.686 -0 0)
(102.686 -0 0)
(102.686 -0 0)
(102.686 -0 0)
(102.686 -0 0)
(102.686 -0 0)
(102.686 -0 0)
(102.686 -0 0)
(102.686 -0 0)
(102.686 -0 0)
(102.686 -0 0)
(102.686 -0 0)
(102.686 -0 0)
(102.686 -0 0)
(102.685 -0 0)
(102.685 -0 0)
(102.685 -0 0)
(102.684 -0 0)
(102.683 -0 0)
(102.682 -0 0)
(102.68 -0 0)
(102.678 -0 0)
(102.675 -0 0)
(102.67 -0 0)
(102.664 -0 0)
(102.657 -0 0)
(102.647 -0 0)
(102.636 -0 0)
(102.621 -0 0)
(102.603 -0 0)
(102.597 -0 0)
(102.616 -0 0)
(102.532 -0 0)
(102.145 -0 0)
(102.693 -0 0)
(104.23 -0 0)
(98.6752 -0 0)
(104.089 -0 0)
(-313.854 0 0)
(-285.102 0 0)
(-172.795 0 0)
(-140.069 0 0)
(-91.4057 0 0)
(-47.7245 0 0)
(-14.8906 0 0)
(10.7978 -0 0)
(31.5667 -0 0)
(48.1061 -0 0)
(60.9956 -0 0)
(70.8956 -0 0)
(78.4265 -0 0)
(84.072 -0 0)
(88.2556 -0 0)
(91.3183 -0 0)
(93.5327 -0 0)
(95.1207 -0 0)
(96.2464 -0 0)
(97.0368 -0 0)
(97.5869 -0 0)
(97.9665 -0 0)
(98.2264 -0 0)
(98.403 -0 0)
(98.5222 -0 0)
(98.6021 -0 0)
(98.6553 -0 0)
(98.6905 -0 0)
(98.7137 -0 0)
(98.7289 -0 0)
(98.7388 -0 0)
(98.7452 -0 0)
(98.7493 -0 0)
(98.752 -0 0)
(98.7537 -0 0)
(98.7547 -0 0)
(98.7554 -0 0)
(98.7559 -0 0)
(98.7561 -0 0)
(98.7563 -0 0)
(98.7564 -0 0)
(98.7564 -0 0)
(98.7565 -0 0)
(98.7565 -0 0)
(98.7565 -0 0)
(98.7565 -0 0)
(98.7565 -0 0)
(98.7565 -0 0)
(98.7565 -0 0)
(98.7565 -0 0)
(98.7565 -0 0)
(98.7565 -0 0)
(98.7565 -0 0)
(98.7565 -0 0)
(98.7565 -0 0)
(98.7565 -0 0)
(98.7565 -0 0)
(98.7565 -0 0)
(98.7565 -0 0)
(98.7565 -0 0)
(98.7565 -0 0)
(98.7565 -0 0)
(98.7565 -0 0)
(98.7565 -0 0)
(98.7565 -0 0)
(98.7565 -0 0)
(98.7565 -0 0)
(98.7566 -0 0)
(98.7566 -0 0)
(98.7566 -0 0)
(98.7566 -0 0)
(98.7566 -0 0)
(98.7566 -0 0)
(98.7565 -0 0)
(98.7565 -0 0)
(98.7564 -0 0)
(98.7562 -0 0)
(98.7559 -0 0)
(98.7556 -0 0)
(98.755 -0 0)
(98.7541 -0 0)
(98.7528 -0 0)
(98.7511 -0 0)
(98.7486 -0 0)
(98.7452 -0 0)
(98.7405 -0 0)
(98.7344 -0 0)
(98.7264 -0 0)
(98.7164 -0 0)
(98.7037 -0 0)
(98.6874 -0 0)
(98.6675 -0 0)
(98.656 -0 0)
(98.6688 -0 0)
(98.5846 -0 0)
(98.2085 -0 0)
(98.871 -0 0)
(100.412 -0 0)
(93.6418 -0 0)
(101.298 -0 0)
(-349.314 0 0)
(-331.609 0 0)
(-226.491 0 0)
(-200.073 0 0)
(-153.236 0 0)
(-110.498 0 0)
(-78.2314 0 0)
(-52.6421 0 0)
(-31.8974 0 0)
(-15.416 0 0)
(-2.62278 0 0)
(7.14227 -0 0)
(14.5429 -0 0)
(20.0652 -0 0)
(24.1374 -0 0)
(27.1046 -0 0)
(29.2443 -0 0)
(30.7683 -0 0)
(31.8445 -0 0)
(32.5974 -0 0)
(33.1197 -0 0)
(33.4791 -0 0)
(33.7245 -0 0)
(33.8908 -0 0)
(34.0029 -0 0)
(34.0778 -0 0)
(34.1276 -0 0)
(34.1605 -0 0)
(34.1821 -0 0)
(34.1963 -0 0)
(34.2055 -0 0)
(34.2114 -0 0)
(34.2152 -0 0)
(34.2177 -0 0)
(34.2193 -0 0)
(34.2202 -0 0)
(34.2209 -0 0)
(34.2213 -0 0)
(34.2215 -0 0)
(34.2217 -0 0)
(34.2217 -0 0)
(34.2218 -0 0)
(34.2218 -0 0)
(34.2218 -0 0)
(34.2218 -0 0)
(34.2218 -0 0)
(34.2218 -0 0)
(34.2218 -0 0)
(34.2218 -0 0)
(34.2218 -0 0)
(34.2218 -0 0)
(34.2218 -0 0)
(34.2218 -0 0)
(34.2218 -0 0)
(34.2218 -0 0)
(34.2218 -0 0)
(34.2218 -0 0)
(34.2218 -0 0)
(34.2218 -0 0)
(34.2218 -0 0)
(34.2218 -0 0)
(34.2218 -0 0)
(34.2219 -0 0)
(34.2219 -0 0)
(34.2219 -0 0)
(34.2219 -0 0)
(34.2219 -0 0)
(34.2219 -0 0)
(34.2219 -0 0)
(34.2219 -0 0)
(34.2219 -0 0)
(34.2219 -0 0)
(34.2219 -0 0)
(34.2219 -0 0)
(34.2218 -0 0)
(34.2218 -0 0)
(34.2216 -0 0)
(34.2214 -0 0)
(34.221 -0 0)
(34.2205 -0 0)
(34.2196 -0 0)
(34.2185 -0 0)
(34.2168 -0 0)
(34.2144 -0 0)
(34.2111 -0 0)
(34.2066 -0 0)
(34.2006 -0 0)
(34.1928 -0 0)
(34.1829 -0 0)
(34.1704 -0 0)
(34.1541 -0 0)
(34.1336 -0 0)
(34.1211 -0 0)
(34.1389 -0 0)
(34.065 -0 0)
(33.6646 -0 0)
(34.3598 -0 0)
(36.0943 -0 0)
(28.5867 -0 0)
(37.5108 -0 0)
(-377.175 0 0)
(-379.149 0 0)
(-293.487 0 0)
(-280.826 0 0)
(-240.109 0 0)
(-201.731 0 0)
(-172.784 0 0)
(-149.532 0 0)
(-130.384 0 0)
(-115.097 0 0)
(-103.216 0 0)
(-94.1546 0 0)
(-87.3174 0 0)
(-82.2302 0 0)
(-78.4909 0 0)
(-75.7751 0 0)
(-73.8237 0 0)
(-72.4373 0 0)
(-71.4611 0 0)
(-70.7799 0 0)
(-70.3085 0 0)
(-69.985 0 0)
(-69.7645 0 0)
(-69.6153 0 0)
(-69.515 0 0)
(-69.4481 0 0)
(-69.4036 0 0)
(-69.3743 0 0)
(-69.3551 0 0)
(-69.3425 0 0)
(-69.3343 0 0)
(-69.3291 0 0)
(-69.3257 0 0)
(-69.3235 0 0)
(-69.3221 0 0)
(-69.3212 0 0)
(-69.3207 0 0)
(-69.3203 0 0)
(-69.3201 0 0)
(-69.32 0 0)
(-69.3199 0 0)
(-69.3199 0 0)
(-69.3199 0 0)
(-69.3198 0 0)
(-69.3198 0 0)
(-69.3198 0 0)
(-69.3198 0 0)
(-69.3198 0 0)
(-69.3198 0 0)
(-69.3198 0 0)
(-69.3198 0 0)
(-69.3199 0 0)
(-69.3198 0 0)
(-69.3199 0 0)
(-69.3198 0 0)
(-69.3199 0 0)
(-69.3198 0 0)
(-69.3199 0 0)
(-69.3198 0 0)
(-69.3198 0 0)
(-69.3198 0 0)
(-69.3198 0 0)
(-69.3198 0 0)
(-69.3198 0 0)
(-69.3198 0 0)
(-69.3198 0 0)
(-69.3198 0 0)
(-69.3198 0 0)
(-69.3198 0 0)
(-69.3197 0 0)
(-69.3197 0 0)
(-69.3197 0 0)
(-69.3197 0 0)
(-69.3198 0 0)
(-69.3198 0 0)
(-69.3199 0 0)
(-69.32 0 0)
(-69.3202 0 0)
(-69.3205 0 0)
(-69.321 0 0)
(-69.3218 0 0)
(-69.3228 0 0)
(-69.3243 0 0)
(-69.3265 0 0)
(-69.3295 0 0)
(-69.3336 0 0)
(-69.339 0 0)
(-69.3462 0 0)
(-69.3553 0 0)
(-69.3668 0 0)
(-69.3819 0 0)
(-69.4014 0 0)
(-69.4118 0 0)
(-69.3839 0 0)
(-69.4456 0 0)
(-69.8846 0 0)
(-69.171 0 0)
(-67.1708 0 0)
(-75.1612 0 0)
(-65.6138 0 0)
(-397.562 0 0)
(-419.908 0 0)
(-358.205 0 0)
(-363.315 0 0)
(-331.88 0 0)
(-300.342 0 0)
(-276.703 0 0)
(-257.375 0 0)
(-241.031 0 0)
(-227.818 0 0)
(-217.511 0 0)
(-209.641 0 0)
(-203.708 0 0)
(-199.3 0 0)
(-196.067 0 0)
(-193.725 0 0)
(-192.047 0 0)
(-190.857 0 0)
(-190.021 0 0)
(-189.439 0 0)
(-189.037 0 0)
(-188.762 0 0)
(-188.575 0 0)
(-188.449 0 0)
(-188.364 0 0)
(-188.307 0 0)
(-188.27 0 0)
(-188.245 0 0)
(-188.229 0 0)
(-188.218 0 0)
(-188.211 0 0)
(-188.207 0 0)
(-188.204 0 0)
(-188.202 0 0)
(-188.201 0 0)
(-188.2 0 0)
(-188.2 0 0)
(-188.2 0 0)
(-188.2 0 0)
(-188.199 0 0)
(-188.199 0 0)
(-188.199 0 0)
(-188.199 0 0)
(-188.199 0 0)
(-188.199 0 0)
(-188.199 0 0)
(-188.199 0 0)
(-188.199 0 0)
(-188.199 0 0)
(-188.199 0 0)
(-188.199 0 0)
(-188.199 0 0)
(-188.199 0 0)
(-188.199 0 0)
(-188.199 0 0)
(-188.199 0 0)
(-188.199 0 0)
(-188.199 0 0)
(-188.199 0 0)
(-188.199 0 0)
(-188.199 0 0)
(-188.199 0 0)
(-188.199 0 0)
(-188.199 0 0)
(-188.199 0 0)
(-188.199 0 0)
(-188.199 0 0)
(-188.199 0 0)
(-188.199 0 0)
(-188.199 0 0)
(-188.199 0 0)
(-188.199 0 0)
(-188.199 0 0)
(-188.199 0 0)
(-188.199 0 0)
(-188.199 0 0)
(-188.199 0 0)
(-188.2 0 0)
(-188.2 0 0)
(-188.2 0 0)
(-188.201 0 0)
(-188.202 0 0)
(-188.203 0 0)
(-188.205 0 0)
(-188.207 0 0)
(-188.211 0 0)
(-188.216 0 0)
(-188.222 0 0)
(-188.23 0 0)
(-188.239 0 0)
(-188.252 0 0)
(-188.27 0 0)
(-188.276 0 0)
(-188.236 0 0)
(-188.287 0 0)
(-188.767 0 0)
(-188.026 0 0)
(-185.765 0 0)
(-194.111 0 0)
(-184.316 0 0)
(-411.081 0 0)
(-449.864 0 0)
(-411.181 0 0)
(-434.734 0 0)
(-414.144 0 0)
(-390.7 0 0)
(-373.749 0 0)
(-359.391 0 0)
(-346.699 0 0)
(-336.218 0 0)
(-327.977 0 0)
(-321.664 0 0)
(-316.9 0 0)
(-313.362 0 0)
(-310.771 0 0)
(-308.897 0 0)
(-307.558 0 0)
(-306.611 0 0)
(-305.947 0 0)
(-305.487 0 0)
(-305.169 0 0)
(-304.952 0 0)
(-304.805 0 0)
(-304.706 0 0)
(-304.639 0 0)
(-304.595 0 0)
(-304.566 0 0)
(-304.546 0 0)
(-304.534 0 0)
(-304.525 0 0)
(-304.52 0 0)
(-304.517 0 0)
(-304.514 0 0)
(-304.513 0 0)
(-304.512 0 0)
(-304.512 0 0)
(-304.511 0 0)
(-304.511 0 0)
(-304.511 0 0)
(-304.511 0 0)
(-304.511 0 0)
(-304.511 0 0)
(-304.511 0 0)
(-304.511 0 0)
(-304.511 0 0)
(-304.511 0 0)
(-304.511 0 0)
(-304.511 0 0)
(-304.511 0 0)
(-304.511 0 0)
(-304.511 0 0)
(-304.511 0 0)
(-304.511 0 0)
(-304.511 0 0)
(-304.511 0 0)
(-304.511 0 0)
(-304.511 0 0)
(-304.511 0 0)
(-304.511 0 0)
(-304.511 0 0)
(-304.511 0 0)
(-304.511 0 0)
(-304.511 0 0)
(-304.511 0 0)
(-304.511 0 0)
(-304.511 0 0)
(-304.511 0 0)
(-304.511 0 0)
(-304.511 0 0)
(-304.511 0 0)
(-304.511 0 0)
(-304.511 0 0)
(-304.511 0 0)
(-304.511 0 0)
(-304.511 0 0)
(-304.511 0 0)
(-304.511 0 0)
(-304.511 0 0)
(-304.511 0 0)
(-304.511 0 0)
(-304.512 0 0)
(-304.513 0 0)
(-304.514 0 0)
(-304.515 0 0)
(-304.517 0 0)
(-304.52 0 0)
(-304.524 0 0)
(-304.528 0 0)
(-304.535 0 0)
(-304.542 0 0)
(-304.553 0 0)
(-304.567 0 0)
(-304.569 0 0)
(-304.517 0 0)
(-304.559 0 0)
(-305.075 0 0)
(-304.299 0 0)
(-301.82 0 0)
(-310.455 0 0)
(-300.596 0 0)
(-418.949 0 0)
(-468.617 0 0)
(-448.863 0 0)
(-489.101 0 0)
(-479.48 0 0)
(-464.567 0 0)
(-454.819 0 0)
(-446.001 0 0)
(-437.484 0 0)
(-430.177 0 0)
(-424.337 0 0)
(-419.841 0 0)
(-416.437 0 0)
(-413.908 0 0)
(-412.059 0 0)
(-410.724 0 0)
(-409.774 0 0)
(-409.104 0 0)
(-408.637 0 0)
(-408.313 0 0)
(-408.091 0 0)
(-407.939 0 0)
(-407.837 0 0)
(-407.768 0 0)
(-407.722 0 0)
(-407.692 0 0)
(-407.671 0 0)
(-407.658 0 0)
(-407.65 0 0)
(-407.644 0 0)
(-407.64 0 0)
(-407.638 0 0)
(-407.636 0 0)
(-407.635 0 0)
(-407.635 0 0)
(-407.634 0 0)
(-407.634 0 0)
(-407.634 0 0)
(-407.634 0 0)
(-407.634 0 0)
(-407.634 0 0)
(-407.634 0 0)
(-407.634 0 0)
(-407.634 0 0)
(-407.634 0 0)
(-407.634 0 0)
(-407.634 0 0)
(-407.634 0 0)
(-407.634 0 0)
(-407.634 0 0)
(-407.634 0 0)
(-407.634 0 0)
(-407.634 0 0)
(-407.634 0 0)
(-407.634 0 0)
(-407.634 0 0)
(-407.634 0 0)
(-407.634 0 0)
(-407.634 0 0)
(-407.634 0 0)
(-407.634 0 0)
(-407.634 0 0)
(-407.634 0 0)
(-407.634 0 0)
(-407.634 0 0)
(-407.634 0 0)
(-407.634 0 0)
(-407.634 0 0)
(-407.634 0 0)
(-407.634 0 0)
(-407.634 0 0)
(-407.634 0 0)
(-407.634 0 0)
(-407.634 0 0)
(-407.634 0 0)
(-407.634 0 0)
(-407.634 0 0)
(-407.634 0 0)
(-407.634 0 0)
(-407.634 0 0)
(-407.635 0 0)
(-407.635 0 0)
(-407.636 0 0)
(-407.637 0 0)
(-407.638 0 0)
(-407.64 0 0)
(-407.643 0 0)
(-407.646 0 0)
(-407.65 0 0)
(-407.655 0 0)
(-407.663 0 0)
(-407.674 0 0)
(-407.671 0 0)
(-407.607 0 0)
(-407.643 0 0)
(-408.192 0 0)
(-407.374 0 0)
(-404.736 0 0)
(-413.617 0 0)
(-403.759 0 0)
(-422.625 0 0)
(-477.844 0 0)
(-471.818 0 0)
(-525.637 0 0)
(-525.981 0 0)
(-519.269 0 0)
(-516.687 0 0)
(-513.574 0 0)
(-509.473 0 0)
(-505.565 0 0)
(-502.344 0 0)
(-499.83 0 0)
(-497.912 0 0)
(-496.486 0 0)
(-495.445 0 0)
(-494.698 0 0)
(-494.17 0 0)
(-493.8 0 0)
(-493.545 0 0)
(-493.369 0 0)
(-493.25 0 0)
(-493.169 0 0)
(-493.115 0 0)
(-493.078 0 0)
(-493.054 0 0)
(-493.038 0 0)
(-493.028 0 0)
(-493.021 0 0)
(-493.017 0 0)
(-493.014 0 0)
(-493.012 0 0)
(-493.011 0 0)
(-493.01 0 0)
(-493.01 0 0)
(-493.009 0 0)
(-493.009 0 0)
(-493.009 0 0)
(-493.009 0 0)
(-493.009 0 0)
(-493.009 0 0)
(-493.009 0 0)
(-493.009 0 0)
(-493.009 0 0)
(-493.009 0 0)
(-493.009 0 0)
(-493.009 0 0)
(-493.009 0 0)
(-493.009 0 0)
(-493.009 0 0)
(-493.009 0 0)
(-493.009 0 0)
(-493.009 0 0)
(-493.009 0 0)
(-493.009 0 0)
(-493.009 0 0)
(-493.009 0 0)
(-493.009 0 0)
(-493.009 0 0)
(-493.009 0 0)
(-493.009 0 0)
(-493.009 0 0)
(-493.009 0 0)
(-493.009 0 0)
(-493.009 0 0)
(-493.009 0 0)
(-493.009 0 0)
(-493.009 0 0)
(-493.009 0 0)
(-493.009 0 0)
(-493.009 0 0)
(-493.009 0 0)
(-493.009 0 0)
(-493.009 0 0)
(-493.009 0 0)
(-493.009 0 0)
(-493.009 0 0)
(-493.009 0 0)
(-493.009 0 0)
(-493.009 0 0)
(-493.009 0 0)
(-493.009 0 0)
(-493.009 0 0)
(-493.01 0 0)
(-493.01 0 0)
(-493.011 0 0)
(-493.012 0 0)
(-493.014 0 0)
(-493.015 0 0)
(-493.018 0 0)
(-493.02 0 0)
(-493.024 0 0)
(-493.032 0 0)
(-493.024 0 0)
(-492.951 0 0)
(-492.983 0 0)
(-493.559 0 0)
(-492.701 0 0)
(-489.959 0 0)
(-499.048 0 0)
(-489.195 0 0)
(-423.495 0 0)
(-480.032 0 0)
(-482.729 0 0)
(-546.604 0 0)
(-555.199 0 0)
(-555.872 0 0)
(-560.006 0 0)
(-562.446 0 0)
(-562.77 0 0)
(-562.335 0 0)
(-561.813 0 0)
(-561.361 0 0)
(-560.992 0 0)
(-560.717 0 0)
(-560.522 0 0)
(-560.389 0 0)
(-560.302 0 0)
(-560.245 0 0)
(-560.211 0 0)
(-560.189 0 0)
(-560.176 0 0)
(-560.169 0 0)
(-560.164 0 0)
(-560.162 0 0)
(-560.161 0 0)
(-560.16 0 0)
(-560.16 0 0)
(-560.159 0 0)
(-560.159 0 0)
(-560.159 0 0)
(-560.159 0 0)
(-560.159 0 0)
(-560.159 0 0)
(-560.159 0 0)
(-560.159 0 0)
(-560.159 0 0)
(-560.159 0 0)
(-560.159 0 0)
(-560.159 0 0)
(-560.16 0 0)
(-560.16 0 0)
(-560.16 0 0)
(-560.16 0 0)
(-560.16 0 0)
(-560.16 0 0)
(-560.16 0 0)
(-560.16 0 0)
(-560.16 0 0)
(-560.16 0 0)
(-560.16 0 0)
(-560.16 0 0)
(-560.16 0 0)
(-560.16 0 0)
(-560.16 0 0)
(-560.16 0 0)
(-560.16 0 0)
(-560.16 0 0)
(-560.16 0 0)
(-560.16 0 0)
(-560.16 0 0)
(-560.16 0 0)
(-560.16 0 0)
(-560.16 0 0)
(-560.16 0 0)
(-560.16 0 0)
(-560.16 0 0)
(-560.16 0 0)
(-560.159 0 0)
(-560.159 0 0)
(-560.159 0 0)
(-560.159 0 0)
(-560.159 0 0)
(-560.159 0 0)
(-560.159 0 0)
(-560.159 0 0)
(-560.159 0 0)
(-560.159 0 0)
(-560.159 0 0)
(-560.159 0 0)
(-560.159 0 0)
(-560.159 0 0)
(-560.159 0 0)
(-560.159 0 0)
(-560.159 0 0)
(-560.159 0 0)
(-560.16 0 0)
(-560.16 0 0)
(-560.16 0 0)
(-560.16 0 0)
(-560.16 0 0)
(-560.161 0 0)
(-560.166 0 0)
(-560.153 0 0)
(-560.071 0 0)
(-560.103 0 0)
(-560.703 0 0)
(-559.81 0 0)
(-557.008 0 0)
(-566.271 0 0)
(-556.401 0 0)
(-422.688 0 0)
(-477.662 0 0)
(-484.944 0 0)
(-555.532 0 0)
(-570.464 0 0)
(-577.379 0 0)
(-587.485 0 0)
(-595.119 0 0)
(-599.694 0 0)
(-602.663 0 0)
(-604.818 0 0)
(-606.428 0 0)
(-607.62 0 0)
(-608.506 0 0)
(-609.164 0 0)
(-609.65 0 0)
(-610.008 0 0)
(-610.268 0 0)
(-610.456 0 0)
(-610.59 0 0)
(-610.684 0 0)
(-610.75 0 0)
(-610.796 0 0)
(-610.828 0 0)
(-610.849 0 0)
(-610.864 0 0)
(-610.873 0 0)
(-610.88 0 0)
(-610.884 0 0)
(-610.887 0 0)
(-610.889 0 0)
(-610.89 0 0)
(-610.891 0 0)
(-610.891 0 0)
(-610.892 0 0)
(-610.892 0 0)
(-610.892 0 0)
(-610.892 0 0)
(-610.892 0 0)
(-610.892 0 0)
(-610.892 0 0)
(-610.892 0 0)
(-610.892 0 0)
(-610.892 0 0)
(-610.892 0 0)
(-610.892 0 0)
(-610.892 0 0)
(-610.892 0 0)
(-610.892 0 0)
(-610.892 0 0)
(-610.892 0 0)
(-610.892 0 0)
(-610.892 0 0)
(-610.892 0 0)
(-610.892 0 0)
(-610.892 0 0)
(-610.892 0 0)
(-610.892 0 0)
(-610.892 0 0)
(-610.892 0 0)
(-610.892 0 0)
(-610.892 0 0)
(-610.892 0 0)
(-610.892 0 0)
(-610.892 0 0)
(-610.892 0 0)
(-610.892 0 0)
(-610.892 0 0)
(-610.892 0 0)
(-610.892 0 0)
(-610.892 0 0)
(-610.892 0 0)
(-610.892 0 0)
(-610.892 0 0)
(-610.892 0 0)
(-610.892 0 0)
(-610.892 0 0)
(-610.892 0 0)
(-610.892 0 0)
(-610.892 0 0)
(-610.892 0 0)
(-610.891 0 0)
(-610.891 0 0)
(-610.891 0 0)
(-610.89 0 0)
(-610.889 0 0)
(-610.888 0 0)
(-610.887 0 0)
(-610.885 0 0)
(-610.882 0 0)
(-610.881 0 0)
(-610.882 0 0)
(-610.865 0 0)
(-610.777 0 0)
(-610.811 0 0)
(-611.431 0 0)
(-610.51 0 0)
(-607.682 0 0)
(-617.084 0 0)
(-607.173 0 0)
(-421.033 0 0)
(-472.784 0 0)
(-481.58 0 0)
(-556.096 0 0)
(-575.53 0 0)
(-587.439 0 0)
(-602.662 0 0)
(-614.956 0 0)
(-623.47 0 0)
(-629.663 0 0)
(-634.387 0 0)
(-637.99 0 0)
(-640.699 0 0)
(-642.718 0 0)
(-644.211 0 0)
(-645.304 0 0)
(-646.097 0 0)
(-646.666 0 0)
(-647.072 0 0)
(-647.357 0 0)
(-647.557 0 0)
(-647.695 0 0)
(-647.789 0 0)
(-647.854 0 0)
(-647.898 0 0)
(-647.927 0 0)
(-647.947 0 0)
(-647.96 0 0)
(-647.968 0 0)
(-647.974 0 0)
(-647.978 0 0)
(-647.98 0 0)
(-647.982 0 0)
(-647.983 0 0)
(-647.983 0 0)
(-647.984 0 0)
(-647.984 0 0)
(-647.984 0 0)
(-647.984 0 0)
(-647.984 0 0)
(-647.984 0 0)
(-647.984 0 0)
(-647.984 0 0)
(-647.984 0 0)
(-647.984 0 0)
(-647.984 0 0)
(-647.984 0 0)
(-647.984 0 0)
(-647.984 0 0)
(-647.984 0 0)
(-647.984 0 0)
(-647.984 0 0)
(-647.984 0 0)
(-647.984 0 0)
(-647.984 0 0)
(-647.984 0 0)
(-647.984 0 0)
(-647.984 0 0)
(-647.984 0 0)
(-647.984 0 0)
(-647.984 0 0)
(-647.984 0 0)
(-647.984 0 0)
(-647.984 0 0)
(-647.984 0 0)
(-647.984 0 0)
(-647.984 0 0)
(-647.984 0 0)
(-647.984 0 0)
(-647.984 0 0)
(-647.984 0 0)
(-647.984 0 0)
(-647.984 0 0)
(-647.984 0 0)
(-647.984 0 0)
(-647.984 0 0)
(-647.984 0 0)
(-647.984 0 0)
(-647.984 0 0)
(-647.983 0 0)
(-647.983 0 0)
(-647.983 0 0)
(-647.982 0 0)
(-647.981 0 0)
(-647.98 0 0)
(-647.978 0 0)
(-647.976 0 0)
(-647.973 0 0)
(-647.969 0 0)
(-647.964 0 0)
(-647.96 0 0)
(-647.959 0 0)
(-647.938 0 0)
(-647.846 0 0)
(-647.883 0 0)
(-648.522 0 0)
(-647.579 0 0)
(-644.746 0 0)
(-654.256 0 0)
(-644.286 0 0)
(-419.08 0 0)
(-466.902 0 0)
(-475.22 0 0)
(-551.53 0 0)
(-573.878 0 0)
(-589.579 0 0)
(-609.027 0 0)
(-625.363 0 0)
(-637.41 0 0)
(-646.557 0 0)
(-653.666 0 0)
(-659.138 0 0)
(-663.276 0 0)
(-666.367 0 0)
(-668.65 0 0)
(-670.318 0 0)
(-671.524 0 0)
(-672.387 0 0)
(-672.999 0 0)
(-673.428 0 0)
(-673.727 0 0)
(-673.933 0 0)
(-674.074 0 0)
(-674.17 0 0)
(-674.235 0 0)
(-674.278 0 0)
(-674.307 0 0)
(-674.326 0 0)
(-674.339 0 0)
(-674.347 0 0)
(-674.353 0 0)
(-674.356 0 0)
(-674.358 0 0)
(-674.36 0 0)
(-674.361 0 0)
(-674.361 0 0)
(-674.362 0 0)
(-674.362 0 0)
(-674.362 0 0)
(-674.362 0 0)
(-674.362 0 0)
(-674.362 0 0)
(-674.362 0 0)
(-674.362 0 0)
(-674.362 0 0)
(-674.362 0 0)
(-674.362 0 0)
(-674.362 0 0)
(-674.362 0 0)
(-674.362 0 0)
(-674.362 0 0)
(-674.362 0 0)
(-674.362 0 0)
(-674.362 0 0)
(-674.362 0 0)
(-674.362 0 0)
(-674.362 0 0)
(-674.362 0 0)
(-674.362 0 0)
(-674.362 0 0)
(-674.362 0 0)
(-674.362 0 0)
(-674.362 0 0)
(-674.362 0 0)
(-674.362 0 0)
(-674.362 0 0)
(-674.362 0 0)
(-674.362 0 0)
(-674.362 0 0)
(-674.362 0 0)
(-674.362 0 0)
(-674.362 0 0)
(-674.362 0 0)
(-674.362 0 0)
(-674.362 0 0)
(-674.362 0 0)
(-674.362 0 0)
(-674.362 0 0)
(-674.361 0 0)
(-674.361 0 0)
(-674.361 0 0)
(-674.36 0 0)
(-674.359 0 0)
(-674.358 0 0)
(-674.356 0 0)
(-674.353 0 0)
(-674.35 0 0)
(-674.345 0 0)
(-674.339 0 0)
(-674.332 0 0)
(-674.326 0 0)
(-674.323 0 0)
(-674.299 0 0)
(-674.204 0 0)
(-674.246 0 0)
(-674.901 0 0)
(-673.944 0 0)
(-671.118 0 0)
(-680.709 0 0)
(-670.671 0 0)
(-417.164 0 0)
(-461.011 0 0)
(-467.728 0 0)
(-544.374 0 0)
(-568.39 0 0)
(-586.826 0 0)
(-609.639 0 0)
(-629.37 0 0)
(-644.483 0 0)
(-656.246 0 0)
(-665.498 0 0)
(-672.662 0 0)
(-678.102 0 0)
(-682.171 0 0)
(-685.178 0 0)
(-687.372 0 0)
(-688.957 0 0)
(-690.089 0 0)
(-690.89 0 0)
(-691.452 0 0)
(-691.841 0 0)
(-692.11 0 0)
(-692.294 0 0)
(-692.418 0 0)
(-692.502 0 0)
(-692.559 0 0)
(-692.596 0 0)
(-692.621 0 0)
(-692.637 0 0)
(-692.648 0 0)
(-692.655 0 0)
(-692.659 0 0)
(-692.662 0 0)
(-692.664 0 0)
(-692.665 0 0)
(-692.666 0 0)
(-692.666 0 0)
(-692.667 0 0)
(-692.667 0 0)
(-692.667 0 0)
(-692.667 0 0)
(-692.667 0 0)
(-692.667 0 0)
(-692.667 0 0)
(-692.667 0 0)
(-692.667 0 0)
(-692.667 0 0)
(-692.667 0 0)
(-692.667 0 0)
(-692.667 0 0)
(-692.667 0 0)
(-692.667 0 0)
(-692.667 0 0)
(-692.667 0 0)
(-692.667 0 0)
(-692.667 0 0)
(-692.667 0 0)
(-692.667 0 0)
(-692.667 0 0)
(-692.667 0 0)
(-692.667 0 0)
(-692.667 0 0)
(-692.667 0 0)
(-692.667 0 0)
(-692.667 0 0)
(-692.667 0 0)
(-692.667 0 0)
(-692.667 0 0)
(-692.667 0 0)
(-692.667 0 0)
(-692.667 0 0)
(-692.667 0 0)
(-692.667 0 0)
(-692.667 0 0)
(-692.667 0 0)
(-692.667 0 0)
(-692.667 0 0)
(-692.667 0 0)
(-692.666 0 0)
(-692.666 0 0)
(-692.665 0 0)
(-692.664 0 0)
(-692.663 0 0)
(-692.661 0 0)
(-692.659 0 0)
(-692.655 0 0)
(-692.651 0 0)
(-692.645 0 0)
(-692.638 0 0)
(-692.629 0 0)
(-692.62 0 0)
(-692.615 0 0)
(-692.59 0 0)
(-692.492 0 0)
(-692.54 0 0)
(-693.21 0 0)
(-692.243 0 0)
(-689.429 0 0)
(-699.079 0 0)
(-688.972 0 0)
(-415.468 0 0)
(-455.708 0 0)
(-460.364 0 0)
(-536.475 0 0)
(-561.269 0 0)
(-581.576 0 0)
(-606.973 0 0)
(-629.454 0 0)
(-647.134 0 0)
(-661.13 0 0)
(-672.232 0 0)
(-680.869 0 0)
(-687.448 0 0)
(-692.377 0 0)
(-696.019 0 0)
(-698.678 0 0)
(-700.596 0 0)
(-701.965 0 0)
(-702.933 0 0)
(-703.611 0 0)
(-704.081 0 0)
(-704.404 0 0)
(-704.625 0 0)
(-704.775 0 0)
(-704.876 0 0)
(-704.944 0 0)
(-704.989 0 0)
(-705.018 0 0)
(-705.038 0 0)
(-705.051 0 0)
(-705.059 0 0)
(-705.064 0 0)
(-705.068 0 0)
(-705.07 0 0)
(-705.072 0 0)
(-705.073 0 0)
(-705.073 0 0)
(-705.073 0 0)
(-705.074 0 0)
(-705.074 0 0)
(-705.074 0 0)
(-705.074 0 0)
(-705.074 0 0)
(-705.074 0 0)
(-705.074 0 0)
(-705.074 0 0)
(-705.074 0 0)
(-705.074 0 0)
(-705.074 0 0)
(-705.074 0 0)
(-705.074 0 0)
(-705.074 0 0)
(-705.074 0 0)
(-705.074 0 0)
(-705.074 0 0)
(-705.074 0 0)
(-705.074 0 0)
(-705.074 0 0)
(-705.074 0 0)
(-705.074 0 0)
(-705.074 0 0)
(-705.074 0 0)
(-705.074 0 0)
(-705.074 0 0)
(-705.074 0 0)
(-705.074 0 0)
(-705.074 0 0)
(-705.074 0 0)
(-705.074 0 0)
(-705.074 0 0)
(-705.074 0 0)
(-705.074 0 0)
(-705.074 0 0)
(-705.074 0 0)
(-705.074 0 0)
(-705.074 0 0)
(-705.074 0 0)
(-705.073 0 0)
(-705.073 0 0)
(-705.072 0 0)
(-705.072 0 0)
(-705.07 0 0)
(-705.069 0 0)
(-705.067 0 0)
(-705.064 0 0)
(-705.06 0 0)
(-705.054 0 0)
(-705.047 0 0)
(-705.039 0 0)
(-705.028 0 0)
(-705.018 0 0)
(-705.012 0 0)
(-704.985 0 0)
(-704.886 0 0)
(-704.94 0 0)
(-705.622 0 0)
(-704.648 0 0)
(-701.848 0 0)
(-711.539 0 0)
(-701.37 0 0)
(-414.075 0 0)
(-451.308 0 0)
(-453.914 0 0)
(-529.09 0 0)
(-554.093 0 0)
(-575.611 0 0)
(-602.912 0 0)
(-627.53 0 0)
(-647.26 0 0)
(-663.073 0 0)
(-675.695 0 0)
(-685.553 0 0)
(-693.079 0 0)
(-698.724 0 0)
(-702.898 0 0)
(-705.944 0 0)
(-708.141 0 0)
(-709.709 0 0)
(-710.816 0 0)
(-711.59 0 0)
(-712.128 0 0)
(-712.497 0 0)
(-712.75 0 0)
(-712.921 0 0)
(-713.036 0 0)
(-713.113 0 0)
(-713.164 0 0)
(-713.198 0 0)
(-713.22 0 0)
(-713.235 0 0)
(-713.244 0 0)
(-713.25 0 0)
(-713.254 0 0)
(-713.257 0 0)
(-713.258 0 0)
(-713.259 0 0)
(-713.26 0 0)
(-713.26 0 0)
(-713.261 0 0)
(-713.261 0 0)
(-713.261 0 0)
(-713.261 0 0)
(-713.261 0 0)
(-713.261 0 0)
(-713.261 0 0)
(-713.261 0 0)
(-713.261 0 0)
(-713.261 0 0)
(-713.261 0 0)
(-713.261 0 0)
(-713.261 0 0)
(-713.261 0 0)
(-713.261 0 0)
(-713.261 0 0)
(-713.261 0 0)
(-713.261 0 0)
(-713.261 0 0)
(-713.261 0 0)
(-713.261 0 0)
(-713.261 0 0)
(-713.261 0 0)
(-713.261 0 0)
(-713.261 0 0)
(-713.261 0 0)
(-713.261 0 0)
(-713.261 0 0)
(-713.261 0 0)
(-713.261 0 0)
(-713.261 0 0)
(-713.261 0 0)
(-713.261 0 0)
(-713.261 0 0)
(-713.261 0 0)
(-713.261 0 0)
(-713.261 0 0)
(-713.261 0 0)
(-713.26 0 0)
(-713.26 0 0)
(-713.26 0 0)
(-713.259 0 0)
(-713.258 0 0)
(-713.257 0 0)
(-713.255 0 0)
(-713.253 0 0)
(-713.249 0 0)
(-713.245 0 0)
(-713.239 0 0)
(-713.231 0 0)
(-713.221 0 0)
(-713.209 0 0)
(-713.198 0 0)
(-713.19 0 0)
(-713.162 0 0)
(-713.063 0 0)
(-713.123 0 0)
(-713.815 0 0)
(-712.837 0 0)
(-710.049 0 0)
(-719.768 0 0)
(-709.545 0 0)
(-413.018 0 0)
(-447.951 0 0)
(-448.831 0 0)
(-523.024 0 0)
(-547.939 0 0)
(-570.189 0 0)
(-598.815 0 0)
(-624.991 0 0)
(-646.256 0 0)
(-663.446 0 0)
(-677.234 0 0)
(-688.031 0 0)
(-696.288 0 0)
(-702.488 0 0)
(-707.073 0 0)
(-710.42 0 0)
(-712.834 0 0)
(-714.556 0 0)
(-715.771 0 0)
(-716.621 0 0)
(-717.21 0 0)
(-717.616 0 0)
(-717.892 0 0)
(-718.08 0 0)
(-718.206 0 0)
(-718.29 0 0)
(-718.346 0 0)
(-718.383 0 0)
(-718.408 0 0)
(-718.423 0 0)
(-718.434 0 0)
(-718.441 0 0)
(-718.445 0 0)
(-718.448 0 0)
(-718.449 0 0)
(-718.451 0 0)
(-718.451 0 0)
(-718.452 0 0)
(-718.452 0 0)
(-718.452 0 0)
(-718.452 0 0)
(-718.452 0 0)
(-718.452 0 0)
(-718.452 0 0)
(-718.452 0 0)
(-718.452 0 0)
(-718.452 0 0)
(-718.452 0 0)
(-718.452 0 0)
(-718.452 0 0)
(-718.452 0 0)
(-718.452 0 0)
(-718.452 0 0)
(-718.452 0 0)
(-718.452 0 0)
(-718.452 0 0)
(-718.452 0 0)
(-718.452 0 0)
(-718.452 0 0)
(-718.452 0 0)
(-718.452 0 0)
(-718.452 0 0)
(-718.452 0 0)
(-718.452 0 0)
(-718.452 0 0)
(-718.452 0 0)
(-718.452 0 0)
(-718.452 0 0)
(-718.452 0 0)
(-718.452 0 0)
(-718.452 0 0)
(-718.452 0 0)
(-718.452 0 0)
(-718.452 0 0)
(-718.452 0 0)
(-718.452 0 0)
(-718.452 0 0)
(-718.452 0 0)
(-718.451 0 0)
(-718.45 0 0)
(-718.449 0 0)
(-718.448 0 0)
(-718.446 0 0)
(-718.443 0 0)
(-718.44 0 0)
(-718.435 0 0)
(-718.428 0 0)
(-718.419 0 0)
(-718.408 0 0)
(-718.395 0 0)
(-718.383 0 0)
(-718.375 0 0)
(-718.346 0 0)
(-718.248 0 0)
(-718.312 0 0)
(-719.011 0 0)
(-718.031 0 0)
(-715.253 0 0)
(-724.989 0 0)
(-714.726 0 0)
(-412.301 0 0)
(-445.688 0 0)
(-445.354 0 0)
(-518.762 0 0)
(-543.494 0 0)
(-566.145 0 0)
(-595.605 0 0)
(-622.8 0 0)
(-645.085 0 0)
(-663.202 0 0)
(-677.777 0 0)
(-689.212 0 0)
(-697.968 0 0)
(-704.546 0 0)
(-709.413 0 0)
(-712.966 0 0)
(-715.527 0 0)
(-717.354 0 0)
(-718.644 0 0)
(-719.545 0 0)
(-720.17 0 0)
(-720.6 0 0)
(-720.893 0 0)
(-721.092 0 0)
(-721.225 0 0)
(-721.315 0 0)
(-721.374 0 0)
(-721.413 0 0)
(-721.439 0 0)
(-721.456 0 0)
(-721.467 0 0)
(-721.474 0 0)
(-721.478 0 0)
(-721.481 0 0)
(-721.483 0 0)
(-721.484 0 0)
(-721.485 0 0)
(-721.486 0 0)
(-721.486 0 0)
(-721.486 0 0)
(-721.486 0 0)
(-721.486 0 0)
(-721.486 0 0)
(-721.486 0 0)
(-721.486 0 0)
(-721.486 0 0)
(-721.486 0 0)
(-721.486 0 0)
(-721.486 0 0)
(-721.486 0 0)
(-721.486 0 0)
(-721.486 0 0)
(-721.486 0 0)
(-721.486 0 0)
(-721.486 0 0)
(-721.486 0 0)
(-721.486 0 0)
(-721.486 0 0)
(-721.486 0 0)
(-721.486 0 0)
(-721.486 0 0)
(-721.486 0 0)
(-721.486 0 0)
(-721.486 0 0)
(-721.486 0 0)
(-721.486 0 0)
(-721.486 0 0)
(-721.486 0 0)
(-721.486 0 0)
(-721.486 0 0)
(-721.486 0 0)
(-721.486 0 0)
(-721.486 0 0)
(-721.486 0 0)
(-721.486 0 0)
(-721.486 0 0)
(-721.486 0 0)
(-721.485 0 0)
(-721.485 0 0)
(-721.484 0 0)
(-721.483 0 0)
(-721.482 0 0)
(-721.48 0 0)
(-721.477 0 0)
(-721.473 0 0)
(-721.468 0 0)
(-721.46 0 0)
(-721.451 0 0)
(-721.44 0 0)
(-721.426 0 0)
(-721.413 0 0)
(-721.405 0 0)
(-721.376 0 0)
(-721.277 0 0)
(-721.345 0 0)
(-722.049 0 0)
(-721.067 0 0)
(-718.296 0 0)
(-728.043 0 0)
(-717.752 0 0)
(-411.936 0 0)
(-444.548 0 0)
(-443.599 0 0)
(-516.574 0 0)
(-541.176 0 0)
(-564.002 0 0)
(-593.864 0 0)
(-621.561 0 0)
(-644.356 0 0)
(-662.937 0 0)
(-677.91 0 0)
(-689.668 0 0)
(-698.676 0 0)
(-705.446 0 0)
(-710.455 0 0)
(-714.112 0 0)
(-716.749 0 0)
(-718.629 0 0)
(-719.956 0 0)
(-720.884 0 0)
(-721.527 0 0)
(-721.969 0 0)
(-722.27 0 0)
(-722.474 0 0)
(-722.612 0 0)
(-722.704 0 0)
(-722.765 0 0)
(-722.805 0 0)
(-722.832 0 0)
(-722.849 0 0)
(-722.86 0 0)
(-722.867 0 0)
(-722.872 0 0)
(-722.875 0 0)
(-722.877 0 0)
(-722.878 0 0)
(-722.879 0 0)
(-722.88 0 0)
(-722.88 0 0)
(-722.88 0 0)
(-722.88 0 0)
(-722.88 0 0)
(-722.88 0 0)
(-722.88 0 0)
(-722.88 0 0)
(-722.88 0 0)
(-722.88 0 0)
(-722.88 0 0)
(-722.88 0 0)
(-722.88 0 0)
(-722.88 0 0)
(-722.88 0 0)
(-722.88 0 0)
(-722.88 0 0)
(-722.88 0 0)
(-722.88 0 0)
(-722.88 0 0)
(-722.88 0 0)
(-722.88 0 0)
(-722.88 0 0)
(-722.88 0 0)
(-722.88 0 0)
(-722.88 0 0)
(-722.88 0 0)
(-722.88 0 0)
(-722.88 0 0)
(-722.88 0 0)
(-722.88 0 0)
(-722.88 0 0)
(-722.88 0 0)
(-722.88 0 0)
(-722.88 0 0)
(-722.88 0 0)
(-722.88 0 0)
(-722.88 0 0)
(-722.88 0 0)
(-722.88 0 0)
(-722.879 0 0)
(-722.879 0 0)
(-722.878 0 0)
(-722.877 0 0)
(-722.876 0 0)
(-722.874 0 0)
(-722.871 0 0)
(-722.867 0 0)
(-722.861 0 0)
(-722.854 0 0)
(-722.844 0 0)
(-722.833 0 0)
(-722.819 0 0)
(-722.805 0 0)
(-722.796 0 0)
(-722.767 0 0)
(-722.669 0 0)
(-722.738 0 0)
(-723.445 0 0)
(-722.463 0 0)
(-719.695 0 0)
(-729.446 0 0)
(-719.142 0 0)
(-411.936 0 0)
(-444.548 0 0)
(-443.599 0 0)
(-516.574 0 0)
(-541.176 0 0)
(-564.003 0 0)
(-593.865 0 0)
(-621.561 0 0)
(-644.355 0 0)
(-662.937 0 0)
(-677.91 0 0)
(-689.668 0 0)
(-698.676 0 0)
(-705.446 0 0)
(-710.455 0 0)
(-714.112 0 0)
(-716.749 0 0)
(-718.629 0 0)
(-719.956 0 0)
(-720.884 0 0)
(-721.527 0 0)
(-721.969 0 0)
(-722.27 0 0)
(-722.474 0 0)
(-722.612 0 0)
(-722.704 0 0)
(-722.765 0 0)
(-722.805 0 0)
(-722.832 0 0)
(-722.849 0 0)
(-722.86 0 0)
(-722.867 0 0)
(-722.872 0 0)
(-722.875 0 0)
(-722.877 0 0)
(-722.878 0 0)
(-722.879 0 0)
(-722.88 0 0)
(-722.88 0 0)
(-722.88 0 0)
(-722.88 0 0)
(-722.88 0 0)
(-722.88 0 0)
(-722.88 0 0)
(-722.88 0 0)
(-722.88 0 0)
(-722.88 0 0)
(-722.88 0 0)
(-722.88 0 0)
(-722.88 0 0)
(-722.88 0 0)
(-722.88 0 0)
(-722.88 0 0)
(-722.88 0 0)
(-722.88 0 0)
(-722.88 0 0)
(-722.88 0 0)
(-722.88 0 0)
(-722.88 0 0)
(-722.88 0 0)
(-722.88 0 0)
(-722.88 0 0)
(-722.88 0 0)
(-722.88 0 0)
(-722.88 0 0)
(-722.88 0 0)
(-722.88 0 0)
(-722.88 0 0)
(-722.88 0 0)
(-722.88 0 0)
(-722.88 0 0)
(-722.88 0 0)
(-722.88 0 0)
(-722.88 0 0)
(-722.88 0 0)
(-722.88 0 0)
(-722.88 0 0)
(-722.879 0 0)
(-722.879 0 0)
(-722.878 0 0)
(-722.877 0 0)
(-722.876 0 0)
(-722.874 0 0)
(-722.871 0 0)
(-722.867 0 0)
(-722.861 0 0)
(-722.854 0 0)
(-722.844 0 0)
(-722.833 0 0)
(-722.819 0 0)
(-722.806 0 0)
(-722.797 0 0)
(-722.767 0 0)
(-722.669 0 0)
(-722.739 0 0)
(-723.445 0 0)
(-722.463 0 0)
(-719.695 0 0)
(-729.446 0 0)
(-719.142 0 0)
(-412.301 0 0)
(-445.688 0 0)
(-445.354 0 0)
(-518.762 0 0)
(-543.495 0 0)
(-566.146 0 0)
(-595.606 0 0)
(-622.8 0 0)
(-645.085 0 0)
(-663.202 0 0)
(-677.777 0 0)
(-689.212 0 0)
(-697.968 0 0)
(-704.546 0 0)
(-709.413 0 0)
(-712.966 0 0)
(-715.528 0 0)
(-717.354 0 0)
(-718.644 0 0)
(-719.545 0 0)
(-720.17 0 0)
(-720.6 0 0)
(-720.893 0 0)
(-721.092 0 0)
(-721.225 0 0)
(-721.315 0 0)
(-721.374 0 0)
(-721.413 0 0)
(-721.439 0 0)
(-721.456 0 0)
(-721.467 0 0)
(-721.474 0 0)
(-721.478 0 0)
(-721.481 0 0)
(-721.483 0 0)
(-721.484 0 0)
(-721.485 0 0)
(-721.486 0 0)
(-721.486 0 0)
(-721.486 0 0)
(-721.486 0 0)
(-721.486 0 0)
(-721.486 0 0)
(-721.486 0 0)
(-721.486 0 0)
(-721.486 0 0)
(-721.486 0 0)
(-721.486 0 0)
(-721.486 0 0)
(-721.486 0 0)
(-721.486 0 0)
(-721.486 0 0)
(-721.486 0 0)
(-721.486 0 0)
(-721.486 0 0)
(-721.486 0 0)
(-721.486 0 0)
(-721.486 0 0)
(-721.486 0 0)
(-721.486 0 0)
(-721.486 0 0)
(-721.486 0 0)
(-721.486 0 0)
(-721.486 0 0)
(-721.486 0 0)
(-721.486 0 0)
(-721.486 0 0)
(-721.486 0 0)
(-721.486 0 0)
(-721.486 0 0)
(-721.486 0 0)
(-721.486 0 0)
(-721.486 0 0)
(-721.486 0 0)
(-721.486 0 0)
(-721.486 0 0)
(-721.486 0 0)
(-721.486 0 0)
(-721.485 0 0)
(-721.484 0 0)
(-721.483 0 0)
(-721.482 0 0)
(-721.48 0 0)
(-721.477 0 0)
(-721.473 0 0)
(-721.468 0 0)
(-721.461 0 0)
(-721.452 0 0)
(-721.44 0 0)
(-721.426 0 0)
(-721.414 0 0)
(-721.405 0 0)
(-721.376 0 0)
(-721.277 0 0)
(-721.345 0 0)
(-722.049 0 0)
(-721.068 0 0)
(-718.296 0 0)
(-728.043 0 0)
(-717.752 0 0)
(-413.018 0 0)
(-447.951 0 0)
(-448.831 0 0)
(-523.024 0 0)
(-547.94 0 0)
(-570.191 0 0)
(-598.816 0 0)
(-624.992 0 0)
(-646.256 0 0)
(-663.446 0 0)
(-677.234 0 0)
(-688.031 0 0)
(-696.288 0 0)
(-702.488 0 0)
(-707.074 0 0)
(-710.421 0 0)
(-712.834 0 0)
(-714.556 0 0)
(-715.771 0 0)
(-716.621 0 0)
(-717.211 0 0)
(-717.616 0 0)
(-717.892 0 0)
(-718.08 0 0)
(-718.206 0 0)
(-718.29 0 0)
(-718.346 0 0)
(-718.383 0 0)
(-718.408 0 0)
(-718.424 0 0)
(-718.434 0 0)
(-718.441 0 0)
(-718.445 0 0)
(-718.448 0 0)
(-718.449 0 0)
(-718.451 0 0)
(-718.451 0 0)
(-718.452 0 0)
(-718.452 0 0)
(-718.452 0 0)
(-718.452 0 0)
(-718.452 0 0)
(-718.452 0 0)
(-718.452 0 0)
(-718.452 0 0)
(-718.453 0 0)
(-718.453 0 0)
(-718.453 0 0)
(-718.453 0 0)
(-718.453 0 0)
(-718.453 0 0)
(-718.453 0 0)
(-718.453 0 0)
(-718.453 0 0)
(-718.453 0 0)
(-718.453 0 0)
(-718.453 0 0)
(-718.453 0 0)
(-718.453 0 0)
(-718.453 0 0)
(-718.453 0 0)
(-718.453 0 0)
(-718.453 0 0)
(-718.453 0 0)
(-718.453 0 0)
(-718.453 0 0)
(-718.453 0 0)
(-718.453 0 0)
(-718.453 0 0)
(-718.453 0 0)
(-718.453 0 0)
(-718.452 0 0)
(-718.452 0 0)
(-718.452 0 0)
(-718.452 0 0)
(-718.452 0 0)
(-718.452 0 0)
(-718.452 0 0)
(-718.451 0 0)
(-718.451 0 0)
(-718.45 0 0)
(-718.448 0 0)
(-718.446 0 0)
(-718.444 0 0)
(-718.44 0 0)
(-718.435 0 0)
(-718.428 0 0)
(-718.42 0 0)
(-718.409 0 0)
(-718.396 0 0)
(-718.384 0 0)
(-718.375 0 0)
(-718.347 0 0)
(-718.248 0 0)
(-718.313 0 0)
(-719.011 0 0)
(-718.031 0 0)
(-715.253 0 0)
(-724.99 0 0)
(-714.727 0 0)
(-414.075 0 0)
(-451.308 0 0)
(-453.914 0 0)
(-529.09 0 0)
(-554.095 0 0)
(-575.615 0 0)
(-602.914 0 0)
(-627.53 0 0)
(-647.26 0 0)
(-663.072 0 0)
(-675.696 0 0)
(-685.553 0 0)
(-693.079 0 0)
(-698.724 0 0)
(-702.898 0 0)
(-705.944 0 0)
(-708.141 0 0)
(-709.709 0 0)
(-710.816 0 0)
(-711.59 0 0)
(-712.128 0 0)
(-712.497 0 0)
(-712.75 0 0)
(-712.921 0 0)
(-713.036 0 0)
(-713.113 0 0)
(-713.164 0 0)
(-713.198 0 0)
(-713.22 0 0)
(-713.235 0 0)
(-713.244 0 0)
(-713.25 0 0)
(-713.254 0 0)
(-713.257 0 0)
(-713.258 0 0)
(-713.259 0 0)
(-713.26 0 0)
(-713.26 0 0)
(-713.261 0 0)
(-713.261 0 0)
(-713.261 0 0)
(-713.261 0 0)
(-713.261 0 0)
(-713.261 0 0)
(-713.261 0 0)
(-713.261 0 0)
(-713.261 0 0)
(-713.261 0 0)
(-713.261 0 0)
(-713.261 0 0)
(-713.261 0 0)
(-713.261 0 0)
(-713.261 0 0)
(-713.261 0 0)
(-713.261 0 0)
(-713.261 0 0)
(-713.261 0 0)
(-713.261 0 0)
(-713.261 0 0)
(-713.261 0 0)
(-713.261 0 0)
(-713.261 0 0)
(-713.261 0 0)
(-713.261 0 0)
(-713.261 0 0)
(-713.261 0 0)
(-713.261 0 0)
(-713.261 0 0)
(-713.261 0 0)
(-713.261 0 0)
(-713.261 0 0)
(-713.261 0 0)
(-713.261 0 0)
(-713.261 0 0)
(-713.261 0 0)
(-713.261 0 0)
(-713.261 0 0)
(-713.26 0 0)
(-713.26 0 0)
(-713.259 0 0)
(-713.259 0 0)
(-713.257 0 0)
(-713.256 0 0)
(-713.253 0 0)
(-713.25 0 0)
(-713.245 0 0)
(-713.239 0 0)
(-713.231 0 0)
(-713.221 0 0)
(-713.209 0 0)
(-713.198 0 0)
(-713.191 0 0)
(-713.163 0 0)
(-713.064 0 0)
(-713.124 0 0)
(-713.815 0 0)
(-712.837 0 0)
(-710.049 0 0)
(-719.768 0 0)
(-709.546 0 0)
(-415.467 0 0)
(-455.708 0 0)
(-460.364 0 0)
(-536.475 0 0)
(-561.271 0 0)
(-581.581 0 0)
(-606.976 0 0)
(-629.455 0 0)
(-647.133 0 0)
(-661.13 0 0)
(-672.232 0 0)
(-680.87 0 0)
(-687.449 0 0)
(-692.378 0 0)
(-696.02 0 0)
(-698.678 0 0)
(-700.596 0 0)
(-701.966 0 0)
(-702.933 0 0)
(-703.611 0 0)
(-704.081 0 0)
(-704.404 0 0)
(-704.626 0 0)
(-704.775 0 0)
(-704.876 0 0)
(-704.944 0 0)
(-704.989 0 0)
(-705.019 0 0)
(-705.038 0 0)
(-705.051 0 0)
(-705.059 0 0)
(-705.065 0 0)
(-705.068 0 0)
(-705.07 0 0)
(-705.072 0 0)
(-705.073 0 0)
(-705.073 0 0)
(-705.074 0 0)
(-705.074 0 0)
(-705.074 0 0)
(-705.074 0 0)
(-705.074 0 0)
(-705.074 0 0)
(-705.074 0 0)
(-705.074 0 0)
(-705.074 0 0)
(-705.074 0 0)
(-705.074 0 0)
(-705.074 0 0)
(-705.074 0 0)
(-705.074 0 0)
(-705.074 0 0)
(-705.074 0 0)
(-705.074 0 0)
(-705.074 0 0)
(-705.074 0 0)
(-705.074 0 0)
(-705.074 0 0)
(-705.074 0 0)
(-705.074 0 0)
(-705.074 0 0)
(-705.074 0 0)
(-705.074 0 0)
(-705.074 0 0)
(-705.074 0 0)
(-705.074 0 0)
(-705.074 0 0)
(-705.074 0 0)
(-705.074 0 0)
(-705.074 0 0)
(-705.074 0 0)
(-705.074 0 0)
(-705.074 0 0)
(-705.074 0 0)
(-705.074 0 0)
(-705.074 0 0)
(-705.074 0 0)
(-705.074 0 0)
(-705.073 0 0)
(-705.073 0 0)
(-705.072 0 0)
(-705.071 0 0)
(-705.069 0 0)
(-705.067 0 0)
(-705.064 0 0)
(-705.06 0 0)
(-705.055 0 0)
(-705.048 0 0)
(-705.039 0 0)
(-705.029 0 0)
(-705.019 0 0)
(-705.012 0 0)
(-704.985 0 0)
(-704.887 0 0)
(-704.941 0 0)
(-705.623 0 0)
(-704.649 0 0)
(-701.849 0 0)
(-711.54 0 0)
(-701.371 0 0)
(-417.164 0 0)
(-461.011 0 0)
(-467.727 0 0)
(-544.374 0 0)
(-568.393 0 0)
(-586.832 0 0)
(-609.643 0 0)
(-629.371 0 0)
(-644.482 0 0)
(-656.246 0 0)
(-665.499 0 0)
(-672.662 0 0)
(-678.103 0 0)
(-682.172 0 0)
(-685.178 0 0)
(-687.373 0 0)
(-688.957 0 0)
(-690.089 0 0)
(-690.89 0 0)
(-691.452 0 0)
(-691.841 0 0)
(-692.11 0 0)
(-692.294 0 0)
(-692.419 0 0)
(-692.503 0 0)
(-692.559 0 0)
(-692.596 0 0)
(-692.621 0 0)
(-692.637 0 0)
(-692.648 0 0)
(-692.655 0 0)
(-692.659 0 0)
(-692.662 0 0)
(-692.664 0 0)
(-692.665 0 0)
(-692.666 0 0)
(-692.667 0 0)
(-692.667 0 0)
(-692.667 0 0)
(-692.667 0 0)
(-692.667 0 0)
(-692.667 0 0)
(-692.667 0 0)
(-692.667 0 0)
(-692.667 0 0)
(-692.667 0 0)
(-692.667 0 0)
(-692.667 0 0)
(-692.667 0 0)
(-692.667 0 0)
(-692.667 0 0)
(-692.667 0 0)
(-692.667 0 0)
(-692.667 0 0)
(-692.667 0 0)
(-692.667 0 0)
(-692.667 0 0)
(-692.667 0 0)
(-692.667 0 0)
(-692.667 0 0)
(-692.667 0 0)
(-692.667 0 0)
(-692.667 0 0)
(-692.667 0 0)
(-692.667 0 0)
(-692.667 0 0)
(-692.667 0 0)
(-692.667 0 0)
(-692.667 0 0)
(-692.667 0 0)
(-692.667 0 0)
(-692.667 0 0)
(-692.667 0 0)
(-692.667 0 0)
(-692.667 0 0)
(-692.667 0 0)
(-692.667 0 0)
(-692.667 0 0)
(-692.667 0 0)
(-692.666 0 0)
(-692.666 0 0)
(-692.665 0 0)
(-692.663 0 0)
(-692.662 0 0)
(-692.659 0 0)
(-692.656 0 0)
(-692.652 0 0)
(-692.646 0 0)
(-692.638 0 0)
(-692.629 0 0)
(-692.621 0 0)
(-692.616 0 0)
(-692.591 0 0)
(-692.493 0 0)
(-692.541 0 0)
(-693.211 0 0)
(-692.244 0 0)
(-689.43 0 0)
(-699.08 0 0)
(-688.973 0 0)
(-419.079 0 0)
(-466.901 0 0)
(-475.216 0 0)
(-551.529 0 0)
(-573.88 0 0)
(-589.586 0 0)
(-609.032 0 0)
(-625.365 0 0)
(-637.409 0 0)
(-646.557 0 0)
(-653.668 0 0)
(-659.139 0 0)
(-663.278 0 0)
(-666.368 0 0)
(-668.65 0 0)
(-670.318 0 0)
(-671.524 0 0)
(-672.387 0 0)
(-672.999 0 0)
(-673.428 0 0)
(-673.727 0 0)
(-673.933 0 0)
(-674.074 0 0)
(-674.17 0 0)
(-674.235 0 0)
(-674.278 0 0)
(-674.307 0 0)
(-674.327 0 0)
(-674.339 0 0)
(-674.347 0 0)
(-674.353 0 0)
(-674.356 0 0)
(-674.359 0 0)
(-674.36 0 0)
(-674.361 0 0)
(-674.362 0 0)
(-674.362 0 0)
(-674.362 0 0)
(-674.362 0 0)
(-674.362 0 0)
(-674.362 0 0)
(-674.362 0 0)
(-674.362 0 0)
(-674.362 0 0)
(-674.362 0 0)
(-674.362 0 0)
(-674.362 0 0)
(-674.362 0 0)
(-674.362 0 0)
(-674.362 0 0)
(-674.362 0 0)
(-674.362 0 0)
(-674.362 0 0)
(-674.362 0 0)
(-674.362 0 0)
(-674.362 0 0)
(-674.362 0 0)
(-674.362 0 0)
(-674.362 0 0)
(-674.362 0 0)
(-674.362 0 0)
(-674.362 0 0)
(-674.362 0 0)
(-674.362 0 0)
(-674.362 0 0)
(-674.362 0 0)
(-674.362 0 0)
(-674.362 0 0)
(-674.363 0 0)
(-674.363 0 0)
(-674.363 0 0)
(-674.363 0 0)
(-674.363 0 0)
(-674.362 0 0)
(-674.362 0 0)
(-674.362 0 0)
(-674.362 0 0)
(-674.362 0 0)
(-674.362 0 0)
(-674.362 0 0)
(-674.361 0 0)
(-674.36 0 0)
(-674.36 0 0)
(-674.358 0 0)
(-674.356 0 0)
(-674.354 0 0)
(-674.35 0 0)
(-674.346 0 0)
(-674.34 0 0)
(-674.333 0 0)
(-674.327 0 0)
(-674.324 0 0)
(-674.3 0 0)
(-674.205 0 0)
(-674.247 0 0)
(-674.902 0 0)
(-673.945 0 0)
(-671.119 0 0)
(-680.71 0 0)
(-670.672 0 0)
(-421.032 0 0)
(-472.783 0 0)
(-481.571 0 0)
(-556.094 0 0)
(-575.532 0 0)
(-587.448 0 0)
(-602.666 0 0)
(-614.958 0 0)
(-623.469 0 0)
(-629.664 0 0)
(-634.389 0 0)
(-637.991 0 0)
(-640.701 0 0)
(-642.719 0 0)
(-644.211 0 0)
(-645.304 0 0)
(-646.097 0 0)
(-646.666 0 0)
(-647.072 0 0)
(-647.357 0 0)
(-647.557 0 0)
(-647.695 0 0)
(-647.79 0 0)
(-647.854 0 0)
(-647.898 0 0)
(-647.927 0 0)
(-647.947 0 0)
(-647.96 0 0)
(-647.969 0 0)
(-647.974 0 0)
(-647.978 0 0)
(-647.98 0 0)
(-647.982 0 0)
(-647.983 0 0)
(-647.983 0 0)
(-647.984 0 0)
(-647.984 0 0)
(-647.984 0 0)
(-647.984 0 0)
(-647.984 0 0)
(-647.984 0 0)
(-647.984 0 0)
(-647.984 0 0)
(-647.984 0 0)
(-647.984 0 0)
(-647.984 0 0)
(-647.984 0 0)
(-647.984 0 0)
(-647.984 0 0)
(-647.984 0 0)
(-647.984 0 0)
(-647.984 0 0)
(-647.984 0 0)
(-647.984 0 0)
(-647.984 0 0)
(-647.984 0 0)
(-647.984 0 0)
(-647.984 0 0)
(-647.984 0 0)
(-647.984 0 0)
(-647.984 0 0)
(-647.984 0 0)
(-647.984 0 0)
(-647.984 0 0)
(-647.984 0 0)
(-647.984 0 0)
(-647.984 0 0)
(-647.985 0 0)
(-647.985 0 0)
(-647.985 0 0)
(-647.985 0 0)
(-647.985 0 0)
(-647.985 0 0)
(-647.985 0 0)
(-647.985 0 0)
(-647.984 0 0)
(-647.984 0 0)
(-647.984 0 0)
(-647.984 0 0)
(-647.984 0 0)
(-647.984 0 0)
(-647.983 0 0)
(-647.983 0 0)
(-647.982 0 0)
(-647.981 0 0)
(-647.979 0 0)
(-647.977 0 0)
(-647.974 0 0)
(-647.97 0 0)
(-647.965 0 0)
(-647.961 0 0)
(-647.96 0 0)
(-647.939 0 0)
(-647.847 0 0)
(-647.884 0 0)
(-648.523 0 0)
(-647.581 0 0)
(-644.748 0 0)
(-654.258 0 0)
(-644.288 0 0)
(-422.687 0 0)
(-477.661 0 0)
(-484.923 0 0)
(-555.529 0 0)
(-570.465 0 0)
(-577.389 0 0)
(-587.486 0 0)
(-595.121 0 0)
(-599.693 0 0)
(-602.664 0 0)
(-604.822 0 0)
(-606.429 0 0)
(-607.621 0 0)
(-608.507 0 0)
(-609.164 0 0)
(-609.651 0 0)
(-610.008 0 0)
(-610.268 0 0)
(-610.456 0 0)
(-610.59 0 0)
(-610.684 0 0)
(-610.75 0 0)
(-610.796 0 0)
(-610.828 0 0)
(-610.849 0 0)
(-610.864 0 0)
(-610.874 0 0)
(-610.88 0 0)
(-610.884 0 0)
(-610.887 0 0)
(-610.889 0 0)
(-610.89 0 0)
(-610.891 0 0)
(-610.892 0 0)
(-610.892 0 0)
(-610.892 0 0)
(-610.892 0 0)
(-610.892 0 0)
(-610.892 0 0)
(-610.892 0 0)
(-610.892 0 0)
(-610.893 0 0)
(-610.893 0 0)
(-610.893 0 0)
(-610.893 0 0)
(-610.893 0 0)
(-610.892 0 0)
(-610.892 0 0)
(-610.892 0 0)
(-610.892 0 0)
(-610.892 0 0)
(-610.892 0 0)
(-610.892 0 0)
(-610.892 0 0)
(-610.892 0 0)
(-610.892 0 0)
(-610.892 0 0)
(-610.892 0 0)
(-610.892 0 0)
(-610.892 0 0)
(-610.892 0 0)
(-610.893 0 0)
(-610.893 0 0)
(-610.893 0 0)
(-610.893 0 0)
(-610.893 0 0)
(-610.893 0 0)
(-610.893 0 0)
(-610.893 0 0)
(-610.893 0 0)
(-610.893 0 0)
(-610.893 0 0)
(-610.893 0 0)
(-610.893 0 0)
(-610.893 0 0)
(-610.893 0 0)
(-610.893 0 0)
(-610.893 0 0)
(-610.893 0 0)
(-610.892 0 0)
(-610.892 0 0)
(-610.892 0 0)
(-610.892 0 0)
(-610.891 0 0)
(-610.891 0 0)
(-610.89 0 0)
(-610.889 0 0)
(-610.888 0 0)
(-610.886 0 0)
(-610.883 0 0)
(-610.882 0 0)
(-610.883 0 0)
(-610.866 0 0)
(-610.778 0 0)
(-610.812 0 0)
(-611.433 0 0)
(-610.512 0 0)
(-607.684 0 0)
(-617.085 0 0)
(-607.174 0 0)
(-423.494 0 0)
(-480.031 0 0)
(-482.72 0 0)
(-546.601 0 0)
(-555.196 0 0)
(-555.881 0 0)
(-559.998 0 0)
(-562.448 0 0)
(-562.768 0 0)
(-562.333 0 0)
(-561.814 0 0)
(-561.36 0 0)
(-560.994 0 0)
(-560.718 0 0)
(-560.522 0 0)
(-560.389 0 0)
(-560.301 0 0)
(-560.245 0 0)
(-560.21 0 0)
(-560.189 0 0)
(-560.176 0 0)
(-560.169 0 0)
(-560.164 0 0)
(-560.162 0 0)
(-560.161 0 0)
(-560.16 0 0)
(-560.16 0 0)
(-560.16 0 0)
(-560.16 0 0)
(-560.16 0 0)
(-560.16 0 0)
(-560.16 0 0)
(-560.16 0 0)
(-560.16 0 0)
(-560.16 0 0)
(-560.16 0 0)
(-560.16 0 0)
(-560.16 0 0)
(-560.16 0 0)
(-560.16 0 0)
(-560.16 0 0)
(-560.16 0 0)
(-560.16 0 0)
(-560.16 0 0)
(-560.16 0 0)
(-560.16 0 0)
(-560.16 0 0)
(-560.16 0 0)
(-560.16 0 0)
(-560.16 0 0)
(-560.16 0 0)
(-560.16 0 0)
(-560.16 0 0)
(-560.16 0 0)
(-560.16 0 0)
(-560.16 0 0)
(-560.16 0 0)
(-560.16 0 0)
(-560.16 0 0)
(-560.16 0 0)
(-560.16 0 0)
(-560.16 0 0)
(-560.16 0 0)
(-560.16 0 0)
(-560.16 0 0)
(-560.16 0 0)
(-560.16 0 0)
(-560.16 0 0)
(-560.16 0 0)
(-560.16 0 0)
(-560.16 0 0)
(-560.16 0 0)
(-560.16 0 0)
(-560.16 0 0)
(-560.16 0 0)
(-560.16 0 0)
(-560.16 0 0)
(-560.16 0 0)
(-560.16 0 0)
(-560.16 0 0)
(-560.16 0 0)
(-560.16 0 0)
(-560.16 0 0)
(-560.16 0 0)
(-560.16 0 0)
(-560.161 0 0)
(-560.161 0 0)
(-560.161 0 0)
(-560.161 0 0)
(-560.161 0 0)
(-560.163 0 0)
(-560.167 0 0)
(-560.154 0 0)
(-560.073 0 0)
(-560.105 0 0)
(-560.704 0 0)
(-559.811 0 0)
(-557.01 0 0)
(-566.273 0 0)
(-556.403 0 0)
(-422.625 0 0)
(-477.843 0 0)
(-471.813 0 0)
(-525.633 0 0)
(-525.969 0 0)
(-519.274 0 0)
(-516.688 0 0)
(-513.574 0 0)
(-509.47 0 0)
(-505.559 0 0)
(-502.344 0 0)
(-499.83 0 0)
(-497.913 0 0)
(-496.486 0 0)
(-495.444 0 0)
(-494.697 0 0)
(-494.169 0 0)
(-493.8 0 0)
(-493.544 0 0)
(-493.369 0 0)
(-493.25 0 0)
(-493.169 0 0)
(-493.115 0 0)
(-493.079 0 0)
(-493.055 0 0)
(-493.039 0 0)
(-493.028 0 0)
(-493.022 0 0)
(-493.017 0 0)
(-493.014 0 0)
(-493.012 0 0)
(-493.011 0 0)
(-493.011 0 0)
(-493.01 0 0)
(-493.01 0 0)
(-493.01 0 0)
(-493.009 0 0)
(-493.009 0 0)
(-493.009 0 0)
(-493.009 0 0)
(-493.009 0 0)
(-493.009 0 0)
(-493.009 0 0)
(-493.009 0 0)
(-493.009 0 0)
(-493.009 0 0)
(-493.009 0 0)
(-493.009 0 0)
(-493.009 0 0)
(-493.009 0 0)
(-493.009 0 0)
(-493.009 0 0)
(-493.009 0 0)
(-493.009 0 0)
(-493.009 0 0)
(-493.009 0 0)
(-493.009 0 0)
(-493.009 0 0)
(-493.009 0 0)
(-493.009 0 0)
(-493.009 0 0)
(-493.009 0 0)
(-493.009 0 0)
(-493.009 0 0)
(-493.009 0 0)
(-493.009 0 0)
(-493.009 0 0)
(-493.009 0 0)
(-493.009 0 0)
(-493.009 0 0)
(-493.009 0 0)
(-493.009 0 0)
(-493.009 0 0)
(-493.009 0 0)
(-493.009 0 0)
(-493.009 0 0)
(-493.009 0 0)
(-493.01 0 0)
(-493.01 0 0)
(-493.01 0 0)
(-493.01 0 0)
(-493.01 0 0)
(-493.011 0 0)
(-493.011 0 0)
(-493.012 0 0)
(-493.013 0 0)
(-493.015 0 0)
(-493.017 0 0)
(-493.019 0 0)
(-493.021 0 0)
(-493.026 0 0)
(-493.034 0 0)
(-493.025 0 0)
(-492.952 0 0)
(-492.985 0 0)
(-493.561 0 0)
(-492.703 0 0)
(-489.96 0 0)
(-499.05 0 0)
(-489.197 0 0)
(-418.948 0 0)
(-468.616 0 0)
(-448.86 0 0)
(-489.096 0 0)
(-479.48 0 0)
(-464.562 0 0)
(-454.822 0 0)
(-445.999 0 0)
(-437.478 0 0)
(-430.161 0 0)
(-424.335 0 0)
(-419.84 0 0)
(-416.438 0 0)
(-413.908 0 0)
(-412.058 0 0)
(-410.724 0 0)
(-409.773 0 0)
(-409.104 0 0)
(-408.636 0 0)
(-408.313 0 0)
(-408.091 0 0)
(-407.939 0 0)
(-407.837 0 0)
(-407.768 0 0)
(-407.722 0 0)
(-407.692 0 0)
(-407.672 0 0)
(-407.659 0 0)
(-407.65 0 0)
(-407.644 0 0)
(-407.641 0 0)
(-407.638 0 0)
(-407.637 0 0)
(-407.636 0 0)
(-407.635 0 0)
(-407.635 0 0)
(-407.635 0 0)
(-407.634 0 0)
(-407.634 0 0)
(-407.634 0 0)
(-407.634 0 0)
(-407.634 0 0)
(-407.634 0 0)
(-407.634 0 0)
(-407.634 0 0)
(-407.634 0 0)
(-407.634 0 0)
(-407.634 0 0)
(-407.634 0 0)
(-407.634 0 0)
(-407.634 0 0)
(-407.634 0 0)
(-407.634 0 0)
(-407.634 0 0)
(-407.634 0 0)
(-407.634 0 0)
(-407.634 0 0)
(-407.634 0 0)
(-407.634 0 0)
(-407.634 0 0)
(-407.634 0 0)
(-407.634 0 0)
(-407.634 0 0)
(-407.634 0 0)
(-407.634 0 0)
(-407.634 0 0)
(-407.634 0 0)
(-407.634 0 0)
(-407.634 0 0)
(-407.634 0 0)
(-407.634 0 0)
(-407.634 0 0)
(-407.634 0 0)
(-407.634 0 0)
(-407.634 0 0)
(-407.634 0 0)
(-407.634 0 0)
(-407.635 0 0)
(-407.635 0 0)
(-407.635 0 0)
(-407.635 0 0)
(-407.636 0 0)
(-407.637 0 0)
(-407.638 0 0)
(-407.639 0 0)
(-407.641 0 0)
(-407.644 0 0)
(-407.648 0 0)
(-407.652 0 0)
(-407.657 0 0)
(-407.664 0 0)
(-407.676 0 0)
(-407.672 0 0)
(-407.609 0 0)
(-407.645 0 0)
(-408.194 0 0)
(-407.376 0 0)
(-404.737 0 0)
(-413.618 0 0)
(-403.761 0 0)
(-411.081 0 0)
(-449.863 0 0)
(-411.179 0 0)
(-434.728 0 0)
(-414.149 0 0)
(-390.667 0 0)
(-373.748 0 0)
(-359.387 0 0)
(-346.689 0 0)
(-336.206 0 0)
(-327.974 0 0)
(-321.661 0 0)
(-316.899 0 0)
(-313.36 0 0)
(-310.769 0 0)
(-308.896 0 0)
(-307.557 0 0)
(-306.61 0 0)
(-305.947 0 0)
(-305.486 0 0)
(-305.169 0 0)
(-304.952 0 0)
(-304.805 0 0)
(-304.706 0 0)
(-304.639 0 0)
(-304.595 0 0)
(-304.566 0 0)
(-304.547 0 0)
(-304.534 0 0)
(-304.526 0 0)
(-304.521 0 0)
(-304.517 0 0)
(-304.515 0 0)
(-304.513 0 0)
(-304.513 0 0)
(-304.512 0 0)
(-304.512 0 0)
(-304.511 0 0)
(-304.511 0 0)
(-304.511 0 0)
(-304.511 0 0)
(-304.511 0 0)
(-304.511 0 0)
(-304.511 0 0)
(-304.511 0 0)
(-304.511 0 0)
(-304.511 0 0)
(-304.511 0 0)
(-304.511 0 0)
(-304.511 0 0)
(-304.511 0 0)
(-304.511 0 0)
(-304.511 0 0)
(-304.511 0 0)
(-304.511 0 0)
(-304.511 0 0)
(-304.511 0 0)
(-304.511 0 0)
(-304.511 0 0)
(-304.511 0 0)
(-304.511 0 0)
(-304.511 0 0)
(-304.511 0 0)
(-304.511 0 0)
(-304.511 0 0)
(-304.511 0 0)
(-304.511 0 0)
(-304.511 0 0)
(-304.511 0 0)
(-304.511 0 0)
(-304.511 0 0)
(-304.511 0 0)
(-304.511 0 0)
(-304.511 0 0)
(-304.511 0 0)
(-304.511 0 0)
(-304.511 0 0)
(-304.512 0 0)
(-304.512 0 0)
(-304.512 0 0)
(-304.513 0 0)
(-304.514 0 0)
(-304.515 0 0)
(-304.516 0 0)
(-304.518 0 0)
(-304.521 0 0)
(-304.525 0 0)
(-304.53 0 0)
(-304.536 0 0)
(-304.544 0 0)
(-304.554 0 0)
(-304.569 0 0)
(-304.57 0 0)
(-304.518 0 0)
(-304.561 0 0)
(-305.077 0 0)
(-304.301 0 0)
(-301.821 0 0)
(-310.457 0 0)
(-300.598 0 0)
(-397.561 0 0)
(-419.907 0 0)
(-358.202 0 0)
(-363.307 0 0)
(-331.883 0 0)
(-300.242 0 0)
(-276.692 0 0)
(-257.366 0 0)
(-241.017 0 0)
(-227.802 0 0)
(-217.504 0 0)
(-209.634 0 0)
(-203.704 0 0)
(-199.296 0 0)
(-196.064 0 0)
(-193.722 0 0)
(-192.045 0 0)
(-190.856 0 0)
(-190.02 0 0)
(-189.439 0 0)
(-189.037 0 0)
(-188.762 0 0)
(-188.575 0 0)
(-188.449 0 0)
(-188.364 0 0)
(-188.308 0 0)
(-188.27 0 0)
(-188.245 0 0)
(-188.229 0 0)
(-188.219 0 0)
(-188.212 0 0)
(-188.207 0 0)
(-188.205 0 0)
(-188.203 0 0)
(-188.202 0 0)
(-188.201 0 0)
(-188.2 0 0)
(-188.2 0 0)
(-188.2 0 0)
(-188.2 0 0)
(-188.2 0 0)
(-188.2 0 0)
(-188.199 0 0)
(-188.199 0 0)
(-188.199 0 0)
(-188.199 0 0)
(-188.199 0 0)
(-188.199 0 0)
(-188.199 0 0)
(-188.199 0 0)
(-188.199 0 0)
(-188.199 0 0)
(-188.199 0 0)
(-188.199 0 0)
(-188.199 0 0)
(-188.199 0 0)
(-188.199 0 0)
(-188.199 0 0)
(-188.199 0 0)
(-188.199 0 0)
(-188.199 0 0)
(-188.199 0 0)
(-188.199 0 0)
(-188.199 0 0)
(-188.199 0 0)
(-188.199 0 0)
(-188.199 0 0)
(-188.199 0 0)
(-188.2 0 0)
(-188.2 0 0)
(-188.2 0 0)
(-188.2 0 0)
(-188.2 0 0)
(-188.2 0 0)
(-188.2 0 0)
(-188.2 0 0)
(-188.2 0 0)
(-188.2 0 0)
(-188.201 0 0)
(-188.201 0 0)
(-188.202 0 0)
(-188.203 0 0)
(-188.204 0 0)
(-188.206 0 0)
(-188.209 0 0)
(-188.212 0 0)
(-188.217 0 0)
(-188.223 0 0)
(-188.231 0 0)
(-188.241 0 0)
(-188.254 0 0)
(-188.271 0 0)
(-188.278 0 0)
(-188.238 0 0)
(-188.289 0 0)
(-188.769 0 0)
(-188.029 0 0)
(-185.767 0 0)
(-194.113 0 0)
(-184.318 0 0)
(-377.174 0 0)
(-379.147 0 0)
(-293.483 0 0)
(-280.816 0 0)
(-240.109 0 0)
(-201.69 0 0)
(-172.754 0 0)
(-149.52 0 0)
(-130.369 0 0)
(-115.076 0 0)
(-103.205 0 0)
(-94.1408 0 0)
(-87.3074 0 0)
(-82.2217 0 0)
(-78.4844 0 0)
(-75.7703 0 0)
(-73.8211 0 0)
(-72.4354 0 0)
(-71.4598 0 0)
(-70.7791 0 0)
(-70.308 0 0)
(-69.9847 0 0)
(-69.7644 0 0)
(-69.6154 0 0)
(-69.5153 0 0)
(-69.4484 0 0)
(-69.404 0 0)
(-69.3747 0 0)
(-69.3555 0 0)
(-69.3429 0 0)
(-69.3347 0 0)
(-69.3295 0 0)
(-69.3261 0 0)
(-69.3239 0 0)
(-69.3225 0 0)
(-69.3216 0 0)
(-69.321 0 0)
(-69.3206 0 0)
(-69.3204 0 0)
(-69.3202 0 0)
(-69.3201 0 0)
(-69.3201 0 0)
(-69.32 0 0)
(-69.32 0 0)
(-69.32 0 0)
(-69.32 0 0)
(-69.32 0 0)
(-69.3199 0 0)
(-69.3199 0 0)
(-69.3199 0 0)
(-69.3199 0 0)
(-69.3199 0 0)
(-69.3199 0 0)
(-69.3199 0 0)
(-69.3199 0 0)
(-69.3199 0 0)
(-69.3199 0 0)
(-69.3199 0 0)
(-69.3199 0 0)
(-69.3199 0 0)
(-69.3199 0 0)
(-69.32 0 0)
(-69.32 0 0)
(-69.32 0 0)
(-69.32 0 0)
(-69.32 0 0)
(-69.32 0 0)
(-69.32 0 0)
(-69.3201 0 0)
(-69.3201 0 0)
(-69.3201 0 0)
(-69.3202 0 0)
(-69.3202 0 0)
(-69.3203 0 0)
(-69.3204 0 0)
(-69.3205 0 0)
(-69.3207 0 0)
(-69.321 0 0)
(-69.3214 0 0)
(-69.3219 0 0)
(-69.3227 0 0)
(-69.3239 0 0)
(-69.3255 0 0)
(-69.3277 0 0)
(-69.3308 0 0)
(-69.335 0 0)
(-69.3405 0 0)
(-69.3477 0 0)
(-69.3569 0 0)
(-69.3685 0 0)
(-69.3836 0 0)
(-69.4032 0 0)
(-69.4137 0 0)
(-69.3859 0 0)
(-69.4476 0 0)
(-69.8866 0 0)
(-69.1731 0 0)
(-67.1728 0 0)
(-75.1633 0 0)
(-65.616 0 0)
(-349.313 0 0)
(-331.607 0 0)
(-226.486 0 0)
(-200.063 0 0)
(-153.233 0 0)
(-110.47 0 0)
(-78.1714 0 0)
(-52.6284 0 0)
(-31.8823 0 0)
(-15.4027 0 0)
(-2.61166 0 0)
(7.17162 -0 0)
(14.5642 -0 0)
(20.0819 -0 0)
(24.1497 -0 0)
(27.1133 -0 0)
(29.2487 -0 0)
(30.7714 -0 0)
(31.8466 -0 0)
(32.5988 -0 0)
(33.1206 -0 0)
(33.4796 -0 0)
(33.7247 -0 0)
(33.8909 -0 0)
(34.0027 -0 0)
(34.0775 -0 0)
(34.1273 -0 0)
(34.1601 -0 0)
(34.1817 -0 0)
(34.1959 -0 0)
(34.2051 -0 0)
(34.211 -0 0)
(34.2149 -0 0)
(34.2173 -0 0)
(34.2189 -0 0)
(34.2199 -0 0)
(34.2206 -0 0)
(34.221 -0 0)
(34.2212 -0 0)
(34.2214 -0 0)
(34.2215 -0 0)
(34.2216 -0 0)
(34.2216 -0 0)
(34.2217 -0 0)
(34.2217 -0 0)
(34.2217 -0 0)
(34.2217 -0 0)
(34.2217 -0 0)
(34.2217 -0 0)
(34.2217 -0 0)
(34.2218 -0 0)
(34.2218 -0 0)
(34.2218 -0 0)
(34.2218 -0 0)
(34.2218 -0 0)
(34.2218 -0 0)
(34.2218 -0 0)
(34.2218 -0 0)
(34.2217 -0 0)
(34.2217 -0 0)
(34.2217 -0 0)
(34.2217 -0 0)
(34.2217 -0 0)
(34.2217 -0 0)
(34.2217 -0 0)
(34.2217 -0 0)
(34.2217 -0 0)
(34.2216 -0 0)
(34.2216 -0 0)
(34.2216 -0 0)
(34.2216 -0 0)
(34.2215 -0 0)
(34.2215 -0 0)
(34.2214 -0 0)
(34.2213 -0 0)
(34.2211 -0 0)
(34.2209 -0 0)
(34.2206 -0 0)
(34.2202 -0 0)
(34.2196 -0 0)
(34.2187 -0 0)
(34.2174 -0 0)
(34.2156 -0 0)
(34.2132 -0 0)
(34.2098 -0 0)
(34.2052 -0 0)
(34.1992 -0 0)
(34.1913 -0 0)
(34.1813 -0 0)
(34.1687 -0 0)
(34.1524 -0 0)
(34.1318 -0 0)
(34.1193 -0 0)
(34.137 -0 0)
(34.063 -0 0)
(33.6626 -0 0)
(34.3577 -0 0)
(36.0923 -0 0)
(28.5847 -0 0)
(37.5087 -0 0)
(-313.853 0 0)
(-285.099 0 0)
(-172.789 0 0)
(-140.058 0 0)
(-91.4009 0 0)
(-47.6825 0 0)
(-14.8671 0 0)
(10.811 -0 0)
(31.5806 -0 0)
(48.1165 -0 0)
(61.0083 -0 0)
(70.9158 -0 0)
(78.439 -0 0)
(84.0823 -0 0)
(88.2634 -0 0)
(91.324 -0 0)
(93.5392 -0 0)
(95.1254 -0 0)
(96.2497 -0 0)
(97.0391 -0 0)
(97.5884 -0 0)
(97.9674 -0 0)
(98.2269 -0 0)
(98.4032 -0 0)
(98.5222 -0 0)
(98.602 -0 0)
(98.6551 -0 0)
(98.6902 -0 0)
(98.7134 -0 0)
(98.7286 -0 0)
(98.7384 -0 0)
(98.7448 -0 0)
(98.749 -0 0)
(98.7516 -0 0)
(98.7534 -0 0)
(98.7544 -0 0)
(98.7551 -0 0)
(98.7556 -0 0)
(98.7559 -0 0)
(98.7561 -0 0)
(98.7562 -0 0)
(98.7563 -0 0)
(98.7563 -0 0)
(98.7563 -0 0)
(98.7564 -0 0)
(98.7564 -0 0)
(98.7564 -0 0)
(98.7564 -0 0)
(98.7564 -0 0)
(98.7564 -0 0)
(98.7564 -0 0)
(98.7564 -0 0)
(98.7564 -0 0)
(98.7564 -0 0)
(98.7564 -0 0)
(98.7564 -0 0)
(98.7564 -0 0)
(98.7564 -0 0)
(98.7564 -0 0)
(98.7564 -0 0)
(98.7564 -0 0)
(98.7564 -0 0)
(98.7564 -0 0)
(98.7564 -0 0)
(98.7564 -0 0)
(98.7564 -0 0)
(98.7563 -0 0)
(98.7563 -0 0)
(98.7563 -0 0)
(98.7563 -0 0)
(98.7562 -0 0)
(98.7562 -0 0)
(98.7561 -0 0)
(98.756 -0 0)
(98.7559 -0 0)
(98.7558 -0 0)
(98.7556 -0 0)
(98.7552 -0 0)
(98.7548 -0 0)
(98.7541 -0 0)
(98.7532 -0 0)
(98.7519 -0 0)
(98.75 -0 0)
(98.7475 -0 0)
(98.744 -0 0)
(98.7393 -0 0)
(98.733 -0 0)
(98.725 -0 0)
(98.7149 -0 0)
(98.7021 -0 0)
(98.6857 -0 0)
(98.6658 -0 0)
(98.6542 -0 0)
(98.667 -0 0)
(98.5828 -0 0)
(98.2066 -0 0)
(98.8691 -0 0)
(100.41 -0 0)
(93.6399 -0 0)
(101.296 -0 0)
(-269.593 0 0)
(-246.97 0 0)
(-149.16 0 0)
(-119.342 0 0)
(-73.0828 0 0)
(-32.4896 0 0)
(-2.83669 0 0)
(20.2584 -0 0)
(39.1687 -0 0)
(54.428 -0 0)
(66.4525 -0 0)
(75.7781 -0 0)
(82.9206 -0 0)
(88.3229 -0 0)
(92.3569 -0 0)
(95.3313 -0 0)
(97.4984 -0 0)
(99.0595 -0 0)
(100.172 -0 0)
(100.957 -0 0)
(101.506 -0 0)
(101.886 -0 0)
(102.148 -0 0)
(102.326 -0 0)
(102.447 -0 0)
(102.528 -0 0)
(102.582 -0 0)
(102.618 -0 0)
(102.641 -0 0)
(102.657 -0 0)
(102.667 -0 0)
(102.674 -0 0)
(102.678 -0 0)
(102.681 -0 0)
(102.683 -0 0)
(102.684 -0 0)
(102.684 -0 0)
(102.685 -0 0)
(102.685 -0 0)
(102.685 -0 0)
(102.686 -0 0)
(102.686 -0 0)
(102.686 -0 0)
(102.686 -0 0)
(102.686 -0 0)
(102.686 -0 0)
(102.686 -0 0)
(102.686 -0 0)
(102.686 -0 0)
(102.686 -0 0)
(102.686 -0 0)
(102.686 -0 0)
(102.686 -0 0)
(102.686 -0 0)
(102.686 -0 0)
(102.686 -0 0)
(102.686 -0 0)
(102.686 -0 0)
(102.686 -0 0)
(102.686 -0 0)
(102.686 -0 0)
(102.686 -0 0)
(102.686 -0 0)
(102.686 -0 0)
(102.686 -0 0)
(102.686 -0 0)
(102.686 -0 0)
(102.686 -0 0)
(102.686 -0 0)
(102.686 -0 0)
(102.686 -0 0)
(102.686 -0 0)
(102.686 -0 0)
(102.685 -0 0)
(102.685 -0 0)
(102.685 -0 0)
(102.685 -0 0)
(102.685 -0 0)
(102.684 -0 0)
(102.684 -0 0)
(102.683 -0 0)
(102.681 -0 0)
(102.679 -0 0)
(102.677 -0 0)
(102.674 -0 0)
(102.669 -0 0)
(102.663 -0 0)
(102.655 -0 0)
(102.646 -0 0)
(102.634 -0 0)
(102.619 -0 0)
(102.602 -0 0)
(102.595 -0 0)
(102.614 -0 0)
(102.531 -0 0)
(102.144 -0 0)
(102.692 -0 0)
(104.228 -0 0)
(98.6736 -0 0)
(104.087 -0 0)
(-212.576 0 0)
(-215.904 0 0)
(-154.359 0 0)
(-134.422 0 0)
(-96.2141 0 0)
(-64.7967 0 0)
(-43.2043 0 0)
(-26.2323 0 0)
(-11.8412 0 0)
(0.0519999 -0 0)
(9.56055 -0 0)
(17.0211 -0 0)
(22.799 -0 0)
(27.2156 -0 0)
(30.5458 -0 0)
(33.0229 -0 0)
(34.8419 -0 0)
(36.1615 -0 0)
(37.1081 -0 0)
(37.7799 -0 0)
(38.252 -0 0)
(38.5806 -0 0)
(38.8075 -0 0)
(38.9627 -0 0)
(39.0682 -0 0)
(39.1394 -0 0)
(39.1871 -0 0)
(39.2188 -0 0)
(39.2398 -0 0)
(39.2536 -0 0)
(39.2626 -0 0)
(39.2685 -0 0)
(39.2723 -0 0)
(39.2748 -0 0)
(39.2764 -0 0)
(39.2774 -0 0)
(39.278 -0 0)
(39.2784 -0 0)
(39.2787 -0 0)
(39.2789 -0 0)
(39.279 -0 0)
(39.279 -0 0)
(39.2791 -0 0)
(39.2791 -0 0)
(39.2791 -0 0)
(39.2791 -0 0)
(39.2792 -0 0)
(39.2792 -0 0)
(39.2792 -0 0)
(39.2792 -0 0)
(39.2792 -0 0)
(39.2792 -0 0)
(39.2792 -0 0)
(39.2792 -0 0)
(39.2792 -0 0)
(39.2792 -0 0)
(39.2792 -0 0)
(39.2792 -0 0)
(39.2792 -0 0)
(39.2792 -0 0)
(39.2792 -0 0)
(39.2792 -0 0)
(39.2792 -0 0)
(39.2791 -0 0)
(39.2791 -0 0)
(39.2791 -0 0)
(39.2791 -0 0)
(39.2791 -0 0)
(39.2791 -0 0)
(39.2791 -0 0)
(39.279 -0 0)
(39.279 -0 0)
(39.279 -0 0)
(39.2789 -0 0)
(39.2788 -0 0)
(39.2787 -0 0)
(39.2785 -0 0)
(39.2782 -0 0)
(39.2778 -0 0)
(39.2772 -0 0)
(39.2764 -0 0)
(39.2753 -0 0)
(39.2738 -0 0)
(39.2717 -0 0)
(39.2688 -0 0)
(39.2651 -0 0)
(39.2603 -0 0)
(39.2543 -0 0)
(39.247 -0 0)
(39.2379 -0 0)
(39.2261 -0 0)
(39.2127 -0 0)
(39.2127 -0 0)
(39.2464 -0 0)
(39.1927 -0 0)
(38.798 -0 0)
(39.0835 -0 0)
(40.6538 -0 0)
(37.0242 -0 0)
(39.1324 -0 0)
(-120.193 0 0)
(-147.371 0 0)
(-126.025 0 0)
(-118.279 0 0)
(-100.119 0 0)
(-87.4106 0 0)
(-79.5316 0 0)
(-72.9726 0 0)
(-67.0464 0 0)
(-62.0424 0 0)
(-58.0142 0 0)
(-54.8298 0 0)
(-52.34 0 0)
(-50.4187 0 0)
(-48.9577 0 0)
(-47.8629 0 0)
(-47.0538 0 0)
(-46.4634 0 0)
(-46.0378 0 0)
(-45.7343 0 0)
(-45.5202 0 0)
(-45.3705 0 0)
(-45.2668 0 0)
(-45.1956 0 0)
(-45.1471 0 0)
(-45.1143 0 0)
(-45.0922 0 0)
(-45.0775 0 0)
(-45.0677 0 0)
(-45.0613 0 0)
(-45.0571 0 0)
(-45.0543 0 0)
(-45.0526 0 0)
(-45.0514 0 0)
(-45.0507 0 0)
(-45.0502 0 0)
(-45.0499 0 0)
(-45.0497 0 0)
(-45.0496 0 0)
(-45.0495 0 0)
(-45.0494 0 0)
(-45.0494 0 0)
(-45.0494 0 0)
(-45.0494 0 0)
(-45.0494 0 0)
(-45.0494 0 0)
(-45.0493 0 0)
(-45.0493 0 0)
(-45.0493 0 0)
(-45.0493 0 0)
(-45.0493 0 0)
(-45.0493 0 0)
(-45.0493 0 0)
(-45.0493 0 0)
(-45.0493 0 0)
(-45.0493 0 0)
(-45.0493 0 0)
(-45.0493 0 0)
(-45.0493 0 0)
(-45.0493 0 0)
(-45.0493 0 0)
(-45.0493 0 0)
(-45.0493 0 0)
(-45.0494 0 0)
(-45.0494 0 0)
(-45.0494 0 0)
(-45.0494 0 0)
(-45.0494 0 0)
(-45.0494 0 0)
(-45.0494 0 0)
(-45.0494 0 0)
(-45.0494 0 0)
(-45.0494 0 0)
(-45.0495 0 0)
(-45.0495 0 0)
(-45.0496 0 0)
(-45.0496 0 0)
(-45.0498 0 0)
(-45.05 0 0)
(-45.0502 0 0)
(-45.0506 0 0)
(-45.0511 0 0)
(-45.0518 0 0)
(-45.0527 0 0)
(-45.054 0 0)
(-45.0556 0 0)
(-45.0577 0 0)
(-45.0602 0 0)
(-45.0632 0 0)
(-45.0669 0 0)
(-45.072 0 0)
(-45.079 0 0)
(-45.0785 0 0)
(-45.0488 0 0)
(-45.0464 0 0)
(-45.2771 0 0)
(-45.2911 0 0)
(-44.3669 0 0)
(-45.5277 0 0)
(-45.739 0 0)
)
;

boundaryField
{
    inlet
    {
        type            calculated;
        value           nonuniform List<vector> 
40
(
(-120.193 0 0)
(-212.577 0 0)
(-269.594 0 0)
(-313.854 0 0)
(-349.314 0 0)
(-377.175 0 0)
(-397.562 0 0)
(-411.081 0 0)
(-418.949 0 0)
(-422.625 0 0)
(-423.495 0 0)
(-422.688 0 0)
(-421.033 0 0)
(-419.08 0 0)
(-417.164 0 0)
(-415.468 0 0)
(-414.075 0 0)
(-413.018 0 0)
(-412.301 0 0)
(-411.936 0 0)
(-411.936 0 0)
(-412.301 0 0)
(-413.018 0 0)
(-414.075 0 0)
(-415.467 0 0)
(-417.164 0 0)
(-419.079 0 0)
(-421.032 0 0)
(-422.687 0 0)
(-423.494 0 0)
(-422.625 0 0)
(-418.948 0 0)
(-411.081 0 0)
(-397.561 0 0)
(-377.174 0 0)
(-349.313 0 0)
(-313.853 0 0)
(-269.593 0 0)
(-212.576 0 0)
(-120.193 0 0)
)
;
    }
    outlet
    {
        type            calculated;
        value           nonuniform List<vector> 
40
(
(-45.7386 0 0)
(39.1334 -0 0)
(104.089 -0 0)
(101.298 -0 0)
(37.5108 -0 0)
(-65.6138 0 0)
(-184.316 0 0)
(-300.596 0 0)
(-403.759 0 0)
(-489.195 0 0)
(-556.401 0 0)
(-607.173 0 0)
(-644.286 0 0)
(-670.671 0 0)
(-688.972 0 0)
(-701.37 0 0)
(-709.545 0 0)
(-714.726 0 0)
(-717.752 0 0)
(-719.142 0 0)
(-719.142 0 0)
(-717.752 0 0)
(-714.727 0 0)
(-709.546 0 0)
(-701.371 0 0)
(-688.973 0 0)
(-670.672 0 0)
(-644.288 0 0)
(-607.174 0 0)
(-556.403 0 0)
(-489.197 0 0)
(-403.761 0 0)
(-300.598 0 0)
(-184.318 0 0)
(-65.616 0 0)
(37.5087 -0 0)
(101.296 -0 0)
(104.087 -0 0)
(39.1324 -0 0)
(-45.739 0 0)
)
;
    }
    lowerWall
    {
        type            calculated;
        value           nonuniform List<vector> 
100
(
(-120.193 0 0)
(-147.372 0 0)
(-126.028 0 0)
(-118.284 0 0)
(-100.118 0 0)
(-87.4087 0 0)
(-79.5271 0 0)
(-72.978 0 0)
(-67.0514 0 0)
(-62.0453 0 0)
(-58.0158 0 0)
(-54.831 0 0)
(-52.3404 0 0)
(-50.4196 0 0)
(-48.9586 0 0)
(-47.8638 0 0)
(-47.0546 0 0)
(-46.4641 0 0)
(-46.0384 0 0)
(-45.7348 0 0)
(-45.5205 0 0)
(-45.3707 0 0)
(-45.267 0 0)
(-45.1957 0 0)
(-45.1472 0 0)
(-45.1143 0 0)
(-45.0922 0 0)
(-45.0775 0 0)
(-45.0677 0 0)
(-45.0613 0 0)
(-45.057 0 0)
(-45.0543 0 0)
(-45.0525 0 0)
(-45.0513 0 0)
(-45.0506 0 0)
(-45.0501 0 0)
(-45.0498 0 0)
(-45.0496 0 0)
(-45.0495 0 0)
(-45.0494 0 0)
(-45.0494 0 0)
(-45.0494 0 0)
(-45.0493 0 0)
(-45.0493 0 0)
(-45.0493 0 0)
(-45.0493 0 0)
(-45.0493 0 0)
(-45.0493 0 0)
(-45.0493 0 0)
(-45.0493 0 0)
(-45.0493 0 0)
(-45.0493 0 0)
(-45.0493 0 0)
(-45.0493 0 0)
(-45.0493 0 0)
(-45.0493 0 0)
(-45.0493 0 0)
(-45.0493 0 0)
(-45.0493 0 0)
(-45.0493 0 0)
(-45.0493 0 0)
(-45.0493 0 0)
(-45.0493 0 0)
(-45.0493 0 0)
(-45.0493 0 0)
(-45.0493 0 0)
(-45.0493 0 0)
(-45.0493 0 0)
(-45.0493 0 0)
(-45.0493 0 0)
(-45.0493 0 0)
(-45.0493 0 0)
(-45.0493 0 0)
(-45.0493 0 0)
(-45.0494 0 0)
(-45.0494 0 0)
(-45.0495 0 0)
(-45.0496 0 0)
(-45.0498 0 0)
(-45.05 0 0)
(-45.0504 0 0)
(-45.0509 0 0)
(-45.0515 0 0)
(-45.0525 0 0)
(-45.0537 0 0)
(-45.0553 0 0)
(-45.0574 0 0)
(-45.0599 0 0)
(-45.0629 0 0)
(-45.0665 0 0)
(-45.0717 0 0)
(-45.0786 0 0)
(-45.0782 0 0)
(-45.0485 0 0)
(-45.046 0 0)
(-45.2768 0 0)
(-45.2907 0 0)
(-44.3665 0 0)
(-45.5273 0 0)
(-45.7386 0 0)
)
;
    }
    upperWall
    {
        type            calculated;
        value           nonuniform List<vector> 
100
(
(-120.193 0 0)
(-147.371 0 0)
(-126.025 0 0)
(-118.279 0 0)
(-100.119 0 0)
(-87.4106 0 0)
(-79.5316 0 0)
(-72.9726 0 0)
(-67.0464 0 0)
(-62.0424 0 0)
(-58.0142 0 0)
(-54.8298 0 0)
(-52.34 0 0)
(-50.4187 0 0)
(-48.9577 0 0)
(-47.8629 0 0)
(-47.0538 0 0)
(-46.4634 0 0)
(-46.0378 0 0)
(-45.7343 0 0)
(-45.5202 0 0)
(-45.3705 0 0)
(-45.2668 0 0)
(-45.1956 0 0)
(-45.1471 0 0)
(-45.1143 0 0)
(-45.0922 0 0)
(-45.0775 0 0)
(-45.0677 0 0)
(-45.0613 0 0)
(-45.0571 0 0)
(-45.0543 0 0)
(-45.0526 0 0)
(-45.0514 0 0)
(-45.0507 0 0)
(-45.0502 0 0)
(-45.0499 0 0)
(-45.0497 0 0)
(-45.0496 0 0)
(-45.0495 0 0)
(-45.0494 0 0)
(-45.0494 0 0)
(-45.0494 0 0)
(-45.0494 0 0)
(-45.0494 0 0)
(-45.0494 0 0)
(-45.0493 0 0)
(-45.0493 0 0)
(-45.0493 0 0)
(-45.0493 0 0)
(-45.0493 0 0)
(-45.0493 0 0)
(-45.0493 0 0)
(-45.0493 0 0)
(-45.0493 0 0)
(-45.0493 0 0)
(-45.0493 0 0)
(-45.0493 0 0)
(-45.0493 0 0)
(-45.0493 0 0)
(-45.0493 0 0)
(-45.0493 0 0)
(-45.0493 0 0)
(-45.0494 0 0)
(-45.0494 0 0)
(-45.0494 0 0)
(-45.0494 0 0)
(-45.0494 0 0)
(-45.0494 0 0)
(-45.0494 0 0)
(-45.0494 0 0)
(-45.0494 0 0)
(-45.0494 0 0)
(-45.0495 0 0)
(-45.0495 0 0)
(-45.0496 0 0)
(-45.0496 0 0)
(-45.0498 0 0)
(-45.05 0 0)
(-45.0502 0 0)
(-45.0506 0 0)
(-45.0511 0 0)
(-45.0518 0 0)
(-45.0527 0 0)
(-45.054 0 0)
(-45.0556 0 0)
(-45.0577 0 0)
(-45.0602 0 0)
(-45.0632 0 0)
(-45.0669 0 0)
(-45.072 0 0)
(-45.079 0 0)
(-45.0785 0 0)
(-45.0488 0 0)
(-45.0464 0 0)
(-45.2771 0 0)
(-45.2911 0 0)
(-44.3669 0 0)
(-45.5277 0 0)
(-45.739 0 0)
)
;
    }
    frontAndBack
    {
        type            empty;
    }
}


// ************************************************************************* //
