/*--------------------------------*- C++ -*----------------------------------*\
| =========                 |                                                 |
| \\      /  F ield         | foam-extend: Open Source CFD                    |
|  \\    /   O peration     | Version:     5.0                                |
|   \\  /    A nd           | Web:         http://www.foam-extend.org         |
|    \\/     M anipulation  |                                                 |
\*---------------------------------------------------------------------------*/
FoamFile
{
    version     2.0;
    format      ascii;
    class       volVectorField;
    location    "0.02";
    object      currentDensity;
}
// * * * * * * * * * * * * * * * * * * * * * * * * * * * * * * * * * * * * * //

dimensions      [0 -2 0 0 0 1 0];

internalField   nonuniform List<vector> 
4000
(
(0 0 6.00967)
(0 0 7.36859)
(0 0 6.30139)
(0 0 5.91421)
(0 0 5.00592)
(0 0 4.37043)
(0 0 3.97635)
(0 0 3.6489)
(0 0 3.35257)
(0 0 3.10227)
(0 0 2.90079)
(0 0 2.74155)
(0 0 2.61702)
(0 0 2.52098)
(0 0 2.44793)
(0 0 2.39319)
(0 0 2.35273)
(0 0 2.32321)
(0 0 2.30192)
(0 0 2.28674)
(0 0 2.27603)
(0 0 2.26854)
(0 0 2.26335)
(0 0 2.25979)
(0 0 2.25736)
(0 0 2.25571)
(0 0 2.25461)
(0 0 2.25387)
(0 0 2.25339)
(0 0 2.25306)
(0 0 2.25285)
(0 0 2.25271)
(0 0 2.25262)
(0 0 2.25257)
(0 0 2.25253)
(0 0 2.25251)
(0 0 2.25249)
(0 0 2.25248)
(0 0 2.25248)
(0 0 2.25247)
(0 0 2.25247)
(0 0 2.25247)
(0 0 2.25247)
(0 0 2.25247)
(0 0 2.25247)
(0 0 2.25247)
(0 0 2.25247)
(0 0 2.25247)
(0 0 2.25247)
(0 0 2.25247)
(0 0 2.25247)
(0 0 2.25247)
(0 0 2.25247)
(0 0 2.25247)
(0 0 2.25247)
(0 0 2.25247)
(0 0 2.25247)
(0 0 2.25247)
(0 0 2.25247)
(0 0 2.25247)
(0 0 2.25247)
(0 0 2.25247)
(0 0 2.25247)
(0 0 2.25247)
(0 0 2.25247)
(0 0 2.25247)
(0 0 2.25246)
(0 0 2.25246)
(0 0 2.25246)
(0 0 2.25246)
(0 0 2.25246)
(0 0 2.25247)
(0 0 2.25247)
(0 0 2.25247)
(0 0 2.25247)
(0 0 2.25247)
(0 0 2.25247)
(0 0 2.25248)
(0 0 2.25249)
(0 0 2.2525)
(0 0 2.25252)
(0 0 2.25254)
(0 0 2.25258)
(0 0 2.25262)
(0 0 2.25269)
(0 0 2.25277)
(0 0 2.25287)
(0 0 2.25299)
(0 0 2.25314)
(0 0 2.25333)
(0 0 2.25358)
(0 0 2.25393)
(0 0 2.25391)
(0 0 2.25242)
(0 0 2.2523)
(0 0 2.26384)
(0 0 2.26454)
(0 0 2.21832)
(0 0 2.27637)
(0 0 2.28693)
(0 0 10.6288)
(0 0 10.7953)
(0 0 7.71826)
(0 0 6.72158)
(0 0 4.81077)
(0 0 3.24091)
(0 0 2.16006)
(0 0 1.31208)
(0 0 0.592554)
(0 0 -0.00227432)
(0 0 -0.477782)
(0 0 -0.850757)
(0 0 -1.13983)
(0 0 -1.36064)
(0 0 -1.52716)
(0 0 -1.65104)
(0 0 -1.74199)
(0 0 -1.80799)
(0 0 -1.85534)
(0 0 -1.88894)
(0 0 -1.91256)
(0 0 -1.92901)
(0 0 -1.94036)
(0 0 -1.94813)
(0 0 -1.95341)
(0 0 -1.95697)
(0 0 -1.95935)
(0 0 -1.96094)
(0 0 -1.96199)
(0 0 -1.96269)
(0 0 -1.96314)
(0 0 -1.96343)
(0 0 -1.96363)
(0 0 -1.96375)
(0 0 -1.96383)
(0 0 -1.96388)
(0 0 -1.96391)
(0 0 -1.96393)
(0 0 -1.96394)
(0 0 -1.96395)
(0 0 -1.96395)
(0 0 -1.96396)
(0 0 -1.96396)
(0 0 -1.96396)
(0 0 -1.96396)
(0 0 -1.96396)
(0 0 -1.96396)
(0 0 -1.96396)
(0 0 -1.96396)
(0 0 -1.96396)
(0 0 -1.96396)
(0 0 -1.96396)
(0 0 -1.96396)
(0 0 -1.96396)
(0 0 -1.96396)
(0 0 -1.96396)
(0 0 -1.96396)
(0 0 -1.96396)
(0 0 -1.96396)
(0 0 -1.96396)
(0 0 -1.96396)
(0 0 -1.96396)
(0 0 -1.96396)
(0 0 -1.96396)
(0 0 -1.96396)
(0 0 -1.96396)
(0 0 -1.96396)
(0 0 -1.96396)
(0 0 -1.96396)
(0 0 -1.96396)
(0 0 -1.96396)
(0 0 -1.96396)
(0 0 -1.96396)
(0 0 -1.96396)
(0 0 -1.96396)
(0 0 -1.96395)
(0 0 -1.96394)
(0 0 -1.96393)
(0 0 -1.96391)
(0 0 -1.96389)
(0 0 -1.96385)
(0 0 -1.9638)
(0 0 -1.96372)
(0 0 -1.96362)
(0 0 -1.96348)
(0 0 -1.96329)
(0 0 -1.96306)
(0 0 -1.96276)
(0 0 -1.96239)
(0 0 -1.96194)
(0 0 -1.96135)
(0 0 -1.96068)
(0 0 -1.96068)
(0 0 -1.96237)
(0 0 -1.95969)
(0 0 -1.93995)
(0 0 -1.95423)
(0 0 -2.03274)
(0 0 -1.85127)
(0 0 -1.95667)
(0 0 13.4797)
(0 0 12.3486)
(0 0 7.4583)
(0 0 5.96767)
(0 0 3.65441)
(0 0 1.62882)
(0 0 0.142199)
(0 0 -1.01233)
(0 0 -1.95782)
(0 0 -2.72097)
(0 0 -3.32219)
(0 0 -3.78833)
(0 0 -4.14573)
(0 0 -4.41587)
(0 0 -4.61762)
(0 0 -4.76639)
(0 0 -4.87474)
(0 0 -4.95284)
(0 0 -5.00851)
(0 0 -5.04779)
(0 0 -5.07526)
(0 0 -5.09429)
(0 0 -5.10737)
(0 0 -5.11629)
(0 0 -5.12232)
(0 0 -5.12638)
(0 0 -5.1291)
(0 0 -5.1309)
(0 0 -5.13209)
(0 0 -5.13287)
(0 0 -5.13337)
(0 0 -5.13371)
(0 0 -5.13392)
(0 0 -5.13406)
(0 0 -5.13414)
(0 0 -5.1342)
(0 0 -5.13424)
(0 0 -5.13426)
(0 0 -5.13427)
(0 0 -5.13428)
(0 0 -5.13429)
(0 0 -5.13429)
(0 0 -5.13429)
(0 0 -5.13429)
(0 0 -5.13429)
(0 0 -5.13429)
(0 0 -5.13429)
(0 0 -5.13429)
(0 0 -5.13429)
(0 0 -5.13429)
(0 0 -5.13429)
(0 0 -5.13429)
(0 0 -5.13429)
(0 0 -5.13429)
(0 0 -5.13429)
(0 0 -5.13429)
(0 0 -5.13429)
(0 0 -5.13429)
(0 0 -5.13429)
(0 0 -5.13429)
(0 0 -5.13429)
(0 0 -5.13429)
(0 0 -5.13429)
(0 0 -5.13429)
(0 0 -5.13429)
(0 0 -5.13429)
(0 0 -5.13429)
(0 0 -5.13429)
(0 0 -5.1343)
(0 0 -5.1343)
(0 0 -5.1343)
(0 0 -5.1343)
(0 0 -5.13429)
(0 0 -5.13429)
(0 0 -5.13429)
(0 0 -5.13428)
(0 0 -5.13427)
(0 0 -5.13426)
(0 0 -5.13424)
(0 0 -5.13421)
(0 0 -5.13417)
(0 0 -5.1341)
(0 0 -5.13402)
(0 0 -5.13389)
(0 0 -5.13373)
(0 0 -5.1335)
(0 0 -5.13321)
(0 0 -5.13283)
(0 0 -5.13236)
(0 0 -5.13178)
(0 0 -5.13103)
(0 0 -5.13016)
(0 0 -5.12983)
(0 0 -5.13078)
(0 0 -5.12661)
(0 0 -5.10726)
(0 0 -5.13466)
(0 0 -5.2115)
(0 0 -4.93376)
(0 0 -5.20445)
(0 0 15.6927)
(0 0 14.2551)
(0 0 8.63976)
(0 0 7.00345)
(0 0 4.57029)
(0 0 2.38623)
(0 0 0.744531)
(0 0 -0.53989)
(0 0 -1.57833)
(0 0 -2.4053)
(0 0 -3.04978)
(0 0 -3.54478)
(0 0 -3.92133)
(0 0 -4.2036)
(0 0 -4.41278)
(0 0 -4.56592)
(0 0 -4.67664)
(0 0 -4.75604)
(0 0 -4.81232)
(0 0 -4.85184)
(0 0 -4.87934)
(0 0 -4.89832)
(0 0 -4.91132)
(0 0 -4.92015)
(0 0 -4.92611)
(0 0 -4.93011)
(0 0 -4.93277)
(0 0 -4.93453)
(0 0 -4.93569)
(0 0 -4.93645)
(0 0 -4.93694)
(0 0 -4.93726)
(0 0 -4.93747)
(0 0 -4.9376)
(0 0 -4.93768)
(0 0 -4.93774)
(0 0 -4.93777)
(0 0 -4.93779)
(0 0 -4.93781)
(0 0 -4.93781)
(0 0 -4.93782)
(0 0 -4.93782)
(0 0 -4.93782)
(0 0 -4.93782)
(0 0 -4.93782)
(0 0 -4.93782)
(0 0 -4.93782)
(0 0 -4.93782)
(0 0 -4.93782)
(0 0 -4.93782)
(0 0 -4.93782)
(0 0 -4.93782)
(0 0 -4.93782)
(0 0 -4.93782)
(0 0 -4.93782)
(0 0 -4.93782)
(0 0 -4.93782)
(0 0 -4.93782)
(0 0 -4.93782)
(0 0 -4.93782)
(0 0 -4.93782)
(0 0 -4.93783)
(0 0 -4.93783)
(0 0 -4.93783)
(0 0 -4.93783)
(0 0 -4.93783)
(0 0 -4.93783)
(0 0 -4.93783)
(0 0 -4.93783)
(0 0 -4.93783)
(0 0 -4.93783)
(0 0 -4.93783)
(0 0 -4.93783)
(0 0 -4.93783)
(0 0 -4.93782)
(0 0 -4.93782)
(0 0 -4.93781)
(0 0 -4.9378)
(0 0 -4.93778)
(0 0 -4.93775)
(0 0 -4.9377)
(0 0 -4.93764)
(0 0 -4.93755)
(0 0 -4.93743)
(0 0 -4.93726)
(0 0 -4.93703)
(0 0 -4.93672)
(0 0 -4.93632)
(0 0 -4.93582)
(0 0 -4.93518)
(0 0 -4.93437)
(0 0 -4.93337)
(0 0 -4.9328)
(0 0 -4.93344)
(0 0 -4.92923)
(0 0 -4.91042)
(0 0 -4.94355)
(0 0 -5.0206)
(0 0 -4.68209)
(0 0 -5.0649)
(0 0 17.4657)
(0 0 16.5805)
(0 0 11.3245)
(0 0 10.0037)
(0 0 7.66181)
(0 0 5.52489)
(0 0 3.91157)
(0 0 2.63211)
(0 0 1.59487)
(0 0 0.770798)
(0 0 0.131139)
(0 0 -0.357113)
(0 0 -0.727143)
(0 0 -1.00326)
(0 0 -1.20687)
(0 0 -1.35523)
(0 0 -1.46222)
(0 0 -1.53842)
(0 0 -1.59222)
(0 0 -1.62987)
(0 0 -1.65599)
(0 0 -1.67395)
(0 0 -1.68622)
(0 0 -1.69454)
(0 0 -1.70014)
(0 0 -1.70389)
(0 0 -1.70638)
(0 0 -1.70802)
(0 0 -1.70911)
(0 0 -1.70981)
(0 0 -1.71027)
(0 0 -1.71057)
(0 0 -1.71076)
(0 0 -1.71088)
(0 0 -1.71096)
(0 0 -1.71101)
(0 0 -1.71104)
(0 0 -1.71106)
(0 0 -1.71107)
(0 0 -1.71108)
(0 0 -1.71109)
(0 0 -1.71109)
(0 0 -1.71109)
(0 0 -1.71109)
(0 0 -1.71109)
(0 0 -1.71109)
(0 0 -1.71109)
(0 0 -1.71109)
(0 0 -1.71109)
(0 0 -1.71109)
(0 0 -1.71109)
(0 0 -1.71109)
(0 0 -1.71109)
(0 0 -1.71109)
(0 0 -1.71109)
(0 0 -1.71109)
(0 0 -1.71109)
(0 0 -1.71109)
(0 0 -1.71109)
(0 0 -1.71109)
(0 0 -1.71109)
(0 0 -1.71109)
(0 0 -1.71109)
(0 0 -1.71109)
(0 0 -1.71109)
(0 0 -1.71109)
(0 0 -1.71109)
(0 0 -1.7111)
(0 0 -1.7111)
(0 0 -1.7111)
(0 0 -1.7111)
(0 0 -1.7111)
(0 0 -1.7111)
(0 0 -1.7111)
(0 0 -1.71109)
(0 0 -1.71109)
(0 0 -1.71108)
(0 0 -1.71107)
(0 0 -1.71105)
(0 0 -1.71102)
(0 0 -1.71098)
(0 0 -1.71092)
(0 0 -1.71084)
(0 0 -1.71072)
(0 0 -1.71055)
(0 0 -1.71033)
(0 0 -1.71003)
(0 0 -1.70964)
(0 0 -1.70915)
(0 0 -1.70852)
(0 0 -1.70771)
(0 0 -1.70668)
(0 0 -1.70606)
(0 0 -1.70694)
(0 0 -1.70325)
(0 0 -1.68323)
(0 0 -1.71799)
(0 0 -1.80472)
(0 0 -1.42934)
(0 0 -1.87554)
(0 0 18.8587)
(0 0 18.9575)
(0 0 14.6743)
(0 0 14.0413)
(0 0 12.0054)
(0 0 10.0866)
(0 0 8.63919)
(0 0 7.47658)
(0 0 6.51921)
(0 0 5.75483)
(0 0 5.1608)
(0 0 4.70773)
(0 0 4.36587)
(0 0 4.11151)
(0 0 3.92454)
(0 0 3.78875)
(0 0 3.69119)
(0 0 3.62186)
(0 0 3.57305)
(0 0 3.539)
(0 0 3.51543)
(0 0 3.49925)
(0 0 3.48822)
(0 0 3.48077)
(0 0 3.47575)
(0 0 3.4724)
(0 0 3.47018)
(0 0 3.46872)
(0 0 3.46775)
(0 0 3.46712)
(0 0 3.46672)
(0 0 3.46645)
(0 0 3.46628)
(0 0 3.46617)
(0 0 3.46611)
(0 0 3.46606)
(0 0 3.46603)
(0 0 3.46602)
(0 0 3.46601)
(0 0 3.466)
(0 0 3.466)
(0 0 3.46599)
(0 0 3.46599)
(0 0 3.46599)
(0 0 3.46599)
(0 0 3.46599)
(0 0 3.46599)
(0 0 3.46599)
(0 0 3.46599)
(0 0 3.46599)
(0 0 3.46599)
(0 0 3.46599)
(0 0 3.46599)
(0 0 3.46599)
(0 0 3.46599)
(0 0 3.46599)
(0 0 3.46599)
(0 0 3.46599)
(0 0 3.46599)
(0 0 3.46599)
(0 0 3.46599)
(0 0 3.46599)
(0 0 3.46599)
(0 0 3.46599)
(0 0 3.46599)
(0 0 3.46599)
(0 0 3.46599)
(0 0 3.46599)
(0 0 3.46599)
(0 0 3.46599)
(0 0 3.46599)
(0 0 3.46599)
(0 0 3.46599)
(0 0 3.46599)
(0 0 3.46599)
(0 0 3.46599)
(0 0 3.466)
(0 0 3.46601)
(0 0 3.46603)
(0 0 3.46605)
(0 0 3.46609)
(0 0 3.46614)
(0 0 3.46622)
(0 0 3.46632)
(0 0 3.46647)
(0 0 3.46668)
(0 0 3.46695)
(0 0 3.46731)
(0 0 3.46777)
(0 0 3.46834)
(0 0 3.46909)
(0 0 3.47007)
(0 0 3.47059)
(0 0 3.4692)
(0 0 3.47228)
(0 0 3.49423)
(0 0 3.45855)
(0 0 3.35854)
(0 0 3.75806)
(0 0 3.28069)
(0 0 19.8781)
(0 0 20.9954)
(0 0 17.9103)
(0 0 18.1658)
(0 0 16.594)
(0 0 15.0171)
(0 0 13.8352)
(0 0 12.8687)
(0 0 12.0515)
(0 0 11.3909)
(0 0 10.8755)
(0 0 10.482)
(0 0 10.1854)
(0 0 9.96502)
(0 0 9.80337)
(0 0 9.68625)
(0 0 9.60233)
(0 0 9.54284)
(0 0 9.50105)
(0 0 9.47196)
(0 0 9.45187)
(0 0 9.43811)
(0 0 9.42875)
(0 0 9.42243)
(0 0 9.41819)
(0 0 9.41536)
(0 0 9.41349)
(0 0 9.41225)
(0 0 9.41144)
(0 0 9.41091)
(0 0 9.41057)
(0 0 9.41035)
(0 0 9.41021)
(0 0 9.41012)
(0 0 9.41006)
(0 0 9.41002)
(0 0 9.41)
(0 0 9.40998)
(0 0 9.40998)
(0 0 9.40997)
(0 0 9.40997)
(0 0 9.40997)
(0 0 9.40997)
(0 0 9.40996)
(0 0 9.40996)
(0 0 9.40996)
(0 0 9.40996)
(0 0 9.40996)
(0 0 9.40997)
(0 0 9.40997)
(0 0 9.40997)
(0 0 9.40997)
(0 0 9.40997)
(0 0 9.40997)
(0 0 9.40997)
(0 0 9.40997)
(0 0 9.40997)
(0 0 9.40997)
(0 0 9.40997)
(0 0 9.40997)
(0 0 9.40996)
(0 0 9.40996)
(0 0 9.40996)
(0 0 9.40996)
(0 0 9.40996)
(0 0 9.40996)
(0 0 9.40996)
(0 0 9.40996)
(0 0 9.40996)
(0 0 9.40996)
(0 0 9.40996)
(0 0 9.40996)
(0 0 9.40996)
(0 0 9.40996)
(0 0 9.40996)
(0 0 9.40996)
(0 0 9.40997)
(0 0 9.40998)
(0 0 9.40999)
(0 0 9.41001)
(0 0 9.41004)
(0 0 9.41009)
(0 0 9.41015)
(0 0 9.41024)
(0 0 9.41037)
(0 0 9.41055)
(0 0 9.41078)
(0 0 9.41109)
(0 0 9.41148)
(0 0 9.41197)
(0 0 9.41262)
(0 0 9.41348)
(0 0 9.41381)
(0 0 9.41181)
(0 0 9.41435)
(0 0 9.43833)
(0 0 9.40132)
(0 0 9.28824)
(0 0 9.70556)
(0 0 9.21581)
(0 0 20.5541)
(0 0 22.4932)
(0 0 20.5591)
(0 0 21.7367)
(0 0 20.7072)
(0 0 19.535)
(0 0 18.6874)
(0 0 17.9696)
(0 0 17.3349)
(0 0 16.8109)
(0 0 16.3989)
(0 0 16.0832)
(0 0 15.845)
(0 0 15.6681)
(0 0 15.5385)
(0 0 15.4449)
(0 0 15.3779)
(0 0 15.3305)
(0 0 15.2974)
(0 0 15.2743)
(0 0 15.2585)
(0 0 15.2476)
(0 0 15.2402)
(0 0 15.2353)
(0 0 15.232)
(0 0 15.2297)
(0 0 15.2283)
(0 0 15.2273)
(0 0 15.2267)
(0 0 15.2263)
(0 0 15.226)
(0 0 15.2258)
(0 0 15.2257)
(0 0 15.2257)
(0 0 15.2256)
(0 0 15.2256)
(0 0 15.2256)
(0 0 15.2256)
(0 0 15.2255)
(0 0 15.2255)
(0 0 15.2255)
(0 0 15.2255)
(0 0 15.2255)
(0 0 15.2255)
(0 0 15.2255)
(0 0 15.2255)
(0 0 15.2255)
(0 0 15.2255)
(0 0 15.2255)
(0 0 15.2255)
(0 0 15.2255)
(0 0 15.2255)
(0 0 15.2255)
(0 0 15.2255)
(0 0 15.2255)
(0 0 15.2255)
(0 0 15.2255)
(0 0 15.2255)
(0 0 15.2255)
(0 0 15.2255)
(0 0 15.2255)
(0 0 15.2255)
(0 0 15.2255)
(0 0 15.2255)
(0 0 15.2255)
(0 0 15.2255)
(0 0 15.2255)
(0 0 15.2255)
(0 0 15.2255)
(0 0 15.2255)
(0 0 15.2255)
(0 0 15.2255)
(0 0 15.2255)
(0 0 15.2255)
(0 0 15.2255)
(0 0 15.2255)
(0 0 15.2255)
(0 0 15.2255)
(0 0 15.2256)
(0 0 15.2256)
(0 0 15.2256)
(0 0 15.2256)
(0 0 15.2257)
(0 0 15.2258)
(0 0 15.2259)
(0 0 15.226)
(0 0 15.2262)
(0 0 15.2264)
(0 0 15.2267)
(0 0 15.2271)
(0 0 15.2276)
(0 0 15.2283)
(0 0 15.2284)
(0 0 15.2258)
(0 0 15.2279)
(0 0 15.2538)
(0 0 15.2149)
(0 0 15.091)
(0 0 15.5228)
(0 0 15.0298)
(0 0 20.9474)
(0 0 23.4309)
(0 0 22.4432)
(0 0 24.4551)
(0 0 23.974)
(0 0 23.2283)
(0 0 22.7409)
(0 0 22.3)
(0 0 21.8742)
(0 0 21.5089)
(0 0 21.2168)
(0 0 20.992)
(0 0 20.8219)
(0 0 20.6954)
(0 0 20.6029)
(0 0 20.5362)
(0 0 20.4887)
(0 0 20.4552)
(0 0 20.4318)
(0 0 20.4156)
(0 0 20.4045)
(0 0 20.397)
(0 0 20.3918)
(0 0 20.3884)
(0 0 20.3861)
(0 0 20.3846)
(0 0 20.3836)
(0 0 20.3829)
(0 0 20.3825)
(0 0 20.3822)
(0 0 20.382)
(0 0 20.3819)
(0 0 20.3818)
(0 0 20.3818)
(0 0 20.3817)
(0 0 20.3817)
(0 0 20.3817)
(0 0 20.3817)
(0 0 20.3817)
(0 0 20.3817)
(0 0 20.3817)
(0 0 20.3817)
(0 0 20.3817)
(0 0 20.3817)
(0 0 20.3817)
(0 0 20.3817)
(0 0 20.3817)
(0 0 20.3817)
(0 0 20.3817)
(0 0 20.3817)
(0 0 20.3817)
(0 0 20.3817)
(0 0 20.3817)
(0 0 20.3817)
(0 0 20.3817)
(0 0 20.3817)
(0 0 20.3817)
(0 0 20.3817)
(0 0 20.3817)
(0 0 20.3817)
(0 0 20.3817)
(0 0 20.3817)
(0 0 20.3817)
(0 0 20.3817)
(0 0 20.3817)
(0 0 20.3817)
(0 0 20.3817)
(0 0 20.3817)
(0 0 20.3817)
(0 0 20.3817)
(0 0 20.3817)
(0 0 20.3817)
(0 0 20.3817)
(0 0 20.3817)
(0 0 20.3817)
(0 0 20.3817)
(0 0 20.3817)
(0 0 20.3817)
(0 0 20.3817)
(0 0 20.3817)
(0 0 20.3817)
(0 0 20.3818)
(0 0 20.3818)
(0 0 20.3818)
(0 0 20.3819)
(0 0 20.382)
(0 0 20.3821)
(0 0 20.3823)
(0 0 20.3825)
(0 0 20.3828)
(0 0 20.3831)
(0 0 20.3837)
(0 0 20.3835)
(0 0 20.3804)
(0 0 20.3822)
(0 0 20.4096)
(0 0 20.3687)
(0 0 20.2368)
(0 0 20.6808)
(0 0 20.188)
(0 0 21.1313)
(0 0 23.8922)
(0 0 23.5909)
(0 0 26.2819)
(0 0 26.2991)
(0 0 25.9634)
(0 0 25.8343)
(0 0 25.6787)
(0 0 25.4737)
(0 0 25.2782)
(0 0 25.1172)
(0 0 24.9915)
(0 0 24.8956)
(0 0 24.8243)
(0 0 24.7722)
(0 0 24.7349)
(0 0 24.7085)
(0 0 24.69)
(0 0 24.6772)
(0 0 24.6685)
(0 0 24.6625)
(0 0 24.6584)
(0 0 24.6557)
(0 0 24.6539)
(0 0 24.6527)
(0 0 24.6519)
(0 0 24.6514)
(0 0 24.6511)
(0 0 24.6508)
(0 0 24.6507)
(0 0 24.6506)
(0 0 24.6505)
(0 0 24.6505)
(0 0 24.6505)
(0 0 24.6505)
(0 0 24.6505)
(0 0 24.6505)
(0 0 24.6505)
(0 0 24.6505)
(0 0 24.6504)
(0 0 24.6504)
(0 0 24.6504)
(0 0 24.6504)
(0 0 24.6504)
(0 0 24.6504)
(0 0 24.6504)
(0 0 24.6504)
(0 0 24.6504)
(0 0 24.6504)
(0 0 24.6504)
(0 0 24.6505)
(0 0 24.6505)
(0 0 24.6505)
(0 0 24.6505)
(0 0 24.6505)
(0 0 24.6505)
(0 0 24.6505)
(0 0 24.6505)
(0 0 24.6504)
(0 0 24.6504)
(0 0 24.6504)
(0 0 24.6504)
(0 0 24.6504)
(0 0 24.6504)
(0 0 24.6504)
(0 0 24.6504)
(0 0 24.6504)
(0 0 24.6504)
(0 0 24.6504)
(0 0 24.6504)
(0 0 24.6504)
(0 0 24.6504)
(0 0 24.6504)
(0 0 24.6504)
(0 0 24.6504)
(0 0 24.6504)
(0 0 24.6504)
(0 0 24.6504)
(0 0 24.6504)
(0 0 24.6505)
(0 0 24.6505)
(0 0 24.6505)
(0 0 24.6505)
(0 0 24.6505)
(0 0 24.6506)
(0 0 24.6506)
(0 0 24.6507)
(0 0 24.6508)
(0 0 24.6509)
(0 0 24.651)
(0 0 24.6512)
(0 0 24.6516)
(0 0 24.6512)
(0 0 24.6475)
(0 0 24.6492)
(0 0 24.678)
(0 0 24.6351)
(0 0 24.4979)
(0 0 24.9524)
(0 0 24.4598)
(0 0 21.1747)
(0 0 24.0016)
(0 0 24.1365)
(0 0 27.3302)
(0 0 27.76)
(0 0 27.7936)
(0 0 28.0003)
(0 0 28.1223)
(0 0 28.1385)
(0 0 28.1167)
(0 0 28.0906)
(0 0 28.068)
(0 0 28.0496)
(0 0 28.0359)
(0 0 28.0261)
(0 0 28.0194)
(0 0 28.0151)
(0 0 28.0123)
(0 0 28.0105)
(0 0 28.0095)
(0 0 28.0088)
(0 0 28.0084)
(0 0 28.0082)
(0 0 28.0081)
(0 0 28.008)
(0 0 28.008)
(0 0 28.008)
(0 0 28.008)
(0 0 28.008)
(0 0 28.008)
(0 0 28.008)
(0 0 28.008)
(0 0 28.008)
(0 0 28.008)
(0 0 28.008)
(0 0 28.008)
(0 0 28.008)
(0 0 28.008)
(0 0 28.008)
(0 0 28.008)
(0 0 28.008)
(0 0 28.008)
(0 0 28.008)
(0 0 28.008)
(0 0 28.008)
(0 0 28.008)
(0 0 28.008)
(0 0 28.008)
(0 0 28.008)
(0 0 28.008)
(0 0 28.008)
(0 0 28.008)
(0 0 28.008)
(0 0 28.008)
(0 0 28.008)
(0 0 28.008)
(0 0 28.008)
(0 0 28.008)
(0 0 28.008)
(0 0 28.008)
(0 0 28.008)
(0 0 28.008)
(0 0 28.008)
(0 0 28.008)
(0 0 28.008)
(0 0 28.008)
(0 0 28.008)
(0 0 28.008)
(0 0 28.008)
(0 0 28.008)
(0 0 28.008)
(0 0 28.008)
(0 0 28.008)
(0 0 28.008)
(0 0 28.008)
(0 0 28.008)
(0 0 28.008)
(0 0 28.008)
(0 0 28.008)
(0 0 28.008)
(0 0 28.008)
(0 0 28.008)
(0 0 28.008)
(0 0 28.008)
(0 0 28.008)
(0 0 28.008)
(0 0 28.008)
(0 0 28.008)
(0 0 28.008)
(0 0 28.008)
(0 0 28.0081)
(0 0 28.0083)
(0 0 28.0076)
(0 0 28.0036)
(0 0 28.0052)
(0 0 28.0351)
(0 0 27.9905)
(0 0 27.8504)
(0 0 28.3135)
(0 0 27.8201)
(0 0 21.1344)
(0 0 23.8831)
(0 0 24.2472)
(0 0 27.7766)
(0 0 28.5232)
(0 0 28.869)
(0 0 29.3742)
(0 0 29.756)
(0 0 29.9847)
(0 0 30.1332)
(0 0 30.2409)
(0 0 30.3214)
(0 0 30.381)
(0 0 30.4253)
(0 0 30.4582)
(0 0 30.4825)
(0 0 30.5004)
(0 0 30.5134)
(0 0 30.5228)
(0 0 30.5295)
(0 0 30.5342)
(0 0 30.5375)
(0 0 30.5398)
(0 0 30.5414)
(0 0 30.5425)
(0 0 30.5432)
(0 0 30.5437)
(0 0 30.544)
(0 0 30.5442)
(0 0 30.5444)
(0 0 30.5444)
(0 0 30.5445)
(0 0 30.5445)
(0 0 30.5446)
(0 0 30.5446)
(0 0 30.5446)
(0 0 30.5446)
(0 0 30.5446)
(0 0 30.5446)
(0 0 30.5446)
(0 0 30.5446)
(0 0 30.5446)
(0 0 30.5446)
(0 0 30.5446)
(0 0 30.5446)
(0 0 30.5446)
(0 0 30.5446)
(0 0 30.5446)
(0 0 30.5446)
(0 0 30.5446)
(0 0 30.5446)
(0 0 30.5446)
(0 0 30.5446)
(0 0 30.5446)
(0 0 30.5446)
(0 0 30.5446)
(0 0 30.5446)
(0 0 30.5446)
(0 0 30.5446)
(0 0 30.5446)
(0 0 30.5446)
(0 0 30.5446)
(0 0 30.5446)
(0 0 30.5446)
(0 0 30.5446)
(0 0 30.5446)
(0 0 30.5446)
(0 0 30.5446)
(0 0 30.5446)
(0 0 30.5446)
(0 0 30.5446)
(0 0 30.5446)
(0 0 30.5446)
(0 0 30.5446)
(0 0 30.5446)
(0 0 30.5446)
(0 0 30.5446)
(0 0 30.5446)
(0 0 30.5446)
(0 0 30.5446)
(0 0 30.5446)
(0 0 30.5446)
(0 0 30.5446)
(0 0 30.5445)
(0 0 30.5445)
(0 0 30.5445)
(0 0 30.5444)
(0 0 30.5443)
(0 0 30.5442)
(0 0 30.5441)
(0 0 30.544)
(0 0 30.5441)
(0 0 30.5432)
(0 0 30.5389)
(0 0 30.5405)
(0 0 30.5716)
(0 0 30.5255)
(0 0 30.3841)
(0 0 30.8542)
(0 0 30.3587)
(0 0 21.0516)
(0 0 23.6392)
(0 0 24.079)
(0 0 27.8048)
(0 0 28.7765)
(0 0 29.3719)
(0 0 30.1331)
(0 0 30.7478)
(0 0 31.1735)
(0 0 31.4831)
(0 0 31.7193)
(0 0 31.8995)
(0 0 32.035)
(0 0 32.1359)
(0 0 32.2105)
(0 0 32.2652)
(0 0 32.3048)
(0 0 32.3333)
(0 0 32.3536)
(0 0 32.3679)
(0 0 32.3778)
(0 0 32.3847)
(0 0 32.3895)
(0 0 32.3927)
(0 0 32.3949)
(0 0 32.3964)
(0 0 32.3973)
(0 0 32.398)
(0 0 32.3984)
(0 0 32.3987)
(0 0 32.3989)
(0 0 32.399)
(0 0 32.3991)
(0 0 32.3991)
(0 0 32.3992)
(0 0 32.3992)
(0 0 32.3992)
(0 0 32.3992)
(0 0 32.3992)
(0 0 32.3992)
(0 0 32.3992)
(0 0 32.3992)
(0 0 32.3992)
(0 0 32.3992)
(0 0 32.3992)
(0 0 32.3992)
(0 0 32.3992)
(0 0 32.3992)
(0 0 32.3992)
(0 0 32.3992)
(0 0 32.3992)
(0 0 32.3992)
(0 0 32.3992)
(0 0 32.3992)
(0 0 32.3992)
(0 0 32.3992)
(0 0 32.3992)
(0 0 32.3992)
(0 0 32.3992)
(0 0 32.3992)
(0 0 32.3992)
(0 0 32.3992)
(0 0 32.3992)
(0 0 32.3992)
(0 0 32.3992)
(0 0 32.3992)
(0 0 32.3992)
(0 0 32.3992)
(0 0 32.3992)
(0 0 32.3992)
(0 0 32.3992)
(0 0 32.3992)
(0 0 32.3992)
(0 0 32.3992)
(0 0 32.3992)
(0 0 32.3992)
(0 0 32.3992)
(0 0 32.3992)
(0 0 32.3992)
(0 0 32.3992)
(0 0 32.3992)
(0 0 32.3991)
(0 0 32.3991)
(0 0 32.399)
(0 0 32.399)
(0 0 32.3989)
(0 0 32.3988)
(0 0 32.3986)
(0 0 32.3984)
(0 0 32.3982)
(0 0 32.398)
(0 0 32.3979)
(0 0 32.3969)
(0 0 32.3923)
(0 0 32.3941)
(0 0 32.4261)
(0 0 32.379)
(0 0 32.2373)
(0 0 32.7128)
(0 0 32.2143)
(0 0 20.954)
(0 0 23.3451)
(0 0 23.761)
(0 0 27.5765)
(0 0 28.6939)
(0 0 29.4789)
(0 0 30.4514)
(0 0 31.2682)
(0 0 31.8705)
(0 0 32.3278)
(0 0 32.6833)
(0 0 32.9569)
(0 0 33.1638)
(0 0 33.3184)
(0 0 33.4325)
(0 0 33.5159)
(0 0 33.5762)
(0 0 33.6193)
(0 0 33.6499)
(0 0 33.6714)
(0 0 33.6863)
(0 0 33.6966)
(0 0 33.7037)
(0 0 33.7085)
(0 0 33.7117)
(0 0 33.7139)
(0 0 33.7154)
(0 0 33.7163)
(0 0 33.7169)
(0 0 33.7174)
(0 0 33.7176)
(0 0 33.7178)
(0 0 33.7179)
(0 0 33.718)
(0 0 33.718)
(0 0 33.7181)
(0 0 33.7181)
(0 0 33.7181)
(0 0 33.7181)
(0 0 33.7181)
(0 0 33.7181)
(0 0 33.7181)
(0 0 33.7181)
(0 0 33.7181)
(0 0 33.7181)
(0 0 33.7181)
(0 0 33.7181)
(0 0 33.7181)
(0 0 33.7181)
(0 0 33.7181)
(0 0 33.7181)
(0 0 33.7181)
(0 0 33.7181)
(0 0 33.7181)
(0 0 33.7181)
(0 0 33.7181)
(0 0 33.7181)
(0 0 33.7181)
(0 0 33.7181)
(0 0 33.7181)
(0 0 33.7181)
(0 0 33.7181)
(0 0 33.7181)
(0 0 33.7181)
(0 0 33.7181)
(0 0 33.7181)
(0 0 33.7181)
(0 0 33.7181)
(0 0 33.7181)
(0 0 33.7181)
(0 0 33.7181)
(0 0 33.7181)
(0 0 33.7181)
(0 0 33.7181)
(0 0 33.7181)
(0 0 33.7181)
(0 0 33.7181)
(0 0 33.7181)
(0 0 33.7181)
(0 0 33.7181)
(0 0 33.718)
(0 0 33.718)
(0 0 33.7179)
(0 0 33.7179)
(0 0 33.7178)
(0 0 33.7177)
(0 0 33.7175)
(0 0 33.7173)
(0 0 33.717)
(0 0 33.7166)
(0 0 33.7163)
(0 0 33.7161)
(0 0 33.715)
(0 0 33.7102)
(0 0 33.7123)
(0 0 33.7451)
(0 0 33.6972)
(0 0 33.5559)
(0 0 34.0354)
(0 0 33.5335)
(0 0 20.8582)
(0 0 23.0506)
(0 0 23.3864)
(0 0 27.2187)
(0 0 28.4195)
(0 0 29.3413)
(0 0 30.482)
(0 0 31.4685)
(0 0 32.2241)
(0 0 32.8123)
(0 0 33.2749)
(0 0 33.6331)
(0 0 33.9051)
(0 0 34.1086)
(0 0 34.2589)
(0 0 34.3686)
(0 0 34.4479)
(0 0 34.5045)
(0 0 34.5445)
(0 0 34.5726)
(0 0 34.5921)
(0 0 34.6055)
(0 0 34.6147)
(0 0 34.6209)
(0 0 34.6251)
(0 0 34.6279)
(0 0 34.6298)
(0 0 34.631)
(0 0 34.6319)
(0 0 34.6324)
(0 0 34.6327)
(0 0 34.633)
(0 0 34.6331)
(0 0 34.6332)
(0 0 34.6333)
(0 0 34.6333)
(0 0 34.6333)
(0 0 34.6333)
(0 0 34.6333)
(0 0 34.6334)
(0 0 34.6334)
(0 0 34.6334)
(0 0 34.6334)
(0 0 34.6334)
(0 0 34.6334)
(0 0 34.6334)
(0 0 34.6334)
(0 0 34.6334)
(0 0 34.6334)
(0 0 34.6334)
(0 0 34.6334)
(0 0 34.6334)
(0 0 34.6334)
(0 0 34.6334)
(0 0 34.6334)
(0 0 34.6334)
(0 0 34.6334)
(0 0 34.6334)
(0 0 34.6334)
(0 0 34.6334)
(0 0 34.6334)
(0 0 34.6334)
(0 0 34.6334)
(0 0 34.6334)
(0 0 34.6334)
(0 0 34.6334)
(0 0 34.6334)
(0 0 34.6334)
(0 0 34.6334)
(0 0 34.6334)
(0 0 34.6334)
(0 0 34.6334)
(0 0 34.6334)
(0 0 34.6334)
(0 0 34.6334)
(0 0 34.6333)
(0 0 34.6333)
(0 0 34.6333)
(0 0 34.6333)
(0 0 34.6333)
(0 0 34.6333)
(0 0 34.6332)
(0 0 34.6331)
(0 0 34.6331)
(0 0 34.6329)
(0 0 34.6328)
(0 0 34.6325)
(0 0 34.6323)
(0 0 34.6319)
(0 0 34.6314)
(0 0 34.631)
(0 0 34.6308)
(0 0 34.6295)
(0 0 34.6246)
(0 0 34.627)
(0 0 34.6605)
(0 0 34.6121)
(0 0 34.4714)
(0 0 34.9539)
(0 0 34.4486)
(0 0 20.7734)
(0 0 22.7854)
(0 0 23.0182)
(0 0 26.8238)
(0 0 28.0634)
(0 0 29.0788)
(0 0 30.3486)
(0 0 31.4727)
(0 0 32.3567)
(0 0 33.0565)
(0 0 33.6116)
(0 0 34.0435)
(0 0 34.3724)
(0 0 34.6188)
(0 0 34.801)
(0 0 34.9339)
(0 0 35.0298)
(0 0 35.0983)
(0 0 35.1467)
(0 0 35.1805)
(0 0 35.204)
(0 0 35.2202)
(0 0 35.2313)
(0 0 35.2388)
(0 0 35.2438)
(0 0 35.2472)
(0 0 35.2494)
(0 0 35.2509)
(0 0 35.2519)
(0 0 35.2525)
(0 0 35.253)
(0 0 35.2532)
(0 0 35.2534)
(0 0 35.2535)
(0 0 35.2536)
(0 0 35.2536)
(0 0 35.2537)
(0 0 35.2537)
(0 0 35.2537)
(0 0 35.2537)
(0 0 35.2537)
(0 0 35.2537)
(0 0 35.2537)
(0 0 35.2537)
(0 0 35.2537)
(0 0 35.2537)
(0 0 35.2537)
(0 0 35.2537)
(0 0 35.2537)
(0 0 35.2537)
(0 0 35.2537)
(0 0 35.2537)
(0 0 35.2537)
(0 0 35.2537)
(0 0 35.2537)
(0 0 35.2537)
(0 0 35.2537)
(0 0 35.2537)
(0 0 35.2537)
(0 0 35.2537)
(0 0 35.2537)
(0 0 35.2537)
(0 0 35.2537)
(0 0 35.2537)
(0 0 35.2537)
(0 0 35.2537)
(0 0 35.2537)
(0 0 35.2537)
(0 0 35.2537)
(0 0 35.2537)
(0 0 35.2537)
(0 0 35.2537)
(0 0 35.2537)
(0 0 35.2537)
(0 0 35.2537)
(0 0 35.2537)
(0 0 35.2537)
(0 0 35.2537)
(0 0 35.2536)
(0 0 35.2536)
(0 0 35.2536)
(0 0 35.2535)
(0 0 35.2534)
(0 0 35.2533)
(0 0 35.2532)
(0 0 35.253)
(0 0 35.2527)
(0 0 35.2524)
(0 0 35.2519)
(0 0 35.2514)
(0 0 35.2509)
(0 0 35.2506)
(0 0 35.2492)
(0 0 35.2443)
(0 0 35.247)
(0 0 35.2811)
(0 0 35.2324)
(0 0 35.0924)
(0 0 35.577)
(0 0 35.0685)
(0 0 20.7038)
(0 0 22.5654)
(0 0 22.6957)
(0 0 26.4545)
(0 0 27.7047)
(0 0 28.7806)
(0 0 30.1456)
(0 0 31.3765)
(0 0 32.363)
(0 0 33.1536)
(0 0 33.7848)
(0 0 34.2776)
(0 0 34.6539)
(0 0 34.9362)
(0 0 35.1449)
(0 0 35.2972)
(0 0 35.4071)
(0 0 35.4854)
(0 0 35.5408)
(0 0 35.5795)
(0 0 35.6064)
(0 0 35.6249)
(0 0 35.6375)
(0 0 35.646)
(0 0 35.6518)
(0 0 35.6556)
(0 0 35.6582)
(0 0 35.6599)
(0 0 35.661)
(0 0 35.6617)
(0 0 35.6622)
(0 0 35.6625)
(0 0 35.6627)
(0 0 35.6628)
(0 0 35.6629)
(0 0 35.663)
(0 0 35.663)
(0 0 35.663)
(0 0 35.663)
(0 0 35.663)
(0 0 35.663)
(0 0 35.663)
(0 0 35.6631)
(0 0 35.6631)
(0 0 35.6631)
(0 0 35.6631)
(0 0 35.6631)
(0 0 35.6631)
(0 0 35.6631)
(0 0 35.6631)
(0 0 35.6631)
(0 0 35.6631)
(0 0 35.6631)
(0 0 35.6631)
(0 0 35.6631)
(0 0 35.6631)
(0 0 35.6631)
(0 0 35.6631)
(0 0 35.6631)
(0 0 35.6631)
(0 0 35.6631)
(0 0 35.6631)
(0 0 35.6631)
(0 0 35.6631)
(0 0 35.6631)
(0 0 35.6631)
(0 0 35.6631)
(0 0 35.6631)
(0 0 35.6631)
(0 0 35.6631)
(0 0 35.6631)
(0 0 35.663)
(0 0 35.663)
(0 0 35.663)
(0 0 35.663)
(0 0 35.663)
(0 0 35.663)
(0 0 35.663)
(0 0 35.663)
(0 0 35.663)
(0 0 35.6629)
(0 0 35.6628)
(0 0 35.6628)
(0 0 35.6626)
(0 0 35.6625)
(0 0 35.6622)
(0 0 35.6619)
(0 0 35.6615)
(0 0 35.661)
(0 0 35.6604)
(0 0 35.6599)
(0 0 35.6595)
(0 0 35.6581)
(0 0 35.6532)
(0 0 35.6562)
(0 0 35.6907)
(0 0 35.6418)
(0 0 35.5024)
(0 0 35.9884)
(0 0 35.4773)
(0 0 20.6509)
(0 0 22.3976)
(0 0 22.4415)
(0 0 26.1512)
(0 0 27.397)
(0 0 28.5094)
(0 0 29.9407)
(0 0 31.2496)
(0 0 32.3128)
(0 0 33.1723)
(0 0 33.8617)
(0 0 34.4015)
(0 0 34.8144)
(0 0 35.1244)
(0 0 35.3537)
(0 0 35.521)
(0 0 35.6417)
(0 0 35.7278)
(0 0 35.7886)
(0 0 35.8311)
(0 0 35.8605)
(0 0 35.8808)
(0 0 35.8946)
(0 0 35.904)
(0 0 35.9103)
(0 0 35.9145)
(0 0 35.9173)
(0 0 35.9192)
(0 0 35.9204)
(0 0 35.9212)
(0 0 35.9217)
(0 0 35.922)
(0 0 35.9222)
(0 0 35.9224)
(0 0 35.9225)
(0 0 35.9225)
(0 0 35.9226)
(0 0 35.9226)
(0 0 35.9226)
(0 0 35.9226)
(0 0 35.9226)
(0 0 35.9226)
(0 0 35.9226)
(0 0 35.9226)
(0 0 35.9226)
(0 0 35.9226)
(0 0 35.9226)
(0 0 35.9226)
(0 0 35.9226)
(0 0 35.9226)
(0 0 35.9226)
(0 0 35.9226)
(0 0 35.9226)
(0 0 35.9226)
(0 0 35.9226)
(0 0 35.9226)
(0 0 35.9226)
(0 0 35.9226)
(0 0 35.9226)
(0 0 35.9226)
(0 0 35.9226)
(0 0 35.9226)
(0 0 35.9226)
(0 0 35.9226)
(0 0 35.9226)
(0 0 35.9226)
(0 0 35.9226)
(0 0 35.9226)
(0 0 35.9226)
(0 0 35.9226)
(0 0 35.9226)
(0 0 35.9226)
(0 0 35.9226)
(0 0 35.9226)
(0 0 35.9226)
(0 0 35.9226)
(0 0 35.9226)
(0 0 35.9226)
(0 0 35.9226)
(0 0 35.9225)
(0 0 35.9225)
(0 0 35.9224)
(0 0 35.9223)
(0 0 35.9222)
(0 0 35.922)
(0 0 35.9217)
(0 0 35.9214)
(0 0 35.921)
(0 0 35.9204)
(0 0 35.9198)
(0 0 35.9192)
(0 0 35.9187)
(0 0 35.9173)
(0 0 35.9124)
(0 0 35.9156)
(0 0 35.9506)
(0 0 35.9015)
(0 0 35.7626)
(0 0 36.2495)
(0 0 35.7363)
(0 0 20.6151)
(0 0 22.2844)
(0 0 22.2677)
(0 0 25.9381)
(0 0 27.1747)
(0 0 28.3072)
(0 0 29.7803)
(0 0 31.14)
(0 0 32.2543)
(0 0 33.1601)
(0 0 33.8889)
(0 0 34.4606)
(0 0 34.8984)
(0 0 35.2273)
(0 0 35.4707)
(0 0 35.6483)
(0 0 35.7764)
(0 0 35.8677)
(0 0 35.9322)
(0 0 35.9773)
(0 0 36.0085)
(0 0 36.03)
(0 0 36.0447)
(0 0 36.0546)
(0 0 36.0613)
(0 0 36.0657)
(0 0 36.0687)
(0 0 36.0707)
(0 0 36.0719)
(0 0 36.0728)
(0 0 36.0733)
(0 0 36.0737)
(0 0 36.0739)
(0 0 36.0741)
(0 0 36.0742)
(0 0 36.0742)
(0 0 36.0743)
(0 0 36.0743)
(0 0 36.0743)
(0 0 36.0743)
(0 0 36.0743)
(0 0 36.0743)
(0 0 36.0743)
(0 0 36.0743)
(0 0 36.0743)
(0 0 36.0743)
(0 0 36.0743)
(0 0 36.0743)
(0 0 36.0743)
(0 0 36.0743)
(0 0 36.0743)
(0 0 36.0743)
(0 0 36.0743)
(0 0 36.0743)
(0 0 36.0743)
(0 0 36.0743)
(0 0 36.0743)
(0 0 36.0743)
(0 0 36.0743)
(0 0 36.0743)
(0 0 36.0743)
(0 0 36.0743)
(0 0 36.0743)
(0 0 36.0743)
(0 0 36.0743)
(0 0 36.0743)
(0 0 36.0743)
(0 0 36.0743)
(0 0 36.0743)
(0 0 36.0743)
(0 0 36.0743)
(0 0 36.0743)
(0 0 36.0743)
(0 0 36.0743)
(0 0 36.0743)
(0 0 36.0743)
(0 0 36.0743)
(0 0 36.0743)
(0 0 36.0742)
(0 0 36.0742)
(0 0 36.0742)
(0 0 36.0741)
(0 0 36.074)
(0 0 36.0738)
(0 0 36.0736)
(0 0 36.0734)
(0 0 36.073)
(0 0 36.0726)
(0 0 36.072)
(0 0 36.0713)
(0 0 36.0707)
(0 0 36.0702)
(0 0 36.0688)
(0 0 36.0639)
(0 0 36.0672)
(0 0 36.1024)
(0 0 36.0534)
(0 0 35.9148)
(0 0 36.4021)
(0 0 35.8876)
(0 0 20.5968)
(0 0 22.2274)
(0 0 22.1799)
(0 0 25.8287)
(0 0 27.0588)
(0 0 28.2001)
(0 0 29.6932)
(0 0 31.0781)
(0 0 32.2178)
(0 0 33.1469)
(0 0 33.8955)
(0 0 34.4834)
(0 0 34.9338)
(0 0 35.2723)
(0 0 35.5228)
(0 0 35.7056)
(0 0 35.8374)
(0 0 35.9314)
(0 0 35.9978)
(0 0 36.0442)
(0 0 36.0763)
(0 0 36.0984)
(0 0 36.1135)
(0 0 36.1237)
(0 0 36.1306)
(0 0 36.1352)
(0 0 36.1382)
(0 0 36.1403)
(0 0 36.1416)
(0 0 36.1424)
(0 0 36.143)
(0 0 36.1434)
(0 0 36.1436)
(0 0 36.1438)
(0 0 36.1439)
(0 0 36.1439)
(0 0 36.144)
(0 0 36.144)
(0 0 36.144)
(0 0 36.144)
(0 0 36.144)
(0 0 36.144)
(0 0 36.144)
(0 0 36.144)
(0 0 36.144)
(0 0 36.144)
(0 0 36.144)
(0 0 36.144)
(0 0 36.144)
(0 0 36.144)
(0 0 36.144)
(0 0 36.144)
(0 0 36.144)
(0 0 36.144)
(0 0 36.144)
(0 0 36.144)
(0 0 36.144)
(0 0 36.144)
(0 0 36.144)
(0 0 36.144)
(0 0 36.144)
(0 0 36.144)
(0 0 36.144)
(0 0 36.144)
(0 0 36.144)
(0 0 36.144)
(0 0 36.144)
(0 0 36.144)
(0 0 36.144)
(0 0 36.144)
(0 0 36.144)
(0 0 36.144)
(0 0 36.144)
(0 0 36.144)
(0 0 36.144)
(0 0 36.144)
(0 0 36.144)
(0 0 36.144)
(0 0 36.1439)
(0 0 36.1439)
(0 0 36.1439)
(0 0 36.1438)
(0 0 36.1437)
(0 0 36.1435)
(0 0 36.1433)
(0 0 36.1431)
(0 0 36.1427)
(0 0 36.1422)
(0 0 36.1416)
(0 0 36.1409)
(0 0 36.1403)
(0 0 36.1398)
(0 0 36.1384)
(0 0 36.1335)
(0 0 36.1369)
(0 0 36.1722)
(0 0 36.1231)
(0 0 35.9847)
(0 0 36.4723)
(0 0 35.9571)
(0 0 20.5968)
(0 0 22.2274)
(0 0 22.1799)
(0 0 25.8287)
(0 0 27.0588)
(0 0 28.2001)
(0 0 29.6932)
(0 0 31.0781)
(0 0 32.2178)
(0 0 33.1469)
(0 0 33.8955)
(0 0 34.4834)
(0 0 34.9338)
(0 0 35.2723)
(0 0 35.5228)
(0 0 35.7056)
(0 0 35.8374)
(0 0 35.9314)
(0 0 35.9978)
(0 0 36.0442)
(0 0 36.0763)
(0 0 36.0984)
(0 0 36.1135)
(0 0 36.1237)
(0 0 36.1306)
(0 0 36.1352)
(0 0 36.1382)
(0 0 36.1403)
(0 0 36.1416)
(0 0 36.1424)
(0 0 36.143)
(0 0 36.1434)
(0 0 36.1436)
(0 0 36.1438)
(0 0 36.1439)
(0 0 36.1439)
(0 0 36.144)
(0 0 36.144)
(0 0 36.144)
(0 0 36.144)
(0 0 36.144)
(0 0 36.144)
(0 0 36.144)
(0 0 36.144)
(0 0 36.144)
(0 0 36.144)
(0 0 36.144)
(0 0 36.144)
(0 0 36.144)
(0 0 36.144)
(0 0 36.144)
(0 0 36.144)
(0 0 36.144)
(0 0 36.144)
(0 0 36.144)
(0 0 36.144)
(0 0 36.144)
(0 0 36.144)
(0 0 36.144)
(0 0 36.144)
(0 0 36.144)
(0 0 36.144)
(0 0 36.144)
(0 0 36.144)
(0 0 36.144)
(0 0 36.144)
(0 0 36.144)
(0 0 36.144)
(0 0 36.144)
(0 0 36.144)
(0 0 36.144)
(0 0 36.144)
(0 0 36.144)
(0 0 36.144)
(0 0 36.144)
(0 0 36.144)
(0 0 36.144)
(0 0 36.144)
(0 0 36.1439)
(0 0 36.1439)
(0 0 36.1439)
(0 0 36.1438)
(0 0 36.1437)
(0 0 36.1435)
(0 0 36.1433)
(0 0 36.1431)
(0 0 36.1427)
(0 0 36.1422)
(0 0 36.1416)
(0 0 36.1409)
(0 0 36.1403)
(0 0 36.1398)
(0 0 36.1384)
(0 0 36.1335)
(0 0 36.1369)
(0 0 36.1722)
(0 0 36.1231)
(0 0 35.9847)
(0 0 36.4723)
(0 0 35.9571)
(0 0 20.6151)
(0 0 22.2844)
(0 0 22.2677)
(0 0 25.9381)
(0 0 27.1747)
(0 0 28.3073)
(0 0 29.7803)
(0 0 31.14)
(0 0 32.2543)
(0 0 33.1601)
(0 0 33.8889)
(0 0 34.4606)
(0 0 34.8984)
(0 0 35.2273)
(0 0 35.4707)
(0 0 35.6483)
(0 0 35.7764)
(0 0 35.8677)
(0 0 35.9322)
(0 0 35.9773)
(0 0 36.0085)
(0 0 36.03)
(0 0 36.0447)
(0 0 36.0546)
(0 0 36.0613)
(0 0 36.0657)
(0 0 36.0687)
(0 0 36.0707)
(0 0 36.0719)
(0 0 36.0728)
(0 0 36.0733)
(0 0 36.0737)
(0 0 36.0739)
(0 0 36.0741)
(0 0 36.0742)
(0 0 36.0742)
(0 0 36.0743)
(0 0 36.0743)
(0 0 36.0743)
(0 0 36.0743)
(0 0 36.0743)
(0 0 36.0743)
(0 0 36.0743)
(0 0 36.0743)
(0 0 36.0743)
(0 0 36.0743)
(0 0 36.0743)
(0 0 36.0743)
(0 0 36.0743)
(0 0 36.0743)
(0 0 36.0743)
(0 0 36.0743)
(0 0 36.0743)
(0 0 36.0743)
(0 0 36.0743)
(0 0 36.0743)
(0 0 36.0743)
(0 0 36.0743)
(0 0 36.0743)
(0 0 36.0743)
(0 0 36.0743)
(0 0 36.0743)
(0 0 36.0743)
(0 0 36.0743)
(0 0 36.0743)
(0 0 36.0743)
(0 0 36.0743)
(0 0 36.0743)
(0 0 36.0743)
(0 0 36.0743)
(0 0 36.0743)
(0 0 36.0743)
(0 0 36.0743)
(0 0 36.0743)
(0 0 36.0743)
(0 0 36.0743)
(0 0 36.0743)
(0 0 36.0743)
(0 0 36.0743)
(0 0 36.0742)
(0 0 36.0742)
(0 0 36.0741)
(0 0 36.074)
(0 0 36.0738)
(0 0 36.0737)
(0 0 36.0734)
(0 0 36.073)
(0 0 36.0726)
(0 0 36.072)
(0 0 36.0713)
(0 0 36.0707)
(0 0 36.0702)
(0 0 36.0688)
(0 0 36.0639)
(0 0 36.0673)
(0 0 36.1025)
(0 0 36.0534)
(0 0 35.9148)
(0 0 36.4021)
(0 0 35.8876)
(0 0 20.6509)
(0 0 22.3976)
(0 0 22.4415)
(0 0 26.1512)
(0 0 27.397)
(0 0 28.5095)
(0 0 29.9408)
(0 0 31.2496)
(0 0 32.3128)
(0 0 33.1723)
(0 0 33.8617)
(0 0 34.4015)
(0 0 34.8144)
(0 0 35.1244)
(0 0 35.3537)
(0 0 35.521)
(0 0 35.6417)
(0 0 35.7278)
(0 0 35.7886)
(0 0 35.8311)
(0 0 35.8605)
(0 0 35.8808)
(0 0 35.8946)
(0 0 35.904)
(0 0 35.9103)
(0 0 35.9145)
(0 0 35.9173)
(0 0 35.9192)
(0 0 35.9204)
(0 0 35.9212)
(0 0 35.9217)
(0 0 35.922)
(0 0 35.9222)
(0 0 35.9224)
(0 0 35.9225)
(0 0 35.9225)
(0 0 35.9226)
(0 0 35.9226)
(0 0 35.9226)
(0 0 35.9226)
(0 0 35.9226)
(0 0 35.9226)
(0 0 35.9226)
(0 0 35.9226)
(0 0 35.9226)
(0 0 35.9226)
(0 0 35.9226)
(0 0 35.9226)
(0 0 35.9226)
(0 0 35.9226)
(0 0 35.9226)
(0 0 35.9226)
(0 0 35.9226)
(0 0 35.9226)
(0 0 35.9226)
(0 0 35.9226)
(0 0 35.9226)
(0 0 35.9226)
(0 0 35.9226)
(0 0 35.9226)
(0 0 35.9226)
(0 0 35.9226)
(0 0 35.9226)
(0 0 35.9226)
(0 0 35.9226)
(0 0 35.9226)
(0 0 35.9226)
(0 0 35.9226)
(0 0 35.9226)
(0 0 35.9226)
(0 0 35.9226)
(0 0 35.9226)
(0 0 35.9226)
(0 0 35.9226)
(0 0 35.9226)
(0 0 35.9226)
(0 0 35.9226)
(0 0 35.9226)
(0 0 35.9226)
(0 0 35.9225)
(0 0 35.9225)
(0 0 35.9224)
(0 0 35.9223)
(0 0 35.9222)
(0 0 35.922)
(0 0 35.9217)
(0 0 35.9214)
(0 0 35.921)
(0 0 35.9204)
(0 0 35.9198)
(0 0 35.9192)
(0 0 35.9188)
(0 0 35.9173)
(0 0 35.9124)
(0 0 35.9156)
(0 0 35.9506)
(0 0 35.9016)
(0 0 35.7627)
(0 0 36.2495)
(0 0 35.7363)
(0 0 20.7037)
(0 0 22.5654)
(0 0 22.6957)
(0 0 26.4545)
(0 0 27.7048)
(0 0 28.7807)
(0 0 30.1457)
(0 0 31.3765)
(0 0 32.363)
(0 0 33.1536)
(0 0 33.7848)
(0 0 34.2777)
(0 0 34.654)
(0 0 34.9362)
(0 0 35.1449)
(0 0 35.2972)
(0 0 35.4071)
(0 0 35.4854)
(0 0 35.5408)
(0 0 35.5795)
(0 0 35.6064)
(0 0 35.6249)
(0 0 35.6375)
(0 0 35.646)
(0 0 35.6518)
(0 0 35.6556)
(0 0 35.6582)
(0 0 35.6599)
(0 0 35.661)
(0 0 35.6617)
(0 0 35.6622)
(0 0 35.6625)
(0 0 35.6627)
(0 0 35.6628)
(0 0 35.6629)
(0 0 35.663)
(0 0 35.663)
(0 0 35.663)
(0 0 35.663)
(0 0 35.663)
(0 0 35.663)
(0 0 35.6631)
(0 0 35.6631)
(0 0 35.6631)
(0 0 35.6631)
(0 0 35.6631)
(0 0 35.6631)
(0 0 35.6631)
(0 0 35.6631)
(0 0 35.6631)
(0 0 35.6631)
(0 0 35.6631)
(0 0 35.6631)
(0 0 35.6631)
(0 0 35.6631)
(0 0 35.6631)
(0 0 35.6631)
(0 0 35.6631)
(0 0 35.6631)
(0 0 35.6631)
(0 0 35.6631)
(0 0 35.6631)
(0 0 35.6631)
(0 0 35.6631)
(0 0 35.6631)
(0 0 35.6631)
(0 0 35.6631)
(0 0 35.6631)
(0 0 35.6631)
(0 0 35.6631)
(0 0 35.6631)
(0 0 35.6631)
(0 0 35.6631)
(0 0 35.6631)
(0 0 35.663)
(0 0 35.663)
(0 0 35.663)
(0 0 35.663)
(0 0 35.663)
(0 0 35.663)
(0 0 35.6629)
(0 0 35.6629)
(0 0 35.6628)
(0 0 35.6627)
(0 0 35.6625)
(0 0 35.6623)
(0 0 35.662)
(0 0 35.6616)
(0 0 35.6611)
(0 0 35.6605)
(0 0 35.6599)
(0 0 35.6595)
(0 0 35.6581)
(0 0 35.6532)
(0 0 35.6562)
(0 0 35.6908)
(0 0 35.6419)
(0 0 35.5025)
(0 0 35.9884)
(0 0 35.4773)
(0 0 20.7734)
(0 0 22.7854)
(0 0 23.0182)
(0 0 26.8238)
(0 0 28.0635)
(0 0 29.079)
(0 0 30.3488)
(0 0 31.4728)
(0 0 32.3567)
(0 0 33.0565)
(0 0 33.6116)
(0 0 34.0435)
(0 0 34.3724)
(0 0 34.6189)
(0 0 34.801)
(0 0 34.9339)
(0 0 35.0298)
(0 0 35.0983)
(0 0 35.1467)
(0 0 35.1805)
(0 0 35.204)
(0 0 35.2202)
(0 0 35.2313)
(0 0 35.2388)
(0 0 35.2438)
(0 0 35.2472)
(0 0 35.2494)
(0 0 35.2509)
(0 0 35.2519)
(0 0 35.2525)
(0 0 35.253)
(0 0 35.2532)
(0 0 35.2534)
(0 0 35.2535)
(0 0 35.2536)
(0 0 35.2536)
(0 0 35.2537)
(0 0 35.2537)
(0 0 35.2537)
(0 0 35.2537)
(0 0 35.2537)
(0 0 35.2537)
(0 0 35.2537)
(0 0 35.2537)
(0 0 35.2537)
(0 0 35.2537)
(0 0 35.2537)
(0 0 35.2537)
(0 0 35.2537)
(0 0 35.2537)
(0 0 35.2537)
(0 0 35.2537)
(0 0 35.2537)
(0 0 35.2537)
(0 0 35.2537)
(0 0 35.2537)
(0 0 35.2537)
(0 0 35.2537)
(0 0 35.2537)
(0 0 35.2537)
(0 0 35.2537)
(0 0 35.2537)
(0 0 35.2537)
(0 0 35.2537)
(0 0 35.2537)
(0 0 35.2537)
(0 0 35.2537)
(0 0 35.2537)
(0 0 35.2537)
(0 0 35.2537)
(0 0 35.2537)
(0 0 35.2537)
(0 0 35.2537)
(0 0 35.2537)
(0 0 35.2537)
(0 0 35.2537)
(0 0 35.2537)
(0 0 35.2537)
(0 0 35.2537)
(0 0 35.2536)
(0 0 35.2536)
(0 0 35.2535)
(0 0 35.2535)
(0 0 35.2534)
(0 0 35.2532)
(0 0 35.253)
(0 0 35.2527)
(0 0 35.2524)
(0 0 35.252)
(0 0 35.2514)
(0 0 35.2509)
(0 0 35.2506)
(0 0 35.2493)
(0 0 35.2443)
(0 0 35.2471)
(0 0 35.2811)
(0 0 35.2324)
(0 0 35.0924)
(0 0 35.577)
(0 0 35.0685)
(0 0 20.8582)
(0 0 23.0506)
(0 0 23.3863)
(0 0 27.2187)
(0 0 28.4196)
(0 0 29.3416)
(0 0 30.4822)
(0 0 31.4685)
(0 0 32.2241)
(0 0 32.8123)
(0 0 33.2749)
(0 0 33.6331)
(0 0 33.9051)
(0 0 34.1086)
(0 0 34.2589)
(0 0 34.3686)
(0 0 34.4479)
(0 0 34.5045)
(0 0 34.5445)
(0 0 34.5726)
(0 0 34.5921)
(0 0 34.6055)
(0 0 34.6147)
(0 0 34.6209)
(0 0 34.6251)
(0 0 34.6279)
(0 0 34.6298)
(0 0 34.6311)
(0 0 34.6319)
(0 0 34.6324)
(0 0 34.6327)
(0 0 34.633)
(0 0 34.6331)
(0 0 34.6332)
(0 0 34.6333)
(0 0 34.6333)
(0 0 34.6333)
(0 0 34.6333)
(0 0 34.6334)
(0 0 34.6334)
(0 0 34.6334)
(0 0 34.6334)
(0 0 34.6334)
(0 0 34.6334)
(0 0 34.6334)
(0 0 34.6334)
(0 0 34.6334)
(0 0 34.6334)
(0 0 34.6334)
(0 0 34.6334)
(0 0 34.6334)
(0 0 34.6334)
(0 0 34.6334)
(0 0 34.6334)
(0 0 34.6334)
(0 0 34.6334)
(0 0 34.6334)
(0 0 34.6334)
(0 0 34.6334)
(0 0 34.6334)
(0 0 34.6334)
(0 0 34.6334)
(0 0 34.6334)
(0 0 34.6334)
(0 0 34.6334)
(0 0 34.6334)
(0 0 34.6334)
(0 0 34.6334)
(0 0 34.6334)
(0 0 34.6334)
(0 0 34.6334)
(0 0 34.6334)
(0 0 34.6334)
(0 0 34.6334)
(0 0 34.6334)
(0 0 34.6334)
(0 0 34.6334)
(0 0 34.6333)
(0 0 34.6333)
(0 0 34.6333)
(0 0 34.6333)
(0 0 34.6332)
(0 0 34.6332)
(0 0 34.6331)
(0 0 34.633)
(0 0 34.6328)
(0 0 34.6326)
(0 0 34.6323)
(0 0 34.6319)
(0 0 34.6315)
(0 0 34.6311)
(0 0 34.6308)
(0 0 34.6295)
(0 0 34.6247)
(0 0 34.6271)
(0 0 34.6605)
(0 0 34.6122)
(0 0 34.4715)
(0 0 34.954)
(0 0 34.4487)
(0 0 20.954)
(0 0 23.3451)
(0 0 23.7608)
(0 0 27.5765)
(0 0 28.694)
(0 0 29.4793)
(0 0 30.4516)
(0 0 31.2682)
(0 0 31.8705)
(0 0 32.3278)
(0 0 32.6834)
(0 0 32.9569)
(0 0 33.1639)
(0 0 33.3184)
(0 0 33.4325)
(0 0 33.5159)
(0 0 33.5762)
(0 0 33.6193)
(0 0 33.6499)
(0 0 33.6714)
(0 0 33.6863)
(0 0 33.6967)
(0 0 33.7037)
(0 0 33.7085)
(0 0 33.7118)
(0 0 33.7139)
(0 0 33.7154)
(0 0 33.7163)
(0 0 33.717)
(0 0 33.7174)
(0 0 33.7176)
(0 0 33.7178)
(0 0 33.7179)
(0 0 33.718)
(0 0 33.718)
(0 0 33.7181)
(0 0 33.7181)
(0 0 33.7181)
(0 0 33.7181)
(0 0 33.7181)
(0 0 33.7181)
(0 0 33.7181)
(0 0 33.7181)
(0 0 33.7181)
(0 0 33.7181)
(0 0 33.7181)
(0 0 33.7181)
(0 0 33.7181)
(0 0 33.7181)
(0 0 33.7181)
(0 0 33.7181)
(0 0 33.7181)
(0 0 33.7181)
(0 0 33.7181)
(0 0 33.7181)
(0 0 33.7181)
(0 0 33.7181)
(0 0 33.7181)
(0 0 33.7181)
(0 0 33.7181)
(0 0 33.7181)
(0 0 33.7181)
(0 0 33.7181)
(0 0 33.7181)
(0 0 33.7181)
(0 0 33.7181)
(0 0 33.7181)
(0 0 33.7181)
(0 0 33.7181)
(0 0 33.7181)
(0 0 33.7181)
(0 0 33.7181)
(0 0 33.7181)
(0 0 33.7181)
(0 0 33.7181)
(0 0 33.7181)
(0 0 33.7181)
(0 0 33.7181)
(0 0 33.7181)
(0 0 33.7181)
(0 0 33.7181)
(0 0 33.718)
(0 0 33.718)
(0 0 33.7179)
(0 0 33.7178)
(0 0 33.7177)
(0 0 33.7175)
(0 0 33.7173)
(0 0 33.717)
(0 0 33.7167)
(0 0 33.7163)
(0 0 33.7162)
(0 0 33.715)
(0 0 33.7102)
(0 0 33.7124)
(0 0 33.7451)
(0 0 33.6973)
(0 0 33.5559)
(0 0 34.0355)
(0 0 33.5336)
(0 0 21.0516)
(0 0 23.6392)
(0 0 24.0786)
(0 0 27.8047)
(0 0 28.7766)
(0 0 29.3724)
(0 0 30.1333)
(0 0 30.7479)
(0 0 31.1734)
(0 0 31.4832)
(0 0 31.7195)
(0 0 31.8995)
(0 0 32.035)
(0 0 32.136)
(0 0 32.2106)
(0 0 32.2652)
(0 0 32.3048)
(0 0 32.3333)
(0 0 32.3536)
(0 0 32.3679)
(0 0 32.3778)
(0 0 32.3847)
(0 0 32.3895)
(0 0 32.3927)
(0 0 32.3949)
(0 0 32.3964)
(0 0 32.3973)
(0 0 32.398)
(0 0 32.3984)
(0 0 32.3987)
(0 0 32.3989)
(0 0 32.399)
(0 0 32.3991)
(0 0 32.3991)
(0 0 32.3992)
(0 0 32.3992)
(0 0 32.3992)
(0 0 32.3992)
(0 0 32.3992)
(0 0 32.3992)
(0 0 32.3992)
(0 0 32.3992)
(0 0 32.3992)
(0 0 32.3992)
(0 0 32.3992)
(0 0 32.3992)
(0 0 32.3992)
(0 0 32.3992)
(0 0 32.3992)
(0 0 32.3992)
(0 0 32.3992)
(0 0 32.3992)
(0 0 32.3992)
(0 0 32.3992)
(0 0 32.3992)
(0 0 32.3992)
(0 0 32.3992)
(0 0 32.3992)
(0 0 32.3992)
(0 0 32.3992)
(0 0 32.3992)
(0 0 32.3992)
(0 0 32.3992)
(0 0 32.3992)
(0 0 32.3992)
(0 0 32.3992)
(0 0 32.3992)
(0 0 32.3992)
(0 0 32.3992)
(0 0 32.3992)
(0 0 32.3992)
(0 0 32.3992)
(0 0 32.3992)
(0 0 32.3992)
(0 0 32.3992)
(0 0 32.3992)
(0 0 32.3992)
(0 0 32.3992)
(0 0 32.3992)
(0 0 32.3992)
(0 0 32.3992)
(0 0 32.3992)
(0 0 32.3991)
(0 0 32.3991)
(0 0 32.399)
(0 0 32.3989)
(0 0 32.3988)
(0 0 32.3987)
(0 0 32.3985)
(0 0 32.3982)
(0 0 32.398)
(0 0 32.398)
(0 0 32.397)
(0 0 32.3923)
(0 0 32.3942)
(0 0 32.4261)
(0 0 32.379)
(0 0 32.2374)
(0 0 32.7129)
(0 0 32.2144)
(0 0 21.1344)
(0 0 23.883)
(0 0 24.2461)
(0 0 27.7765)
(0 0 28.5232)
(0 0 28.8694)
(0 0 29.3743)
(0 0 29.7561)
(0 0 29.9847)
(0 0 30.1332)
(0 0 30.2411)
(0 0 30.3214)
(0 0 30.3811)
(0 0 30.4253)
(0 0 30.4582)
(0 0 30.4825)
(0 0 30.5004)
(0 0 30.5134)
(0 0 30.5228)
(0 0 30.5295)
(0 0 30.5342)
(0 0 30.5375)
(0 0 30.5398)
(0 0 30.5414)
(0 0 30.5425)
(0 0 30.5432)
(0 0 30.5437)
(0 0 30.544)
(0 0 30.5442)
(0 0 30.5444)
(0 0 30.5445)
(0 0 30.5445)
(0 0 30.5446)
(0 0 30.5446)
(0 0 30.5446)
(0 0 30.5446)
(0 0 30.5446)
(0 0 30.5446)
(0 0 30.5446)
(0 0 30.5446)
(0 0 30.5446)
(0 0 30.5446)
(0 0 30.5446)
(0 0 30.5446)
(0 0 30.5446)
(0 0 30.5446)
(0 0 30.5446)
(0 0 30.5446)
(0 0 30.5446)
(0 0 30.5446)
(0 0 30.5446)
(0 0 30.5446)
(0 0 30.5446)
(0 0 30.5446)
(0 0 30.5446)
(0 0 30.5446)
(0 0 30.5446)
(0 0 30.5446)
(0 0 30.5446)
(0 0 30.5446)
(0 0 30.5446)
(0 0 30.5446)
(0 0 30.5446)
(0 0 30.5446)
(0 0 30.5446)
(0 0 30.5446)
(0 0 30.5446)
(0 0 30.5446)
(0 0 30.5446)
(0 0 30.5446)
(0 0 30.5446)
(0 0 30.5446)
(0 0 30.5446)
(0 0 30.5446)
(0 0 30.5446)
(0 0 30.5446)
(0 0 30.5446)
(0 0 30.5446)
(0 0 30.5446)
(0 0 30.5446)
(0 0 30.5446)
(0 0 30.5446)
(0 0 30.5446)
(0 0 30.5446)
(0 0 30.5445)
(0 0 30.5445)
(0 0 30.5445)
(0 0 30.5444)
(0 0 30.5443)
(0 0 30.5442)
(0 0 30.5441)
(0 0 30.5442)
(0 0 30.5433)
(0 0 30.5389)
(0 0 30.5406)
(0 0 30.5716)
(0 0 30.5256)
(0 0 30.3842)
(0 0 30.8543)
(0 0 30.3587)
(0 0 21.1747)
(0 0 24.0015)
(0 0 24.136)
(0 0 27.3301)
(0 0 27.7598)
(0 0 27.7941)
(0 0 27.9999)
(0 0 28.1224)
(0 0 28.1384)
(0 0 28.1167)
(0 0 28.0907)
(0 0 28.068)
(0 0 28.0497)
(0 0 28.0359)
(0 0 28.0261)
(0 0 28.0194)
(0 0 28.0151)
(0 0 28.0123)
(0 0 28.0105)
(0 0 28.0095)
(0 0 28.0088)
(0 0 28.0084)
(0 0 28.0082)
(0 0 28.0081)
(0 0 28.008)
(0 0 28.008)
(0 0 28.008)
(0 0 28.008)
(0 0 28.008)
(0 0 28.008)
(0 0 28.008)
(0 0 28.008)
(0 0 28.008)
(0 0 28.008)
(0 0 28.008)
(0 0 28.008)
(0 0 28.008)
(0 0 28.008)
(0 0 28.008)
(0 0 28.008)
(0 0 28.008)
(0 0 28.008)
(0 0 28.008)
(0 0 28.008)
(0 0 28.008)
(0 0 28.008)
(0 0 28.008)
(0 0 28.008)
(0 0 28.008)
(0 0 28.008)
(0 0 28.008)
(0 0 28.008)
(0 0 28.008)
(0 0 28.008)
(0 0 28.008)
(0 0 28.008)
(0 0 28.008)
(0 0 28.008)
(0 0 28.008)
(0 0 28.008)
(0 0 28.008)
(0 0 28.008)
(0 0 28.008)
(0 0 28.008)
(0 0 28.008)
(0 0 28.008)
(0 0 28.008)
(0 0 28.008)
(0 0 28.008)
(0 0 28.008)
(0 0 28.008)
(0 0 28.008)
(0 0 28.008)
(0 0 28.008)
(0 0 28.008)
(0 0 28.008)
(0 0 28.008)
(0 0 28.008)
(0 0 28.008)
(0 0 28.008)
(0 0 28.008)
(0 0 28.008)
(0 0 28.008)
(0 0 28.008)
(0 0 28.008)
(0 0 28.008)
(0 0 28.008)
(0 0 28.0081)
(0 0 28.0081)
(0 0 28.0081)
(0 0 28.0081)
(0 0 28.0084)
(0 0 28.0077)
(0 0 28.0036)
(0 0 28.0052)
(0 0 28.0352)
(0 0 27.9906)
(0 0 27.8505)
(0 0 28.3136)
(0 0 27.8201)
(0 0 21.1312)
(0 0 23.8921)
(0 0 23.5906)
(0 0 26.2817)
(0 0 26.2985)
(0 0 25.9637)
(0 0 25.8344)
(0 0 25.6787)
(0 0 25.4735)
(0 0 25.2779)
(0 0 25.1172)
(0 0 24.9915)
(0 0 24.8957)
(0 0 24.8243)
(0 0 24.7722)
(0 0 24.7349)
(0 0 24.7085)
(0 0 24.69)
(0 0 24.6772)
(0 0 24.6685)
(0 0 24.6625)
(0 0 24.6584)
(0 0 24.6557)
(0 0 24.6539)
(0 0 24.6527)
(0 0 24.6519)
(0 0 24.6514)
(0 0 24.6511)
(0 0 24.6509)
(0 0 24.6507)
(0 0 24.6506)
(0 0 24.6506)
(0 0 24.6505)
(0 0 24.6505)
(0 0 24.6505)
(0 0 24.6505)
(0 0 24.6505)
(0 0 24.6505)
(0 0 24.6505)
(0 0 24.6505)
(0 0 24.6505)
(0 0 24.6505)
(0 0 24.6505)
(0 0 24.6505)
(0 0 24.6505)
(0 0 24.6505)
(0 0 24.6505)
(0 0 24.6505)
(0 0 24.6505)
(0 0 24.6505)
(0 0 24.6505)
(0 0 24.6505)
(0 0 24.6505)
(0 0 24.6505)
(0 0 24.6505)
(0 0 24.6505)
(0 0 24.6505)
(0 0 24.6505)
(0 0 24.6505)
(0 0 24.6505)
(0 0 24.6505)
(0 0 24.6505)
(0 0 24.6505)
(0 0 24.6505)
(0 0 24.6505)
(0 0 24.6505)
(0 0 24.6505)
(0 0 24.6505)
(0 0 24.6505)
(0 0 24.6505)
(0 0 24.6505)
(0 0 24.6505)
(0 0 24.6505)
(0 0 24.6505)
(0 0 24.6505)
(0 0 24.6505)
(0 0 24.6505)
(0 0 24.6505)
(0 0 24.6505)
(0 0 24.6505)
(0 0 24.6505)
(0 0 24.6505)
(0 0 24.6505)
(0 0 24.6506)
(0 0 24.6506)
(0 0 24.6507)
(0 0 24.6507)
(0 0 24.6508)
(0 0 24.6509)
(0 0 24.6511)
(0 0 24.6513)
(0 0 24.6517)
(0 0 24.6513)
(0 0 24.6476)
(0 0 24.6492)
(0 0 24.678)
(0 0 24.6352)
(0 0 24.498)
(0 0 24.9525)
(0 0 24.4598)
(0 0 20.9474)
(0 0 23.4308)
(0 0 22.443)
(0 0 24.4548)
(0 0 23.974)
(0 0 23.2281)
(0 0 22.7411)
(0 0 22.3)
(0 0 21.8739)
(0 0 21.5081)
(0 0 21.2167)
(0 0 20.992)
(0 0 20.8219)
(0 0 20.6954)
(0 0 20.6029)
(0 0 20.5362)
(0 0 20.4887)
(0 0 20.4552)
(0 0 20.4318)
(0 0 20.4156)
(0 0 20.4045)
(0 0 20.397)
(0 0 20.3919)
(0 0 20.3884)
(0 0 20.3861)
(0 0 20.3846)
(0 0 20.3836)
(0 0 20.3829)
(0 0 20.3825)
(0 0 20.3822)
(0 0 20.382)
(0 0 20.3819)
(0 0 20.3818)
(0 0 20.3818)
(0 0 20.3818)
(0 0 20.3817)
(0 0 20.3817)
(0 0 20.3817)
(0 0 20.3817)
(0 0 20.3817)
(0 0 20.3817)
(0 0 20.3817)
(0 0 20.3817)
(0 0 20.3817)
(0 0 20.3817)
(0 0 20.3817)
(0 0 20.3817)
(0 0 20.3817)
(0 0 20.3817)
(0 0 20.3817)
(0 0 20.3817)
(0 0 20.3817)
(0 0 20.3817)
(0 0 20.3817)
(0 0 20.3817)
(0 0 20.3817)
(0 0 20.3817)
(0 0 20.3817)
(0 0 20.3817)
(0 0 20.3817)
(0 0 20.3817)
(0 0 20.3817)
(0 0 20.3817)
(0 0 20.3817)
(0 0 20.3817)
(0 0 20.3817)
(0 0 20.3817)
(0 0 20.3817)
(0 0 20.3817)
(0 0 20.3817)
(0 0 20.3817)
(0 0 20.3817)
(0 0 20.3817)
(0 0 20.3817)
(0 0 20.3817)
(0 0 20.3817)
(0 0 20.3817)
(0 0 20.3817)
(0 0 20.3817)
(0 0 20.3818)
(0 0 20.3818)
(0 0 20.3818)
(0 0 20.3818)
(0 0 20.3819)
(0 0 20.382)
(0 0 20.3821)
(0 0 20.3822)
(0 0 20.3824)
(0 0 20.3826)
(0 0 20.3828)
(0 0 20.3832)
(0 0 20.3838)
(0 0 20.3836)
(0 0 20.3805)
(0 0 20.3823)
(0 0 20.4097)
(0 0 20.3688)
(0 0 20.2369)
(0 0 20.6809)
(0 0 20.1881)
(0 0 20.554)
(0 0 22.4931)
(0 0 20.5589)
(0 0 21.7364)
(0 0 20.7075)
(0 0 19.5333)
(0 0 18.6874)
(0 0 17.9693)
(0 0 17.3345)
(0 0 16.8103)
(0 0 16.3987)
(0 0 16.0831)
(0 0 15.8449)
(0 0 15.668)
(0 0 15.5384)
(0 0 15.4448)
(0 0 15.3778)
(0 0 15.3305)
(0 0 15.2973)
(0 0 15.2743)
(0 0 15.2584)
(0 0 15.2476)
(0 0 15.2403)
(0 0 15.2353)
(0 0 15.232)
(0 0 15.2298)
(0 0 15.2283)
(0 0 15.2273)
(0 0 15.2267)
(0 0 15.2263)
(0 0 15.226)
(0 0 15.2259)
(0 0 15.2257)
(0 0 15.2257)
(0 0 15.2256)
(0 0 15.2256)
(0 0 15.2256)
(0 0 15.2256)
(0 0 15.2256)
(0 0 15.2256)
(0 0 15.2256)
(0 0 15.2255)
(0 0 15.2255)
(0 0 15.2255)
(0 0 15.2255)
(0 0 15.2255)
(0 0 15.2255)
(0 0 15.2255)
(0 0 15.2255)
(0 0 15.2255)
(0 0 15.2255)
(0 0 15.2255)
(0 0 15.2255)
(0 0 15.2255)
(0 0 15.2255)
(0 0 15.2255)
(0 0 15.2255)
(0 0 15.2255)
(0 0 15.2255)
(0 0 15.2255)
(0 0 15.2255)
(0 0 15.2255)
(0 0 15.2255)
(0 0 15.2255)
(0 0 15.2255)
(0 0 15.2255)
(0 0 15.2255)
(0 0 15.2255)
(0 0 15.2255)
(0 0 15.2255)
(0 0 15.2256)
(0 0 15.2256)
(0 0 15.2256)
(0 0 15.2256)
(0 0 15.2256)
(0 0 15.2256)
(0 0 15.2256)
(0 0 15.2256)
(0 0 15.2256)
(0 0 15.2256)
(0 0 15.2256)
(0 0 15.2257)
(0 0 15.2257)
(0 0 15.2258)
(0 0 15.2259)
(0 0 15.2261)
(0 0 15.2262)
(0 0 15.2265)
(0 0 15.2268)
(0 0 15.2272)
(0 0 15.2277)
(0 0 15.2284)
(0 0 15.2285)
(0 0 15.2259)
(0 0 15.228)
(0 0 15.2539)
(0 0 15.215)
(0 0 15.0911)
(0 0 15.5229)
(0 0 15.0299)
(0 0 19.8781)
(0 0 20.9953)
(0 0 17.9101)
(0 0 18.1653)
(0 0 16.5941)
(0 0 15.0121)
(0 0 13.8346)
(0 0 12.8683)
(0 0 12.0509)
(0 0 11.3901)
(0 0 10.8752)
(0 0 10.4817)
(0 0 10.1852)
(0 0 9.96482)
(0 0 9.8032)
(0 0 9.68612)
(0 0 9.60225)
(0 0 9.54278)
(0 0 9.50101)
(0 0 9.47193)
(0 0 9.45186)
(0 0 9.43811)
(0 0 9.42876)
(0 0 9.42244)
(0 0 9.4182)
(0 0 9.41538)
(0 0 9.41351)
(0 0 9.41227)
(0 0 9.41146)
(0 0 9.41093)
(0 0 9.41059)
(0 0 9.41037)
(0 0 9.41023)
(0 0 9.41014)
(0 0 9.41008)
(0 0 9.41004)
(0 0 9.41001)
(0 0 9.41)
(0 0 9.40999)
(0 0 9.40998)
(0 0 9.40998)
(0 0 9.40998)
(0 0 9.40997)
(0 0 9.40997)
(0 0 9.40997)
(0 0 9.40997)
(0 0 9.40997)
(0 0 9.40997)
(0 0 9.40997)
(0 0 9.40997)
(0 0 9.40997)
(0 0 9.40997)
(0 0 9.40997)
(0 0 9.40997)
(0 0 9.40997)
(0 0 9.40997)
(0 0 9.40997)
(0 0 9.40997)
(0 0 9.40997)
(0 0 9.40997)
(0 0 9.40997)
(0 0 9.40997)
(0 0 9.40997)
(0 0 9.40997)
(0 0 9.40997)
(0 0 9.40997)
(0 0 9.40997)
(0 0 9.40997)
(0 0 9.40998)
(0 0 9.40998)
(0 0 9.40998)
(0 0 9.40998)
(0 0 9.40998)
(0 0 9.40999)
(0 0 9.40999)
(0 0 9.41)
(0 0 9.41)
(0 0 9.41002)
(0 0 9.41003)
(0 0 9.41006)
(0 0 9.41009)
(0 0 9.41014)
(0 0 9.41021)
(0 0 9.4103)
(0 0 9.41044)
(0 0 9.41062)
(0 0 9.41085)
(0 0 9.41117)
(0 0 9.41156)
(0 0 9.41205)
(0 0 9.4127)
(0 0 9.41357)
(0 0 9.4139)
(0 0 9.41191)
(0 0 9.41445)
(0 0 9.43843)
(0 0 9.40143)
(0 0 9.28834)
(0 0 9.70566)
(0 0 9.21591)
(0 0 18.8587)
(0 0 18.9574)
(0 0 14.6741)
(0 0 14.0408)
(0 0 12.0054)
(0 0 10.0845)
(0 0 8.6377)
(0 0 7.476)
(0 0 6.51846)
(0 0 5.75382)
(0 0 5.16027)
(0 0 4.70704)
(0 0 4.36537)
(0 0 4.11109)
(0 0 3.92422)
(0 0 3.78852)
(0 0 3.69105)
(0 0 3.62177)
(0 0 3.57299)
(0 0 3.53895)
(0 0 3.5154)
(0 0 3.49924)
(0 0 3.48822)
(0 0 3.48077)
(0 0 3.47576)
(0 0 3.47242)
(0 0 3.4702)
(0 0 3.46874)
(0 0 3.46777)
(0 0 3.46715)
(0 0 3.46674)
(0 0 3.46647)
(0 0 3.4663)
(0 0 3.46619)
(0 0 3.46612)
(0 0 3.46608)
(0 0 3.46605)
(0 0 3.46603)
(0 0 3.46602)
(0 0 3.46601)
(0 0 3.46601)
(0 0 3.466)
(0 0 3.466)
(0 0 3.466)
(0 0 3.466)
(0 0 3.466)
(0 0 3.466)
(0 0 3.466)
(0 0 3.466)
(0 0 3.466)
(0 0 3.466)
(0 0 3.466)
(0 0 3.466)
(0 0 3.466)
(0 0 3.466)
(0 0 3.466)
(0 0 3.466)
(0 0 3.466)
(0 0 3.466)
(0 0 3.466)
(0 0 3.466)
(0 0 3.466)
(0 0 3.466)
(0 0 3.466)
(0 0 3.466)
(0 0 3.466)
(0 0 3.466)
(0 0 3.466)
(0 0 3.466)
(0 0 3.466)
(0 0 3.46601)
(0 0 3.46601)
(0 0 3.46601)
(0 0 3.46601)
(0 0 3.46602)
(0 0 3.46603)
(0 0 3.46604)
(0 0 3.46605)
(0 0 3.46607)
(0 0 3.4661)
(0 0 3.46614)
(0 0 3.46619)
(0 0 3.46627)
(0 0 3.46639)
(0 0 3.46654)
(0 0 3.46675)
(0 0 3.46703)
(0 0 3.46739)
(0 0 3.46785)
(0 0 3.46842)
(0 0 3.46918)
(0 0 3.47016)
(0 0 3.47068)
(0 0 3.46929)
(0 0 3.47238)
(0 0 3.49433)
(0 0 3.45865)
(0 0 3.35864)
(0 0 3.75817)
(0 0 3.2808)
(0 0 17.4657)
(0 0 16.5803)
(0 0 11.3243)
(0 0 10.0032)
(0 0 7.66167)
(0 0 5.52352)
(0 0 3.90857)
(0 0 2.63142)
(0 0 1.59411)
(0 0 0.770135)
(0 0 0.130583)
(0 0 -0.358581)
(0 0 -0.72821)
(0 0 -1.00409)
(0 0 -1.20748)
(0 0 -1.35567)
(0 0 -1.46244)
(0 0 -1.53857)
(0 0 -1.59233)
(0 0 -1.62994)
(0 0 -1.65603)
(0 0 -1.67398)
(0 0 -1.68624)
(0 0 -1.69454)
(0 0 -1.70014)
(0 0 -1.70388)
(0 0 -1.70636)
(0 0 -1.70801)
(0 0 -1.70909)
(0 0 -1.70979)
(0 0 -1.71025)
(0 0 -1.71055)
(0 0 -1.71074)
(0 0 -1.71087)
(0 0 -1.71095)
(0 0 -1.711)
(0 0 -1.71103)
(0 0 -1.71105)
(0 0 -1.71106)
(0 0 -1.71107)
(0 0 -1.71108)
(0 0 -1.71108)
(0 0 -1.71108)
(0 0 -1.71108)
(0 0 -1.71108)
(0 0 -1.71109)
(0 0 -1.71109)
(0 0 -1.71109)
(0 0 -1.71109)
(0 0 -1.71109)
(0 0 -1.71109)
(0 0 -1.71109)
(0 0 -1.71109)
(0 0 -1.71109)
(0 0 -1.71109)
(0 0 -1.71109)
(0 0 -1.71109)
(0 0 -1.71109)
(0 0 -1.71109)
(0 0 -1.71109)
(0 0 -1.71109)
(0 0 -1.71109)
(0 0 -1.71109)
(0 0 -1.71109)
(0 0 -1.71108)
(0 0 -1.71108)
(0 0 -1.71108)
(0 0 -1.71108)
(0 0 -1.71108)
(0 0 -1.71108)
(0 0 -1.71108)
(0 0 -1.71108)
(0 0 -1.71107)
(0 0 -1.71107)
(0 0 -1.71106)
(0 0 -1.71106)
(0 0 -1.71105)
(0 0 -1.71103)
(0 0 -1.71101)
(0 0 -1.71098)
(0 0 -1.71093)
(0 0 -1.71087)
(0 0 -1.71078)
(0 0 -1.71066)
(0 0 -1.71049)
(0 0 -1.71026)
(0 0 -1.70996)
(0 0 -1.70957)
(0 0 -1.70906)
(0 0 -1.70844)
(0 0 -1.70762)
(0 0 -1.70659)
(0 0 -1.70596)
(0 0 -1.70685)
(0 0 -1.70315)
(0 0 -1.68313)
(0 0 -1.71789)
(0 0 -1.80461)
(0 0 -1.42923)
(0 0 -1.87543)
(0 0 15.6927)
(0 0 14.255)
(0 0 8.63946)
(0 0 7.00289)
(0 0 4.57004)
(0 0 2.38413)
(0 0 0.743355)
(0 0 -0.540549)
(0 0 -1.57903)
(0 0 -2.40583)
(0 0 -3.05041)
(0 0 -3.54579)
(0 0 -3.92195)
(0 0 -4.20412)
(0 0 -4.41317)
(0 0 -4.5662)
(0 0 -4.67696)
(0 0 -4.75627)
(0 0 -4.81248)
(0 0 -4.85195)
(0 0 -4.87942)
(0 0 -4.89837)
(0 0 -4.91135)
(0 0 -4.92016)
(0 0 -4.92611)
(0 0 -4.9301)
(0 0 -4.93275)
(0 0 -4.93451)
(0 0 -4.93567)
(0 0 -4.93643)
(0 0 -4.93692)
(0 0 -4.93724)
(0 0 -4.93745)
(0 0 -4.93758)
(0 0 -4.93767)
(0 0 -4.93772)
(0 0 -4.93776)
(0 0 -4.93778)
(0 0 -4.93779)
(0 0 -4.9378)
(0 0 -4.93781)
(0 0 -4.93781)
(0 0 -4.93782)
(0 0 -4.93782)
(0 0 -4.93782)
(0 0 -4.93782)
(0 0 -4.93782)
(0 0 -4.93782)
(0 0 -4.93782)
(0 0 -4.93782)
(0 0 -4.93782)
(0 0 -4.93782)
(0 0 -4.93782)
(0 0 -4.93782)
(0 0 -4.93782)
(0 0 -4.93782)
(0 0 -4.93782)
(0 0 -4.93782)
(0 0 -4.93782)
(0 0 -4.93782)
(0 0 -4.93782)
(0 0 -4.93782)
(0 0 -4.93782)
(0 0 -4.93782)
(0 0 -4.93782)
(0 0 -4.93782)
(0 0 -4.93782)
(0 0 -4.93782)
(0 0 -4.93781)
(0 0 -4.93781)
(0 0 -4.93781)
(0 0 -4.93781)
(0 0 -4.93781)
(0 0 -4.9378)
(0 0 -4.9378)
(0 0 -4.93779)
(0 0 -4.93778)
(0 0 -4.93776)
(0 0 -4.93774)
(0 0 -4.93771)
(0 0 -4.93766)
(0 0 -4.93759)
(0 0 -4.9375)
(0 0 -4.93737)
(0 0 -4.9372)
(0 0 -4.93696)
(0 0 -4.93665)
(0 0 -4.93625)
(0 0 -4.93574)
(0 0 -4.93511)
(0 0 -4.93429)
(0 0 -4.93329)
(0 0 -4.93271)
(0 0 -4.93335)
(0 0 -4.92914)
(0 0 -4.91033)
(0 0 -4.94346)
(0 0 -5.0205)
(0 0 -4.68199)
(0 0 -5.0648)
(0 0 13.4797)
(0 0 12.3485)
(0 0 7.45798)
(0 0 5.96709)
(0 0 3.65414)
(0 0 1.62448)
(0 0 0.141835)
(0 0 -1.01292)
(0 0 -1.95843)
(0 0 -2.7214)
(0 0 -3.32262)
(0 0 -3.7889)
(0 0 -4.14603)
(0 0 -4.41615)
(0 0 -4.61784)
(0 0 -4.76657)
(0 0 -4.87492)
(0 0 -4.95298)
(0 0 -5.00861)
(0 0 -5.04786)
(0 0 -5.07531)
(0 0 -5.09432)
(0 0 -5.10739)
(0 0 -5.1163)
(0 0 -5.12233)
(0 0 -5.12638)
(0 0 -5.12909)
(0 0 -5.13089)
(0 0 -5.13207)
(0 0 -5.13285)
(0 0 -5.13336)
(0 0 -5.13369)
(0 0 -5.13391)
(0 0 -5.13404)
(0 0 -5.13413)
(0 0 -5.13419)
(0 0 -5.13422)
(0 0 -5.13425)
(0 0 -5.13426)
(0 0 -5.13427)
(0 0 -5.13428)
(0 0 -5.13428)
(0 0 -5.13428)
(0 0 -5.13428)
(0 0 -5.13429)
(0 0 -5.13429)
(0 0 -5.13429)
(0 0 -5.13429)
(0 0 -5.13429)
(0 0 -5.13429)
(0 0 -5.13429)
(0 0 -5.13429)
(0 0 -5.13429)
(0 0 -5.13429)
(0 0 -5.13429)
(0 0 -5.13429)
(0 0 -5.13429)
(0 0 -5.13429)
(0 0 -5.13429)
(0 0 -5.13429)
(0 0 -5.13429)
(0 0 -5.13429)
(0 0 -5.13429)
(0 0 -5.13429)
(0 0 -5.13429)
(0 0 -5.13429)
(0 0 -5.13428)
(0 0 -5.13428)
(0 0 -5.13428)
(0 0 -5.13428)
(0 0 -5.13428)
(0 0 -5.13428)
(0 0 -5.13428)
(0 0 -5.13427)
(0 0 -5.13427)
(0 0 -5.13426)
(0 0 -5.13425)
(0 0 -5.13423)
(0 0 -5.13421)
(0 0 -5.13418)
(0 0 -5.13413)
(0 0 -5.13406)
(0 0 -5.13397)
(0 0 -5.13385)
(0 0 -5.13368)
(0 0 -5.13345)
(0 0 -5.13315)
(0 0 -5.13277)
(0 0 -5.1323)
(0 0 -5.13171)
(0 0 -5.13096)
(0 0 -5.13008)
(0 0 -5.12976)
(0 0 -5.13071)
(0 0 -5.12654)
(0 0 -5.10718)
(0 0 -5.13458)
(0 0 -5.21142)
(0 0 -4.93368)
(0 0 -5.20437)
(0 0 10.6288)
(0 0 10.7952)
(0 0 7.71797)
(0 0 6.72109)
(0 0 4.8107)
(0 0 3.23983)
(0 0 2.16022)
(0 0 1.31162)
(0 0 0.592058)
(0 0 -0.00259999)
(0 0 -0.478028)
(0 0 -0.851054)
(0 0 -1.13995)
(0 0 -1.36078)
(0 0 -1.52729)
(0 0 -1.65114)
(0 0 -1.7421)
(0 0 -1.80808)
(0 0 -1.85541)
(0 0 -1.88899)
(0 0 -1.9126)
(0 0 -1.92903)
(0 0 -1.94037)
(0 0 -1.94814)
(0 0 -1.95341)
(0 0 -1.95697)
(0 0 -1.95935)
(0 0 -1.96094)
(0 0 -1.96199)
(0 0 -1.96268)
(0 0 -1.96313)
(0 0 -1.96343)
(0 0 -1.96362)
(0 0 -1.96374)
(0 0 -1.96382)
(0 0 -1.96387)
(0 0 -1.9639)
(0 0 -1.96392)
(0 0 -1.96393)
(0 0 -1.96394)
(0 0 -1.96395)
(0 0 -1.96395)
(0 0 -1.96395)
(0 0 -1.96396)
(0 0 -1.96396)
(0 0 -1.96396)
(0 0 -1.96396)
(0 0 -1.96396)
(0 0 -1.96396)
(0 0 -1.96396)
(0 0 -1.96396)
(0 0 -1.96396)
(0 0 -1.96396)
(0 0 -1.96396)
(0 0 -1.96396)
(0 0 -1.96396)
(0 0 -1.96396)
(0 0 -1.96396)
(0 0 -1.96396)
(0 0 -1.96396)
(0 0 -1.96396)
(0 0 -1.96396)
(0 0 -1.96396)
(0 0 -1.96396)
(0 0 -1.96396)
(0 0 -1.96396)
(0 0 -1.96396)
(0 0 -1.96396)
(0 0 -1.96395)
(0 0 -1.96395)
(0 0 -1.96395)
(0 0 -1.96395)
(0 0 -1.96395)
(0 0 -1.96394)
(0 0 -1.96394)
(0 0 -1.96393)
(0 0 -1.96392)
(0 0 -1.96391)
(0 0 -1.96389)
(0 0 -1.96386)
(0 0 -1.96382)
(0 0 -1.96377)
(0 0 -1.96369)
(0 0 -1.96358)
(0 0 -1.96344)
(0 0 -1.96326)
(0 0 -1.96302)
(0 0 -1.96272)
(0 0 -1.96235)
(0 0 -1.96189)
(0 0 -1.9613)
(0 0 -1.96063)
(0 0 -1.96063)
(0 0 -1.96232)
(0 0 -1.95964)
(0 0 -1.9399)
(0 0 -1.95417)
(0 0 -2.03269)
(0 0 -1.85121)
(0 0 -1.95662)
(0 0 6.00965)
(0 0 7.36854)
(0 0 6.30124)
(0 0 5.91395)
(0 0 5.00596)
(0 0 4.37053)
(0 0 3.97658)
(0 0 3.64863)
(0 0 3.35232)
(0 0 3.10212)
(0 0 2.90071)
(0 0 2.74149)
(0 0 2.617)
(0 0 2.52093)
(0 0 2.44788)
(0 0 2.39314)
(0 0 2.35269)
(0 0 2.32317)
(0 0 2.30189)
(0 0 2.28672)
(0 0 2.27601)
(0 0 2.26852)
(0 0 2.26334)
(0 0 2.25978)
(0 0 2.25735)
(0 0 2.25571)
(0 0 2.25461)
(0 0 2.25387)
(0 0 2.25339)
(0 0 2.25307)
(0 0 2.25285)
(0 0 2.25272)
(0 0 2.25263)
(0 0 2.25257)
(0 0 2.25253)
(0 0 2.25251)
(0 0 2.25249)
(0 0 2.25248)
(0 0 2.25248)
(0 0 2.25247)
(0 0 2.25247)
(0 0 2.25247)
(0 0 2.25247)
(0 0 2.25247)
(0 0 2.25247)
(0 0 2.25247)
(0 0 2.25247)
(0 0 2.25247)
(0 0 2.25247)
(0 0 2.25247)
(0 0 2.25247)
(0 0 2.25247)
(0 0 2.25247)
(0 0 2.25247)
(0 0 2.25247)
(0 0 2.25247)
(0 0 2.25247)
(0 0 2.25247)
(0 0 2.25247)
(0 0 2.25247)
(0 0 2.25247)
(0 0 2.25247)
(0 0 2.25247)
(0 0 2.25247)
(0 0 2.25247)
(0 0 2.25247)
(0 0 2.25247)
(0 0 2.25247)
(0 0 2.25247)
(0 0 2.25247)
(0 0 2.25247)
(0 0 2.25247)
(0 0 2.25247)
(0 0 2.25247)
(0 0 2.25248)
(0 0 2.25248)
(0 0 2.25248)
(0 0 2.25249)
(0 0 2.2525)
(0 0 2.25251)
(0 0 2.25253)
(0 0 2.25255)
(0 0 2.25259)
(0 0 2.25264)
(0 0 2.2527)
(0 0 2.25278)
(0 0 2.25288)
(0 0 2.25301)
(0 0 2.25316)
(0 0 2.25334)
(0 0 2.2536)
(0 0 2.25395)
(0 0 2.25393)
(0 0 2.25244)
(0 0 2.25232)
(0 0 2.26386)
(0 0 2.26455)
(0 0 2.21834)
(0 0 2.27639)
(0 0 2.28695)
)
;

boundaryField
{
    inlet
    {
        type            extrapolatedCalculated;
        value           nonuniform List<vector> 
40
(
(0 0 6.00967)
(0 0 10.6288)
(0 0 13.4797)
(0 0 15.6927)
(0 0 17.4657)
(0 0 18.8587)
(0 0 19.8781)
(0 0 20.5541)
(0 0 20.9474)
(0 0 21.1313)
(0 0 21.1747)
(0 0 21.1344)
(0 0 21.0516)
(0 0 20.954)
(0 0 20.8582)
(0 0 20.7734)
(0 0 20.7038)
(0 0 20.6509)
(0 0 20.6151)
(0 0 20.5968)
(0 0 20.5968)
(0 0 20.6151)
(0 0 20.6509)
(0 0 20.7037)
(0 0 20.7734)
(0 0 20.8582)
(0 0 20.954)
(0 0 21.0516)
(0 0 21.1344)
(0 0 21.1747)
(0 0 21.1312)
(0 0 20.9474)
(0 0 20.554)
(0 0 19.8781)
(0 0 18.8587)
(0 0 17.4657)
(0 0 15.6927)
(0 0 13.4797)
(0 0 10.6288)
(0 0 6.00965)
)
;
    }
    outlet
    {
        type            extrapolatedCalculated;
        value           nonuniform List<vector> 
40
(
(0 0 2.28693)
(0 0 -1.95667)
(0 0 -5.20445)
(0 0 -5.0649)
(0 0 -1.87554)
(0 0 3.28069)
(0 0 9.21581)
(0 0 15.0298)
(0 0 20.188)
(0 0 24.4598)
(0 0 27.8201)
(0 0 30.3587)
(0 0 32.2143)
(0 0 33.5335)
(0 0 34.4486)
(0 0 35.0685)
(0 0 35.4773)
(0 0 35.7363)
(0 0 35.8876)
(0 0 35.9571)
(0 0 35.9571)
(0 0 35.8876)
(0 0 35.7363)
(0 0 35.4773)
(0 0 35.0685)
(0 0 34.4487)
(0 0 33.5336)
(0 0 32.2144)
(0 0 30.3587)
(0 0 27.8201)
(0 0 24.4598)
(0 0 20.1881)
(0 0 15.0299)
(0 0 9.21591)
(0 0 3.2808)
(0 0 -1.87543)
(0 0 -5.0648)
(0 0 -5.20437)
(0 0 -1.95662)
(0 0 2.28695)
)
;
    }
    lowerWall
    {
        type            extrapolatedCalculated;
        value           nonuniform List<vector> 
100
(
(0 0 6.00967)
(0 0 7.36859)
(0 0 6.30139)
(0 0 5.91421)
(0 0 5.00592)
(0 0 4.37043)
(0 0 3.97635)
(0 0 3.6489)
(0 0 3.35257)
(0 0 3.10227)
(0 0 2.90079)
(0 0 2.74155)
(0 0 2.61702)
(0 0 2.52098)
(0 0 2.44793)
(0 0 2.39319)
(0 0 2.35273)
(0 0 2.32321)
(0 0 2.30192)
(0 0 2.28674)
(0 0 2.27603)
(0 0 2.26854)
(0 0 2.26335)
(0 0 2.25979)
(0 0 2.25736)
(0 0 2.25571)
(0 0 2.25461)
(0 0 2.25387)
(0 0 2.25339)
(0 0 2.25306)
(0 0 2.25285)
(0 0 2.25271)
(0 0 2.25262)
(0 0 2.25257)
(0 0 2.25253)
(0 0 2.25251)
(0 0 2.25249)
(0 0 2.25248)
(0 0 2.25248)
(0 0 2.25247)
(0 0 2.25247)
(0 0 2.25247)
(0 0 2.25247)
(0 0 2.25247)
(0 0 2.25247)
(0 0 2.25247)
(0 0 2.25247)
(0 0 2.25247)
(0 0 2.25247)
(0 0 2.25247)
(0 0 2.25247)
(0 0 2.25247)
(0 0 2.25247)
(0 0 2.25247)
(0 0 2.25247)
(0 0 2.25247)
(0 0 2.25247)
(0 0 2.25247)
(0 0 2.25247)
(0 0 2.25247)
(0 0 2.25247)
(0 0 2.25247)
(0 0 2.25247)
(0 0 2.25247)
(0 0 2.25247)
(0 0 2.25247)
(0 0 2.25246)
(0 0 2.25246)
(0 0 2.25246)
(0 0 2.25246)
(0 0 2.25246)
(0 0 2.25247)
(0 0 2.25247)
(0 0 2.25247)
(0 0 2.25247)
(0 0 2.25247)
(0 0 2.25247)
(0 0 2.25248)
(0 0 2.25249)
(0 0 2.2525)
(0 0 2.25252)
(0 0 2.25254)
(0 0 2.25258)
(0 0 2.25262)
(0 0 2.25269)
(0 0 2.25277)
(0 0 2.25287)
(0 0 2.25299)
(0 0 2.25314)
(0 0 2.25333)
(0 0 2.25358)
(0 0 2.25393)
(0 0 2.25391)
(0 0 2.25242)
(0 0 2.2523)
(0 0 2.26384)
(0 0 2.26454)
(0 0 2.21832)
(0 0 2.27637)
(0 0 2.28693)
)
;
    }
    upperWall
    {
        type            extrapolatedCalculated;
        value           nonuniform List<vector> 
100
(
(0 0 6.00965)
(0 0 7.36854)
(0 0 6.30124)
(0 0 5.91395)
(0 0 5.00596)
(0 0 4.37053)
(0 0 3.97658)
(0 0 3.64863)
(0 0 3.35232)
(0 0 3.10212)
(0 0 2.90071)
(0 0 2.74149)
(0 0 2.617)
(0 0 2.52093)
(0 0 2.44788)
(0 0 2.39314)
(0 0 2.35269)
(0 0 2.32317)
(0 0 2.30189)
(0 0 2.28672)
(0 0 2.27601)
(0 0 2.26852)
(0 0 2.26334)
(0 0 2.25978)
(0 0 2.25735)
(0 0 2.25571)
(0 0 2.25461)
(0 0 2.25387)
(0 0 2.25339)
(0 0 2.25307)
(0 0 2.25285)
(0 0 2.25272)
(0 0 2.25263)
(0 0 2.25257)
(0 0 2.25253)
(0 0 2.25251)
(0 0 2.25249)
(0 0 2.25248)
(0 0 2.25248)
(0 0 2.25247)
(0 0 2.25247)
(0 0 2.25247)
(0 0 2.25247)
(0 0 2.25247)
(0 0 2.25247)
(0 0 2.25247)
(0 0 2.25247)
(0 0 2.25247)
(0 0 2.25247)
(0 0 2.25247)
(0 0 2.25247)
(0 0 2.25247)
(0 0 2.25247)
(0 0 2.25247)
(0 0 2.25247)
(0 0 2.25247)
(0 0 2.25247)
(0 0 2.25247)
(0 0 2.25247)
(0 0 2.25247)
(0 0 2.25247)
(0 0 2.25247)
(0 0 2.25247)
(0 0 2.25247)
(0 0 2.25247)
(0 0 2.25247)
(0 0 2.25247)
(0 0 2.25247)
(0 0 2.25247)
(0 0 2.25247)
(0 0 2.25247)
(0 0 2.25247)
(0 0 2.25247)
(0 0 2.25247)
(0 0 2.25248)
(0 0 2.25248)
(0 0 2.25248)
(0 0 2.25249)
(0 0 2.2525)
(0 0 2.25251)
(0 0 2.25253)
(0 0 2.25255)
(0 0 2.25259)
(0 0 2.25264)
(0 0 2.2527)
(0 0 2.25278)
(0 0 2.25288)
(0 0 2.25301)
(0 0 2.25316)
(0 0 2.25334)
(0 0 2.2536)
(0 0 2.25395)
(0 0 2.25393)
(0 0 2.25244)
(0 0 2.25232)
(0 0 2.26386)
(0 0 2.26455)
(0 0 2.21834)
(0 0 2.27639)
(0 0 2.28695)
)
;
    }
    frontAndBack
    {
        type            empty;
    }
}


// ************************************************************************* //
