/*--------------------------------*- C++ -*----------------------------------*\
| =========                 |                                                 |
| \\      /  F ield         | foam-extend: Open Source CFD                    |
|  \\    /   O peration     | Version:     5.0                                |
|   \\  /    A nd           | Web:         http://www.foam-extend.org         |
|    \\/     M anipulation  |                                                 |
\*---------------------------------------------------------------------------*/
FoamFile
{
    version     2.0;
    format      ascii;
    class       volVectorField;
    location    "0.02";
    object      U;
}
// * * * * * * * * * * * * * * * * * * * * * * * * * * * * * * * * * * * * * //

dimensions      [0 1 -1 0 0 0 0];

internalField   nonuniform List<vector> 
4000
(
(0.460814 0.0232817 0)
(0.883526 0.013578 0)
(0.826251 -0.00720051 0)
(0.912585 -0.0140411 0)
(1.01919 -0.00953568 0)
(1.0859 -0.00594201 0)
(1.13093 -0.00491765 0)
(1.16993 -0.00442942 0)
(1.20403 -0.00377258 0)
(1.23205 -0.00309015 0)
(1.25446 -0.00249882 0)
(1.27226 -0.00200297 0)
(1.28629 -0.00158612 0)
(1.29721 -0.00123947 0)
(1.30561 -0.000954821 0)
(1.31197 -0.000725642 0)
(1.31674 -0.000544376 0)
(1.32027 -0.000403538 0)
(1.32285 -0.000295794 0)
(1.32472 -0.000214527 0)
(1.32606 -0.000154026 0)
(1.32702 -0.000109565 0)
(1.32769 -7.72551e-05 0)
(1.32816 -5.40311e-05 0)
(1.32848 -3.7495e-05 0)
(1.32871 -2.58295e-05 0)
(1.32886 -1.76713e-05 0)
(1.32897 -1.2012e-05 0)
(1.32904 -8.11351e-06 0)
(1.32909 -5.44734e-06 0)
(1.32912 -3.63687e-06 0)
(1.32914 -2.41543e-06 0)
(1.32915 -1.59505e-06 0)
(1.32916 -1.04704e-06 0)
(1.32917 -6.83824e-07 0)
(1.32917 -4.44338e-07 0)
(1.32917 -2.86837e-07 0)
(1.32917 -1.8378e-07 0)
(1.32918 -1.16342e-07 0)
(1.32918 -7.32675e-08 0)
(1.32918 -4.63256e-08 0)
(1.32918 -2.70635e-08 0)
(1.32918 -1.48275e-08 0)
(1.32918 -8.36737e-09 0)
(1.32918 -3.66793e-09 0)
(1.32918 -7.01331e-10 0)
(1.32918 1.13843e-09 0)
(1.32918 2.26526e-09 0)
(1.32918 2.74355e-09 0)
(1.32918 1.00955e-09 0)
(1.32918 3.77711e-09 0)
(1.32918 6.44928e-09 0)
(1.32918 3.25129e-09 0)
(1.32918 2.74471e-09 0)
(1.32918 -1.69858e-09 0)
(1.32918 3.59139e-09 0)
(1.32918 8.74719e-09 0)
(1.32918 3.08059e-09 0)
(1.32918 2.62012e-09 0)
(1.32918 1.21351e-09 0)
(1.32918 -6.74493e-09 0)
(1.32918 3.1976e-09 0)
(1.32918 1.10857e-08 0)
(1.32918 1.89219e-09 0)
(1.32918 1.59785e-09 0)
(1.32918 1.96453e-09 0)
(1.32918 2.47566e-09 0)
(1.32918 3.17593e-09 0)
(1.32918 4.35978e-09 0)
(1.32918 6.10884e-09 0)
(1.32918 8.64821e-09 0)
(1.32918 1.26423e-08 0)
(1.32918 1.86085e-08 0)
(1.32918 2.73168e-08 0)
(1.32918 3.99022e-08 0)
(1.32918 5.78686e-08 0)
(1.32918 8.32039e-08 0)
(1.32918 1.1844e-07 0)
(1.32917 1.6669e-07 0)
(1.32917 2.31927e-07 0)
(1.32917 3.18346e-07 0)
(1.32917 4.30611e-07 0)
(1.32916 5.73778e-07 0)
(1.32916 7.51745e-07 0)
(1.32915 9.67515e-07 0)
(1.32914 1.22158e-06 0)
(1.32913 1.50983e-06 0)
(1.32912 1.82081e-06 0)
(1.3291 2.16172e-06 0)
(1.32908 2.71979e-06 0)
(1.32906 4.14581e-06 0)
(1.32901 6.43612e-06 0)
(1.32896 3.31106e-06 0)
(1.32903 -1.44806e-05 0)
(1.32917 2.36556e-06 0)
(1.32821 0.000176597 0)
(1.32644 0.000180756 0)
(1.3315 -0.00081893 0)
(1.32873 0.000364166 0)
(1.32471 0.00111402 0)
(0.76587 -0.00865196 0)
(1.77465 0.00549688 0)
(1.83594 -0.0396711 0)
(2.03397 -0.0538629 0)
(2.27786 -0.0395248 0)
(2.45752 -0.0277012 0)
(2.58564 -0.0225502 0)
(2.68998 -0.0191752 0)
(2.77771 -0.015856 0)
(2.84923 -0.0128173 0)
(2.9062 -0.010249 0)
(2.95107 -0.00811265 0)
(2.98608 -0.00634395 0)
(3.01308 -0.00489826 0)
(3.03364 -0.00373299 0)
(3.0491 -0.00280946 0)
(3.0606 -0.00208921 0)
(3.06905 -0.0015363 0)
(3.0752 -0.00111783 0)
(3.07963 -0.000805212 0)
(3.0828 -0.000574518 0)
(3.08503 -0.000406312 0)
(3.0866 -0.000284955 0)
(3.08769 -0.000198292 0)
(3.08845 -0.000136967 0)
(3.08896 -9.39459e-05 0)
(3.08931 -6.40092e-05 0)
(3.08955 -4.33413e-05 0)
(3.08971 -2.91693e-05 0)
(3.08982 -1.95178e-05 0)
(3.08989 -1.29879e-05 0)
(3.08994 -8.59846e-06 0)
(3.08997 -5.66082e-06 0)
(3.08999 -3.70526e-06 0)
(3.09001 -2.41313e-06 0)
(3.09001 -1.56325e-06 0)
(3.09002 -1.00587e-06 0)
(3.09002 -6.42342e-07 0)
(3.09003 -4.05303e-07 0)
(3.09003 -2.5362e-07 0)
(3.09003 -1.58269e-07 0)
(3.09003 -9.21021e-08 0)
(3.09003 -5.03643e-08 0)
(3.09003 -2.72542e-08 0)
(3.09003 -1.10185e-08 0)
(3.09003 -9.71137e-10 0)
(3.09003 5.25439e-09 0)
(3.09003 8.99911e-09 0)
(3.09003 1.06934e-08 0)
(3.09003 5.47111e-09 0)
(3.09003 1.28821e-08 0)
(3.09003 2.0705e-08 0)
(3.09003 1.29716e-08 0)
(3.09003 1.18772e-08 0)
(3.09003 -2.40076e-09 0)
(3.09003 1.14075e-08 0)
(3.09003 2.52601e-08 0)
(3.09003 1.00482e-08 0)
(3.09003 9.40055e-09 0)
(3.09003 6.10138e-09 0)
(3.09003 -1.94245e-08 0)
(3.09003 8.39889e-09 0)
(3.09003 3.24868e-08 0)
(3.09003 4.45237e-09 0)
(3.09003 3.91589e-09 0)
(3.09003 4.98558e-09 0)
(3.09003 6.48065e-09 0)
(3.09003 8.67527e-09 0)
(3.09003 1.25707e-08 0)
(3.09003 1.8483e-08 0)
(3.09003 2.73936e-08 0)
(3.09003 4.15722e-08 0)
(3.09003 6.28932e-08 0)
(3.09003 9.44009e-08 0)
(3.09003 1.4042e-07 0)
(3.09003 2.06768e-07 0)
(3.09003 3.01195e-07 0)
(3.09003 4.33841e-07 0)
(3.09002 6.17486e-07 0)
(3.09002 8.68534e-07 0)
(3.09002 1.20554e-06 0)
(3.09001 1.65005e-06 0)
(3.09 2.22642e-06 0)
(3.08999 2.9576e-06 0)
(3.08997 3.8652e-06 0)
(3.08995 4.96581e-06 0)
(3.08992 6.2665e-06 0)
(3.08989 7.7523e-06 0)
(3.08985 9.42425e-06 0)
(3.08979 1.16488e-05 0)
(3.08972 1.60043e-05 0)
(3.08961 2.33491e-05 0)
(3.08952 2.03668e-05 0)
(3.08961 -1.7294e-05 0)
(3.08954 2.48091e-05 0)
(3.08765 0.000467783 0)
(3.08591 0.000498399 0)
(3.09544 -0.00204602 0)
(3.08182 0.00155057 0)
(3.08015 0.00346169 0)
(0.76475 -0.175568 0)
(2.1118 -0.0759015 0)
(2.34467 -0.112568 0)
(2.61697 -0.127535 0)
(2.92939 -0.100043 0)
(3.17689 -0.0742479 0)
(3.36112 -0.0595525 0)
(3.50847 -0.0493308 0)
(3.62912 -0.0403094 0)
(3.72605 -0.0323766 0)
(3.80252 -0.0257031 0)
(3.86216 -0.0201862 0)
(3.90822 -0.0156686 0)
(3.94337 -0.0120146 0)
(3.96989 -0.00909985 0)
(3.98966 -0.00680982 0)
(4.00424 -0.00503811 0)
(4.01489 -0.00368738 0)
(4.02257 -0.00267132 0)
(4.02808 -0.00191651 0)
(4.03198 -0.0013624 0)
(4.03473 -0.00096021 0)
(4.03664 -0.000671278 0)
(4.03797 -0.000465724 0)
(4.03888 -0.000320801 0)
(4.03951 -0.000219464 0)
(4.03993 -0.000149162 0)
(4.04022 -0.000100761 0)
(4.04041 -6.76629e-05 0)
(4.04053 -4.51796e-05 0)
(4.04062 -3.00032e-05 0)
(4.04068 -1.98222e-05 0)
(4.04071 -1.30246e-05 0)
(4.04074 -8.50978e-06 0)
(4.04075 -5.53171e-06 0)
(4.04076 -3.57585e-06 0)
(4.04077 -2.29573e-06 0)
(4.04077 -1.46243e-06 0)
(4.04078 -9.20768e-07 0)
(4.04078 -5.73174e-07 0)
(4.04078 -3.52805e-07 0)
(4.04078 -2.05278e-07 0)
(4.04078 -1.12481e-07 0)
(4.04078 -5.79965e-08 0)
(4.04078 -2.15868e-08 0)
(4.04078 8.24294e-10 0)
(4.04078 1.46848e-08 0)
(4.04078 2.28312e-08 0)
(4.04078 2.64915e-08 0)
(4.04078 1.81621e-08 0)
(4.04078 2.99002e-08 0)
(4.04078 4.29271e-08 0)
(4.04078 3.24099e-08 0)
(4.04078 3.03173e-08 0)
(4.04078 4.76357e-09 0)
(4.04078 2.46052e-08 0)
(4.04078 4.62751e-08 0)
(4.04078 2.3304e-08 0)
(4.04078 2.19695e-08 0)
(4.04078 1.67943e-08 0)
(4.04078 -2.86981e-08 0)
(4.04078 1.47741e-08 0)
(4.04078 5.63777e-08 0)
(4.04078 8.88819e-09 0)
(4.04078 7.01011e-09 0)
(4.04078 8.88689e-09 0)
(4.04078 1.18005e-08 0)
(4.04078 1.64413e-08 0)
(4.04078 2.48446e-08 0)
(4.04078 3.79733e-08 0)
(4.04078 5.84225e-08 0)
(4.04078 9.09968e-08 0)
(4.04078 1.40244e-07 0)
(4.04078 2.13606e-07 0)
(4.04078 3.21483e-07 0)
(4.04078 4.77953e-07 0)
(4.04078 7.01892e-07 0)
(4.04077 1.01821e-06 0)
(4.04077 1.45897e-06 0)
(4.04077 2.06489e-06 0)
(4.04076 2.88443e-06 0)
(4.04075 3.97479e-06 0)
(4.04074 5.40068e-06 0)
(4.04073 7.22915e-06 0)
(4.04071 9.52502e-06 0)
(4.04068 1.23456e-05 0)
(4.04064 1.57331e-05 0)
(4.04059 1.97116e-05 0)
(4.04054 2.43868e-05 0)
(4.04046 3.04632e-05 0)
(4.04036 4.00444e-05 0)
(4.04023 5.29179e-05 0)
(4.04011 5.00868e-05 0)
(4.04012 1.26467e-05 0)
(4.03988 0.000131392 0)
(4.03789 0.000788718 0)
(4.03711 0.000645692 0)
(4.04747 -0.00271741 0)
(4.02323 0.00383055 0)
(4.02678 0.00620385 0)
(0.63443 -0.350436 0)
(2.10269 -0.202242 0)
(2.42611 -0.211317 0)
(2.72841 -0.211536 0)
(3.06645 -0.170416 0)
(3.34295 -0.13151 0)
(3.5541 -0.105493 0)
(3.7231 -0.0861187 0)
(3.85996 -0.0696767 0)
(3.96886 -0.0556304 0)
(4.05412 -0.0439109 0)
(4.1201 -0.0342741 0)
(4.17066 -0.0264404 0)
(4.20894 -0.0201553 0)
(4.2376 -0.0151828 0)
(4.25882 -0.0113052 0)
(4.27436 -0.00832562 0)
(4.28563 -0.00606783 0)
(4.29373 -0.00437863 0)
(4.2995 -0.00313006 0)
(4.30357 -0.00221764 0)
(4.30642 -0.00155813 0)
(4.3084 -0.00108613 0)
(4.30976 -0.000751514 0)
(4.3107 -0.000516353 0)
(4.31133 -0.000352402 0)
(4.31177 -0.000238982 0)
(4.31205 -0.000161095 0)
(4.31225 -0.000107962 0)
(4.31238 -7.19529e-05 0)
(4.31246 -4.76976e-05 0)
(4.31252 -3.14559e-05 0)
(4.31256 -2.06344e-05 0)
(4.31258 -1.34631e-05 0)
(4.3126 -8.73937e-06 0)
(4.31261 -5.64045e-06 0)
(4.31261 -3.61612e-06 0)
(4.31262 -2.30073e-06 0)
(4.31262 -1.448e-06 0)
(4.31262 -8.99125e-07 0)
(4.31262 -5.48746e-07 0)
(4.31262 -3.21545e-07 0)
(4.31262 -1.79308e-07 0)
(4.31262 -9.15597e-08 0)
(4.31262 -3.48913e-08 0)
(4.31262 -2.61567e-10 0)
(4.31262 2.09167e-08 0)
(4.31262 3.33381e-08 0)
(4.31262 3.96132e-08 0)
(4.31262 3.3397e-08 0)
(4.31262 4.22003e-08 0)
(4.31262 5.29868e-08 0)
(4.31262 4.68186e-08 0)
(4.31262 4.65317e-08 0)
(4.31262 2.14261e-08 0)
(4.31262 3.13335e-08 0)
(4.31262 4.57738e-08 0)
(4.31262 2.82309e-08 0)
(4.31262 2.90756e-08 0)
(4.31262 2.74073e-08 0)
(4.31262 -1.72526e-08 0)
(4.31262 1.14596e-08 0)
(4.31262 4.42882e-08 0)
(4.31262 1.43536e-09 0)
(4.31262 8.01192e-10 0)
(4.31262 3.48929e-09 0)
(4.31262 7.4204e-09 0)
(4.31262 1.41113e-08 0)
(4.31262 2.65899e-08 0)
(4.31262 4.67411e-08 0)
(4.31262 7.88581e-08 0)
(4.31262 1.30243e-07 0)
(4.31262 2.08481e-07 0)
(4.31262 3.25806e-07 0)
(4.31262 4.99394e-07 0)
(4.31262 7.52515e-07 0)
(4.31262 1.11667e-06 0)
(4.31262 1.6336e-06 0)
(4.31262 2.35787e-06 0)
(4.31261 3.35839e-06 0)
(4.31261 4.7207e-06 0)
(4.3126 6.54625e-06 0)
(4.31258 8.95115e-06 0)
(4.31257 1.20624e-05 0)
(4.31255 1.60083e-05 0)
(4.31251 2.09105e-05 0)
(4.31247 2.68765e-05 0)
(4.31242 3.39954e-05 0)
(4.31236 4.2442e-05 0)
(4.31227 5.29767e-05 0)
(4.31217 6.77284e-05 0)
(4.31202 8.68099e-05 0)
(4.31187 9.38334e-05 0)
(4.31184 7.71979e-05 0)
(4.31157 0.000232041 0)
(4.30965 0.000914992 0)
(4.3095 0.000757341 0)
(4.32031 -0.00225791 0)
(4.28864 0.00600055 0)
(4.30364 0.00782634 0)
(0.465769 -0.492954 0)
(1.90591 -0.332031 0)
(2.21136 -0.31782 0)
(2.49173 -0.298981 0)
(2.82239 -0.243639 0)
(3.09739 -0.192441 0)
(3.31059 -0.155103 0)
(3.48298 -0.125908 0)
(3.62286 -0.10128 0)
(3.73389 -0.0805018 0)
(3.82048 -0.0632661 0)
(3.8872 -0.0491592 0)
(3.93809 -0.0377564 0)
(3.97644 -0.0286574 0)
(4.005 -0.0214998 0)
(4.02604 -0.0159484 0)
(4.04139 -0.0117039 0)
(4.05247 -0.00850213 0)
(4.0604 -0.00611684 0)
(4.06602 -0.00436047 0)
(4.06997 -0.00308146 0)
(4.07273 -0.00215991 0)
(4.07464 -0.0015023 0)
(4.07596 -0.00103734 0)
(4.07686 -0.00071138 0)
(4.07747 -0.000484623 0)
(4.07788 -0.000328095 0)
(4.07815 -0.000220815 0)
(4.07834 -0.000147763 0)
(4.07846 -9.8339e-05 0)
(4.07854 -6.5101e-05 0)
(4.0786 -4.28734e-05 0)
(4.07863 -2.80884e-05 0)
(4.07865 -1.83071e-05 0)
(4.07867 -1.18695e-05 0)
(4.07868 -7.64953e-06 0)
(4.07868 -4.89716e-06 0)
(4.07869 -3.11077e-06 0)
(4.07869 -1.95508e-06 0)
(4.07869 -1.2097e-06 0)
(4.07869 -7.31632e-07 0)
(4.07869 -4.28764e-07 0)
(4.07869 -2.39505e-07 0)
(4.07869 -1.18856e-07 0)
(4.07869 -4.2852e-08 0)
(4.07869 3.4218e-09 0)
(4.07869 3.136e-08 0)
(4.07869 4.78277e-08 0)
(4.07869 5.74432e-08 0)
(4.07869 6.28897e-08 0)
(4.07869 5.79649e-08 0)
(4.07869 5.48324e-08 0)
(4.07869 6.2257e-08 0)
(4.07869 6.61035e-08 0)
(4.07869 6.31576e-08 0)
(4.07869 4.10964e-08 0)
(4.07869 2.4742e-08 0)
(4.07869 3.20673e-08 0)
(4.07869 3.76792e-08 0)
(4.07869 4.38216e-08 0)
(4.07869 4.11256e-08 0)
(4.07869 9.36966e-09 0)
(4.07869 -1.34239e-08 0)
(4.07869 -1.01387e-08 0)
(4.07869 -5.98829e-09 0)
(4.07869 -2.53993e-09 0)
(4.07869 2.06987e-09 0)
(4.07869 1.0411e-08 0)
(4.07869 2.63848e-08 0)
(4.07869 5.30056e-08 0)
(4.07869 9.63359e-08 0)
(4.07869 1.65876e-07 0)
(4.07869 2.72464e-07 0)
(4.07869 4.33213e-07 0)
(4.07869 6.72161e-07 0)
(4.07869 1.02201e-06 0)
(4.07869 1.5273e-06 0)
(4.07869 2.24737e-06 0)
(4.07869 3.26028e-06 0)
(4.07868 4.665e-06 0)
(4.07868 6.5869e-06 0)
(4.07867 9.17585e-06 0)
(4.07866 1.26052e-05 0)
(4.07864 1.70702e-05 0)
(4.07862 2.27734e-05 0)
(4.07859 2.99148e-05 0)
(4.07855 3.86788e-05 0)
(4.07849 4.92235e-05 0)
(4.07843 6.17672e-05 0)
(4.07834 7.70714e-05 0)
(4.07823 9.73612e-05 0)
(4.07808 0.000123735 0)
(4.07792 0.000143038 0)
(4.07791 0.000144844 0)
(4.0777 0.000306811 0)
(4.07576 0.000971242 0)
(4.07586 0.000915766 0)
(4.08787 -0.00150308 0)
(4.05179 0.00709427 0)
(4.08417 0.00822199 0)
(0.30257 -0.583843 0)
(1.63571 -0.438768 0)
(1.8462 -0.412466 0)
(2.05898 -0.377888 0)
(2.35266 -0.311359 0)
(2.60152 -0.250294 0)
(2.79679 -0.203043 0)
(2.95733 -0.16468 0)
(3.08903 -0.132177 0)
(3.19388 -0.104821 0)
(3.27563 -0.0821583 0)
(3.33852 -0.0636419 0)
(3.38636 -0.0487209 0)
(3.4223 -0.0368599 0)
(3.44898 -0.0275676 0)
(3.46856 -0.0203897 0)
(3.4828 -0.0149221 0)
(3.49304 -0.010812 0)
(3.50034 -0.00776031 0)
(3.50551 -0.00551995 0)
(3.50913 -0.00389297 0)
(3.51165 -0.00272363 0)
(3.51339 -0.00189112 0)
(3.51459 -0.00130373 0)
(3.5154 -0.000892727 0)
(3.51596 -0.000607306 0)
(3.51633 -0.000410614 0)
(3.51658 -0.000276014 0)
(3.51675 -0.000184486 0)
(3.51686 -0.000122643 0)
(3.51693 -8.11056e-05 0)
(3.51698 -5.33569e-05 0)
(3.51701 -3.4923e-05 0)
(3.51703 -2.27424e-05 0)
(3.51704 -1.47302e-05 0)
(3.51705 -9.48265e-06 0)
(3.51706 -6.06391e-06 0)
(3.51706 -3.84642e-06 0)
(3.51706 -2.41358e-06 0)
(3.51706 -1.48936e-06 0)
(3.51706 -8.95606e-07 0)
(3.51706 -5.24223e-07 0)
(3.51706 -2.91332e-07 0)
(3.51706 -1.40738e-07 0)
(3.51706 -4.78382e-08 0)
(3.51706 8.74401e-09 0)
(3.51706 4.26465e-08 0)
(3.51706 6.26602e-08 0)
(3.51706 7.5246e-08 0)
(3.51706 9.22175e-08 0)
(3.51706 7.37387e-08 0)
(3.51706 5.62363e-08 0)
(3.51706 7.59145e-08 0)
(3.51706 8.29782e-08 0)
(3.51706 1.03259e-07 0)
(3.51706 5.10552e-08 0)
(3.51706 3.61191e-09 0)
(3.51706 3.42061e-08 0)
(3.51706 4.41401e-08 0)
(3.51706 5.67517e-08 0)
(3.51706 9.8821e-08 0)
(3.51706 7.48079e-09 0)
(3.51706 -7.40916e-08 0)
(3.51706 -2.40261e-08 0)
(3.51706 -1.50562e-08 0)
(3.51706 -1.11642e-08 0)
(3.51706 -6.27277e-09 0)
(3.51706 3.28893e-09 0)
(3.51706 2.18614e-08 0)
(3.51706 5.40091e-08 0)
(3.51707 1.07634e-07 0)
(3.51707 1.93544e-07 0)
(3.51706 3.25957e-07 0)
(3.51706 5.26774e-07 0)
(3.51706 8.26345e-07 0)
(3.51706 1.26636e-06 0)
(3.51706 1.90375e-06 0)
(3.51706 2.81487e-06 0)
(3.51706 4.10036e-06 0)
(3.51705 5.88886e-06 0)
(3.51705 8.34426e-06 0)
(3.51704 1.16644e-05 0)
(3.51703 1.60807e-05 0)
(3.51702 2.18563e-05 0)
(3.51699 2.92703e-05 0)
(3.51697 3.86025e-05 0)
(3.51693 5.01128e-05 0)
(3.51688 6.40188e-05 0)
(3.51682 8.05557e-05 0)
(3.51674 0.000100442 0)
(3.51664 0.000125945 0)
(3.51649 0.000159038 0)
(3.51634 0.00018923 0)
(3.51638 0.000205127 0)
(3.51627 0.000360325 0)
(3.51426 0.000979373 0)
(3.51448 0.00104702 0)
(3.52807 -0.000765192 0)
(3.4894 0.00670586 0)
(3.53359 0.0071791 0)
(0.167228 -0.623513 0)
(1.37021 -0.509664 0)
(1.4478 -0.48315 0)
(1.56391 -0.440356 0)
(1.79878 -0.367753 0)
(2.00366 -0.300255 0)
(2.16619 -0.245487 0)
(2.3032 -0.199524 0)
(2.41786 -0.160176 0)
(2.50989 -0.126936 0)
(2.58185 -0.0993513 0)
(2.63725 -0.0768114 0)
(2.67937 -0.0586757 0)
(2.71096 -0.0442898 0)
(2.73436 -0.0330492 0)
(2.75149 -0.0243903 0)
(2.7639 -0.0178125 0)
(2.77281 -0.0128806 0)
(2.77915 -0.00922811 0)
(2.78362 -0.00655279 0)
(2.78674 -0.00461405 0)
(2.78891 -0.00322339 0)
(2.79041 -0.00223508 0)
(2.79144 -0.00153893 0)
(2.79213 -0.00105254 0)
(2.79261 -0.000715239 0)
(2.79292 -0.000483096 0)
(2.79314 -0.000324427 0)
(2.79328 -0.00021665 0)
(2.79337 -0.0001439 0)
(2.79343 -9.50856e-05 0)
(2.79347 -6.25039e-05 0)
(2.7935 -4.08794e-05 0)
(2.79352 -2.66016e-05 0)
(2.79353 -1.72147e-05 0)
(2.79354 -1.10725e-05 0)
(2.79354 -7.07381e-06 0)
(2.79354 -4.4809e-06 0)
(2.79355 -2.80652e-06 0)
(2.79355 -1.72789e-06 0)
(2.79355 -1.0356e-06 0)
(2.79355 -6.0404e-07 0)
(2.79355 -3.31933e-07 0)
(2.79355 -1.56069e-07 0)
(2.79355 -4.90861e-08 0)
(2.79355 1.61572e-08 0)
(2.79355 5.50466e-08 0)
(2.79355 7.78913e-08 0)
(2.79355 9.22647e-08 0)
(2.79355 1.10943e-07 0)
(2.79355 8.9452e-08 0)
(2.79355 6.82983e-08 0)
(2.79355 8.8984e-08 0)
(2.79355 9.60836e-08 0)
(2.79355 1.19655e-07 0)
(2.79355 6.0928e-08 0)
(2.79355 5.37966e-09 0)
(2.79355 3.79068e-08 0)
(2.79355 4.89654e-08 0)
(2.79355 6.26878e-08 0)
(2.79355 1.1189e-07 0)
(2.79355 6.16006e-09 0)
(2.79355 -9.17704e-08 0)
(2.79355 -3.48704e-08 0)
(2.79355 -2.47082e-08 0)
(2.79355 -2.10216e-08 0)
(2.79355 -1.62975e-08 0)
(2.79355 -5.99268e-09 0)
(2.79355 1.41524e-08 0)
(2.79355 5.08342e-08 0)
(2.79355 1.13387e-07 0)
(2.79355 2.13104e-07 0)
(2.79355 3.67832e-07 0)
(2.79355 6.03622e-07 0)
(2.79355 9.564e-07 0)
(2.79355 1.47592e-06 0)
(2.79355 2.23025e-06 0)
(2.79355 3.31106e-06 0)
(2.79354 4.8395e-06 0)
(2.79354 6.97149e-06 0)
(2.79354 9.90587e-06 0)
(2.79353 1.38847e-05 0)
(2.79352 1.91934e-05 0)
(2.79351 2.61579e-05 0)
(2.79349 3.51279e-05 0)
(2.79346 4.64559e-05 0)
(2.79343 6.04661e-05 0)
(2.79339 7.74155e-05 0)
(2.79333 9.75274e-05 0)
(2.79326 0.000121441 0)
(2.79318 0.000151368 0)
(2.79305 0.000189709 0)
(2.79293 0.000227409 0)
(2.79303 0.000251659 0)
(2.79302 0.000394832 0)
(2.79092 0.000959236 0)
(2.79125 0.0011169 0)
(2.80642 -0.00021876 0)
(2.76611 0.00550704 0)
(2.81464 0.00550528 0)
(0.0675527 -0.619983 0)
(1.15252 -0.542592 0)
(1.09197 -0.524663 0)
(1.10081 -0.481805 0)
(1.26482 -0.408934 0)
(1.41508 -0.339001 0)
(1.535 -0.279672 0)
(1.64058 -0.228272 0)
(1.73179 -0.183626 0)
(1.80607 -0.145618 0)
(1.86448 -0.113938 0)
(1.90961 -0.0879992 0)
(1.94395 -0.0671266 0)
(1.9697 -0.0505865 0)
(1.98873 -0.037684 0)
(2.00264 -0.0277638 0)
(2.01269 -0.0202431 0)
(2.01988 -0.0146155 0)
(2.02498 -0.0104558 0)
(2.02857 -0.00741449 0)
(2.03107 -0.00521419 0)
(2.03281 -0.00363839 0)
(2.034 -0.00252011 0)
(2.03482 -0.00173344 0)
(2.03537 -0.00118447 0)
(2.03574 -0.000804181 0)
(2.036 -0.000542729 0)
(2.03616 -0.000364197 0)
(2.03628 -0.000243035 0)
(2.03635 -0.000161314 0)
(2.0364 -0.000106522 0)
(2.03643 -6.99778e-05 0)
(2.03645 -4.57396e-05 0)
(2.03646 -2.97447e-05 0)
(2.03647 -1.92346e-05 0)
(2.03648 -1.23628e-05 0)
(2.03648 -7.89046e-06 0)
(2.03648 -4.99138e-06 0)
(2.03649 -3.12044e-06 0)
(2.03649 -1.91684e-06 0)
(2.03649 -1.1458e-06 0)
(2.03649 -6.64139e-07 0)
(2.03649 -3.59714e-07 0)
(2.03649 -1.64419e-07 0)
(2.03649 -4.60853e-08 0)
(2.03649 2.59427e-08 0)
(2.03649 6.86329e-08 0)
(2.03649 9.34292e-08 0)
(2.03649 1.08583e-07 0)
(2.03649 1.2423e-07 0)
(2.03649 1.04998e-07 0)
(2.03649 8.55972e-08 0)
(2.03649 1.01268e-07 0)
(2.03649 1.06485e-07 0)
(2.03649 1.23577e-07 0)
(2.03649 7.04126e-08 0)
(2.03649 1.91211e-08 0)
(2.03649 4.31173e-08 0)
(2.03649 5.24659e-08 0)
(2.03649 6.38537e-08 0)
(2.03649 1.01209e-07 0)
(2.03649 4.85691e-09 0)
(2.03649 -8.61927e-08 0)
(2.03649 -4.26553e-08 0)
(2.03649 -3.40254e-08 0)
(2.03649 -3.13476e-08 0)
(2.03649 -2.72853e-08 0)
(2.03649 -1.68702e-08 0)
(2.03649 4.12081e-09 0)
(2.03649 4.41348e-08 0)
(2.03649 1.13413e-07 0)
(2.03649 2.23933e-07 0)
(2.03649 3.96662e-07 0)
(2.03649 6.60876e-07 0)
(2.03649 1.05723e-06 0)
(2.03649 1.64221e-06 0)
(2.03649 2.49329e-06 0)
(2.03649 3.71503e-06 0)
(2.03648 5.44595e-06 0)
(2.03648 7.86525e-06 0)
(2.03648 1.12015e-05 0)
(2.03647 1.57344e-05 0)
(2.03646 2.1796e-05 0)
(2.03645 2.9766e-05 0)
(2.03644 4.00533e-05 0)
(2.03642 5.30695e-05 0)
(2.03639 6.91854e-05 0)
(2.03636 8.86729e-05 0)
(2.03631 0.000111711 0)
(2.03626 0.000138815 0)
(2.03619 0.000172005 0)
(2.03609 0.000213605 0)
(2.03599 0.000254959 0)
(2.03617 0.000282347 0)
(2.03626 0.000411534 0)
(2.03407 0.000915878 0)
(2.03453 0.00111433 0)
(2.05106 0.00011601 0)
(2.00954 0.00418089 0)
(2.05889 0.0038919 0)
(0.0022334 -0.58478 0)
(0.998346 -0.542139 0)
(0.815702 -0.537361 0)
(0.722267 -0.501056 0)
(0.812437 -0.433127 0)
(0.904032 -0.364704 0)
(0.976442 -0.303888 0)
(1.04577 -0.249471 0)
(1.10939 -0.201346 0)
(1.16257 -0.159937 0)
(1.20479 -0.125205 0)
(1.23765 -0.0966771 0)
(1.26273 -0.0736889 0)
(1.28154 -0.0554726 0)
(1.29542 -0.0412743 0)
(1.30554 -0.0303705 0)
(1.31283 -0.0221159 0)
(1.31803 -0.0159483 0)
(1.3217 -0.0113963 0)
(1.32427 -0.00807259 0)
(1.32607 -0.00567122 0)
(1.3273 -0.00395358 0)
(1.32815 -0.00273603 0)
(1.32873 -0.00188044 0)
(1.32912 -0.00128395 0)
(1.32938 -0.00087111 0)
(1.32956 -0.000587514 0)
(1.32968 -0.000394003 0)
(1.32975 -0.000262775 0)
(1.32981 -0.000174321 0)
(1.32984 -0.000115047 0)
(1.32986 -7.554e-05 0)
(1.32988 -4.93498e-05 0)
(1.32988 -3.20738e-05 0)
(1.32989 -2.07276e-05 0)
(1.32989 -1.33131e-05 0)
(1.3299 -8.48847e-06 0)
(1.3299 -5.36228e-06 0)
(1.3299 -3.34602e-06 0)
(1.3299 -2.05029e-06 0)
(1.3299 -1.22167e-06 0)
(1.3299 -7.02135e-07 0)
(1.3299 -3.73947e-07 0)
(1.3299 -1.65208e-07 0)
(1.3299 -3.8561e-08 0)
(1.3299 3.81799e-08 0)
(1.3299 8.33608e-08 0)
(1.3299 1.09206e-07 0)
(1.3299 1.24313e-07 0)
(1.3299 1.36726e-07 0)
(1.3299 1.20157e-07 0)
(1.3299 1.028e-07 0)
(1.3299 1.12713e-07 0)
(1.3299 1.15352e-07 0)
(1.3299 1.25487e-07 0)
(1.3299 7.93195e-08 0)
(1.3299 3.41078e-08 0)
(1.3299 4.88957e-08 0)
(1.3299 5.49543e-08 0)
(1.3299 6.25252e-08 0)
(1.3299 8.7042e-08 0)
(1.3299 3.37155e-09 0)
(1.3299 -7.72271e-08 0)
(1.3299 -4.84739e-08 0)
(1.3299 -4.28166e-08 0)
(1.3299 -4.18155e-08 0)
(1.3299 -3.89181e-08 0)
(1.3299 -2.9115e-08 0)
(1.3299 -7.85392e-09 0)
(1.3299 3.4013e-08 0)
(1.3299 1.07391e-07 0)
(1.3299 2.25476e-07 0)
(1.3299 4.11172e-07 0)
(1.3299 6.962e-07 0)
(1.3299 1.12486e-06 0)
(1.3299 1.75883e-06 0)
(1.3299 2.6828e-06 0)
(1.3299 4.0113e-06 0)
(1.3299 5.89634e-06 0)
(1.3299 8.53525e-06 0)
(1.32989 1.21797e-05 0)
(1.32989 1.71393e-05 0)
(1.32989 2.3782e-05 0)
(1.32988 3.25293e-05 0)
(1.32987 4.38353e-05 0)
(1.32985 5.81533e-05 0)
(1.32983 7.58799e-05 0)
(1.32981 9.72762e-05 0)
(1.32978 0.000122446 0)
(1.32974 0.000151735 0)
(1.32969 0.000186841 0)
(1.32961 0.000229587 0)
(1.32955 0.000271066 0)
(1.3298 0.000297501 0)
(1.32998 0.000411462 0)
(1.32771 0.000851312 0)
(1.32831 0.00104728 0)
(1.34589 0.000279621 0)
(1.30339 0.00301549 0)
(1.35207 0.00258787 0)
(-0.0346807 -0.529679 0)
(0.90565 -0.515927 0)
(0.627691 -0.525493 0)
(0.446594 -0.499429 0)
(0.467613 -0.440462 0)
(0.501623 -0.376856 0)
(0.525603 -0.317378 0)
(0.556743 -0.262328 0)
(0.590611 -0.212626 0)
(0.620806 -0.169303 0)
(0.645132 -0.132683 0)
(0.664418 -0.102488 0)
(0.679239 -0.0780957 0)
(0.69038 -0.0587523 0)
(0.698582 -0.0436784 0)
(0.704531 -0.0321094 0)
(0.708787 -0.0233597 0)
(0.711802 -0.0168293 0)
(0.713915 -0.0120148 0)
(0.715385 -0.00850332 0)
(0.7164 -0.0059689 0)
(0.717095 -0.00415794 0)
(0.717568 -0.00287544 0)
(0.717889 -0.00197494 0)
(0.718105 -0.00134763 0)
(0.718249 -0.000913812 0)
(0.718345 -0.000615988 0)
(0.718409 -0.000412877 0)
(0.718451 -0.000275233 0)
(0.718478 -0.000182507 0)
(0.718496 -0.000120394 0)
(0.718508 -7.90168e-05 0)
(0.718516 -5.1598e-05 0)
(0.718521 -3.35171e-05 0)
(0.718524 -2.16474e-05 0)
(0.718526 -1.38936e-05 0)
(0.718527 -8.84951e-06 0)
(0.718528 -5.58233e-06 0)
(0.718528 -3.47602e-06 0)
(0.718528 -2.12362e-06 0)
(0.718528 -1.25997e-06 0)
(0.718529 -7.16756e-07 0)
(0.718529 -3.74046e-07 0)
(0.718529 -1.57726e-07 0)
(0.718529 -2.62978e-08 0)
(0.718529 5.29215e-08 0)
(0.718528 9.91939e-08 0)
(0.718528 1.25189e-07 0)
(0.718528 1.39588e-07 0)
(0.718528 1.48964e-07 0)
(0.718528 1.34655e-07 0)
(0.718528 1.18939e-07 0)
(0.718528 1.23444e-07 0)
(0.718528 1.23288e-07 0)
(0.718528 1.27203e-07 0)
(0.718528 8.75186e-08 0)
(0.718528 4.81652e-08 0)
(0.718528 5.46859e-08 0)
(0.718528 5.68192e-08 0)
(0.718528 6.00565e-08 0)
(0.718529 7.31633e-08 0)
(0.718529 1.62829e-09 0)
(0.718529 -6.8575e-08 0)
(0.718529 -5.30773e-08 0)
(0.718529 -5.10945e-08 0)
(0.718529 -5.22648e-08 0)
(0.718529 -5.10128e-08 0)
(0.718529 -4.25e-08 0)
(0.718529 -2.17969e-08 0)
(0.718529 2.03349e-08 0)
(0.718529 9.52427e-08 0)
(0.718529 2.17275e-07 0)
(0.718529 4.10343e-07 0)
(0.718529 7.07784e-07 0)
(0.71853 1.1563e-06 0)
(0.718529 1.82098e-06 0)
(0.718529 2.79131e-06 0)
(0.718529 4.18847e-06 0)
(0.718528 6.17352e-06 0)
(0.718528 8.95606e-06 0)
(0.718526 1.28035e-05 0)
(0.718524 1.80453e-05 0)
(0.718521 2.50744e-05 0)
(0.718517 3.434e-05 0)
(0.718511 4.63248e-05 0)
(0.718502 6.15053e-05 0)
(0.718491 8.02832e-05 0)
(0.718477 0.000102886 0)
(0.71846 0.000129318 0)
(0.718442 0.000159722 0)
(0.718416 0.000195371 0)
(0.718362 0.000237298 0)
(0.718339 0.000276048 0)
(0.718654 0.000298522 0)
(0.718902 0.000396235 0)
(0.71656 0.000769175 0)
(0.7173 0.000934169 0)
(0.735613 0.000324841 0)
(0.692246 0.0020903 0)
(0.739843 0.00162775 0)
(-0.0505749 -0.464573 0)
(0.863365 -0.472365 0)
(0.519315 -0.49461 0)
(0.269528 -0.480164 0)
(0.231068 -0.432345 0)
(0.212114 -0.375952 0)
(0.189961 -0.320158 0)
(0.183233 -0.2666 0)
(0.186873 -0.217141 0)
(0.193153 -0.173406 0)
(0.199022 -0.136114 0)
(0.204081 -0.105218 0)
(0.2081 -0.0801813 0)
(0.211162 -0.0603031 0)
(0.213372 -0.0448074 0)
(0.214931 -0.032917 0)
(0.215997 -0.02393 0)
(0.216722 -0.0172274 0)
(0.2172 -0.0122899 0)
(0.217512 -0.00869184 0)
(0.217716 -0.00609727 0)
(0.217847 -0.00424476 0)
(0.217931 -0.00293384 0)
(0.217984 -0.00201393 0)
(0.218017 -0.0013735 0)
(0.218037 -0.000930954 0)
(0.21805 -0.000627272 0)
(0.218058 -0.000420253 0)
(0.218063 -0.00028004 0)
(0.218065 -0.000185627 0)
(0.218067 -0.000122407 0)
(0.218068 -8.03072e-05 0)
(0.218069 -5.24187e-05 0)
(0.218069 -3.4033e-05 0)
(0.218069 -2.19672e-05 0)
(0.218069 -1.40875e-05 0)
(0.218069 -8.96301e-06 0)
(0.218069 -5.64477e-06 0)
(0.218069 -3.50617e-06 0)
(0.218069 -2.13417e-06 0)
(0.218069 -1.25899e-06 0)
(0.218069 -7.07241e-07 0)
(0.218069 -3.59633e-07 0)
(0.218069 -1.4164e-07 0)
(0.218069 -9.19712e-09 0)
(0.218069 7.01728e-08 0)
(0.218069 1.1609e-07 0)
(0.218069 1.41336e-07 0)
(0.218069 1.54475e-07 0)
(0.218069 1.61029e-07 0)
(0.218069 1.48326e-07 0)
(0.218069 1.33727e-07 0)
(0.218069 1.33523e-07 0)
(0.218069 1.30551e-07 0)
(0.218069 1.29289e-07 0)
(0.218069 9.49715e-08 0)
(0.218069 6.05318e-08 0)
(0.218069 6.01906e-08 0)
(0.218069 5.83078e-08 0)
(0.218069 5.71828e-08 0)
(0.218069 6.08986e-08 0)
(0.218069 -3.44367e-10 0)
(0.218069 -6.15165e-08 0)
(0.218069 -5.69688e-08 0)
(0.218069 -5.89248e-08 0)
(0.218069 -6.26174e-08 0)
(0.218069 -6.34526e-08 0)
(0.218069 -5.68694e-08 0)
(0.218069 -3.77261e-08 0)
(0.218069 3.04998e-09 0)
(0.21807 7.69589e-08 0)
(0.21807 1.99062e-07 0)
(0.21807 3.93592e-07 0)
(0.21807 6.94578e-07 0)
(0.21807 1.14978e-06 0)
(0.21807 1.82582e-06 0)
(0.21807 2.81439e-06 0)
(0.21807 4.23975e-06 0)
(0.218071 6.26726e-06 0)
(0.218071 9.11248e-06 0)
(0.21807 1.30504e-05 0)
(0.21807 1.84205e-05 0)
(0.21807 2.56277e-05 0)
(0.218069 3.51342e-05 0)
(0.218068 4.74346e-05 0)
(0.218066 6.30101e-05 0)
(0.218063 8.22489e-05 0)
(0.21806 0.000105328 0)
(0.218057 0.00013214 0)
(0.218057 0.000162604 0)
(0.218054 0.000197521 0)
(0.218025 0.000236988 0)
(0.218035 0.000270998 0)
(0.218407 0.000287609 0)
(0.218707 0.000368432 0)
(0.2163 0.000675016 0)
(0.217157 0.00079594 0)
(0.235925 0.000300613 0)
(0.191816 0.00140554 0)
(0.238386 0.000971378 0)
(-0.0524183 -0.396794 0)
(0.857528 -0.418875 0)
(0.473777 -0.450565 0)
(0.174818 -0.447123 0)
(0.0887126 -0.410996 0)
(0.0239032 -0.363211 0)
(-0.0402399 -0.312798 0)
(-0.0827495 -0.262487 0)
(-0.108422 -0.214898 0)
(-0.125715 -0.17218 0)
(-0.138351 -0.135414 0)
(-0.147605 -0.104779 0)
(-0.154536 -0.0798723 0)
(-0.159664 -0.0600683 0)
(-0.163542 -0.0446184 0)
(-0.166441 -0.032763 0)
(-0.168611 -0.0238056 0)
(-0.170208 -0.0171281 0)
(-0.171388 -0.0122112 0)
(-0.172249 -0.00863125 0)
(-0.172865 -0.00605178 0)
(-0.173305 -0.00421101 0)
(-0.173615 -0.00290919 0)
(-0.173832 -0.0019961 0)
(-0.173983 -0.00136073 0)
(-0.174087 -0.000921974 0)
(-0.174158 -0.000621001 0)
(-0.174207 -0.000415906 0)
(-0.174239 -0.000277051 0)
(-0.174261 -0.000183588 0)
(-0.174276 -0.000121023 0)
(-0.174286 -7.93717e-05 0)
(-0.174292 -5.1787e-05 0)
(-0.174297 -3.36057e-05 0)
(-0.174299 -2.16773e-05 0)
(-0.174301 -1.3889e-05 0)
(-0.174303 -8.82521e-06 0)
(-0.174303 -5.54717e-06 0)
(-0.174304 -3.43507e-06 0)
(-0.174304 -2.08105e-06 0)
(-0.174304 -1.21815e-06 0)
(-0.174305 -6.73378e-07 0)
(-0.174305 -3.30678e-07 0)
(-0.174305 -1.16958e-07 0)
(-0.174305 1.26863e-08 0)
(-0.174305 8.9851e-08 0)
(-0.174305 1.33957e-07 0)
(-0.174305 1.57567e-07 0)
(-0.174305 1.68942e-07 0)
(-0.174305 1.72847e-07 0)
(-0.174305 1.61069e-07 0)
(-0.174305 1.47052e-07 0)
(-0.174305 1.42913e-07 0)
(-0.174305 1.37256e-07 0)
(-0.174305 1.31825e-07 0)
(-0.174305 1.01648e-07 0)
(-0.174305 7.10125e-08 0)
(-0.174305 6.51994e-08 0)
(-0.174305 5.95237e-08 0)
(-0.174305 5.43015e-08 0)
(-0.174305 5.05738e-08 0)
(-0.174305 -2.49414e-09 0)
(-0.174305 -5.63491e-08 0)
(-0.174305 -6.04801e-08 0)
(-0.174305 -6.63834e-08 0)
(-0.174305 -7.28405e-08 0)
(-0.174305 -7.61614e-08 0)
(-0.174305 -7.21278e-08 0)
(-0.174305 -5.5574e-08 0)
(-0.174304 -1.77858e-08 0)
(-0.174304 5.25882e-08 0)
(-0.174304 1.70808e-07 0)
(-0.174304 3.60779e-07 0)
(-0.174304 6.56258e-07 0)
(-0.174304 1.1047e-06 0)
(-0.174303 1.77232e-06 0)
(-0.174303 2.75034e-06 0)
(-0.174302 4.16246e-06 0)
(-0.174302 6.17343e-06 0)
(-0.174301 8.99826e-06 0)
(-0.1743 1.29112e-05 0)
(-0.174298 1.82513e-05 0)
(-0.174296 2.54225e-05 0)
(-0.174293 3.48854e-05 0)
(-0.17429 4.71298e-05 0)
(-0.174285 6.26245e-05 0)
(-0.174279 8.17292e-05 0)
(-0.174271 0.000104562 0)
(-0.174259 0.000130901 0)
(-0.174242 0.000160448 0)
(-0.174224 0.000193531 0)
(-0.174229 0.000229324 0)
(-0.174189 0.000257419 0)
(-0.17377 0.000267341 0)
(-0.173437 0.000331344 0)
(-0.175905 0.000575306 0)
(-0.174963 0.000651035 0)
(-0.15595 0.000244089 0)
(-0.200688 0.000925175 0)
(-0.1549 0.00055163 0)
(-0.0459259 -0.33116 0)
(0.874935 -0.361209 0)
(0.472451 -0.39857 0)
(0.141701 -0.404161 0)
(0.0200345 -0.379004 0)
(-0.0824697 -0.34023 0)
(-0.183241 -0.296256 0)
(-0.258248 -0.250523 0)
(-0.311327 -0.206179 0)
(-0.351056 -0.165761 0)
(-0.381569 -0.130643 0)
(-0.404802 -0.101201 0)
(-0.422374 -0.0771837 0)
(-0.435519 -0.058053 0)
(-0.445388 -0.0431129 0)
(-0.452671 -0.0316489 0)
(-0.458022 -0.0229875 0)
(-0.46191 -0.0165323 0)
(-0.464716 -0.0117802 0)
(-0.466722 -0.00832278 0)
(-0.468142 -0.00583322 0)
(-0.469141 -0.00405732 0)
(-0.469837 -0.00280195 0)
(-0.470318 -0.00192182 0)
(-0.470649 -0.00130964 0)
(-0.470875 -0.000887081 0)
(-0.471029 -0.000597323 0)
(-0.471132 -0.000399937 0)
(-0.471202 -0.000266338 0)
(-0.471248 -0.000176438 0)
(-0.471279 -0.000116275 0)
(-0.471299 -7.62331e-05 0)
(-0.471312 -4.97186e-05 0)
(-0.471321 -3.22458e-05 0)
(-0.471327 -2.07847e-05 0)
(-0.47133 -1.33029e-05 0)
(-0.471333 -8.43925e-06 0)
(-0.471334 -5.29162e-06 0)
(-0.471335 -3.26412e-06 0)
(-0.471336 -1.96517e-06 0)
(-0.471336 -1.13811e-06 0)
(-0.471337 -6.15618e-07 0)
(-0.471337 -2.87515e-07 0)
(-0.471337 -8.39426e-08 0)
(-0.471337 3.91514e-08 0)
(-0.471337 1.11792e-07 0)
(-0.471337 1.52659e-07 0)
(-0.471337 1.73775e-07 0)
(-0.471337 1.82921e-07 0)
(-0.471337 1.84279e-07 0)
(-0.471337 1.72817e-07 0)
(-0.471337 1.58918e-07 0)
(-0.471337 1.51546e-07 0)
(-0.471337 1.4342e-07 0)
(-0.471337 1.3467e-07 0)
(-0.471337 1.07535e-07 0)
(-0.471337 7.96943e-08 0)
(-0.471337 6.96096e-08 0)
(-0.471337 6.05125e-08 0)
(-0.471337 5.15954e-08 0)
(-0.471337 4.20725e-08 0)
(-0.471337 -4.75327e-09 0)
(-0.471337 -5.29185e-08 0)
(-0.471337 -6.38003e-08 0)
(-0.471337 -7.35153e-08 0)
(-0.471337 -8.28975e-08 0)
(-0.471337 -8.9054e-08 0)
(-0.471337 -8.81575e-08 0)
(-0.471337 -7.52004e-08 0)
(-0.471337 -4.19963e-08 0)
(-0.471337 2.23568e-08 0)
(-0.471336 1.32795e-07 0)
(-0.471336 3.12254e-07 0)
(-0.471336 5.93275e-07 0)
(-0.471335 1.02164e-06 0)
(-0.471335 1.66125e-06 0)
(-0.471334 2.60018e-06 0)
(-0.471333 3.95794e-06 0)
(-0.471332 5.89381e-06 0)
(-0.47133 8.61576e-06 0)
(-0.471328 1.23891e-05 0)
(-0.471325 1.75418e-05 0)
(-0.47132 2.44649e-05 0)
(-0.471314 3.36022e-05 0)
(-0.471306 4.54235e-05 0)
(-0.471295 6.03704e-05 0)
(-0.471281 7.87633e-05 0)
(-0.471262 0.000100659 0)
(-0.471236 0.000125738 0)
(-0.471202 0.000153512 0)
(-0.471164 0.000183875 0)
(-0.471148 0.000215205 0)
(-0.471084 0.000237001 0)
(-0.470628 0.000240374 0)
(-0.470277 0.000288516 0)
(-0.472804 0.000476246 0)
(-0.471807 0.000513106 0)
(-0.452698 0.000179707 0)
(-0.497951 0.000602415 0)
(-0.452672 0.000300425 0)
(-0.0353295 -0.270387 0)
(0.90479 -0.303383 0)
(0.498461 -0.342711 0)
(0.150072 -0.354705 0)
(0.00364395 -0.338932 0)
(-0.128423 -0.308771 0)
(-0.259949 -0.271706 0)
(-0.363479 -0.231466 0)
(-0.441312 -0.191466 0)
(-0.501694 -0.154453 0)
(-0.548889 -0.121991 0)
(-0.585254 -0.0946131 0)
(-0.612908 -0.0722052 0)
(-0.633699 -0.0543192 0)
(-0.649226 -0.0403363 0)
(-0.660679 -0.0296061 0)
(-0.669058 -0.0214979 0)
(-0.675125 -0.0154558 0)
(-0.679479 -0.0110089 0)
(-0.682577 -0.00777506 0)
(-0.684763 -0.00544753 0)
(-0.686292 -0.00378783 0)
(-0.687355 -0.00261504 0)
(-0.688088 -0.0017931 0)
(-0.68859 -0.00122159 0)
(-0.688932 -0.000827222 0)
(-0.689163 -0.000556881 0)
(-0.689319 -0.000372772 0)
(-0.689423 -0.000248187 0)
(-0.689492 -0.000164372 0)
(-0.689538 -0.000108293 0)
(-0.689568 -7.09756e-05 0)
(-0.689588 -4.62689e-05 0)
(-0.689601 -2.99896e-05 0)
(-0.689609 -1.93131e-05 0)
(-0.689615 -1.23443e-05 0)
(-0.689619 -7.81508e-06 0)
(-0.689621 -4.88452e-06 0)
(-0.689622 -2.99741e-06 0)
(-0.689623 -1.78921e-06 0)
(-0.689624 -1.02062e-06 0)
(-0.689624 -5.35093e-07 0)
(-0.689625 -2.30866e-07 0)
(-0.689625 -4.31008e-08 0)
(-0.689625 6.9849e-08 0)
(-0.689625 1.35747e-07 0)
(-0.689625 1.72018e-07 0)
(-0.689625 1.89832e-07 0)
(-0.689625 1.96324e-07 0)
(-0.689625 1.95171e-07 0)
(-0.689625 1.83519e-07 0)
(-0.689625 1.69374e-07 0)
(-0.689625 1.59354e-07 0)
(-0.689625 1.49007e-07 0)
(-0.689625 1.37623e-07 0)
(-0.689625 1.12637e-07 0)
(-0.689625 8.67669e-08 0)
(-0.689625 7.3385e-08 0)
(-0.689625 6.12939e-08 0)
(-0.689625 4.91347e-08 0)
(-0.689625 3.51363e-08 0)
(-0.689625 -7.04764e-09 0)
(-0.689625 -5.09092e-08 0)
(-0.689625 -6.70125e-08 0)
(-0.689625 -8.03262e-08 0)
(-0.689625 -9.27293e-08 0)
(-0.689625 -1.02017e-07 0)
(-0.689625 -1.04795e-07 0)
(-0.689625 -9.63819e-08 0)
(-0.689624 -6.92741e-08 0)
(-0.689624 -1.33097e-08 0)
(-0.689624 8.56188e-08 0)
(-0.689624 2.4887e-07 0)
(-0.689624 5.06847e-07 0)
(-0.689623 9.02348e-07 0)
(-0.689622 1.49511e-06 0)
(-0.689621 2.36752e-06 0)
(-0.68962 3.63138e-06 0)
(-0.689618 5.43577e-06 0)
(-0.689616 7.97543e-06 0)
(-0.689612 1.14988e-05 0)
(-0.689607 1.63129e-05 0)
(-0.6896 2.27835e-05 0)
(-0.689591 3.13249e-05 0)
(-0.689578 4.23721e-05 0)
(-0.689562 5.63277e-05 0)
(-0.68954 7.34661e-05 0)
(-0.689511 9.37893e-05 0)
(-0.689472 0.000116905 0)
(-0.689422 0.000142186 0)
(-0.689367 0.000169172 0)
(-0.689333 0.00019565 0)
(-0.689248 0.000211422 0)
(-0.688766 0.000209181 0)
(-0.68841 0.00024325 0)
(-0.690996 0.000382842 0)
(-0.68997 0.000390608 0)
(-0.670854 0.000121244 0)
(-0.716514 0.000392652 0)
(-0.671518 0.000160227 0)
(-0.0235031 -0.215619 0)
(0.939135 -0.247848 0)
(0.5383 -0.285911 0)
(0.182605 -0.301484 0)
(0.020293 -0.293044 0)
(-0.133919 -0.270582 0)
(-0.290364 -0.240411 0)
(-0.418085 -0.206208 0)
(-0.517529 -0.171384 0)
(-0.596283 -0.138695 0)
(-0.65851 -0.109768 0)
(-0.706798 -0.0852363 0)
(-0.743665 -0.0650923 0)
(-0.771453 -0.0489811 0)
(-0.792183 -0.0363729 0)
(-0.80747 -0.0266943 0)
(-0.818634 -0.0193797 0)
(-0.826703 -0.0139294 0)
(-0.832482 -0.00991906 0)
(-0.836585 -0.00700335 0)
(-0.839474 -0.00490549 0)
(-0.841492 -0.00341005 0)
(-0.842892 -0.00235365 0)
(-0.843855 -0.0016135 0)
(-0.844515 -0.001099 0)
(-0.844963 -0.000744046 0)
(-0.845265 -0.000500787 0)
(-0.845469 -0.000335158 0)
(-0.845605 -0.000223096 0)
(-0.845695 -0.000147719 0)
(-0.845755 -9.72938e-05 0)
(-0.845794 -6.37425e-05 0)
(-0.84582 -4.15316e-05 0)
(-0.845837 -2.68981e-05 0)
(-0.845848 -1.7302e-05 0)
(-0.845855 -1.10391e-05 0)
(-0.845859 -6.96921e-06 0)
(-0.845862 -4.33647e-06 0)
(-0.845864 -2.64174e-06 0)
(-0.845865 -1.5575e-06 0)
(-0.845866 -8.68502e-07 0)
(-0.845867 -4.33596e-07 0)
(-0.845867 -1.61864e-07 0)
(-0.845867 4.81798e-09 0)
(-0.845867 1.04283e-07 0)
(-0.845868 1.61383e-07 0)
(-0.845868 1.91808e-07 0)
(-0.845868 2.05585e-07 0)
(-0.845868 2.09046e-07 0)
(-0.845868 2.05376e-07 0)
(-0.845868 1.93134e-07 0)
(-0.845868 1.78473e-07 0)
(-0.845868 1.66275e-07 0)
(-0.845868 1.53967e-07 0)
(-0.845868 1.40491e-07 0)
(-0.845868 1.16967e-07 0)
(-0.845868 9.24391e-08 0)
(-0.845868 7.65296e-08 0)
(-0.845868 6.18789e-08 0)
(-0.845868 4.69357e-08 0)
(-0.845868 2.94944e-08 0)
(-0.845868 -9.30183e-09 0)
(-0.845868 -4.99743e-08 0)
(-0.845868 -7.01246e-08 0)
(-0.845868 -8.67845e-08 0)
(-0.845868 -1.02249e-07 0)
(-0.845867 -1.14902e-07 0)
(-0.845867 -1.21826e-07 0)
(-0.845867 -1.1881e-07 0)
(-0.845867 -9.91806e-08 0)
(-0.845867 -5.37866e-08 0)
(-0.845867 3.01903e-08 0)
(-0.845866 1.71956e-07 0)
(-0.845866 3.98917e-07 0)
(-0.845865 7.49671e-07 0)
(-0.845865 1.27808e-06 0)
(-0.845864 2.05842e-06 0)
(-0.845862 3.19153e-06 0)
(-0.84586 4.81191e-06 0)
(-0.845856 7.09529e-06 0)
(-0.845852 1.02658e-05 0)
(-0.845845 1.46004e-05 0)
(-0.845836 2.04286e-05 0)
(-0.845824 2.81229e-05 0)
(-0.845807 3.80715e-05 0)
(-0.845785 5.0628e-05 0)
(-0.845756 6.60184e-05 0)
(-0.845718 8.4202e-05 0)
(-0.845668 0.000104748 0)
(-0.845604 0.000126954 0)
(-0.845534 0.000150118 0)
(-0.845485 0.000171703 0)
(-0.845384 0.000182213 0)
(-0.844883 0.000175854 0)
(-0.844532 0.000198253 0)
(-0.847173 0.000298434 0)
(-0.846138 0.000287455 0)
(-0.827067 7.47869e-05 0)
(-0.873036 0.000258984 0)
(-0.828158 8.7496e-05 0)
(-0.0122423 -0.166928 0)
(0.972594 -0.195804 0)
(0.582012 -0.229996 0)
(0.22575 -0.246504 0)
(0.0542642 -0.243215 0)
(-0.11581 -0.227241 0)
(-0.291721 -0.203634 0)
(-0.439217 -0.175721 0)
(-0.556834 -0.146663 0)
(-0.651313 -0.11903 0)
(-0.726558 -0.0943788 0)
(-0.785248 -0.0733684 0)
(-0.830197 -0.0560644 0)
(-0.864137 -0.0421999 0)
(-0.889458 -0.0313397 0)
(-0.908128 -0.0229991 0)
(-0.92175 -0.0166947 0)
(-0.931587 -0.0119974 0)
(-0.938625 -0.00854155 0)
(-0.943615 -0.00602946 0)
(-0.947125 -0.00422243 0)
(-0.949575 -0.00293464 0)
(-0.951272 -0.00202513 0)
(-0.952439 -0.00138805 0)
(-0.953237 -0.00094528 0)
(-0.953779 -0.000639869 0)
(-0.954145 -0.0004306 0)
(-0.95439 -0.000288136 0)
(-0.954554 -0.000191759 0)
(-0.954663 -0.000126938 0)
(-0.954735 -8.35795e-05 0)
(-0.954783 -5.47323e-05 0)
(-0.954814 -3.56363e-05 0)
(-0.954834 -2.30556e-05 0)
(-0.954847 -1.4806e-05 0)
(-0.954855 -9.42236e-06 0)
(-0.954861 -5.92432e-06 0)
(-0.954864 -3.66202e-06 0)
(-0.954867 -2.2064e-06 0)
(-0.954868 -1.27598e-06 0)
(-0.954869 -6.85588e-07 0)
(-0.95487 -3.13539e-07 0)
(-0.95487 -8.20319e-08 0)
(-0.95487 5.88245e-08 0)
(-0.954871 1.41817e-07 0)
(-0.954871 1.88286e-07 0)
(-0.954871 2.11756e-07 0)
(-0.954871 2.20856e-07 0)
(-0.954871 2.20967e-07 0)
(-0.954871 2.14755e-07 0)
(-0.954871 2.01621e-07 0)
(-0.954871 1.86258e-07 0)
(-0.954871 1.72256e-07 0)
(-0.954871 1.58248e-07 0)
(-0.954871 1.43106e-07 0)
(-0.954871 1.20543e-07 0)
(-0.954871 9.6903e-08 0)
(-0.954871 7.90688e-08 0)
(-0.954871 6.22759e-08 0)
(-0.954871 4.49897e-08 0)
(-0.954871 2.49101e-08 0)
(-0.954871 -1.14439e-08 0)
(-0.954871 -4.97887e-08 0)
(-0.954871 -7.3094e-08 0)
(-0.954871 -9.28291e-08 0)
(-0.954871 -1.11344e-07 0)
(-0.954871 -1.27533e-07 0)
(-0.954871 -1.38991e-07 0)
(-0.95487 -1.421e-07 0)
(-0.95487 -1.31155e-07 0)
(-0.95487 -9.82616e-08 0)
(-0.95487 -3.22956e-08 0)
(-0.95487 8.32824e-08 0)
(-0.954869 2.72102e-07 0)
(-0.954868 5.6746e-07 0)
(-0.954868 1.0158e-06 0)
(-0.954866 1.68114e-06 0)
(-0.954864 2.65043e-06 0)
(-0.954861 4.03961e-06 0)
(-0.954858 6.00022e-06 0)
(-0.954852 8.72544e-06 0)
(-0.954844 1.2454e-05 0)
(-0.954833 1.74695e-05 0)
(-0.954818 2.40917e-05 0)
(-0.954798 3.26522e-05 0)
(-0.954771 4.34478e-05 0)
(-0.954736 5.66571e-05 0)
(-0.95469 7.22125e-05 0)
(-0.95463 8.96852e-05 0)
(-0.954554 0.000108367 0)
(-0.954472 0.000127444 0)
(-0.95441 0.000144338 0)
(-0.954299 0.000150655 0)
(-0.953786 0.000141988 0)
(-0.953446 0.000155421 0)
(-0.956137 0.00022463 0)
(-0.955105 0.000204125 0)
(-0.936098 4.15574e-05 0)
(-0.982293 0.000173552 0)
(-0.93743 5.20121e-05 0)
(-0.0025758 -0.12372 0)
(1.00182 -0.147534 0)
(0.62277 -0.175889 0)
(0.269606 -0.191069 0)
(0.0935702 -0.190885 0)
(-0.0873273 -0.180118 0)
(-0.277816 -0.162563 0)
(-0.440778 -0.140993 0)
(-0.572974 -0.118099 0)
(-0.680273 -0.0960789 0)
(-0.766241 -0.0763015 0)
(-0.833557 -0.0593731 0)
(-0.885239 -0.0453952 0)
(-0.924316 -0.0341785 0)
(-0.953479 -0.025385 0)
(-0.974982 -0.0186288 0)
(-0.990664 -0.0135212 0)
(-1.00198 -0.00971562 0)
(-1.01008 -0.00691605 0)
(-1.01581 -0.00488127 0)
(-1.01984 -0.00341783 0)
(-1.02265 -0.00237511 0)
(-1.0246 -0.00163879 0)
(-1.02594 -0.0011231 0)
(-1.02685 -0.00076476 0)
(-1.02747 -0.000517609 0)
(-1.02789 -0.00034828 0)
(-1.02817 -0.000233016 0)
(-1.02836 -0.000155045 0)
(-1.02848 -0.000102605 0)
(-1.02856 -6.75298e-05 0)
(-1.02862 -4.41935e-05 0)
(-1.02865 -2.87453e-05 0)
(-1.02868 -1.85675e-05 0)
(-1.02869 -1.18935e-05 0)
(-1.0287 -7.53823e-06 0)
(-1.02871 -4.70872e-06 0)
(-1.02871 -2.87931e-06 0)
(-1.02871 -1.70297e-06 0)
(-1.02872 -9.52059e-07 0)
(-1.02872 -4.76606e-07 0)
(-1.02872 -1.77918e-07 0)
(-1.02872 6.74341e-09 0)
(-1.02872 1.17702e-07 0)
(-1.02872 1.8167e-07 0)
(-1.02872 2.15951e-07 0)
(-1.02872 2.31538e-07 0)
(-1.02872 2.35429e-07 0)
(-1.02872 2.31942e-07 0)
(-1.02872 2.23165e-07 0)
(-1.02872 2.08926e-07 0)
(-1.02872 1.92746e-07 0)
(-1.02872 1.77243e-07 0)
(-1.02872 1.61786e-07 0)
(-1.02872 1.45323e-07 0)
(-1.02872 1.23373e-07 0)
(-1.02872 1.00312e-07 0)
(-1.02872 8.10284e-08 0)
(-1.02872 6.2483e-08 0)
(-1.02872 4.32674e-08 0)
(-1.02872 2.1182e-08 0)
(-1.02872 -1.34182e-08 0)
(-1.02872 -5.00781e-08 0)
(-1.02872 -7.58581e-08 0)
(-1.02872 -9.83878e-08 0)
(-1.02872 -1.19892e-07 0)
(-1.02872 -1.39716e-07 0)
(-1.02872 -1.55997e-07 0)
(-1.02872 -1.65813e-07 0)
(-1.02872 -1.64543e-07 0)
(-1.02872 -1.45766e-07 0)
(-1.02872 -1.00397e-07 0)
(-1.02872 -1.50079e-08 0)
(-1.02872 1.29597e-07 0)
(-1.02872 3.60457e-07 0)
(-1.02872 7.15263e-07 0)
(-1.02871 1.24594e-06 0)
(-1.02871 2.02301e-06 0)
(-1.02871 3.14049e-06 0)
(-1.0287 4.72123e-06 0)
(-1.0287 6.92182e-06 0)
(-1.02869 9.93565e-06 0)
(-1.02868 1.39924e-05 0)
(-1.02866 1.93501e-05 0)
(-1.02864 2.62752e-05 0)
(-1.02861 3.50029e-05 0)
(-1.02856 4.56667e-05 0)
(-1.02851 5.81899e-05 0)
(-1.02844 7.21863e-05 0)
(-1.02836 8.70137e-05 0)
(-1.02827 0.000101876 0)
(-1.0282 0.000114429 0)
(-1.02808 0.00011774 0)
(-1.02756 0.000108628 0)
(-1.02723 0.00011578 0)
(-1.02996 0.000161478 0)
(-1.02894 0.00013878 0)
(-1.01 2.01384e-05 0)
(-1.05635 0.000116814 0)
(-1.01145 3.4496e-05 0)
(0.00496422 -0.0850167 0)
(1.02488 -0.102688 0)
(0.656189 -0.123814 0)
(0.307371 -0.135894 0)
(0.129605 -0.137082 0)
(-0.0582487 -0.130347 0)
(-0.259029 -0.118297 0)
(-0.43334 -0.103005 0)
(-0.576469 -0.0865197 0)
(-0.693509 -0.0705219 0)
(-0.787696 -0.0560745 0)
(-0.86166 -0.0436674 0)
(-0.918549 -0.0334021 0)
(-0.961606 -0.0251545 0)
(-0.993753 -0.0186844 0)
(-1.01746 -0.0137117 0)
(-1.03474 -0.00995192 0)
(-1.04721 -0.0071504 0)
(-1.05612 -0.00508955 0)
(-1.06244 -0.0035918 0)
(-1.06687 -0.00251473 0)
(-1.06996 -0.0017474 0)
(-1.0721 -0.0012056 0)
(-1.07358 -0.000826172 0)
(-1.07458 -0.00056253 0)
(-1.07526 -0.000380705 0)
(-1.07572 -0.000256136 0)
(-1.07603 -0.000171341 0)
(-1.07623 -0.000113979 0)
(-1.07637 -7.53978e-05 0)
(-1.07646 -4.95902e-05 0)
(-1.07652 -3.24182e-05 0)
(-1.07656 -2.10491e-05 0)
(-1.07658 -1.35575e-05 0)
(-1.0766 -8.6445e-06 0)
(-1.07661 -5.43827e-06 0)
(-1.07662 -3.35555e-06 0)
(-1.07662 -2.00957e-06 0)
(-1.07663 -1.14499e-06 0)
(-1.07663 -5.94363e-07 0)
(-1.07663 -2.47088e-07 0)
(-1.07663 -3.02357e-08 0)
(-1.07663 1.02257e-07 0)
(-1.07663 1.80036e-07 0)
(-1.07663 2.22939e-07 0)
(-1.07663 2.43798e-07 0)
(-1.07663 2.50776e-07 0)
(-1.07663 2.49061e-07 0)
(-1.07663 2.41803e-07 0)
(-1.07663 2.30459e-07 0)
(-1.07663 2.14982e-07 0)
(-1.07663 1.9793e-07 0)
(-1.07663 1.81179e-07 0)
(-1.07663 1.64513e-07 0)
(-1.07663 1.47016e-07 0)
(-1.07663 1.25454e-07 0)
(-1.07663 1.02775e-07 0)
(-1.07663 8.24255e-08 0)
(-1.07663 6.24874e-08 0)
(-1.07663 4.1726e-08 0)
(-1.07663 1.8141e-08 0)
(-1.07663 -1.51868e-08 0)
(-1.07663 -5.06226e-08 0)
(-1.07663 -7.83478e-08 0)
(-1.07663 -1.03385e-07 0)
(-1.07663 -1.27769e-07 0)
(-1.07663 -1.5125e-07 0)
(-1.07663 -1.72534e-07 0)
(-1.07663 -1.89471e-07 0)
(-1.07663 -1.9862e-07 0)
(-1.07663 -1.95206e-07 0)
(-1.07663 -1.72467e-07 0)
(-1.07663 -1.20445e-07 0)
(-1.07663 -2.49104e-08 0)
(-1.07663 1.34147e-07 0)
(-1.07663 3.84592e-07 0)
(-1.07663 7.64768e-07 0)
(-1.07662 1.32671e-06 0)
(-1.07662 2.13976e-06 0)
(-1.07661 3.2945e-06 0)
(-1.07661 4.90635e-06 0)
(-1.0766 7.11775e-06 0)
(-1.07658 1.00977e-05 0)
(-1.07657 1.40357e-05 0)
(-1.07654 1.91268e-05 0)
(-1.07651 2.5541e-05 0)
(-1.07646 3.337e-05 0)
(-1.0764 4.25451e-05 0)
(-1.07633 5.27599e-05 0)
(-1.07624 6.35029e-05 0)
(-1.07614 7.41112e-05 0)
(-1.07606 8.2719e-05 0)
(-1.07593 8.41527e-05 0)
(-1.07541 7.62903e-05 0)
(-1.0751 7.95408e-05 0)
(-1.07787 0.000107781 0)
(-1.07685 8.81964e-05 0)
(-1.05797 7.97087e-06 0)
(-1.10443 7.5966e-05 0)
(-1.05947 2.38445e-05 0)
(0.0101381 -0.0496437 0)
(1.04075 -0.0605036 0)
(0.679632 -0.073502 0)
(0.33466 -0.0812371 0)
(0.156577 -0.0824914 0)
(-0.0353393 -0.078852 0)
(-0.24266 -0.0718325 0)
(-0.424405 -0.0627151 0)
(-0.574816 -0.0527792 0)
(-0.698408 -0.0430763 0)
(-0.798159 -0.0342806 0)
(-0.876642 -0.0267097 0)
(-0.937081 -0.0204372 0)
(-0.982855 -0.0153935 0)
(-1.01704 -0.0114349 0)
(-1.04225 -0.00839194 0)
(-1.06063 -0.00609103 0)
(-1.07389 -0.00437638 0)
(-1.08336 -0.00311495 0)
(-1.09007 -0.00219824 0)
(-1.09478 -0.00153907 0)
(-1.09807 -0.00106948 0)
(-1.10034 -0.0007379 0)
(-1.1019 -0.000505681 0)
(-1.10297 -0.000344315 0)
(-1.10369 -0.000233018 0)
(-1.10418 -0.000156759 0)
(-1.1045 -0.00010484 0)
(-1.10472 -6.97092e-05 0)
(-1.10487 -4.60749e-05 0)
(-1.10496 -3.02601e-05 0)
(-1.10503 -1.97333e-05 0)
(-1.10507 -1.27608e-05 0)
(-1.10509 -8.16418e-06 0)
(-1.10511 -5.14856e-06 0)
(-1.10512 -3.18026e-06 0)
(-1.10513 -1.90194e-06 0)
(-1.10513 -1.07656e-06 0)
(-1.10514 -5.47652e-07 0)
(-1.10514 -2.12574e-07 0)
(-1.10514 -3.21208e-09 0)
(-1.10514 1.25604e-07 0)
(-1.10514 2.02042e-07 0)
(-1.10514 2.44254e-07 0)
(-1.10514 2.64623e-07 0)
(-1.10514 2.71184e-07 0)
(-1.10514 2.69055e-07 0)
(-1.10514 2.61478e-07 0)
(-1.10514 2.50365e-07 0)
(-1.10514 2.36486e-07 0)
(-1.10514 2.19706e-07 0)
(-1.10514 2.01783e-07 0)
(-1.10514 1.84003e-07 0)
(-1.10514 1.66358e-07 0)
(-1.10514 1.48071e-07 0)
(-1.10514 1.26768e-07 0)
(-1.10514 1.04369e-07 0)
(-1.10514 8.32681e-08 0)
(-1.10514 6.22674e-08 0)
(-1.10514 4.03144e-08 0)
(-1.10514 1.56458e-08 0)
(-1.10514 -1.67277e-08 0)
(-1.10514 -5.12517e-08 0)
(-1.10514 -8.04949e-08 0)
(-1.10514 -1.07747e-07 0)
(-1.10514 -1.34849e-07 0)
(-1.10514 -1.61929e-07 0)
(-1.10514 -1.88276e-07 0)
(-1.10514 -2.12564e-07 0)
(-1.10514 -2.32604e-07 0)
(-1.10514 -2.45393e-07 0)
(-1.10514 -2.46698e-07 0)
(-1.10514 -2.30302e-07 0)
(-1.10514 -1.87332e-07 0)
(-1.10514 -1.05373e-07 0)
(-1.10514 3.28184e-08 0)
(-1.10514 2.50903e-07 0)
(-1.10513 5.80929e-07 0)
(-1.10513 1.06555e-06 0)
(-1.10513 1.76044e-06 0)
(-1.10512 2.73645e-06 0)
(-1.10511 4.08096e-06 0)
(-1.10509 5.89754e-06 0)
(-1.10507 8.30219e-06 0)
(-1.10505 1.14137e-05 0)
(-1.10501 1.5335e-05 0)
(-1.10496 2.01197e-05 0)
(-1.1049 2.57205e-05 0)
(-1.10482 3.19405e-05 0)
(-1.10473 3.84506e-05 0)
(-1.10462 4.48136e-05 0)
(-1.10454 4.98307e-05 0)
(-1.10441 5.03078e-05 0)
(-1.10389 4.50376e-05 0)
(-1.10358 4.6234e-05 0)
(-1.10637 6.1427e-05 0)
(-1.10537 4.84287e-05 0)
(-1.08653 2.22613e-06 0)
(-1.13305 4.31796e-05 0)
(-1.08804 1.4609e-05 0)
(0.0127954 -0.0163161 0)
(1.0488 -0.0199845 0)
(0.691656 -0.0243677 0)
(0.348892 -0.0270284 0)
(0.170907 -0.0275395 0)
(-0.0228682 -0.0263938 0)
(-0.233361 -0.0240868 0)
(-0.41878 -0.021057 0)
(-0.572827 -0.0177396 0)
(-0.699712 -0.0144881 0)
(-0.802269 -0.0115338 0)
(-0.883037 -0.0089887 0)
(-0.945274 -0.00687891 0)
(-0.992426 -0.00518176 0)
(-1.02764 -0.00384934 0)
(-1.05362 -0.00282572 0)
(-1.07255 -0.00205162 0)
(-1.08621 -0.00147449 0)
(-1.09597 -0.00104965 0)
(-1.10288 -0.000740925 0)
(-1.10773 -0.000518977 0)
(-1.11111 -0.000360808 0)
(-1.11345 -0.000249073 0)
(-1.11506 -0.000170765 0)
(-1.11616 -0.00011631 0)
(-1.1169 -7.873e-05 0)
(-1.1174 -5.2955e-05 0)
(-1.11774 -3.53843e-05 0)
(-1.11797 -2.34793e-05 0)
(-1.11811 -1.54574e-05 0)
(-1.11821 -1.00795e-05 0)
(-1.11828 -6.49246e-06 0)
(-1.11832 -4.11108e-06 0)
(-1.11835 -2.5372e-06 0)
(-1.11837 -1.50251e-06 0)
(-1.11838 -8.26595e-07 0)
(-1.11838 -3.87957e-07 0)
(-1.11839 -1.05955e-07 0)
(-1.11839 7.26778e-08 0)
(-1.11839 1.82871e-07 0)
(-1.1184 2.48385e-07 0)
(-1.1184 2.85403e-07 0)
(-1.1184 3.03452e-07 0)
(-1.1184 3.08674e-07 0)
(-1.1184 3.05653e-07 0)
(-1.1184 2.97429e-07 0)
(-1.1184 2.85938e-07 0)
(-1.1184 2.72396e-07 0)
(-1.1184 2.57433e-07 0)
(-1.1184 2.41096e-07 0)
(-1.1184 2.23015e-07 0)
(-1.1184 2.04265e-07 0)
(-1.1184 1.85655e-07 0)
(-1.1184 1.67251e-07 0)
(-1.1184 1.48393e-07 0)
(-1.1184 1.27297e-07 0)
(-1.1184 1.05139e-07 0)
(-1.1184 8.35572e-08 0)
(-1.1184 6.17984e-08 0)
(-1.1184 3.89809e-08 0)
(-1.1184 1.35807e-08 0)
(-1.1184 -1.80291e-08 0)
(-1.1184 -5.1833e-08 0)
(-1.1184 -8.22335e-08 0)
(-1.1184 -1.11398e-07 0)
(-1.1184 -1.41008e-07 0)
(-1.1184 -1.71545e-07 0)
(-1.1184 -2.02887e-07 0)
(-1.1184 -2.34563e-07 0)
(-1.1184 -2.65676e-07 0)
(-1.1184 -2.9507e-07 0)
(-1.1184 -3.21173e-07 0)
(-1.1184 -3.41671e-07 0)
(-1.1184 -3.5329e-07 0)
(-1.1184 -3.51557e-07 0)
(-1.11839 -3.3034e-07 0)
(-1.11839 -2.81338e-07 0)
(-1.11839 -1.93407e-07 0)
(-1.11839 -5.18227e-08 0)
(-1.11838 1.62563e-07 0)
(-1.11837 4.73988e-07 0)
(-1.11836 9.12253e-07 0)
(-1.11835 1.51257e-06 0)
(-1.11833 2.31432e-06 0)
(-1.1183 3.35762e-06 0)
(-1.11826 4.67704e-06 0)
(-1.11821 6.29034e-06 0)
(-1.11815 8.18087e-06 0)
(-1.11807 1.02804e-05 0)
(-1.11797 1.24751e-05 0)
(-1.11786 1.4613e-05 0)
(-1.11778 1.62818e-05 0)
(-1.11765 1.64019e-05 0)
(-1.11713 1.45822e-05 0)
(-1.11683 1.48909e-05 0)
(-1.11963 1.97031e-05 0)
(-1.11863 1.52182e-05 0)
(-1.09981 2.00193e-07 0)
(-1.14636 1.39696e-05 0)
(-1.10133 4.92958e-06 0)
(0.0127953 0.0163275 0)
(1.0488 0.0199918 0)
(0.691655 0.0243679 0)
(0.348891 0.0270238 0)
(0.170905 0.0275319 0)
(-0.0228695 0.0263897 0)
(-0.233361 0.0240933 0)
(-0.418781 0.0210654 0)
(-0.572828 0.0177408 0)
(-0.699712 0.0144877 0)
(-0.802269 0.0115357 0)
(-0.883038 0.00899074 0)
(-0.945274 0.00688007 0)
(-0.992426 0.00518219 0)
(-1.02765 0.00384958 0)
(-1.05362 0.00282361 0)
(-1.07255 0.00204796 0)
(-1.08621 0.00147047 0)
(-1.09597 0.00104621 0)
(-1.10288 0.000737862 0)
(-1.10773 0.000516083 0)
(-1.11111 0.000358214 0)
(-1.11345 0.000246867 0)
(-1.11506 0.000169008 0)
(-1.11616 0.00011499 0)
(-1.1169 7.77808e-05 0)
(-1.1174 5.23398e-05 0)
(-1.11774 3.50653e-05 0)
(-1.11797 2.34101e-05 0)
(-1.11811 1.5595e-05 0)
(-1.11821 1.03864e-05 0)
(-1.11828 6.93426e-06 0)
(-1.11832 4.65889e-06 0)
(-1.11835 3.16686e-06 0)
(-1.11837 2.19237e-06 0)
(-1.11838 1.55749e-06 0)
(-1.11838 1.14452e-06 0)
(-1.11839 8.75463e-07 0)
(-1.11839 6.98911e-07 0)
(-1.11839 5.81104e-07 0)
(-1.1184 5.00803e-07 0)
(-1.1184 4.44808e-07 0)
(-1.1184 4.03745e-07 0)
(-1.1184 3.71564e-07 0)
(-1.1184 3.44938e-07 0)
(-1.1184 3.21844e-07 0)
(-1.1184 3.00988e-07 0)
(-1.1184 2.81538e-07 0)
(-1.1184 2.62827e-07 0)
(-1.1184 2.44159e-07 0)
(-1.1184 2.24835e-07 0)
(-1.1184 2.05343e-07 0)
(-1.1184 1.86095e-07 0)
(-1.1184 1.67142e-07 0)
(-1.1184 1.47915e-07 0)
(-1.1184 1.27028e-07 0)
(-1.1184 1.05129e-07 0)
(-1.1184 8.33028e-08 0)
(-1.1184 6.10672e-08 0)
(-1.1184 3.76886e-08 0)
(-1.1184 1.18642e-08 0)
(-1.1184 -1.90737e-08 0)
(-1.1184 -5.22525e-08 0)
(-1.1184 -8.34892e-08 0)
(-1.1184 -1.14251e-07 0)
(-1.1184 -1.46109e-07 0)
(-1.1184 -1.79878e-07 0)
(-1.1184 -2.16017e-07 0)
(-1.1184 -2.54919e-07 0)
(-1.1184 -2.96985e-07 0)
(-1.1184 -3.42932e-07 0)
(-1.1184 -3.93897e-07 0)
(-1.1184 -4.51527e-07 0)
(-1.1184 -5.18231e-07 0)
(-1.1184 -5.97592e-07 0)
(-1.11839 -6.9476e-07 0)
(-1.11839 -8.17024e-07 0)
(-1.11839 -9.74458e-07 0)
(-1.11839 -1.18068e-06 0)
(-1.11838 -1.45363e-06 0)
(-1.11837 -1.81637e-06 0)
(-1.11836 -2.29753e-06 0)
(-1.11835 -2.93122e-06 0)
(-1.11833 -3.75573e-06 0)
(-1.1183 -4.81051e-06 0)
(-1.11826 -6.12966e-06 0)
(-1.11821 -7.73038e-06 0)
(-1.11815 -9.59557e-06 0)
(-1.11807 -1.16582e-05 0)
(-1.11797 -1.38053e-05 0)
(-1.11786 -1.58831e-05 0)
(-1.11778 -1.74766e-05 0)
(-1.11765 -1.75059e-05 0)
(-1.11713 -1.55801e-05 0)
(-1.11683 -1.57611e-05 0)
(-1.11963 -2.04392e-05 0)
(-1.11863 -1.57978e-05 0)
(-1.09981 -6.13274e-07 0)
(-1.14636 -1.42508e-05 0)
(-1.10133 -5.10137e-06 0)
(0.010138 0.0496552 0)
(1.04075 0.0605112 0)
(0.67963 0.0735022 0)
(0.334657 0.0812327 0)
(0.156573 0.082484 0)
(-0.0353436 0.0788476 0)
(-0.242663 0.0718388 0)
(-0.424408 0.0627235 0)
(-0.574818 0.0527801 0)
(-0.698408 0.0430759 0)
(-0.79816 0.0342826 0)
(-0.876644 0.0267119 0)
(-0.937083 0.0204384 0)
(-0.982857 0.0153939 0)
(-1.01704 0.0114351 0)
(-1.04225 0.00838975 0)
(-1.06063 0.00608729 0)
(-1.07389 0.00437229 0)
(-1.08336 0.00311151 0)
(-1.09007 0.00219518 0)
(-1.09478 0.00153617 0)
(-1.09807 0.00106688 0)
(-1.10034 0.000735692 0)
(-1.1019 0.000503925 0)
(-1.10297 0.000342998 0)
(-1.10369 0.00023207 0)
(-1.10418 0.000156145 0)
(-1.1045 0.000104521 0)
(-1.10472 6.96389e-05 0)
(-1.10487 4.62103e-05 0)
(-1.10496 3.05641e-05 0)
(-1.10503 2.01715e-05 0)
(-1.10507 1.33044e-05 0)
(-1.10509 8.78917e-06 0)
(-1.10511 5.83338e-06 0)
(-1.10512 3.90585e-06 0)
(-1.10513 2.65304e-06 0)
(-1.10513 1.84055e-06 0)
(-1.10514 1.31375e-06 0)
(-1.10514 9.7113e-07 0)
(-1.10514 7.47086e-07 0)
(-1.10514 5.99438e-07 0)
(-1.10514 5.00165e-07 0)
(-1.10514 4.31197e-07 0)
(-1.10514 3.814e-07 0)
(-1.10514 3.43756e-07 0)
(-1.10514 3.13791e-07 0)
(-1.10514 2.88647e-07 0)
(-1.10514 2.66386e-07 0)
(-1.10514 2.45569e-07 0)
(-1.10514 2.25114e-07 0)
(-1.10514 2.04999e-07 0)
(-1.10514 1.853e-07 0)
(-1.10514 1.66003e-07 0)
(-1.10514 1.46599e-07 0)
(-1.10514 1.25966e-07 0)
(-1.10514 1.04382e-07 0)
(-1.10514 8.25271e-08 0)
(-1.10514 6.00763e-08 0)
(-1.10514 3.64193e-08 0)
(-1.10514 1.04474e-08 0)
(-1.10514 -1.98339e-08 0)
(-1.10514 -5.24044e-08 0)
(-1.10514 -8.41777e-08 0)
(-1.10514 -1.1621e-07 0)
(-1.10514 -1.50006e-07 0)
(-1.10514 -1.86698e-07 0)
(-1.10514 -2.27306e-07 0)
(-1.10514 -2.73071e-07 0)
(-1.10514 -3.25666e-07 0)
(-1.10514 -3.87656e-07 0)
(-1.10514 -4.62854e-07 0)
(-1.10514 -5.56811e-07 0)
(-1.10514 -6.77542e-07 0)
(-1.10514 -8.36575e-07 0)
(-1.10514 -1.05018e-06 0)
(-1.10514 -1.34102e-06 0)
(-1.10514 -1.74009e-06 0)
(-1.10513 -2.28893e-06 0)
(-1.10513 -3.04204e-06 0)
(-1.10512 -4.06908e-06 0)
(-1.10511 -5.45629e-06 0)
(-1.10509 -7.30613e-06 0)
(-1.10507 -9.73353e-06 0)
(-1.10505 -1.28567e-05 0)
(-1.10501 -1.67779e-05 0)
(-1.10496 -2.15503e-05 0)
(-1.1049 -2.71261e-05 0)
(-1.10483 -3.33097e-05 0)
(-1.10473 -3.97724e-05 0)
(-1.10462 -4.60752e-05 0)
(-1.10454 -5.1017e-05 0)
(-1.10441 -5.14034e-05 0)
(-1.10389 -4.60275e-05 0)
(-1.10359 -4.70968e-05 0)
(-1.10638 -6.21566e-05 0)
(-1.10537 -4.90024e-05 0)
(-1.08653 -2.63452e-06 0)
(-1.13305 -4.34572e-05 0)
(-1.08805 -1.47786e-05 0)
(0.00496421 0.0850283 0)
(1.02488 0.102696 0)
(0.656186 0.123814 0)
(0.307366 0.13589 0)
(0.129598 0.137075 0)
(-0.0582563 0.130342 0)
(-0.259034 0.118303 0)
(-0.433345 0.103013 0)
(-0.576472 0.08652 0)
(-0.693509 0.0705213 0)
(-0.787697 0.0560769 0)
(-0.861663 0.0436698 0)
(-0.918553 0.0334032 0)
(-0.96161 0.0251547 0)
(-0.993755 0.0186847 0)
(-1.01746 0.0137093 0)
(-1.03474 0.009948 0)
(-1.04721 0.00714619 0)
(-1.05612 0.0050861 0)
(-1.06244 0.00358875 0)
(-1.06687 0.00251182 0)
(-1.06997 0.0017448 0)
(-1.0721 0.00120339 0)
(-1.07358 0.000824419 0)
(-1.07458 0.000561221 0)
(-1.07526 0.00037976 0)
(-1.07572 0.000255522 0)
(-1.07603 0.000171022 0)
(-1.07623 0.000113906 0)
(-1.07637 7.55293e-05 0)
(-1.07646 4.98886e-05 0)
(-1.07652 3.28494e-05 0)
(-1.07656 2.15844e-05 0)
(-1.07659 1.41732e-05 0)
(-1.0766 9.31933e-06 0)
(-1.07661 6.1533e-06 0)
(-1.07662 4.09578e-06 0)
(-1.07662 2.76257e-06 0)
(-1.07663 1.90016e-06 0)
(-1.07663 1.34216e-06 0)
(-1.07663 9.80415e-07 0)
(-1.07663 7.45e-07 0)
(-1.07663 5.90025e-07 0)
(-1.07663 4.85897e-07 0)
(-1.07663 4.14e-07 0)
(-1.07663 3.62531e-07 0)
(-1.07663 3.2396e-07 0)
(-1.07663 2.93494e-07 0)
(-1.07663 2.67977e-07 0)
(-1.07663 2.45246e-07 0)
(-1.07663 2.2382e-07 0)
(-1.07663 2.03232e-07 0)
(-1.07663 1.83272e-07 0)
(-1.07663 1.63831e-07 0)
(-1.07663 1.44432e-07 0)
(-1.07663 1.24134e-07 0)
(-1.07663 1.02947e-07 0)
(-1.07663 8.1265e-08 0)
(-1.07663 5.88438e-08 0)
(-1.07663 3.51733e-08 0)
(-1.07663 9.30891e-09 0)
(-1.07663 -2.02722e-08 0)
(-1.07663 -5.21887e-08 0)
(-1.07663 -8.42081e-08 0)
(-1.07663 -1.17166e-07 0)
(-1.07663 -1.52546e-07 0)
(-1.07663 -1.91772e-07 0)
(-1.07663 -2.36395e-07 0)
(-1.07663 -2.88465e-07 0)
(-1.07663 -3.50869e-07 0)
(-1.07663 -4.27939e-07 0)
(-1.07663 -5.26058e-07 0)
(-1.07663 -6.54515e-07 0)
(-1.07663 -8.2669e-07 0)
(-1.07663 -1.06171e-06 0)
(-1.07663 -1.38651e-06 0)
(-1.07663 -1.83844e-06 0)
(-1.07662 -2.4685e-06 0)
(-1.07662 -3.34494e-06 0)
(-1.07662 -4.55719e-06 0)
(-1.07661 -6.2195e-06 0)
(-1.0766 -8.47319e-06 0)
(-1.07659 -1.14862e-05 0)
(-1.07657 -1.5447e-05 0)
(-1.07654 -2.05498e-05 0)
(-1.07651 -2.69643e-05 0)
(-1.07646 -3.47816e-05 0)
(-1.07641 -4.39325e-05 0)
(-1.07633 -5.41117e-05 0)
(-1.07624 -6.48079e-05 0)
(-1.07614 -7.53557e-05 0)
(-1.07606 -8.38881e-05 0)
(-1.07594 -8.52315e-05 0)
(-1.07541 -7.72644e-05 0)
(-1.0751 -8.03888e-05 0)
(-1.07787 -0.000108497 0)
(-1.07686 -8.87586e-05 0)
(-1.05797 -8.37005e-06 0)
(-1.10443 -7.62366e-05 0)
(-1.05948 -2.40098e-05 0)
(-0.00257557 0.123732 0)
(1.00182 0.147543 0)
(0.622767 0.175889 0)
(0.269599 0.191065 0)
(0.0935604 0.190879 0)
(-0.0873388 0.180113 0)
(-0.277824 0.162568 0)
(-0.440786 0.141001 0)
(-0.572978 0.118098 0)
(-0.680274 0.0960781 0)
(-0.766244 0.0763043 0)
(-0.833563 0.0593759 0)
(-0.885245 0.0453964 0)
(-0.924321 0.0341785 0)
(-0.953483 0.0253853 0)
(-0.974985 0.0186261 0)
(-0.990666 0.0135171 0)
(-1.00198 0.00971123 0)
(-1.01008 0.00691261 0)
(-1.01581 0.00487824 0)
(-1.01984 0.00341491 0)
(-1.02265 0.0023725 0)
(-1.0246 0.00163658 0)
(-1.02594 0.00112136 0)
(-1.02685 0.000763463 0)
(-1.02747 0.000516669 0)
(-1.02789 0.000347668 0)
(-1.02817 0.000232698 0)
(-1.02836 0.00015497 0)
(-1.02848 0.000102731 0)
(-1.02857 6.782e-05 0)
(-1.02862 4.46144e-05 0)
(-1.02865 2.92684e-05 0)
(-1.02868 1.91694e-05 0)
(-1.02869 1.25535e-05 0)
(-1.0287 8.23759e-06 0)
(-1.02871 5.43282e-06 0)
(-1.02871 3.61602e-06 0)
(-1.02872 2.44193e-06 0)
(-1.02872 1.68389e-06 0)
(-1.02872 1.19429e-06 0)
(-1.02872 8.7741e-07 0)
(-1.02872 6.70774e-07 0)
(-1.02872 5.34083e-07 0)
(-1.02872 4.4177e-07 0)
(-1.02872 3.77581e-07 0)
(-1.02872 3.3115e-07 0)
(-1.02872 2.95882e-07 0)
(-1.02872 2.67489e-07 0)
(-1.02872 2.43135e-07 0)
(-1.02872 2.2094e-07 0)
(-1.02872 2.00057e-07 0)
(-1.02872 1.80027e-07 0)
(-1.02872 1.60639e-07 0)
(-1.02872 1.41424e-07 0)
(-1.02872 1.21562e-07 0)
(-1.02872 1.0088e-07 0)
(-1.02872 7.95598e-08 0)
(-1.02872 5.73985e-08 0)
(-1.02872 3.39642e-08 0)
(-1.02872 8.44698e-09 0)
(-1.02872 -2.03455e-08 0)
(-1.02872 -5.15126e-08 0)
(-1.02872 -8.34886e-08 0)
(-1.02872 -1.17014e-07 0)
(-1.02872 -1.53579e-07 0)
(-1.02872 -1.94875e-07 0)
(-1.02872 -2.4294e-07 0)
(-1.02872 -3.00571e-07 0)
(-1.02872 -3.71778e-07 0)
(-1.02872 -4.62537e-07 0)
(-1.02872 -5.81612e-07 0)
(-1.02872 -7.41762e-07 0)
(-1.02872 -9.6134e-07 0)
(-1.02872 -1.26652e-06 0)
(-1.02872 -1.69409e-06 0)
(-1.02872 -2.29503e-06 0)
(-1.02871 -3.13882e-06 0)
(-1.02871 -4.31845e-06 0)
(-1.02871 -5.95562e-06 0)
(-1.0287 -8.20581e-06 0)
(-1.02869 -1.12613e-05 0)
(-1.02868 -1.53507e-05 0)
(-1.02866 -2.07311e-05 0)
(-1.02864 -2.76682e-05 0)
(-1.02861 -3.63968e-05 0)
(-1.02857 -4.70495e-05 0)
(-1.02852 -5.95495e-05 0)
(-1.02845 -7.35116e-05 0)
(-1.02836 -8.82927e-05 0)
(-1.02827 -0.000103094 0)
(-1.0282 -0.000115572 0)
(-1.02808 -0.000118793 0)
(-1.02756 -0.000109578 0)
(-1.02723 -0.000116606 0)
(-1.02997 -0.000162175 0)
(-1.02895 -0.000139325 0)
(-1.01 -2.05242e-05 0)
(-1.05636 -0.000117075 0)
(-1.01146 -3.46549e-05 0)
(-0.0122416 0.16694 0)
(0.972591 0.195814 0)
(0.58201 0.229997 0)
(0.225741 0.246501 0)
(0.0542514 0.24321 0)
(-0.115827 0.227235 0)
(-0.291732 0.203639 0)
(-0.439228 0.175729 0)
(-0.55684 0.146662 0)
(-0.651316 0.119029 0)
(-0.726563 0.0943823 0)
(-0.785256 0.0733715 0)
(-0.830205 0.0560656 0)
(-0.864145 0.0421995 0)
(-0.889463 0.0313398 0)
(-0.908132 0.022996 0)
(-0.921752 0.0166902 0)
(-0.931588 0.0119928 0)
(-0.938626 0.0085381 0)
(-0.943616 0.00602646 0)
(-0.947126 0.00421949 0)
(-0.949576 0.00293203 0)
(-0.951273 0.00202292 0)
(-0.95244 0.00138631 0)
(-0.953238 0.000944 0)
(-0.95378 0.000638937 0)
(-0.954146 0.000429992 0)
(-0.954391 0.000287819 0)
(-0.954555 0.000191681 0)
(-0.954664 0.000127056 0)
(-0.954736 8.3859e-05 0)
(-0.954784 5.51397e-05 0)
(-0.954815 3.61433e-05 0)
(-0.954835 2.36393e-05 0)
(-0.954848 1.54464e-05 0)
(-0.954856 1.01011e-05 0)
(-0.954862 6.62717e-06 0)
(-0.954865 4.37726e-06 0)
(-0.954868 2.92399e-06 0)
(-0.954869 1.98679e-06 0)
(-0.95487 1.38268e-06 0)
(-0.95487 9.92889e-07 0)
(-0.954871 7.40057e-07 0)
(-0.954871 5.74299e-07 0)
(-0.954871 4.63817e-07 0)
(-0.954871 3.88371e-07 0)
(-0.954871 3.35047e-07 0)
(-0.954871 2.95634e-07 0)
(-0.954871 2.64831e-07 0)
(-0.954871 2.3919e-07 0)
(-0.954871 2.16467e-07 0)
(-0.954871 1.95489e-07 0)
(-0.954871 1.75587e-07 0)
(-0.954871 1.56445e-07 0)
(-0.954871 1.3759e-07 0)
(-0.954871 1.18282e-07 0)
(-0.954871 9.82247e-08 0)
(-0.954871 7.74483e-08 0)
(-0.954871 5.57649e-08 0)
(-0.954871 3.28026e-08 0)
(-0.954871 7.86109e-09 0)
(-0.954871 -2.00203e-08 0)
(-0.954871 -5.03033e-08 0)
(-0.954871 -8.19437e-08 0)
(-0.954871 -1.15662e-07 0)
(-0.954871 -1.52976e-07 0)
(-0.954871 -1.95811e-07 0)
(-0.954871 -2.46634e-07 0)
(-0.954871 -3.0891e-07 0)
(-0.954871 -3.87654e-07 0)
(-0.954871 -4.90308e-07 0)
(-0.954871 -6.27771e-07 0)
(-0.954871 -8.15901e-07 0)
(-0.954871 -1.07749e-06 0)
(-0.95487 -1.445e-06 0)
(-0.954869 -1.96399e-06 0)
(-0.954868 -2.6976e-06 0)
(-0.954867 -3.73176e-06 0)
(-0.954864 -5.18142e-06 0)
(-0.95486 -7.19704e-06 0)
(-0.954855 -9.97068e-06 0)
(-0.954847 -1.374e-05 0)
(-0.954837 -1.87878e-05 0)
(-0.954822 -2.54326e-05 0)
(-0.954802 -3.40053e-05 0)
(-0.954775 -4.48023e-05 0)
(-0.95474 -5.80014e-05 0)
(-0.954694 -7.35348e-05 0)
(-0.954635 -9.09745e-05 0)
(-0.954559 -0.00010961 0)
(-0.954477 -0.000128627 0)
(-0.954416 -0.000145447 0)
(-0.954304 -0.000151676 0)
(-0.953791 -0.000142907 0)
(-0.953451 -0.000156219 0)
(-0.956142 -0.000225302 0)
(-0.955111 -0.000204649 0)
(-0.936104 -4.1926e-05 0)
(-0.982299 -0.000173799 0)
(-0.937436 -5.21626e-05 0)
(-0.0235017 0.21563 0)
(0.939132 0.247859 0)
(0.538301 0.285911 0)
(0.182592 0.301483 0)
(0.0202772 0.293042 0)
(-0.133941 0.270575 0)
(-0.29038 0.240415 0)
(-0.418102 0.206216 0)
(-0.517538 0.171381 0)
(-0.59629 0.138694 0)
(-0.65852 0.109773 0)
(-0.706811 0.0852396 0)
(-0.743675 0.0650934 0)
(-0.771467 0.04898 0)
(-0.792189 0.0363727 0)
(-0.807476 0.0266907 0)
(-0.818636 0.0193747 0)
(-0.826704 0.0139245 0)
(-0.832483 0.0099156 0)
(-0.836586 0.00700036 0)
(-0.839474 0.00490253 0)
(-0.841493 0.00340744 0)
(-0.842892 0.00235143 0)
(-0.843856 0.00161178 0)
(-0.844516 0.00109774 0)
(-0.844964 0.000743124 0)
(-0.845267 0.000500184 0)
(-0.84547 0.000334843 0)
(-0.845606 0.000223015 0)
(-0.845696 0.000147828 0)
(-0.845756 9.75602e-05 0)
(-0.845796 6.41333e-05 0)
(-0.845821 4.20188e-05 0)
(-0.845838 2.74595e-05 0)
(-0.845849 1.79182e-05 0)
(-0.845856 1.16923e-05 0)
(-0.845861 7.64579e-06 0)
(-0.845863 5.02518e-06 0)
(-0.845865 3.33292e-06 0)
(-0.845866 2.24234e-06 0)
(-0.845867 1.54023e-06 0)
(-0.845868 1.08807e-06 0)
(-0.845868 7.95774e-07 0)
(-0.845868 6.05247e-07 0)
(-0.845868 4.79353e-07 0)
(-0.845868 3.94428e-07 0)
(-0.845868 3.35374e-07 0)
(-0.845868 2.92595e-07 0)
(-0.845868 2.59921e-07 0)
(-0.845868 2.33376e-07 0)
(-0.845868 2.10397e-07 0)
(-0.845868 1.89542e-07 0)
(-0.845868 1.69967e-07 0)
(-0.845868 1.51263e-07 0)
(-0.845868 1.3294e-07 0)
(-0.845868 1.14317e-07 0)
(-0.845868 9.50143e-08 0)
(-0.845868 7.49565e-08 0)
(-0.845868 5.39574e-08 0)
(-0.845868 3.16906e-08 0)
(-0.845868 7.54452e-09 0)
(-0.845868 -1.92784e-08 0)
(-0.845868 -4.85125e-08 0)
(-0.845868 -7.95201e-08 0)
(-0.845868 -1.13045e-07 0)
(-0.845868 -1.50639e-07 0)
(-0.845868 -1.94422e-07 0)
(-0.845868 -2.47222e-07 0)
(-0.845868 -3.13077e-07 0)
(-0.845868 -3.97856e-07 0)
(-0.845868 -5.10257e-07 0)
(-0.845868 -6.62998e-07 0)
(-0.845868 -8.74578e-07 0)
(-0.845868 -1.17157e-06 0)
(-0.845868 -1.59178e-06 0)
(-0.845867 -2.18824e-06 0)
(-0.845866 -3.03436e-06 0)
(-0.845865 -4.23003e-06 0)
(-0.845863 -5.9088e-06 0)
(-0.84586 -8.24538e-06 0)
(-0.845855 -1.14628e-05 0)
(-0.845849 -1.58371e-05 0)
(-0.84584 -2.16969e-05 0)
(-0.845828 -2.94135e-05 0)
(-0.845812 -3.93746e-05 0)
(-0.84579 -5.1933e-05 0)
(-0.845761 -6.73142e-05 0)
(-0.845723 -8.54772e-05 0)
(-0.845674 -0.000105992 0)
(-0.84561 -0.000128152 0)
(-0.84554 -0.000151257 0)
(-0.845491 -0.000172769 0)
(-0.845391 -0.000183192 0)
(-0.84489 -0.000176735 0)
(-0.844539 -0.000199016 0)
(-0.84718 -0.000299077 0)
(-0.846145 -0.000287953 0)
(-0.827074 -7.51349e-05 0)
(-0.873043 -0.000259214 0)
(-0.828165 -8.76362e-05 0)
(-0.0353271 0.270398 0)
(0.904788 0.303396 0)
(0.498467 0.342712 0)
(0.15005 0.354705 0)
(0.00362528 0.338932 0)
(-0.128453 0.308763 0)
(-0.259974 0.271708 0)
(-0.363502 0.231474 0)
(-0.441324 0.191461 0)
(-0.501707 0.154452 0)
(-0.548904 0.121997 0)
(-0.585276 0.0946165 0)
(-0.612921 0.0722066 0)
(-0.633724 0.0543173 0)
(-0.649233 0.0403347 0)
(-0.660686 0.0296017 0)
(-0.669061 0.0214924 0)
(-0.675127 0.0154506 0)
(-0.679481 0.0110054 0)
(-0.682578 0.00777204 0)
(-0.684764 0.00544454 0)
(-0.686293 0.00378522 0)
(-0.687356 0.00261283 0)
(-0.688089 0.0017914 0)
(-0.688592 0.00122036 0)
(-0.688934 0.000826313 0)
(-0.689165 0.000556285 0)
(-0.689321 0.000372461 0)
(-0.689425 0.000248102 0)
(-0.689494 0.00016447 0)
(-0.68954 0.000108544 0)
(-0.68957 7.13469e-05 0)
(-0.68959 4.67327e-05 0)
(-0.689603 3.05245e-05 0)
(-0.689611 1.99006e-05 0)
(-0.689616 1.29672e-05 0)
(-0.68962 8.46051e-06 0)
(-0.689622 5.54176e-06 0)
(-0.689623 3.65724e-06 0)
(-0.689624 2.44327e-06 0)
(-0.689625 1.66234e-06 0)
(-0.689625 1.16007e-06 0)
(-0.689625 8.3614e-07 0)
(-0.689626 6.2583e-07 0)
(-0.689626 4.87709e-07 0)
(-0.689626 3.95354e-07 0)
(-0.689626 3.31903e-07 0)
(-0.689626 2.8664e-07 0)
(-0.689626 2.52693e-07 0)
(-0.689626 2.25664e-07 0)
(-0.689626 2.02726e-07 0)
(-0.689626 1.82226e-07 0)
(-0.689626 1.63183e-07 0)
(-0.689626 1.45103e-07 0)
(-0.689626 1.27482e-07 0)
(-0.689626 1.0968e-07 0)
(-0.689626 9.12687e-08 0)
(-0.689626 7.20981e-08 0)
(-0.689626 5.19789e-08 0)
(-0.689626 3.062e-08 0)
(-0.689626 7.48108e-09 0)
(-0.689626 -1.81183e-08 0)
(-0.689626 -4.61161e-08 0)
(-0.689626 -7.61893e-08 0)
(-0.689626 -1.09124e-07 0)
(-0.689626 -1.46502e-07 0)
(-0.689626 -1.90592e-07 0)
(-0.689626 -2.44508e-07 0)
(-0.689626 -3.12747e-07 0)
(-0.689626 -4.01861e-07 0)
(-0.689626 -5.21555e-07 0)
(-0.689626 -6.86002e-07 0)
(-0.689626 -9.15811e-07 0)
(-0.689626 -1.24056e-06 0)
(-0.689626 -1.70232e-06 0)
(-0.689625 -2.36003e-06 0)
(-0.689624 -3.29526e-06 0)
(-0.689623 -4.61889e-06 0)
(-0.689622 -6.47915e-06 0)
(-0.68962 -9.06985e-06 0)
(-0.689616 -1.26383e-05 0)
(-0.689612 -1.74908e-05 0)
(-0.689605 -2.39921e-05 0)
(-0.689596 -3.25554e-05 0)
(-0.689584 -4.36153e-05 0)
(-0.689567 -5.75734e-05 0)
(-0.689545 -7.47036e-05 0)
(-0.689517 -9.50075e-05 0)
(-0.689479 -0.000118093 0)
(-0.689429 -0.00014333 0)
(-0.689374 -0.000170258 0)
(-0.68934 -0.000196665 0)
(-0.689256 -0.000212354 0)
(-0.688774 -0.000210016 0)
(-0.688418 -0.000243972 0)
(-0.691004 -0.000383449 0)
(-0.689978 -0.000391075 0)
(-0.670863 -0.000121569 0)
(-0.716523 -0.000392863 0)
(-0.671527 -0.000160355 0)
(-0.0459223 0.33117 0)
(0.874934 0.361222 0)
(0.472464 0.398574 0)
(0.141659 0.404165 0)
(0.0200135 0.379006 0)
(-0.0825097 0.340223 0)
(-0.183281 0.296257 0)
(-0.258282 0.250531 0)
(-0.311344 0.206172 0)
(-0.351079 0.16576 0)
(-0.381591 0.130651 0)
(-0.40484 0.101204 0)
(-0.42239 0.0771855 0)
(-0.435564 0.0580499 0)
(-0.445396 0.0431082 0)
(-0.452678 0.0316436 0)
(-0.458024 0.0229817 0)
(-0.461914 0.016527 0)
(-0.464719 0.0117764 0)
(-0.466723 0.00831955 0)
(-0.468143 0.00583017 0)
(-0.469142 0.00405472 0)
(-0.469838 0.00279977 0)
(-0.47032 0.00192016 0)
(-0.470651 0.00130845 0)
(-0.470877 0.000886189 0)
(-0.471031 0.000596737 0)
(-0.471134 0.000399631 0)
(-0.471203 0.000266249 0)
(-0.47125 0.000176524 0)
(-0.47128 0.000116509 0)
(-0.471301 7.65822e-05 0)
(-0.471314 5.01556e-05 0)
(-0.471323 3.27501e-05 0)
(-0.471328 2.13392e-05 0)
(-0.471332 1.38909e-05 0)
(-0.471334 9.04876e-06 0)
(-0.471336 5.91258e-06 0)
(-0.471337 3.88777e-06 0)
(-0.471337 2.58376e-06 0)
(-0.471338 1.74536e-06 0)
(-0.471338 1.20661e-06 0)
(-0.471338 8.59735e-07 0)
(-0.471338 6.35177e-07 0)
(-0.471338 4.88362e-07 0)
(-0.471338 3.90842e-07 0)
(-0.471338 3.24459e-07 0)
(-0.471338 2.77676e-07 0)
(-0.471338 2.43106e-07 0)
(-0.471338 2.16039e-07 0)
(-0.471338 1.93457e-07 0)
(-0.471338 1.73554e-07 0)
(-0.471338 1.55249e-07 0)
(-0.471338 1.37977e-07 0)
(-0.471338 1.21222e-07 0)
(-0.471338 1.04381e-07 0)
(-0.471338 8.69987e-08 0)
(-0.471338 6.88775e-08 0)
(-0.471338 4.98234e-08 0)
(-0.471338 2.95735e-08 0)
(-0.471338 7.64592e-09 0)
(-0.471338 -1.65534e-08 0)
(-0.471338 -4.3112e-08 0)
(-0.471338 -7.19463e-08 0)
(-0.471338 -1.03886e-07 0)
(-0.471338 -1.40534e-07 0)
(-0.471338 -1.84253e-07 0)
(-0.471338 -2.38362e-07 0)
(-0.471338 -3.07686e-07 0)
(-0.471338 -3.99278e-07 0)
(-0.471338 -5.23566e-07 0)
(-0.471338 -6.95776e-07 0)
(-0.471338 -9.38032e-07 0)
(-0.471338 -1.28207e-06 0)
(-0.471338 -1.77299e-06 0)
(-0.471338 -2.47394e-06 0)
(-0.471338 -3.47224e-06 0)
(-0.471337 -4.88655e-06 0)
(-0.471336 -6.87534e-06 0)
(-0.471335 -9.64578e-06 0)
(-0.471333 -1.34621e-05 0)
(-0.47133 -1.86515e-05 0)
(-0.471326 -2.56041e-05 0)
(-0.47132 -3.47629e-05 0)
(-0.471312 -4.65967e-05 0)
(-0.471301 -6.15467e-05 0)
(-0.471287 -7.99324e-05 0)
(-0.471269 -0.00010181 0)
(-0.471244 -0.00012686 0)
(-0.471209 -0.000154592 0)
(-0.471172 -0.000184898 0)
(-0.471156 -0.00021616 0)
(-0.471092 -0.000237876 0)
(-0.470637 -0.000241158 0)
(-0.470286 -0.000289191 0)
(-0.472814 -0.000476813 0)
(-0.471817 -0.000513539 0)
(-0.452707 -0.000180005 0)
(-0.49796 -0.000602603 0)
(-0.452682 -0.000300539 0)
(-0.0524136 0.396802 0)
(0.857529 0.418888 0)
(0.473805 0.450576 0)
(0.174727 0.44713 0)
(0.0886911 0.410998 0)
(0.0238509 0.363207 0)
(-0.0403127 0.312798 0)
(-0.082796 0.262492 0)
(-0.108445 0.214888 0)
(-0.125757 0.172179 0)
(-0.138379 0.135427 0)
(-0.147677 0.104781 0)
(-0.154553 0.0798716 0)
(-0.159688 0.0600636 0)
(-0.163548 0.0446106 0)
(-0.166448 0.0327569 0)
(-0.168613 0.0237999 0)
(-0.170217 0.017123 0)
(-0.171395 0.0122068 0)
(-0.17225 0.00862752 0)
(-0.172866 0.00604866 0)
(-0.173305 0.00420844 0)
(-0.173616 0.00290707 0)
(-0.173833 0.00199448 0)
(-0.173985 0.00135956 0)
(-0.174089 0.000921101 0)
(-0.17416 0.000620428 0)
(-0.174209 0.000415607 0)
(-0.174242 0.000276957 0)
(-0.174264 0.00018366 0)
(-0.174278 0.000121237 0)
(-0.174288 7.96959e-05 0)
(-0.174294 5.21939e-05 0)
(-0.174299 3.40755e-05 0)
(-0.174301 2.21945e-05 0)
(-0.174303 1.44377e-05 0)
(-0.174304 9.39418e-06 0)
(-0.174305 6.12718e-06 0)
(-0.174305 4.01786e-06 0)
(-0.174306 2.65961e-06 0)
(-0.174306 1.78665e-06 0)
(-0.174306 1.22606e-06 0)
(-0.174306 8.65553e-07 0)
(-0.174306 6.32685e-07 0)
(-0.174306 4.80961e-07 0)
(-0.174306 3.80698e-07 0)
(-0.174306 3.12945e-07 0)
(-0.174306 2.65663e-07 0)
(-0.174306 2.3115e-07 0)
(-0.174306 2.04513e-07 0)
(-0.174306 1.82615e-07 0)
(-0.174306 1.63557e-07 0)
(-0.174306 1.46191e-07 0)
(-0.174306 1.29906e-07 0)
(-0.174306 1.14178e-07 0)
(-0.174306 9.84364e-08 0)
(-0.174306 8.22199e-08 0)
(-0.174306 6.53028e-08 0)
(-0.174306 4.74884e-08 0)
(-0.174306 2.85374e-08 0)
(-0.174306 8.01694e-09 0)
(-0.174306 -1.46e-08 0)
(-0.174306 -3.95069e-08 0)
(-0.174306 -6.67981e-08 0)
(-0.174306 -9.73386e-08 0)
(-0.174306 -1.32729e-07 0)
(-0.174306 -1.75376e-07 0)
(-0.174306 -2.28708e-07 0)
(-0.174306 -2.97749e-07 0)
(-0.174306 -3.89845e-07 0)
(-0.174306 -5.15855e-07 0)
(-0.174307 -6.91616e-07 0)
(-0.174307 -9.40134e-07 0)
(-0.174307 -1.29438e-06 0)
(-0.174307 -1.80118e-06 0)
(-0.174307 -2.52605e-06 0)
(-0.174307 -3.55951e-06 0)
(-0.174306 -5.02448e-06 0)
(-0.174306 -7.08502e-06 0)
(-0.174306 -9.95541e-06 0)
(-0.174305 -1.39089e-05 0)
(-0.174304 -1.92836e-05 0)
(-0.174302 -2.64831e-05 0)
(-0.1743 -3.59666e-05 0)
(-0.174297 -4.82234e-05 0)
(-0.174292 -6.37215e-05 0)
(-0.174287 -8.28199e-05 0)
(-0.174279 -0.000105636 0)
(-0.174268 -0.000131947 0)
(-0.17425 -0.000161454 0)
(-0.174233 -0.000194484 0)
(-0.174238 -0.000230212 0)
(-0.174199 -0.000258232 0)
(-0.17378 -0.000268067 0)
(-0.173447 -0.000331968 0)
(-0.175915 -0.000575828 0)
(-0.174973 -0.000651432 0)
(-0.155961 -0.000244358 0)
(-0.200699 -0.000925337 0)
(-0.15491 -0.000551726 0)
(-0.0505696 0.46458 0)
(0.863367 0.472378 0)
(0.519337 0.494629 0)
(0.26949 0.480176 0)
(0.231051 0.43235 0)
(0.212045 0.375955 0)
(0.189869 0.320155 0)
(0.183168 0.2666 0)
(0.186846 0.217131 0)
(0.193076 0.173405 0)
(0.198999 0.136126 0)
(0.204045 0.105217 0)
(0.208086 0.0801764 0)
(0.211148 0.0602968 0)
(0.213368 0.0447982 0)
(0.214927 0.0329101 0)
(0.215997 0.0239244 0)
(0.216719 0.0172225 0)
(0.217198 0.0122849 0)
(0.217512 0.00868764 0)
(0.217716 0.0060941 0)
(0.217847 0.00424223 0)
(0.21793 0.00293182 0)
(0.217982 0.00201236 0)
(0.218015 0.00137233 0)
(0.218035 0.000930109 0)
(0.218048 0.000626719 0)
(0.218056 0.000419958 0)
(0.21806 0.000279939 0)
(0.218063 0.000185685 0)
(0.218065 0.000122599 0)
(0.218066 8.06038e-05 0)
(0.218066 5.27922e-05 0)
(0.218067 3.44645e-05 0)
(0.218067 2.24429e-05 0)
(0.218067 1.45925e-05 0)
(0.218067 9.48701e-06 0)
(0.218068 6.17933e-06 0)
(0.218068 4.04356e-06 0)
(0.218068 2.66834e-06 0)
(0.218068 1.78467e-06 0)
(0.218068 1.21746e-06 0)
(0.218068 8.53041e-07 0)
(0.218068 6.1804e-07 0)
(0.218068 4.65342e-07 0)
(0.218068 3.64851e-07 0)
(0.218068 2.97347e-07 0)
(0.218068 2.5062e-07 0)
(0.218068 2.16865e-07 0)
(0.218068 1.91131e-07 0)
(0.218068 1.70249e-07 0)
(0.218068 1.52282e-07 0)
(0.218068 1.36055e-07 0)
(0.218068 1.20929e-07 0)
(0.218068 1.06379e-07 0)
(0.218068 9.18734e-08 0)
(0.218068 7.69558e-08 0)
(0.218068 6.1389e-08 0)
(0.218068 4.49774e-08 0)
(0.218068 2.75028e-08 0)
(0.218068 8.57571e-09 0)
(0.218068 -1.22758e-08 0)
(0.218068 -3.53157e-08 0)
(0.218068 -6.07637e-08 0)
(0.218068 -8.95026e-08 0)
(0.218068 -1.23107e-07 0)
(0.218068 -1.6397e-07 0)
(0.218068 -2.15537e-07 0)
(0.218067 -2.82886e-07 0)
(0.218067 -3.73451e-07 0)
(0.218067 -4.98206e-07 0)
(0.218067 -6.73152e-07 0)
(0.218067 -9.21507e-07 0)
(0.218067 -1.27653e-06 0)
(0.218067 -1.78541e-06 0)
(0.218066 -2.51412e-06 0)
(0.218066 -3.55374e-06 0)
(0.218066 -5.02781e-06 0)
(0.218066 -7.10108e-06 0)
(0.218065 -9.98853e-06 0)
(0.218065 -1.39641e-05 0)
(0.218064 -1.93665e-05 0)
(0.218063 -2.66002e-05 0)
(0.218062 -3.61264e-05 0)
(0.21806 -4.84388e-05 0)
(0.218058 -6.4018e-05 0)
(0.218055 -8.32514e-05 0)
(0.218051 -0.000106316 0)
(0.218048 -0.000133101 0)
(0.218048 -0.000163527 0)
(0.218044 -0.000198394 0)
(0.218015 -0.000237801 0)
(0.218025 -0.00027174 0)
(0.218396 -0.000288272 0)
(0.218696 -0.000369 0)
(0.216289 -0.000675489 0)
(0.217145 -0.000796297 0)
(0.235913 -0.000300851 0)
(0.191804 -0.00140567 0)
(0.238374 -0.000971455 0)
(-0.0346751 0.529683 0)
(0.905654 0.515941 0)
(0.627705 0.525515 0)
(0.446582 0.499444 0)
(0.467598 0.440479 0)
(0.501519 0.376865 0)
(0.525551 0.317369 0)
(0.5567 0.262326 0)
(0.590588 0.212623 0)
(0.620643 0.1693 0)
(0.645116 0.132686 0)
(0.6644 0.102486 0)
(0.679231 0.0780883 0)
(0.690374 0.0587446 0)
(0.698581 0.0436687 0)
(0.70453 0.0321019 0)
(0.708788 0.0233539 0)
(0.711802 0.0168244 0)
(0.713915 0.0120097 0)
(0.715385 0.008499 0)
(0.716399 0.00596576 0)
(0.717094 0.00415549 0)
(0.717567 0.00287355 0)
(0.717887 0.00197344 0)
(0.718103 0.00134647 0)
(0.718247 0.00091301 0)
(0.718343 0.000615465 0)
(0.718406 0.000412581 0)
(0.718448 0.000275122 0)
(0.718476 0.000182549 0)
(0.718494 0.000120563 0)
(0.718506 7.92827e-05 0)
(0.718513 5.19349e-05 0)
(0.718518 3.39066e-05 0)
(0.718521 2.20777e-05 0)
(0.718524 1.43508e-05 0)
(0.718525 9.32436e-06 0)
(0.718526 6.06719e-06 0)
(0.718526 3.96372e-06 0)
(0.718527 2.60925e-06 0)
(0.718527 1.73902e-06 0)
(0.718527 1.18062e-06 0)
(0.718527 8.22112e-07 0)
(0.718527 5.91233e-07 0)
(0.718528 4.41544e-07 0)
(0.718528 3.43367e-07 0)
(0.718528 2.77745e-07 0)
(0.718528 2.32632e-07 0)
(0.718528 2.00335e-07 0)
(0.718528 1.75977e-07 0)
(0.718528 1.56438e-07 0)
(0.718528 1.39805e-07 0)
(0.718528 1.24907e-07 0)
(0.718528 1.11101e-07 0)
(0.718528 9.7874e-08 0)
(0.718528 8.4732e-08 0)
(0.718528 7.12391e-08 0)
(0.718528 5.71582e-08 0)
(0.718528 4.22994e-08 0)
(0.718528 2.6465e-08 0)
(0.718528 9.30504e-09 0)
(0.718528 -9.60293e-09 0)
(0.718528 -3.05639e-08 0)
(0.718528 -5.38785e-08 0)
(0.718527 -8.04241e-08 0)
(0.718527 -1.11723e-07 0)
(0.718527 -1.50095e-07 0)
(0.718527 -1.98909e-07 0)
(0.718527 -2.63157e-07 0)
(0.718527 -3.50143e-07 0)
(0.718527 -4.70649e-07 0)
(0.718527 -6.40376e-07 0)
(0.718526 -8.82089e-07 0)
(0.718526 -1.22837e-06 0)
(0.718526 -1.72541e-06 0)
(0.718525 -2.43772e-06 0)
(0.718525 -3.45424e-06 0)
(0.718524 -4.89551e-06 0)
(0.718523 -6.92207e-06 0)
(0.718522 -9.74313e-06 0)
(0.71852 -1.36249e-05 0)
(0.718518 -1.88964e-05 0)
(0.718514 -2.59501e-05 0)
(0.718509 -3.5234e-05 0)
(0.718503 -4.72303e-05 0)
(0.718494 -6.24146e-05 0)
(0.718482 -8.11879e-05 0)
(0.718468 -0.000103777 0)
(0.71845 -0.000130185 0)
(0.718431 -0.000160553 0)
(0.718405 -0.000196156 0)
(0.71835 -0.000238028 0)
(0.718327 -0.000276714 0)
(0.718642 -0.000299115 0)
(0.71889 -0.000396742 0)
(0.716547 -0.000769595 0)
(0.717287 -0.000934483 0)
(0.7356 -0.000325046 0)
(0.692233 -0.0020904 0)
(0.73983 -0.0016278 0)
(0.00223894 0.584782 0)
(0.998353 0.542155 0)
(0.815712 0.537382 0)
(0.722269 0.501073 0)
(0.812407 0.433154 0)
(0.904023 0.364714 0)
(0.976405 0.303872 0)
(1.04575 0.249469 0)
(1.10939 0.20135 0)
(1.16253 0.159932 0)
(1.20479 0.125197 0)
(1.23764 0.0966734 0)
(1.26273 0.0736805 0)
(1.28154 0.0554641 0)
(1.29542 0.0412645 0)
(1.30554 0.0303628 0)
(1.31283 0.02211 0)
(1.31803 0.0159435 0)
(1.3217 0.0113913 0)
(1.32428 0.00806843 0)
(1.32607 0.00566817 0)
(1.3273 0.00395123 0)
(1.32815 0.00273426 0)
(1.32873 0.00187903 0)
(1.32912 0.00128284 0)
(1.32938 0.000870364 0)
(1.32956 0.000587027 0)
(1.32967 0.00039371 0)
(1.32975 0.000262656 0)
(1.3298 0.000174349 0)
(1.32984 0.000115188 0)
(1.32986 7.5772e-05 0)
(1.32987 4.96472e-05 0)
(1.32988 3.2418e-05 0)
(1.32989 2.1109e-05 0)
(1.32989 1.37191e-05 0)
(1.32989 8.91035e-06 0)
(1.3299 5.7934e-06 0)
(1.3299 3.78007e-06 0)
(1.3299 2.4835e-06 0)
(1.3299 1.65048e-06 0)
(1.3299 1.11608e-06 0)
(1.3299 7.7317e-07 0)
(1.3299 5.52574e-07 0)
(1.3299 4.09815e-07 0)
(1.3299 3.16453e-07 0)
(1.3299 2.54315e-07 0)
(1.3299 2.11855e-07 0)
(1.3299 1.81698e-07 0)
(1.3299 1.59173e-07 0)
(1.3299 1.41294e-07 0)
(1.3299 1.26223e-07 0)
(1.3299 1.12832e-07 0)
(1.3299 1.00495e-07 0)
(1.3299 8.87218e-08 0)
(1.3299 7.70613e-08 0)
(1.3299 6.51079e-08 0)
(1.3299 5.26351e-08 0)
(1.3299 3.94631e-08 0)
(1.3299 2.54155e-08 0)
(1.3299 1.01807e-08 0)
(1.3299 -6.61694e-09 0)
(1.3299 -2.52982e-08 0)
(1.3299 -4.62066e-08 0)
(1.3299 -7.01872e-08 0)
(1.3299 -9.86818e-08 0)
(1.3299 -1.33882e-07 0)
(1.3299 -1.78985e-07 0)
(1.3299 -2.38757e-07 0)
(1.3299 -3.20167e-07 0)
(1.3299 -4.33496e-07 0)
(1.3299 -5.93693e-07 0)
(1.3299 -8.22422e-07 0)
(1.3299 -1.15065e-06 0)
(1.3299 -1.62223e-06 0)
(1.3299 -2.29833e-06 0)
(1.3299 -3.26318e-06 0)
(1.32989 -4.63076e-06 0)
(1.32989 -6.55262e-06 0)
(1.32989 -9.22594e-06 0)
(1.32989 -1.29012e-05 0)
(1.32988 -1.78872e-05 0)
(1.32988 -2.45523e-05 0)
(1.32987 -3.33164e-05 0)
(1.32986 -4.4633e-05 0)
(1.32984 -5.89547e-05 0)
(1.32982 -7.66775e-05 0)
(1.3298 -9.80618e-05 0)
(1.32977 -0.00012321 0)
(1.32973 -0.000152467 0)
(1.32968 -0.000187532 0)
(1.3296 -0.000230228 0)
(1.32954 -0.000271649 0)
(1.32979 -0.000298019 0)
(1.32997 -0.000411905 0)
(1.3277 -0.000851675 0)
(1.3283 -0.00104755 0)
(1.34588 -0.000279792 0)
(1.30337 -0.00301555 0)
(1.35206 -0.0025879 0)
(0.0675567 0.619982 0)
(1.15253 0.54261 0)
(1.09197 0.524684 0)
(1.10082 0.481824 0)
(1.26478 0.408963 0)
(1.41516 0.339012 0)
(1.53496 0.279657 0)
(1.64057 0.228268 0)
(1.73181 0.183631 0)
(1.80608 0.145613 0)
(1.86449 0.113928 0)
(1.90962 0.0879951 0)
(1.94396 0.0671177 0)
(1.96971 0.0505776 0)
(1.98874 0.0376746 0)
(2.00265 0.0277563 0)
(2.01269 0.0202373 0)
(2.01988 0.0146108 0)
(2.02498 0.0104512 0)
(2.02857 0.00741059 0)
(2.03107 0.00521132 0)
(2.03281 0.0036362 0)
(2.034 0.00251847 0)
(2.03481 0.00173215 0)
(2.03537 0.00118345 0)
(2.03574 0.000803496 0)
(2.03599 0.00054228 0)
(2.03616 0.000363919 0)
(2.03627 0.000242916 0)
(2.03635 0.000161328 0)
(2.03639 0.000106635 0)
(2.03643 7.01738e-05 0)
(2.03645 4.59947e-05 0)
(2.03646 3.00407e-05 0)
(2.03647 1.95639e-05 0)
(2.03648 1.27147e-05 0)
(2.03648 8.25611e-06 0)
(2.03648 5.3651e-06 0)
(2.03648 3.49719e-06 0)
(2.03648 2.29405e-06 0)
(2.03648 1.52101e-06 0)
(2.03649 1.02514e-06 0)
(2.03649 7.071e-07 0)
(2.03649 5.02685e-07 0)
(2.03649 3.70607e-07 0)
(2.03649 2.8445e-07 0)
(2.03649 2.27327e-07 0)
(2.03649 1.88506e-07 0)
(2.03649 1.61133e-07 0)
(2.03649 1.40871e-07 0)
(2.03649 1.24945e-07 0)
(2.03649 1.11646e-07 0)
(2.03649 9.99221e-08 0)
(2.03649 8.91849e-08 0)
(2.03649 7.89782e-08 0)
(2.03649 6.89012e-08 0)
(2.03649 5.85861e-08 0)
(2.03649 4.78251e-08 0)
(2.03649 3.64538e-08 0)
(2.03649 2.43178e-08 0)
(2.03649 1.11443e-08 0)
(2.03649 -3.39526e-09 0)
(2.03649 -1.96165e-08 0)
(2.03649 -3.78733e-08 0)
(2.03649 -5.89505e-08 0)
(2.03649 -8.41784e-08 0)
(2.03649 -1.15572e-07 0)
(2.03649 -1.56068e-07 0)
(2.03649 -2.10073e-07 0)
(2.03649 -2.84022e-07 0)
(2.03649 -3.87403e-07 0)
(2.03648 -5.33994e-07 0)
(2.03648 -7.43737e-07 0)
(2.03648 -1.0451e-06 0)
(2.03648 -1.47835e-06 0)
(2.03648 -2.09955e-06 0)
(2.03648 -2.98578e-06 0)
(2.03648 -4.24116e-06 0)
(2.03648 -6.00381e-06 0)
(2.03647 -8.45301e-06 0)
(2.03647 -1.18159e-05 0)
(2.03646 -1.6372e-05 0)
(2.03646 -2.24533e-05 0)
(2.03645 -3.04381e-05 0)
(2.03643 -4.07349e-05 0)
(2.03641 -5.37547e-05 0)
(2.03638 -6.98675e-05 0)
(2.03635 -8.93446e-05 0)
(2.0363 -0.000112363 0)
(2.03625 -0.000139439 0)
(2.03618 -0.000172594 0)
(2.03607 -0.000214151 0)
(2.03598 -0.000255455 0)
(2.03616 -0.000282786 0)
(2.03625 -0.000411907 0)
(2.03406 -0.000916182 0)
(2.03452 -0.00111455 0)
(2.05105 -0.000116145 0)
(2.00953 -0.0041809 0)
(2.05888 -0.00389191 0)
(0.167227 0.623509 0)
(1.37022 0.509683 0)
(1.44782 0.48317 0)
(1.56393 0.440377 0)
(1.79875 0.367776 0)
(2.00379 0.30027 0)
(2.1661 0.245478 0)
(2.30322 0.199511 0)
(2.41791 0.160177 0)
(2.50993 0.126933 0)
(2.58187 0.0993436 0)
(2.63728 0.0768071 0)
(2.67939 0.0586669 0)
(2.71098 0.0442813 0)
(2.73438 0.0330406 0)
(2.7515 0.0243834 0)
(2.76391 0.0178072 0)
(2.77282 0.0128763 0)
(2.77915 0.0092239 0)
(2.78362 0.00654927 0)
(2.78674 0.00461144 0)
(2.78891 0.00322141 0)
(2.79041 0.00223361 0)
(2.79144 0.00153778 0)
(2.79213 0.00105164 0)
(2.7926 0.000714625 0)
(2.79292 0.00048269 0)
(2.79313 0.000324172 0)
(2.79328 0.000216535 0)
(2.79337 0.0001439 0)
(2.79343 9.51709e-05 0)
(2.79347 6.26627e-05 0)
(2.7935 4.10905e-05 0)
(2.79352 2.68477e-05 0)
(2.79353 1.74891e-05 0)
(2.79353 1.13677e-05 0)
(2.79354 7.38089e-06 0)
(2.79354 4.79466e-06 0)
(2.79354 3.12305e-06 0)
(2.79355 2.04605e-06 0)
(2.79355 1.35397e-06 0)
(2.79355 9.10042e-07 0)
(2.79355 6.25405e-07 0)
(2.79355 4.42607e-07 0)
(2.79355 3.24664e-07 0)
(2.79355 2.47909e-07 0)
(2.79355 1.97201e-07 0)
(2.79355 1.62917e-07 0)
(2.79355 1.38911e-07 0)
(2.79355 1.21294e-07 0)
(2.79355 1.07578e-07 0)
(2.79355 9.62306e-08 0)
(2.79355 8.63059e-08 0)
(2.79355 7.72729e-08 0)
(2.79355 6.87219e-08 0)
(2.79355 6.03065e-08 0)
(2.79355 5.17044e-08 0)
(2.79355 4.2733e-08 0)
(2.79355 3.32477e-08 0)
(2.79355 2.31178e-08 0)
(2.79355 1.21102e-08 0)
(2.79355 -5.51687e-11 0)
(2.79355 -1.36711e-08 0)
(2.79355 -2.90744e-08 0)
(2.79355 -4.69639e-08 0)
(2.79355 -6.85249e-08 0)
(2.79355 -9.55518e-08 0)
(2.79355 -1.30647e-07 0)
(2.79355 -1.77732e-07 0)
(2.79355 -2.42529e-07 0)
(2.79355 -3.33469e-07 0)
(2.79355 -4.62775e-07 0)
(2.79355 -6.48116e-07 0)
(2.79355 -9.1467e-07 0)
(2.79354 -1.29798e-06 0)
(2.79354 -1.84746e-06 0)
(2.79354 -2.63088e-06 0)
(2.79354 -3.73955e-06 0)
(2.79354 -5.29427e-06 0)
(2.79353 -7.45133e-06 0)
(2.79353 -1.0408e-05 0)
(2.79352 -1.44061e-05 0)
(2.79351 -1.97316e-05 0)
(2.7935 -2.67087e-05 0)
(2.79348 -3.56868e-05 0)
(2.79345 -4.7018e-05 0)
(2.79342 -6.10258e-05 0)
(2.79338 -7.79666e-05 0)
(2.79332 -9.80622e-05 0)
(2.79325 -0.000121953 0)
(2.79316 -0.000151849 0)
(2.79304 -0.000190154 0)
(2.79291 -0.000227813 0)
(2.79302 -0.000252015 0)
(2.79301 -0.000395135 0)
(2.7909 -0.000959479 0)
(2.79123 -0.00111708 0)
(2.80641 0.000218658 0)
(2.76609 -0.00550701 0)
(2.81462 -0.00550525 0)
(0.302554 0.583836 0)
(1.63573 0.438788 0)
(1.84621 0.412484 0)
(2.05901 0.377908 0)
(2.35265 0.311374 0)
(2.60165 0.250311 0)
(2.79681 0.203041 0)
(2.95737 0.164662 0)
(3.08909 0.132176 0)
(3.19394 0.104819 0)
(3.27567 0.0821523 0)
(3.33857 0.0636369 0)
(3.3864 0.0487132 0)
(3.42233 0.0368526 0)
(3.449 0.0275605 0)
(3.46859 0.0203842 0)
(3.48281 0.0149178 0)
(3.49305 0.0108083 0)
(3.50035 0.00775673 0)
(3.50551 0.00551694 0)
(3.50913 0.00389071 0)
(3.51165 0.00272193 0)
(3.51339 0.00188985 0)
(3.51459 0.00130276 0)
(3.5154 0.000891959 0)
(3.51596 0.000606777 0)
(3.51633 0.000410261 0)
(3.51658 0.000275789 0)
(3.51674 0.000184379 0)
(3.51685 0.00012263 0)
(3.51693 8.11648e-05 0)
(3.51697 5.34773e-05 0)
(3.51701 3.50887e-05 0)
(3.51703 2.29382e-05 0)
(3.51704 1.49486e-05 0)
(3.51705 9.71912e-06 0)
(3.51705 6.31104e-06 0)
(3.51706 4.09899e-06 0)
(3.51706 2.66854e-06 0)
(3.51706 1.74657e-06 0)
(3.51706 1.15395e-06 0)
(3.51706 7.73817e-07 0)
(3.51706 5.3014e-07 0)
(3.51706 3.73758e-07 0)
(3.51706 2.72996e-07 0)
(3.51706 2.07571e-07 0)
(3.51706 1.64501e-07 0)
(3.51706 1.35531e-07 0)
(3.51706 1.15386e-07 0)
(3.51706 1.00731e-07 0)
(3.51706 8.94314e-08 0)
(3.51706 8.01716e-08 0)
(3.51706 7.21398e-08 0)
(3.51706 6.48797e-08 0)
(3.51706 5.80391e-08 0)
(3.51706 5.13303e-08 0)
(3.51706 4.44823e-08 0)
(3.51706 3.73426e-08 0)
(3.51706 2.97902e-08 0)
(3.51706 2.17194e-08 0)
(3.51706 1.29386e-08 0)
(3.51706 3.21764e-09 0)
(3.51706 -7.69888e-09 0)
(3.51706 -2.01089e-08 0)
(3.51706 -3.46052e-08 0)
(3.51706 -5.21897e-08 0)
(3.51706 -7.44007e-08 0)
(3.51706 -1.0345e-07 0)
(3.51706 -1.42659e-07 0)
(3.51706 -1.96885e-07 0)
(3.51706 -2.73276e-07 0)
(3.51706 -3.82175e-07 0)
(3.51706 -5.38507e-07 0)
(3.51706 -7.63492e-07 0)
(3.51706 -1.08702e-06 0)
(3.51706 -1.55054e-06 0)
(3.51706 -2.21074e-06 0)
(3.51706 -3.14373e-06 0)
(3.51705 -4.44985e-06 0)
(3.51705 -6.25829e-06 0)
(3.51704 -8.7314e-06 0)
(3.51703 -1.20668e-05 0)
(3.51702 -1.64966e-05 0)
(3.51701 -2.22822e-05 0)
(3.51698 -2.97026e-05 0)
(3.51696 -3.90376e-05 0)
(3.51692 -5.05463e-05 0)
(3.51687 -6.44454e-05 0)
(3.5168 -8.09693e-05 0)
(3.51673 -0.000100837 0)
(3.51662 -0.000126317 0)
(3.51648 -0.000159382 0)
(3.51633 -0.00018954 0)
(3.51637 -0.000205399 0)
(3.51626 -0.000360557 0)
(3.51424 -0.000979554 0)
(3.51446 -0.00104715 0)
(3.52806 0.000765122 0)
(3.48939 -0.00670581 0)
(3.53357 -0.00717905 0)
(0.465716 0.492947 0)
(1.90593 0.332049 0)
(2.21138 0.317835 0)
(2.49177 0.298998 0)
(2.8224 0.243648 0)
(3.09751 0.192452 0)
(3.31069 0.155104 0)
(3.48304 0.125894 0)
(3.62293 0.101278 0)
(3.73395 0.0805014 0)
(3.82053 0.0632606 0)
(3.88727 0.0491537 0)
(3.93815 0.0377509 0)
(3.97648 0.0286526 0)
(4.00504 0.021495 0)
(4.02607 0.0159449 0)
(4.04141 0.0117011 0)
(4.05248 0.00849933 0)
(4.06041 0.00611408 0)
(4.06602 0.00435812 0)
(4.06998 0.00307969 0)
(4.07273 0.00215857 0)
(4.07464 0.00150131 0)
(4.07596 0.00103658 0)
(4.07685 0.000710777 0)
(4.07746 0.000484198 0)
(4.07788 0.000327806 0)
(4.07815 0.000220628 0)
(4.07834 0.000147668 0)
(4.07846 9.8317e-05 0)
(4.07854 6.51363e-05 0)
(4.07859 4.29552e-05 0)
(4.07863 2.82076e-05 0)
(4.07865 1.84532e-05 0)
(4.07867 1.20331e-05 0)
(4.07867 7.82713e-06 0)
(4.07868 5.08388e-06 0)
(4.07868 3.30204e-06 0)
(4.07869 2.14904e-06 0)
(4.07869 1.4055e-06 0)
(4.07869 9.27404e-07 0)
(4.07869 6.20678e-07 0)
(4.07869 4.24094e-07 0)
(4.07869 2.98017e-07 0)
(4.07869 2.16892e-07 0)
(4.07869 1.6434e-07 0)
(4.07869 1.29872e-07 0)
(4.07869 1.06813e-07 0)
(4.07869 9.08972e-08 0)
(4.07869 7.94266e-08 0)
(4.07869 7.06735e-08 0)
(4.07869 6.35749e-08 0)
(4.07869 5.7474e-08 0)
(4.07869 5.2003e-08 0)
(4.07869 4.68777e-08 0)
(4.07869 4.18714e-08 0)
(4.07869 3.67685e-08 0)
(4.07869 3.14502e-08 0)
(4.07869 2.58216e-08 0)
(4.07869 1.98029e-08 0)
(4.07869 1.32449e-08 0)
(4.07869 5.9691e-09 0)
(4.07869 -2.23187e-09 0)
(4.07869 -1.1601e-08 0)
(4.07869 -2.26111e-08 0)
(4.07869 -3.60507e-08 0)
(4.07869 -5.31654e-08 0)
(4.07869 -7.57334e-08 0)
(4.07869 -1.06396e-07 0)
(4.07869 -1.49026e-07 0)
(4.07869 -2.09311e-07 0)
(4.07869 -2.9547e-07 0)
(4.07869 -4.19331e-07 0)
(4.07869 -5.97661e-07 0)
(4.07869 -8.54014e-07 0)
(4.07869 -1.22094e-06 0)
(4.07869 -1.74277e-06 0)
(4.07868 -2.47879e-06 0)
(4.07868 -3.50673e-06 0)
(4.07868 -4.92608e-06 0)
(4.07867 -6.86094e-06 0)
(4.07866 -9.46103e-06 0)
(4.07865 -1.29005e-05 0)
(4.07863 -1.73725e-05 0)
(4.07861 -2.30803e-05 0)
(4.07858 -3.02242e-05 0)
(4.07854 -3.89872e-05 0)
(4.07848 -4.95269e-05 0)
(4.07842 -6.20609e-05 0)
(4.07833 -7.73515e-05 0)
(4.07822 -9.76245e-05 0)
(4.07807 -0.000123978 0)
(4.07791 -0.000143256 0)
(4.0779 -0.000145034 0)
(4.07769 -0.000306973 0)
(4.07575 -0.000971364 0)
(4.07585 -0.000915857 0)
(4.08786 0.00150304 0)
(4.05177 -0.00709421 0)
(4.08415 -0.00822195 0)
(0.634288 0.350436 0)
(2.10271 0.202251 0)
(2.42613 0.211328 0)
(2.72845 0.211547 0)
(3.06647 0.170419 0)
(3.34308 0.131513 0)
(3.55418 0.105497 0)
(3.72315 0.0861128 0)
(3.86002 0.0696748 0)
(3.96892 0.05563 0)
(4.05417 0.043905 0)
(4.12016 0.0342688 0)
(4.1707 0.0264376 0)
(4.20898 0.020153 0)
(4.23763 0.0151803 0)
(4.25884 0.0113035 0)
(4.27438 0.00832416 0)
(4.28565 0.00606612 0)
(4.29374 0.00437683 0)
(4.29951 0.00312848 0)
(4.30357 0.00221643 0)
(4.30642 0.00155721 0)
(4.3084 0.00108545 0)
(4.30976 0.000750989 0)
(4.3107 0.000515934 0)
(4.31133 0.000352095 0)
(4.31176 0.000238769 0)
(4.31205 0.000160953 0)
(4.31225 0.000107884 0)
(4.31238 7.19271e-05 0)
(4.31246 4.77131e-05 0)
(4.31252 3.15022e-05 0)
(4.31255 2.0709e-05 0)
(4.31258 1.35608e-05 0)
(4.31259 8.85012e-06 0)
(4.3126 5.76062e-06 0)
(4.31261 3.74339e-06 0)
(4.31261 2.43186e-06 0)
(4.31262 1.58247e-06 0)
(4.31262 1.03432e-06 0)
(4.31262 6.81675e-07 0)
(4.31262 4.55371e-07 0)
(4.31262 3.10342e-07 0)
(4.31262 2.17389e-07 0)
(4.31262 1.57661e-07 0)
(4.31262 1.19068e-07 0)
(4.31262 9.38551e-08 0)
(4.31262 7.70898e-08 0)
(4.31262 6.56125e-08 0)
(4.31262 5.74276e-08 0)
(4.31262 5.12548e-08 0)
(4.31262 4.63084e-08 0)
(4.31262 4.21028e-08 0)
(4.31262 3.83683e-08 0)
(4.31262 3.48957e-08 0)
(4.31262 3.15214e-08 0)
(4.31262 2.80868e-08 0)
(4.31262 2.45086e-08 0)
(4.31262 2.07195e-08 0)
(4.31262 1.66651e-08 0)
(4.31262 1.22389e-08 0)
(4.31262 7.31407e-09 0)
(4.31262 1.73862e-09 0)
(4.31262 -4.66497e-09 0)
(4.31262 -1.22405e-08 0)
(4.31262 -2.15517e-08 0)
(4.31262 -3.35167e-08 0)
(4.31262 -4.94438e-08 0)
(4.31262 -7.12521e-08 0)
(4.31262 -1.01752e-07 0)
(4.31262 -1.45063e-07 0)
(4.31262 -2.07126e-07 0)
(4.31262 -2.96466e-07 0)
(4.31262 -4.25117e-07 0)
(4.31262 -6.09925e-07 0)
(4.31262 -8.74053e-07 0)
(4.31262 -1.24891e-06 0)
(4.31261 -1.77621e-06 0)
(4.31261 -2.5103e-06 0)
(4.31261 -3.52011e-06 0)
(4.3126 -4.89081e-06 0)
(4.31259 -6.72375e-06 0)
(4.31258 -9.13505e-06 0)
(4.31256 -1.22506e-05 0)
(4.31254 -1.61994e-05 0)
(4.31251 -2.11035e-05 0)
(4.31247 -2.7069e-05 0)
(4.31241 -3.41847e-05 0)
(4.31235 -4.26249e-05 0)
(4.31226 -5.31507e-05 0)
(4.31215 -6.78917e-05 0)
(4.31201 -8.69597e-05 0)
(4.31185 -9.39674e-05 0)
(4.31182 -7.73131e-05 0)
(4.31156 -0.00023214 0)
(4.30963 -0.000915062 0)
(4.30949 -0.000757395 0)
(4.3203 0.00225789 0)
(4.28862 -0.00600051 0)
(4.30363 -0.00782632 0)
(0.764701 0.175575 0)
(2.11182 0.0759001 0)
(2.34469 0.112574 0)
(2.61701 0.127541 0)
(2.92941 0.100038 0)
(3.17704 0.0742459 0)
(3.36117 0.0595609 0)
(3.50852 0.0493303 0)
(3.62917 0.0403079 0)
(3.7261 0.0323761 0)
(3.80256 0.0256976 0)
(3.8622 0.0201822 0)
(3.90825 0.0156681 0)
(3.9434 0.012014 0)
(3.96991 0.00909894 0)
(3.98968 0.00680914 0)
(4.00426 0.00503754 0)
(4.0149 0.00368662 0)
(4.02258 0.0026704 0)
(4.02808 0.00191566 0)
(4.03199 0.00136174 0)
(4.03473 0.000959703 0)
(4.03665 0.000670897 0)
(4.03797 0.00046543 0)
(4.03888 0.000320563 0)
(4.03951 0.000219284 0)
(4.03993 0.000149037 0)
(4.04021 0.000100676 0)
(4.04041 6.76146e-05 0)
(4.04053 4.51633e-05 0)
(4.04062 3.00121e-05 0)
(4.04067 1.98482e-05 0)
(4.04071 1.30684e-05 0)
(4.04073 8.57023e-06 0)
(4.04075 5.60101e-06 0)
(4.04076 3.65056e-06 0)
(4.04077 2.3752e-06 0)
(4.04077 1.54488e-06 0)
(4.04077 1.00648e-06 0)
(4.04078 6.58669e-07 0)
(4.04078 4.34715e-07 0)
(4.04078 2.9092e-07 0)
(4.04078 1.98756e-07 0)
(4.04078 1.39715e-07 0)
(4.04078 1.01828e-07 0)
(4.04078 7.74105e-08 0)
(4.04078 6.15286e-08 0)
(4.04078 5.10377e-08 0)
(4.04078 4.39233e-08 0)
(4.04078 3.8911e-08 0)
(4.04078 3.51837e-08 0)
(4.04078 3.22397e-08 0)
(4.04078 2.97704e-08 0)
(4.04078 2.7606e-08 0)
(4.04078 2.56151e-08 0)
(4.04078 2.36939e-08 0)
(4.04078 2.17417e-08 0)
(4.04078 1.97087e-08 0)
(4.04078 1.75544e-08 0)
(4.04078 1.52467e-08 0)
(4.04078 1.27203e-08 0)
(4.04078 9.89664e-09 0)
(4.04078 6.68192e-09 0)
(4.04078 2.9665e-09 0)
(4.04078 -1.4631e-09 0)
(4.04078 -6.95479e-09 0)
(4.04078 -1.40866e-08 0)
(4.04078 -2.36829e-08 0)
(4.04078 -3.69423e-08 0)
(4.04078 -5.56139e-08 0)
(4.04078 -8.22475e-08 0)
(4.04078 -1.20512e-07 0)
(4.04078 -1.7565e-07 0)
(4.04078 -2.55025e-07 0)
(4.04078 -3.68891e-07 0)
(4.04077 -5.31259e-07 0)
(4.04077 -7.60989e-07 0)
(4.04077 -1.08293e-06 0)
(4.04077 -1.52915e-06 0)
(4.04076 -2.13983e-06 0)
(4.04076 -2.96391e-06 0)
(4.04075 -4.05856e-06 0)
(4.04074 -5.48771e-06 0)
(4.04072 -7.31837e-06 0)
(4.0407 -9.61609e-06 0)
(4.04067 -1.2438e-05 0)
(4.04063 -1.58255e-05 0)
(4.04059 -1.98025e-05 0)
(4.04053 -2.44745e-05 0)
(4.04045 -3.05465e-05 0)
(4.04036 -4.01223e-05 0)
(4.04022 -5.29892e-05 0)
(4.0401 -5.01497e-05 0)
(4.04011 -1.26995e-05 0)
(4.03987 -0.000131438 0)
(4.03788 -0.000788746 0)
(4.0371 -0.000645715 0)
(4.04746 0.0027174 0)
(4.02322 -0.00383054 0)
(4.02677 -0.00620386 0)
(0.76586 0.00865771 0)
(1.77467 -0.00550046 0)
(1.83596 0.039674 0)
(2.03401 0.0538658 0)
(2.27787 0.0395178 0)
(2.45758 0.0276995 0)
(2.58565 0.0225587 0)
(2.69002 0.0191757 0)
(2.77776 0.0158552 0)
(2.84927 0.0128171 0)
(2.90622 0.0102459 0)
(2.95109 0.00811077 0)
(2.9861 0.00634438 0)
(3.01309 0.00489832 0)
(3.03365 0.00373279 0)
(3.04912 0.00280926 0)
(3.06061 0.00208906 0)
(3.06906 0.00153611 0)
(3.07521 0.00111751 0)
(3.07964 0.000804895 0)
(3.0828 0.000574269 0)
(3.08503 0.000406119 0)
(3.0866 0.000284807 0)
(3.08769 0.000198174 0)
(3.08845 0.000136869 0)
(3.08896 9.3872e-05 0)
(3.08931 6.39556e-05 0)
(3.08955 4.33026e-05 0)
(3.08971 2.91452e-05 0)
(3.08982 1.95076e-05 0)
(3.08989 1.2988e-05 0)
(3.08994 8.60511e-06 0)
(3.08997 5.6752e-06 0)
(3.08999 3.72757e-06 0)
(3.09 2.43951e-06 0)
(3.09001 1.59194e-06 0)
(3.09002 1.0368e-06 0)
(3.09002 6.7484e-07 0)
(3.09003 4.39801e-07 0)
(3.09003 2.87782e-07 0)
(3.09003 1.89799e-07 0)
(3.09003 1.26845e-07 0)
(3.09003 8.64839e-08 0)
(3.09003 6.06374e-08 0)
(3.09003 4.40722e-08 0)
(3.09003 3.3423e-08 0)
(3.09003 2.65267e-08 0)
(3.09003 2.20019e-08 0)
(3.09003 1.89638e-08 0)
(3.09003 1.68499e-08 0)
(3.09003 1.53015e-08 0)
(3.09003 1.40966e-08 0)
(3.09003 1.31019e-08 0)
(3.09003 1.22435e-08 0)
(3.09003 1.14665e-08 0)
(3.09003 1.07229e-08 0)
(3.09003 9.96831e-09 0)
(3.09003 9.18194e-09 0)
(3.09003 8.34864e-09 0)
(3.09003 7.45431e-09 0)
(3.09003 6.47169e-09 0)
(3.09003 5.36517e-09 0)
(3.09003 4.09693e-09 0)
(3.09003 2.62196e-09 0)
(3.09003 8.51037e-10 0)
(3.09003 -1.36518e-09 0)
(3.09003 -4.27722e-09 0)
(3.09003 -8.241e-09 0)
(3.09003 -1.37703e-08 0)
(3.09003 -2.1615e-08 0)
(3.09003 -3.28568e-08 0)
(3.09003 -4.90483e-08 0)
(3.09003 -7.24006e-08 0)
(3.09003 -1.05998e-07 0)
(3.09003 -1.54116e-07 0)
(3.09003 -2.22542e-07 0)
(3.09002 -3.19025e-07 0)
(3.09002 -4.53647e-07 0)
(3.09002 -6.39306e-07 0)
(3.09002 -8.91878e-07 0)
(3.09001 -1.23043e-06 0)
(3.09001 -1.6766e-06 0)
(3.09 -2.25397e-06 0)
(3.08998 -2.98591e-06 0)
(3.08997 -3.89422e-06 0)
(3.08995 -4.99527e-06 0)
(3.08992 -6.29602e-06 0)
(3.08988 -7.78133e-06 0)
(3.08984 -9.45207e-06 0)
(3.08979 -1.16751e-05 0)
(3.08971 -1.60288e-05 0)
(3.08961 -2.33714e-05 0)
(3.08952 -2.03861e-05 0)
(3.0896 1.72787e-05 0)
(3.08954 -2.48236e-05 0)
(3.08764 -0.000467788 0)
(3.0859 -0.000498405 0)
(3.09543 0.00204602 0)
(3.08182 -0.00155058 0)
(3.08014 -0.00346171 0)
(0.460816 -0.0232797 0)
(0.883536 -0.0135795 0)
(0.826258 0.00720137 0)
(0.912602 0.0140417 0)
(1.01919 0.00953169 0)
(1.0859 0.00594125 0)
(1.13092 0.00492198 0)
(1.16995 0.00442995 0)
(1.20405 0.00377226 0)
(1.23206 0.00309004 0)
(1.25447 0.00249769 0)
(1.27226 0.00200239 0)
(1.28629 0.00158646 0)
(1.29722 0.00123959 0)
(1.30561 0.00095483 0)
(1.31198 0.000725622 0)
(1.31674 0.000544364 0)
(1.32027 0.000403517 0)
(1.32285 0.000295726 0)
(1.32472 0.000214452 0)
(1.32606 0.000153966 0)
(1.32702 0.000109518 0)
(1.32769 7.72175e-05 0)
(1.32816 5.3999e-05 0)
(1.32848 3.74687e-05 0)
(1.32871 2.58102e-05 0)
(1.32886 1.76563e-05 0)
(1.32897 1.20002e-05 0)
(1.32904 8.10561e-06 0)
(1.32908 5.44337e-06 0)
(1.32912 3.6354e-06 0)
(1.32914 2.41554e-06 0)
(1.32915 1.5973e-06 0)
(1.32916 1.05165e-06 0)
(1.32917 6.89704e-07 0)
(1.32917 4.50882e-07 0)
(1.32917 2.94051e-07 0)
(1.32917 1.91556e-07 0)
(1.32918 1.24859e-07 0)
(1.32918 8.16412e-08 0)
(1.32918 5.37434e-08 0)
(1.32918 3.58014e-08 0)
(1.32918 2.42939e-08 0)
(1.32918 1.69289e-08 0)
(1.32918 1.22171e-08 0)
(1.32918 9.19937e-09 0)
(1.32918 7.25736e-09 0)
(1.32918 5.99601e-09 0)
(1.32918 5.16126e-09 0)
(1.32918 4.59209e-09 0)
(1.32918 4.18498e-09 0)
(1.32918 3.87653e-09 0)
(1.32918 3.62828e-09 0)
(1.32918 3.41986e-09 0)
(1.32918 3.23584e-09 0)
(1.32918 3.06284e-09 0)
(1.32918 2.88751e-09 0)
(1.32918 2.70479e-09 0)
(1.32918 2.51027e-09 0)
(1.32918 2.30104e-09 0)
(1.32918 2.06976e-09 0)
(1.32918 1.8072e-09 0)
(1.32918 1.50241e-09 0)
(1.32918 1.14325e-09 0)
(1.32918 7.04817e-10 0)
(1.32918 1.46586e-10 0)
(1.32918 -6.01756e-10 0)
(1.32918 -1.63856e-09 0)
(1.32918 -3.10576e-09 0)
(1.32918 -5.20959e-09 0)
(1.32918 -8.24497e-09 0)
(1.32918 -1.26307e-08 0)
(1.32918 -1.896e-08 0)
(1.32918 -2.80509e-08 0)
(1.32918 -4.10261e-08 0)
(1.32918 -5.93838e-08 0)
(1.32918 -8.51023e-08 0)
(1.32917 -1.20705e-07 0)
(1.32917 -1.69357e-07 0)
(1.32917 -2.34834e-07 0)
(1.32917 -3.21521e-07 0)
(1.32917 -4.34128e-07 0)
(1.32916 -5.77441e-07 0)
(1.32916 -7.55576e-07 0)
(1.32915 -9.71504e-07 0)
(1.32914 -1.22561e-06 0)
(1.32913 -1.51389e-06 0)
(1.32912 -1.82479e-06 0)
(1.3291 -2.16546e-06 0)
(1.32908 -2.72325e-06 0)
(1.32905 -4.14898e-06 0)
(1.329 -6.43891e-06 0)
(1.32895 -3.31329e-06 0)
(1.32903 1.44793e-05 0)
(1.32917 -2.36731e-06 0)
(1.32821 -0.000176596 0)
(1.32644 -0.000180756 0)
(1.33149 0.00081893 0)
(1.32873 -0.00036417 0)
(1.3247 -0.00111403 0)
)
;

boundaryField
{
    inlet
    {
        type            fixedValue;
        value           uniform (1 0 0);
    }
    outlet
    {
        type            zeroGradient;
    }
    lowerWall
    {
        type            fixedValue;
        value           uniform (0 0 0);
    }
    upperWall
    {
        type            fixedValue;
        value           uniform (0 0 0);
    }
    frontAndBack
    {
        type            empty;
    }
}


// ************************************************************************* //
