/*--------------------------------*- C++ -*----------------------------------*\
| =========                 |                                                 |
| \\      /  F ield         | foam-extend: Open Source CFD                    |
|  \\    /   O peration     | Version:     5.0                                |
|   \\  /    A nd           | Web:         http://www.foam-extend.org         |
|    \\/     M anipulation  |                                                 |
\*---------------------------------------------------------------------------*/
FoamFile
{
    version     2.0;
    format      ascii;
    class       volScalarField;
    location    "0.065";
    object      alpha1;
}
// * * * * * * * * * * * * * * * * * * * * * * * * * * * * * * * * * * * * * //

dimensions      [0 0 0 0 0 0 0];

internalField   nonuniform List<scalar> 
4000
(
1
1
0.998947
0.998949
0.977754
0.831157
0.782987
0.986231
0.935389
0.781426
0.578092
0.798405
0.857134
0.817898
0.989363
1
0.992939
0.921782
0.791894
1
0
1
1
0.951572
0
1
0
0.940457
1
0.718811
0
1
0.769966
0
0.952834
1
1
0
1
0
1
0
0
1
0
1
1
0
1
0.199544
1
0.223565
0.534474
0.697922
0.080677
1
0.404057
0.706792
1
0
1
0
0.987436
0.834028
0.74278
1
0.39176
0.803576
1
0.965884
0.35491
0.755863
0.77056
0.797667
1
1
0.570213
0.982998
0.996085
1
0
1
0
1
0.922177
0
1
1
0
1
0
1
0
1
1
0
0
1
0.988611
1
1
0.700597
1
0.508103
0.565069
1
0
0
0
1
0
0.57656
1
0
1
0.764913
0.924054
1
0.645283
0
1
1
1
0
0
1
1
1
0.0351549
0
1
1
0.647091
0
1
0
1
1
0
1
0
1
1
0
0
1
0
1
0
1
0
1
0
1
0
1
0
1
0
1
0
1
0
0.695134
1
0
1
0.0480212
1
0.394255
0.631051
1
1
0
0
1
0.71281
1
0
1
0
1
0.837362
0
1
0
1
1
0
0.830198
1
1
0
0.988241
1
0
1
0
1
0.792913
0
0
1
0
1
0
1
0
1
0
0.853382
1
0.335793
0
1
0
0.782824
0
1
0.886656
0
1
1
0
1
0.468167
1
0
1
0
1
0
1
0
0.307708
0.192849
1
0
1
0
1
0
0
1
1
0.986657
0
1
0
0
0.867084
0
0
0.626472
1
0
0.764421
1
0
1
0
1
0
1
0
1
1
0
1
0
1
0
0
1
1
0
1
0
1
0
0.969573
1
0
1
0
1
0
1
0.81888
0.162857
0
0.704413
1
0
0
1
0.766538
1
0
0
0
0
0
1
0
1
0
1
0
1
0.168151
1
0
0.976153
1
0
0.475589
0.795365
0
1
0.99939
0.971847
1
0
1
0
0
1
0
0
0.518021
1
0
0
0.231518
1
0
0.0697373
1
1
1
0
1
0
1
0
1
0
1
0
1
1
0
1
0
0
1
0.765437
0
1
0.179571
0
1
0
0
1
1
0
0.472025
1
0
0
1
0
1
1
1
0
0.705205
0.780083
1
0
0
0
1
0
1
0
1
0.541411
1
0
1
0
1
1
0.896111
0
0.999704
1
1
1
0
0
1
0
1
0
0.276222
0
0
1
0
1
0
0
1
0
1
0
1
1
0.94319
0
1
1
0.792334
0
0
1
0
1
0.630788
0
1
0
1
1
0.845108
0
0
1
0
1
0
0
1
1
0
1
1
0
1
0
1
0
0.24959
0
1
0
1
0.710631
0
0
1
1
0
1
0
1
0
0
0
1
0
1
0
1
0
1
0
0.449549
1
1
0
1
0
1
0
1
0
1
0
1
0
1
0
1
1
1
0.997103
0.976195
1
1
0
0.854592
0
0
1
0
0.999753
1
1
0
1
1
0
0
0
0.552169
0.275578
1
1
1
1
0
0
1
0
1
0
0.292165
1
0.961165
0
1
0
0.99996
0
0
1
0
1
0
1
1
0
1
0
1
0
0
1
0
1
0
0
1
0
1
0
1
0
1
1
1
0
0.116764
1
0
1
1
0
0
1
0
1
0
1
0
1
1
0
1
1
0
0
1
1
0.389702
0
1
0
0
1
0
1
0
1
0
0
0.0015032
0.989195
0
1
0
0
0.848594
1
0.748729
1
0
1
0
1
0
1
0
0
0.0301562
1
0
0
0
0
0
1
0
1
1
0
0
0.210371
1
1
0
1
0.999962
0
0
1
0
0
1
0
0
0
1
0
1
0
1
0
1
0.75209
1
0
1
0
1
0
0.832665
1
0
1
0
0
1
0.176015
1
0
1
1
1
0
1
0
1
0
0
0.857366
1
0
0.647093
0
1
0
0
1
0
1
0
0
1
0
1
1
0
0.330145
0.469775
0
0
0
1
0
1
0
0.538999
0
1
0
1
1
0
0
1
0
1
0
0.763254
0
1
1
0
1
1
0
0
1
0
1
0
0
1
0
0
1
0
0
1
0
1
0.999871
0
0
1
0.000220486
1
0
1
1
0
1
1
0.336519
0.0461357
1
0
1
1
0
1
0
1
0
1
0
1
0
1
0
1
1
0
1
0
1
0
1
0.288236
0
1
0
1
1
0
1
0
1
1
0
0.425422
1
0
1
1
0
0.249195
0.869396
0.430798
0
0
0
1
1
0
1
1
1
0
1
0
0
1
1
0
1
0
1
0
1
0
1
0
1
0
1
1
0
0.999838
0
1
1
0
1
0.999948
0
0
1
0
1
0.999994
0
0
1
0
1
0
1
0
1
0
1
1
0
1
0
1
0
1
0
1
0
1
0
1
1
0
1
1
0
0
1
1
0
1
0
1
0
0.643718
0.369827
0.349908
0.713138
0.180346
0
1
1
0
1
1
1
1
0
1
1
1
0
1
0
0
1
1
0
0
0
1
0
1
0
1
0
1
0
0
1
1
0
1
0
0
0
1
0
1
0
1
0
1
0
1
1
0
1
0
1
0
1
0
0
1
1
0
0
1
0
1
0
1
1
0
0
0
1
0
1
0
0.950687
0
1
0
1
0.472615
1
0
1
0
1
0
1
0
1
0
0
0.629965
1
0
1
0
1
0
1
0
1
0
1
0.989938
1
0.385982
0
0.777444
0.762924
1
0
1
1
0
1
0
1
1
0.999863
0.999843
0.538622
0
0
0
1
0
1
0
1
0
1
0
0
1
1
0
0
1
0
1
0
0
1
0
1
0
1
1
0
1
0
1
0
1
0
0.220738
1
0
1
0
1
0
1
0.999956
0
1
0
1
0
1
1
0
1
0
1
1
0
1
0.514564
0.971035
0
1
0
1
0
0.873198
0
1
0
1
0.15435
1
1
1
0
1
0
1
0
1
0
1
0.99723
1
0
1
0.913378
0
0
0
1
0
0
1
0
1
0
1
0
0
0.203892
0
0.337509
0
0.41303
1
0
1
1
0.303344
0.999859
0.57751
0.869082
0
0
1
1
0
0.944275
0
1
0
1
1
0
1
0
0
1
0
1
1
0
0
1
1
0
1
0
1
1
0
1
0
1
0.706878
0
1
0
1
0
1
0
1
1
0.596316
1
0
1
0
0.854094
0.912011
1
0
1
0
1
0
1
0
0.935521
1
1
0
1
0
1
0
0
1
1
1
0
0
1
1
0
0.372088
1
0
1
0
1
0
1
1
0
0.0372022
0
0.00109726
1
1
1
1
0.507274
0
1
0.379484
0.730447
0.882524
0.317449
0
1
0.171777
0
1
0
1
1
0.259751
0
1
1
0
1
0
0.522403
0
0
1
0
0
1
0
0
0.0705359
0
1
1
0.999997
0
1
0
1
0
0
0
1
0
0
1
0
1
1
0
1
0
1
1
0
1
0
1
0.624477
1
1
0
0.828276
0.356899
0
1
0.995721
0
1
0
1
0
0.800366
1
1
0
0
0
1
0
0
1
1
1
0.980187
0
1
0
1
0
0
1
1
0
1
1
0.999907
0
0
1
0.518436
0
0
1
0
1
0.990407
0
0
1
0
1
0
0
1
1
0
0
1
0
1
1
0
1
0
1
0
1
0
1
0
1
0
0.999994
0
1
0
1
0
1
0
1
0
1
0
1
1
1
0
1
0
0.241477
1
0
1
0
0.999972
0
1
0
0
1
0
0.384309
1
0
1
1
0
1
0
1
0
1
0
1
0
1
0
0
1
0.996213
0
1
1
1
0
1
0
1
1
1
1
1
0.996006
0
0
1
1
1
0.0698248
0.871171
0
1
1
0
0.352244
0
1
1
0.999722
0
1
1
0
1
1
0
0
1
0.0858534
1
0
1
0
1
1
0
1
1
0.999929
0
1
0
1
0
1
0
1
0
1
0
1
0
0
0.863805
0
1
1
0
1
1
0
1
0
1
1
0
1
1
0.961665
0
1
0
0
1
0
1
0.73787
0
0
1
0.999241
0
1
0
1
0
0
1
0.993087
0
1
1
0
1
1
0
1
0
0
1
1
0.999071
0
0.256841
1
0
0
0
0.490666
1
1
0
0
0.837402
0
1
0
0
1
0
1
0
1
0
1
1
0
0
1
0
1
0
1
0
0
1
0
1
0
1
0
1
0.805712
0.999983
0
1
0.973094
0
1
0.982542
0
0.0845751
1
0
0
0
1
1
0
0.0118151
1
0
0
1
0.999655
0
1
0.443339
0.644312
0
0.108362
1
0.999999
0
1
1
0.368227
0
1
0
1
0
1
1
0
1
0
1
0
1
0
1
1
0
0
1
1
1
1
0
1
0
0
0
0
0.931547
1
1
0.568315
0.441481
0
1
1
0
1
0
1
0
1
0.999898
0
1
0
1
0
1
0
1
0
1
1
0
1
0.999799
0
1
0.999986
0.999983
0
0
1
0.79067
0.997755
0
1
1
0.999997
0
1
0
0
1
0
0.369126
1
0
0
1
0.277043
1
0
1
0.254121
1
0
0
0
1
1
0
0
1
0.999558
0
1
0
1
0.931214
0
1
0.143111
1
0.677763
0
1
0
1
0
1
0
1
0
1
0
1
0
1
1
1
0.777171
0
0.602971
0
0
1
0.225857
0
0
0
1
0.920382
0
0
0.116512
0
1
0
1
0
1
0
1
0
1
0
1
1
0
1
1
0
0
1
0
1
0
0.999992
0
0
1
0.999999
1
0
1
1
1
0
1
0
1
1
0
1
1
0
1
1
0
1
0
1
0
1
0
1
0
1
1
1
1
0
1
0
1
0
1
0
1
0
1
1
0
0.49407
0
1
0
0.892454
1
0
1
1
1
0
1
0
1
0
0
1
0
1
1
1
1
0
0
1
0
0
1
1
0
0
1
0
1
0
0
1
0
1
0
1
0
1
0
1
1
0
1
0
1
0
1
0
1
1
0
1
1
1
0
1
1
1
1
0
1
0
0
1
1
0.999991
0
1
0
0.999995
0
0
1
0.999997
0
0
1
0
1
0.999994
0
0.296242
1
0.999996
0
1
0
1
0
1
0.021885
0
1
0
1
0
1
0.884329
0
1
0
1
0.999994
0
1
0
0
1
0
1
0
1
1
0
0.99999
0.999997
0.947661
0
1
0
0
0
1
0
1
0
0.434438
1
1
0
0
0
1
0
0
1
0.999966
0
0
0
0.398578
1
0
1
0
1
1
1
1
1
1
1
1
1
1
1
1
1
1
0.999999
0
1
0.999997
0
1
0
1
0
1
0
0
1
1
0
0
1
1
0
1
0
1
0
0.256742
1
1
0
0
0
1
0
1
0.881141
0
1
0
1
0.342914
0
1
0
1
0.999986
0.99998
0
0
1
0.999989
0
1
0
0.999998
0
0
1
0.999998
1
1
1
0
0
0
1
0
0.810883
0
1
0.520915
0
1
1
0
0
0
1
0.939752
0
1
1
0
0
0
0
1
0
1
1
1
1
1
1
1
1
1
1
1
1
1
1
0.999999
0.999997
0.999996
0.999995
0
1
0
1
1
1
0
1
0
0
0
1
1
0.999987
0
1
0
0
1
0.469645
0
0.314963
0.164257
1
0.95648
0
0
1
1
0.999958
0
0
1
1
0.999944
0
1
0
1
0.999972
0.999959
0
0.100567
1
0.687181
0.999977
0
1
0
1
1
1
0.926343
1
1
1
1
0
1
0
1
0
1
0
1
0
0
0
1
1
0
0
1
0.878665
0
1
1
1
0
0
1
1
0
1
1
1
1
1
1
1
1
1
1
1
1
1
0.999998
0.999995
0.999993
0.999992
0.999992
0
1
0
1
0
1
0
1
1
1
0
1
0.999968
0
1
0
1
1
1
0.999981
0
0
1
1
0
0.0413112
1
0.287402
0
0
0.0614833
0
1
0
1
0
1
1
0.999934
0
1
1
0
1
0
1
0
1
0
0
0
0.916673
0.99758
1
1
1
1
0
1
0
1
0
1
0
1
1
1
0
1
1
0
0
1
1
0
0.599551
1
0
1
0
0
1
1
1
1
1
1
1
1
1
1
1
1
1
0.999999
0.999996
0.999993
0.99999
0.999989
0.999989
0.99999
0
0.152991
1
0.999968
0
1
0.871379
0
1
0
1
0
1
0
1
0.999977
0
0
0.999979
1
0
1
0
1
0
1
0
1
1
0
1
0.999485
0
0
1
0
0.999956
0
1
0
1
0
0
1
0
1
0
1
1
1
1
0.963381
1
1
1
1
0
0
1
1
1
1
1
1
1
0
1
1
1
1
1
0
0
1
0
0
1
1
1
1
1
1
1
1
1
1
1
1
1
1
1
1
1
0.999999
0.999995
0.999991
0.999987
0.999985
0.999985
0.999987
0
1
1
0.999959
0
1
0
1
0
1
0
1
0
1
0.999941
0
0
1
0.999952
0
1
0
1
0
1
0
1
0.999954
0
1
0
0
0
1
0
1
0
0
1
0.00364203
1
0
0
0
1
0
0.151633
0
0
0.999994
1
1
0.974027
1
1
0
1
0
0
1
1
1
1
1
1
1
1
1
1
1
1
1
1
1
1
1
1
1
1
1
1
1
1
1
1
1
1
1
1
1
1
1
1
0.999998
0.999994
0.999989
0.999984
0.999979
0
0
1
0
1
0.860957
0.990698
1
0
0.717244
1
0
1
0
1
1
0.99994
0
0
1
0.999931
0
0
1
1
0.757611
0
1
0.999947
0
1
1
0
1
1
0
1
0
0
1
0
1
0.999943
0
0
1
0.999966
0
0
1
1
0
0.672467
0.998224
0
1
1
0
0
1
0.96501
0
1
1
1
1
1
1
1
1
1
1
1
1
1
1
1
1
1
1
1
1
1
1
1
1
1
1
1
1
1
1
1
1
1
0.999998
0.999994
0.999989
0.999982
0
1
0
1
1
0
0
0.999972
0
0
1
0
1
0
1
0
1
0.999933
0
1
1
0.999967
0
0
1
1
0.0338316
0
1
0
1
1
0
1
0
1
1
0
0
1
0
1
0.999964
0
0
1
0.99666
0
1
1
0
0
1
0
1
0.991994
0
1
0.993422
0
0.125024
1
0
1
1
1
1
1
1
1
1
1
1
1
1
1
1
1
1
1
1
1
1
1
1
1
1
1
1
1
1
1
1
1
1
1
0.999998
0.999994
0.99999
0
1
0
1
0
1
1
1
0
0
1
1
0
0
1
0
0
1
0
1
0
1
1
0.999881
0
0.255992
0
1
1
0
1
0.821333
0
0
0.259661
1
0
0
0
0
1
0
1
0
0.324271
1
0.99997
0
1
0.999941
0.999975
0
1
0
1
0
1
0.326224
0
1
0.966338
0
0.167774
1
0
1
1
1
1
1
1
1
1
1
1
1
1
1
1
1
1
1
1
1
1
1
1
1
1
1
1
1
1
1
1
1
1
0.999998
0.999995
0.999991
1
0.999982
0
1
0
0.984578
0
0
0.407274
1
0
0
1
0
1
0
1
0.981992
0
1
1
1
1
0.999925
0
0
1
0
0
0.587234
1
0
0.0282561
0.986006
1
0
1
0
1
1
0
1
1
1
0
1
0
1
0
0
0
1
0
1
0
0
0.22091
1
0.996397
0
1
0.379884
0
0.658593
1
0
1
0
1
1
1
1
1
1
1
1
1
1
1
1
1
1
1
1
1
1
1
1
1
1
1
1
1
1
1
1
1
0.999998
0.999995
0.999991
0.999988
0.999984
0.999979
0
1
0
1
0.999969
0
1
1
1
0
1
0
1
1
0
1
0.999951
0.647191
0
0
1
0.999898
0
0
1
0.0218343
0
0.999911
1
0
0
0.99986
1
0
0.999947
0
0
0.862294
0
1
0
1
0
0.224251
1
0
1
0
1
1
0
1
1
0
1
0.107335
1
0
1
0
0
1
1
0
1
0
1
1
1
1
1
1
0
1
1
1
1
1
1
1
1
1
1
1
1
1
1
1
1
1
1
1
1
1
0.999999
0.999995
0.999992
0.999988
0.999985
0.999982
0.999978
0.999965
0
1
0.00435579
1
0
0.733479
0
1
0
1
0
0
0.972337
1
0.544066
0
1
1
0
1
1
0.740546
0
1
0.283784
0
0.999872
1
0
0
0.999944
1
0
1
0.107422
0
0.966262
1
1
0
1
0
0.999965
1
0
1
0
1
1
1
1
1
0
1
0
1
0
1
0
0
0
1
0
1
0
1
1
1
0
1
0
1
1
1
1
1
1
1
1
1
1
1
1
1
1
1
1
1
1
1
1
1
0.999999
0.999995
0.999992
0.999989
0.999986
0.999983
0.999982
0
0.999966
0.999982
0.212226
0
1
0
0
0.972224
0.999952
0
0
1
0.458714
0
0
1
0
1
0
0
0
0
1
0
1
0
0.914519
1
0.744481
0
0
1
1
1
0
0
0
0.999948
1
1
0
1
0
1
0
1
1
0
0.999987
1
0.191339
1
1
0
1
0
1
0
1
1
1
0
1
0
1
0
1
0
1
0
1
1
1
1
1
1
1
1
1
1
1
1
1
1
1
1
1
1
1
1
1
1
0.999999
0.999995
0.999992
0.999989
0.999987
0.999984
0.999983
1
0
0.999976
1
0
1
0.877843
1
0
0.799112
1
1
0
1
0
0
0.999917
0.999936
1
0
1
0
0.999905
1
0
1
1
0
0
1
0
1
1
0
0.99994
1
0.0253093
0
0
0.99994
1
0
1
0
0.999944
1
0
0.532759
0.459233
0
0
1
0
0
1
0
1
0
1
0.00526861
0
0
1
0
1
0
1
0
1
0
1
1
1
1
1
1
1
1
1
1
1
1
1
1
1
1
1
1
1
1
1
1
1
0.999999
0.999995
0.999992
0.999989
0.999987
0.999985
0.999984
1
0
0.999975
1
0
1
1
0
1
0
0
0
1
1
0.273779
0
0.99995
0.999914
1
0
0
1
0
1
0
0.9999
0.999957
1
0.198602
0
1
0
0.999949
1
0
0.999936
1
0.205233
0
0.999913
0.999928
1
0
1
0
1
0
0.754075
1
1
1
0
0
1
0
1
0
1
0
0
0.823196
1
0
0
0
1
0
1
0
1
1
1
1
1
1
1
1
1
1
1
1
1
1
1
1
1
1
1
1
1
1
1
1
0.999999
0.999995
0.999992
0.999989
0.999987
0.999985
0.999984
1
0
0.999971
1
0
0.999956
0
1
0
1
1
1
0
1
0.85709
0
0.999975
0.999924
1
0
1
0
0.00542788
1
1
0
0.999926
0.999925
1
0.875865
0
0
0.941623
0.260327
1
0
0.999868
1
1
0
0.9819
1
1
0.568651
0
0.999952
0.999941
0
0
1
1
1
0.993595
0
1
0
1
1
0.996634
1
0
1
0
0
1
1
0
1
0
1
1
1
1
1
1
1
1
1
1
1
1
1
1
1
1
1
1
1
1
1
1
1
1
0.999999
0.999995
0.999992
0.999989
0.999987
0.999985
0.999984
0.999984
0
0.999965
1
0
0.999953
1
0
0
0
0.999954
1
1
0
1
0
0
0.999929
1
0
1
0.000470348
0
0
0.999911
1
0
0
1
1
0
0
0.999892
1
1
0
0
0.999902
0.999947
1
0
1
1
0.497623
0
0
0.999921
1
0.999988
0.999989
1
1
0
1
0
0
1
1
1
0
1
0
1
0
1
1
0
1
0
1
1
1
1
1
1
1
1
1
1
1
1
1
1
1
1
1
1
1
1
1
1
1
1
0.999999
0.999995
0.999991
0.999989
0.999986
0.999984
0.999983
0
1
0
1
0
0.999951
1
0
1
0
0
0.999936
1
0
1
0.693474
0
0.999926
1
0
0.999957
1
1
0
0.999908
1
0
1
0
1
0.0304666
0
0.820328
0.999904
0.990971
1
0.293899
0
0.999403
1
0
1
1
1
1
1
0
1
0
0
1
0
1
0
0
1
1
1
0
1
0
1
0
0
0.998745
1
0
1
0
1
1
1
1
1
1
1
1
1
1
1
1
1
1
1
1
1
1
1
1
1
1
1
1
0.999999
0.999995
0.999991
0.999988
0.999985
0.999983
0.999982
1
0
0.999971
0
1
0
0.999944
0.999934
1
1
0
0.999907
1
0
1
0
0
0.999913
1
0
1
1
0
0
0.99985
1
0
0
0.999946
0
1
0.168672
0
0
0.999882
0.160309
1
0
0.99995
0.876103
0.999934
1
1
1
0
0
1
0
0.101956
1
0
1
0
0
1
1
0
1
1
0
1
0.400169
0
0
0.945403
1
0
1
0
1
1
1
1
1
1
1
1
1
1
1
1
1
1
1
1
1
1
1
1
1
1
1
1
0.999999
0.999994
0.99999
0.999987
0.999984
0.999982
0.99998
0.999978
1
0
1
0
1
0
0.999916
1
0
0.999924
0.999911
0.995987
0.496659
1
0.971635
0
0.999886
1
0
1
0
1
0
0
0.799744
1
0
0.999937
1
0
0
1
0
0.999848
1
0.587807
0
0
0.325183
0.790067
0.999935
1
0.901132
0
1
0
1
1
0.469624
1
0
0.127389
1
1
0
1
0.0599027
0
0.992929
1
0.0756334
0
0.952457
0.960632
1
0
1
0
1
1
1
1
1
1
1
1
1
1
1
1
1
1
1
1
1
1
1
1
1
1
1
1
0.999999
0.999993
0.999988
0.999984
0.99998
0.999977
0.999974
0
1
0
0.220921
1
0
1
0
1
0
0.999922
0.999887
0.99993
0.978196
1
0
0
0.999858
1
0
0.999925
1
0
1
0
0.999862
1
0
0.980849
1
0.015926
0.140428
0
0
0.999841
1
0.497905
0.0243932
0
1
0
0.973548
0.999922
1
0
0.999904
1
0
0.432544
0
1
1
1
1
0.874625
1
0
0.787245
1
1
1
0
0
0.969263
1
0
0.87802
1
0
1
1
1
1
1
1
1
1
1
1
1
1
1
1
1
1
1
1
1
1
1
1
1
0.999999
0.999995
0.999993
0.99999
0.999988
0.999987
1
0.999538
1
0
1
0
1
0
0.954617
1
0
0.0420915
0
0.999926
0.999939
1
0
0
0
0.999912
0.955033
0.999939
1
1
0.491536
0.156063
0
0.999931
1
0
1
0.675459
1
0.28476
0.395575
0
0.999925
1
0
0.417991
1
0.0218609
0
1
0.380101
1
0.0218768
0
1
0
0.999997
0.108335
)
;

boundaryField
{
    inlet
    {
        type            zeroGradient;
    }
    outlet
    {
        type            zeroGradient;
    }
    lowerWall
    {
        type            zeroGradient;
    }
    upperWall
    {
        type            zeroGradient;
    }
    frontAndBack
    {
        type            empty;
    }
}


// ************************************************************************* //
