/*--------------------------------*- C++ -*----------------------------------*\
| =========                 |                                                 |
| \\      /  F ield         | foam-extend: Open Source CFD                    |
|  \\    /   O peration     | Version:     5.0                                |
|   \\  /    A nd           | Web:         http://www.foam-extend.org         |
|    \\/     M anipulation  |                                                 |
\*---------------------------------------------------------------------------*/
FoamFile
{
    version     2.0;
    format      ascii;
    class       volVectorField;
    location    "0.065";
    object      bodyForce;
}
// * * * * * * * * * * * * * * * * * * * * * * * * * * * * * * * * * * * * * //

dimensions      [0 1 -2 0 0 0 0];

internalField   nonuniform List<vector> 
4000
(
(2775.63 -0 0)
(3587.78 -0 0)
(713.967 -0 0)
(-1243.77 0 0)
(-3807.19 0 0)
(-7094.92 0 0)
(-7174.28 0 0)
(-3759.35 0 0)
(-3581.46 0 0)
(-10770.1 0 0)
(-9687.62 0 0)
(-8186.79 0 0)
(-11131.5 0 0)
(-12699.7 0 0)
(-13452.6 0 0)
(-14137.3 0 0)
(-14178.6 0 0)
(-17569.9 0 0)
(-17991.8 0 0)
(-19219.2 0 0)
(-23767.6 0 0)
(-31608 0 0)
(-34325.7 0 0)
(-36065.8 0 0)
(-37210.8 0 0)
(-39090.9 0 0)
(-43694.8 0 0)
(-47373.2 0 0)
(-54112.3 0 0)
(-52764.5 0 0)
(-49442.3 0 0)
(-48031.8 0 0)
(-54956.7 0 0)
(-55857.7 0 0)
(-58641.9 0 0)
(-68614.5 0 0)
(-74178.4 0 0)
(-77625.8 0 0)
(-86035 0 0)
(-87177 0 0)
(-85272.3 0 0)
(-86989 0 0)
(-91613.2 0 0)
(-100759 0 0)
(-98798.5 0 0)
(-107074 0 0)
(-94800.3 0 0)
(-91686.2 0 0)
(-94221.3 0 0)
(-80178.1 0 0)
(-64941.2 0 0)
(-66845.7 0 0)
(-53693.4 0 0)
(-58373 0 0)
(-44241.8 0 0)
(-46444.6 0 0)
(-38951.8 0 0)
(-41779.4 0 0)
(-46476.5 0 0)
(-43311.9 0 0)
(-45363.5 0 0)
(-39278.8 0 0)
(-34532.5 0 0)
(-31991.1 0 0)
(-33253.8 0 0)
(-26750.5 0 0)
(-28694.2 0 0)
(-22922.8 0 0)
(-21186.9 0 0)
(-17162.9 0 0)
(-13005.1 0 0)
(-11810 0 0)
(-10371.8 0 0)
(-6822.45 0 0)
(-9755.39 0 0)
(-12598.5 0 0)
(-10792.6 0 0)
(-10075 0 0)
(-7869.4 0 0)
(-17488.3 0 0)
(-11620.8 0 0)
(-16808.9 0 0)
(-12324.3 0 0)
(-9571.55 0 0)
(-16056.8 0 0)
(-7900.1 0 0)
(-3576.27 0 0)
(-12289.9 0 0)
(-3407.05 0 0)
(-9322.34 0 0)
(-1446.3 0 0)
(-8970.4 0 0)
(1588.21 -0 0)
(-4258.85 0 0)
(-9087.14 0 0)
(321.442 -0 0)
(1418.32 -0 0)
(-3270.06 0 0)
(-16180.4 0 0)
(-40926.8 0 0)
(5638.38 -0 0)
(7053.07 -0 0)
(2576.93 -0 0)
(1871.16 -0 0)
(-2500.75 0 0)
(-14618.9 0 0)
(-20921.1 0 0)
(-8296.92 0 0)
(-4869.81 0 0)
(-18175.8 0 0)
(-15060.8 0 0)
(-13623.6 0 0)
(-25536 0 0)
(-20953.6 0 0)
(-21488 0 0)
(-22200.8 0 0)
(-21991.9 0 0)
(-34252.5 0 0)
(-29654.6 0 0)
(-28662.3 0 0)
(-41773.3 0 0)
(-41463.3 0 0)
(-46179.6 0 0)
(-55466.8 0 0)
(-70169.3 0 0)
(-77111.5 0 0)
(-79968.1 0 0)
(-83041.2 0 0)
(-94428.5 0 0)
(-94682.4 0 0)
(-84462.2 0 0)
(-89623.2 0 0)
(-97981.4 0 0)
(-99805.1 0 0)
(-105521 0 0)
(-127892 0 0)
(-139938 0 0)
(-148950 0 0)
(-156617 0 0)
(-165310 0 0)
(-165735 0 0)
(-167009 0 0)
(-171947 0 0)
(-165965 0 0)
(-177087 0 0)
(-176447 0 0)
(-149601 0 0)
(-158253 0 0)
(-137046 0 0)
(-141115 0 0)
(-119639 0 0)
(-123965 0 0)
(-101448 0 0)
(-107130 0 0)
(-87155.2 0 0)
(-90828.2 0 0)
(-74958.7 0 0)
(-85319.6 0 0)
(-75231.2 0 0)
(-88394 0 0)
(-75210.8 0 0)
(-84165.7 0 0)
(-68245.3 0 0)
(-62541 0 0)
(-69604.6 0 0)
(-51895.2 0 0)
(-57885 0 0)
(-45799.2 0 0)
(-39761.2 0 0)
(-37534.4 0 0)
(-24560.2 0 0)
(-25080.7 0 0)
(-22848.5 0 0)
(-15040 0 0)
(-19401 0 0)
(-18550.4 0 0)
(-18412.3 0 0)
(-27726.9 0 0)
(-18566.9 0 0)
(-31172.8 0 0)
(-20147.2 0 0)
(-26141.7 0 0)
(-30010.1 0 0)
(-18880.2 0 0)
(-26987.2 0 0)
(-17760 0 0)
(-8041.83 0 0)
(-22960.9 0 0)
(-13669.8 0 0)
(-9710.37 0 0)
(-2289.57 0 0)
(-15490.4 0 0)
(-4502.31 0 0)
(-18155.1 0 0)
(-25258.7 0 0)
(-9143.8 0 0)
(-22426.4 0 0)
(-22263.8 0 0)
(-46969.3 0 0)
(-72026.6 0 0)
(4217.46 -0 0)
(5577.81 -0 0)
(3702.05 -0 0)
(5487.47 -0 0)
(-4556.03 0 0)
(-1161.31 0 0)
(-14180.1 0 0)
(-4541.01 0 0)
(-1016.84 0 0)
(-2504.44 0 0)
(-1861.22 0 0)
(-15217.1 0 0)
(-20628.2 0 0)
(-12121.8 0 0)
(-13236.6 0 0)
(-15432.4 0 0)
(-6628.27 0 0)
(-13970.9 0 0)
(-26964.8 0 0)
(-20119.5 0 0)
(-16149.1 0 0)
(-19959.6 0 0)
(-26235.9 0 0)
(-33541 0 0)
(-56363 0 0)
(-68246.4 0 0)
(-72993.6 0 0)
(-82302.9 0 0)
(-89138.5 0 0)
(-85731.9 0 0)
(-78740.8 0 0)
(-89742.6 0 0)
(-87726.6 0 0)
(-99123.9 0 0)
(-100418 0 0)
(-122329 0 0)
(-136239 0 0)
(-156722 0 0)
(-174264 0 0)
(-175034 0 0)
(-177421 0 0)
(-166945 0 0)
(-176472 0 0)
(-176436 0 0)
(-183371 0 0)
(-164536 0 0)
(-152759 0 0)
(-162712 0 0)
(-154754 0 0)
(-140474 0 0)
(-146481 0 0)
(-147887 0 0)
(-122176 0 0)
(-107796 0 0)
(-113215 0 0)
(-97098.5 0 0)
(-84356.1 0 0)
(-98262.9 0 0)
(-86843.2 0 0)
(-99666.8 0 0)
(-86751.1 0 0)
(-96398.7 0 0)
(-81337.5 0 0)
(-88690.5 0 0)
(-74746.3 0 0)
(-56290.5 0 0)
(-65069.9 0 0)
(-51767.7 0 0)
(-47948.9 0 0)
(-35119.1 0 0)
(-31877 0 0)
(-18811.3 0 0)
(-14339.9 0 0)
(-25884.5 0 0)
(-36635.4 0 0)
(-25832 0 0)
(-38846 0 0)
(-25685.3 0 0)
(-34098.3 0 0)
(-24271.1 0 0)
(-18542.4 0 0)
(-30356.2 0 0)
(-17141.2 0 0)
(-29523.8 0 0)
(-19478.5 0 0)
(-32354.4 0 0)
(-19766.1 0 0)
(-25911.9 0 0)
(-35628 0 0)
(-40112.4 0 0)
(-22693.1 0 0)
(-12070.4 0 0)
(-27432.3 0 0)
(-31380 0 0)
(-21827.5 0 0)
(-16731.4 0 0)
(-27619.9 0 0)
(-47384.2 0 0)
(-51580.6 0 0)
(-64407.7 0 0)
(-1884.21 0 0)
(-3017.2 0 0)
(-597.188 0 0)
(4984.53 -0 0)
(4882.16 -0 0)
(-4055.63 0 0)
(426.681 -0 0)
(-10401.1 0 0)
(-2816.77 0 0)
(1669.83 -0 0)
(3988.41 -0 0)
(-12201.4 0 0)
(-3468.58 0 0)
(-4012.6 0 0)
(-18197.4 0 0)
(-16542.3 0 0)
(-7654.94 0 0)
(-5725.15 0 0)
(-21886.2 0 0)
(-28792.8 0 0)
(-17927.1 0 0)
(-14103.5 0 0)
(-18157.8 0 0)
(-23086.3 0 0)
(-45848.3 0 0)
(-48775.4 0 0)
(-57658.4 0 0)
(-67340.9 0 0)
(-72510.1 0 0)
(-76972.9 0 0)
(-76698.3 0 0)
(-85232.5 0 0)
(-89189.7 0 0)
(-97394.2 0 0)
(-101648 0 0)
(-120182 0 0)
(-136947 0 0)
(-147273 0 0)
(-164069 0 0)
(-174492 0 0)
(-191611 0 0)
(-191603 0 0)
(-191180 0 0)
(-178592 0 0)
(-184459 0 0)
(-170072 0 0)
(-180112 0 0)
(-161198 0 0)
(-168875 0 0)
(-170142 0 0)
(-168309 0 0)
(-166151 0 0)
(-137877 0 0)
(-137059 0 0)
(-136155 0 0)
(-109827 0 0)
(-112882 0 0)
(-115627 0 0)
(-99895.5 0 0)
(-110450 0 0)
(-115360 0 0)
(-95366.2 0 0)
(-101131 0 0)
(-104483 0 0)
(-81914.3 0 0)
(-62845.4 0 0)
(-69005 0 0)
(-56387.7 0 0)
(-44693.3 0 0)
(-46734 0 0)
(-34112.4 0 0)
(-22785.9 0 0)
(-28875.8 0 0)
(-26008.6 0 0)
(-23048 0 0)
(-19330.1 0 0)
(-37667.9 0 0)
(-32044.7 0 0)
(-27030.1 0 0)
(-20941.5 0 0)
(-35030.1 0 0)
(-22054.8 0 0)
(-14485.2 0 0)
(-17638.7 0 0)
(-31631 0 0)
(-23905.1 0 0)
(-37426.9 0 0)
(-27925.9 0 0)
(-28819.6 0 0)
(-23517.3 0 0)
(-36324.5 0 0)
(-23990.9 0 0)
(-36296.6 0 0)
(-25668.4 0 0)
(-33386.2 0 0)
(-45463.8 0 0)
(-53192.2 0 0)
(-46485.5 0 0)
(-49200.8 0 0)
(-83625.7 0 0)
(-4206.59 0 0)
(-2890.06 0 0)
(-8939.27 0 0)
(-433.241 0 0)
(3121.16 -0 0)
(6943.41 -0 0)
(-3968.07 0 0)
(-13074.7 0 0)
(-18172.9 0 0)
(-5217.13 0 0)
(889.722 -0 0)
(-10073.4 0 0)
(-1977.51 0 0)
(-13875.9 0 0)
(-15517.3 0 0)
(-13716.9 0 0)
(-24774.7 0 0)
(-12913.3 0 0)
(-24526.7 0 0)
(-16886.2 0 0)
(-30856 0 0)
(-20775.8 0 0)
(-20479 0 0)
(-28787.1 0 0)
(-46806.4 0 0)
(-44038.2 0 0)
(-53699.5 0 0)
(-56783.6 0 0)
(-53120.4 0 0)
(-50389.6 0 0)
(-67488.5 0 0)
(-74005.3 0 0)
(-85609 0 0)
(-92102.2 0 0)
(-97661.7 0 0)
(-114862 0 0)
(-123987 0 0)
(-144504 0 0)
(-160496 0 0)
(-166491 0 0)
(-181312 0 0)
(-196157 0 0)
(-202667 0 0)
(-199240 0 0)
(-184010 0 0)
(-182480 0 0)
(-190936 0 0)
(-176697 0 0)
(-161876 0 0)
(-174918 0 0)
(-171820 0 0)
(-152537 0 0)
(-155583 0 0)
(-135306 0 0)
(-140630 0 0)
(-133918 0 0)
(-123431 0 0)
(-108625 0 0)
(-116146 0 0)
(-104801 0 0)
(-113826 0 0)
(-111396 0 0)
(-113045 0 0)
(-97042 0 0)
(-78221 0 0)
(-78661.7 0 0)
(-62362.4 0 0)
(-68577.8 0 0)
(-50880.5 0 0)
(-51886.4 0 0)
(-52355.7 0 0)
(-35683.1 0 0)
(-29044.3 0 0)
(-40339.8 0 0)
(-32268.2 0 0)
(-23996.7 0 0)
(-33172.8 0 0)
(-45102.7 0 0)
(-33780.4 0 0)
(-42204.7 0 0)
(-34727 0 0)
(-23833.5 0 0)
(-34915 0 0)
(-41328.4 0 0)
(-30437.5 0 0)
(-46036.8 0 0)
(-33735.1 0 0)
(-45737.7 0 0)
(-32727.6 0 0)
(-45333.8 0 0)
(-32233 0 0)
(-45004.1 0 0)
(-31167.8 0 0)
(-41364.3 0 0)
(-30003 0 0)
(-45575.4 0 0)
(-41142.7 0 0)
(-41551 0 0)
(-50962.2 0 0)
(-88983.6 0 0)
(-4486 0 0)
(389.542 -0 0)
(-4852.22 0 0)
(-5994.13 0 0)
(-1822.85 0 0)
(4814.13 -0 0)
(8771.39 -0 0)
(-4360.36 0 0)
(-15983.6 0 0)
(-6265.53 0 0)
(-870.371 0 0)
(-4384.23 0 0)
(-13995.9 0 0)
(-8257.23 0 0)
(-24319.5 0 0)
(-31407.4 0 0)
(-38605.1 0 0)
(-21336.2 0 0)
(-20806.6 0 0)
(-16331.2 0 0)
(-34312 0 0)
(-26285.4 0 0)
(-32325.6 0 0)
(-42104.8 0 0)
(-43804.1 0 0)
(-45194.4 0 0)
(-50862.9 0 0)
(-39089.5 0 0)
(-31121.1 0 0)
(-24173.7 0 0)
(-39539.6 0 0)
(-43101.8 0 0)
(-63480 0 0)
(-86530.8 0 0)
(-93891 0 0)
(-97307.9 0 0)
(-120675 0 0)
(-134059 0 0)
(-145767 0 0)
(-150354 0 0)
(-172426 0 0)
(-190559 0 0)
(-193892 0 0)
(-196990 0 0)
(-201098 0 0)
(-202614 0 0)
(-187280 0 0)
(-202362 0 0)
(-178944 0 0)
(-188817 0 0)
(-164832 0 0)
(-162787 0 0)
(-164738 0 0)
(-140220 0 0)
(-143764 0 0)
(-143146 0 0)
(-118158 0 0)
(-125155 0 0)
(-106611 0 0)
(-117672 0 0)
(-102371 0 0)
(-108402 0 0)
(-97489.7 0 0)
(-85664.5 0 0)
(-72956 0 0)
(-82351.9 0 0)
(-67202.5 0 0)
(-56826.5 0 0)
(-61057.2 0 0)
(-44125.3 0 0)
(-48600.7 0 0)
(-45426.4 0 0)
(-45757.1 0 0)
(-35243.2 0 0)
(-42554.8 0 0)
(-32971.9 0 0)
(-44055.1 0 0)
(-48960.9 0 0)
(-58385 0 0)
(-42431.1 0 0)
(-30681.8 0 0)
(-42816.6 0 0)
(-35260.1 0 0)
(-29315.7 0 0)
(-44641.9 0 0)
(-54781.2 0 0)
(-44960.2 0 0)
(-35103.8 0 0)
(-49078.5 0 0)
(-58539.1 0 0)
(-41391.7 0 0)
(-53969.3 0 0)
(-39393.1 0 0)
(-30045.2 0 0)
(-43862.5 0 0)
(-35563.9 0 0)
(-46932.6 0 0)
(-43789.1 0 0)
(-68689.9 0 0)
(-88107.1 0 0)
(-6480.25 0 0)
(3513.86 -0 0)
(3011 -0 0)
(2616.73 -0 0)
(-6746.58 0 0)
(-1927.46 0 0)
(4384.47 -0 0)
(6454.07 -0 0)
(-10138.4 0 0)
(-6749.4 0 0)
(-12387.6 0 0)
(-4242.11 0 0)
(-18405.4 0 0)
(-13281.4 0 0)
(-27280.4 0 0)
(-37233.7 0 0)
(-42909.7 0 0)
(-28791.1 0 0)
(-21888.7 0 0)
(-23416.3 0 0)
(-37026.3 0 0)
(-33292.7 0 0)
(-44156.4 0 0)
(-49069.5 0 0)
(-48307.5 0 0)
(-46153.5 0 0)
(-28639.3 0 0)
(-18148.7 0 0)
(-2735.44 0 0)
(-16351.4 0 0)
(-39393.8 0 0)
(-41067.1 0 0)
(-42210.6 0 0)
(-61469.4 0 0)
(-75965.3 0 0)
(-94823.5 0 0)
(-95433.4 0 0)
(-123657 0 0)
(-129991 0 0)
(-132863 0 0)
(-154671 0 0)
(-172771 0 0)
(-185089 0 0)
(-186626 0 0)
(-186894 0 0)
(-198828 0 0)
(-201924 0 0)
(-214056 0 0)
(-189689 0 0)
(-194837 0 0)
(-170928 0 0)
(-169308 0 0)
(-151217 0 0)
(-151851 0 0)
(-133887 0 0)
(-139426 0 0)
(-118914 0 0)
(-124799 0 0)
(-104701 0 0)
(-116706 0 0)
(-98615.3 0 0)
(-90701.2 0 0)
(-99402.1 0 0)
(-82942.7 0 0)
(-85649.8 0 0)
(-91119.2 0 0)
(-69673.2 0 0)
(-57715.7 0 0)
(-48709 0 0)
(-52854.7 0 0)
(-38587.6 0 0)
(-28932 0 0)
(-35694 0 0)
(-39022.6 0 0)
(-33651.2 0 0)
(-46490.9 0 0)
(-42120.6 0 0)
(-54387.3 0 0)
(-65530.5 0 0)
(-50863.9 0 0)
(-35556.4 0 0)
(-50400.2 0 0)
(-49159.8 0 0)
(-39967.3 0 0)
(-41600.9 0 0)
(-55121.4 0 0)
(-65437.7 0 0)
(-45734.7 0 0)
(-57843.7 0 0)
(-47627.5 0 0)
(-55705.6 0 0)
(-58775.9 0 0)
(-40664.5 0 0)
(-50192.6 0 0)
(-41204 0 0)
(-30357.1 0 0)
(-46771.9 0 0)
(-45639 0 0)
(-74914 0 0)
(-85728.6 0 0)
(-8452.93 0 0)
(2108.85 -0 0)
(5834.81 -0 0)
(-1516.14 0 0)
(935.662 -0 0)
(-10031.4 0 0)
(-11200.1 0 0)
(-10658 0 0)
(-4778.37 0 0)
(-15387.1 0 0)
(-9172.87 0 0)
(-18109.5 0 0)
(-25216.7 0 0)
(-30213.2 0 0)
(-24140.8 0 0)
(-34491.1 0 0)
(-39135 0 0)
(-43569.6 0 0)
(-30627.2 0 0)
(-29735.1 0 0)
(-35531 0 0)
(-42969.3 0 0)
(-46686 0 0)
(-50950.1 0 0)
(-31531.2 0 0)
(-23689.3 0 0)
(-16754.8 0 0)
(-6989.52 0 0)
(1552.76 -0 0)
(-25921.8 0 0)
(-27206.8 0 0)
(-52439.7 0 0)
(-56946.1 0 0)
(-57492.1 0 0)
(-83443.1 0 0)
(-79077.6 0 0)
(-88852.1 0 0)
(-108523 0 0)
(-105686 0 0)
(-122395 0 0)
(-143715 0 0)
(-150537 0 0)
(-164604 0 0)
(-171225 0 0)
(-175823 0 0)
(-188374 0 0)
(-195453 0 0)
(-212958 0 0)
(-198064 0 0)
(-194372 0 0)
(-183010 0 0)
(-159894 0 0)
(-156509 0 0)
(-144811 0 0)
(-126885 0 0)
(-131809 0 0)
(-129754 0 0)
(-114637 0 0)
(-99834.1 0 0)
(-111901 0 0)
(-94903.3 0 0)
(-100831 0 0)
(-87868 0 0)
(-92889.2 0 0)
(-79647.8 0 0)
(-88297.9 0 0)
(-71563.2 0 0)
(-64933.8 0 0)
(-48967.2 0 0)
(-56276.2 0 0)
(-41975.9 0 0)
(-30102.3 0 0)
(-23555.6 0 0)
(-27570.1 0 0)
(-41664.3 0 0)
(-46994.8 0 0)
(-57766.9 0 0)
(-51699.7 0 0)
(-63015.3 0 0)
(-65274.6 0 0)
(-49419 0 0)
(-61241.4 0 0)
(-55591.6 0 0)
(-51262.8 0 0)
(-65086.5 0 0)
(-50236.4 0 0)
(-64576.5 0 0)
(-46993.3 0 0)
(-56828.6 0 0)
(-58962.5 0 0)
(-45897.5 0 0)
(-36528.7 0 0)
(-48372 0 0)
(-42436 0 0)
(-34051.4 0 0)
(-35374.1 0 0)
(-43279.8 0 0)
(-47326.1 0 0)
(-67712.2 0 0)
(-38907.5 0 0)
(-9819.93 0 0)
(484.97 -0 0)
(5285.59 -0 0)
(585.865 -0 0)
(-2549.99 0 0)
(-2488.38 0 0)
(-14605.2 0 0)
(-20898.3 0 0)
(-19367.2 0 0)
(-12325.8 0 0)
(-17959.8 0 0)
(-23650.6 0 0)
(-17808 0 0)
(-28068.6 0 0)
(-34943.7 0 0)
(-25994.2 0 0)
(-38208.3 0 0)
(-44103 0 0)
(-36819.5 0 0)
(-34938.9 0 0)
(-38124.3 0 0)
(-45638.6 0 0)
(-32466.5 0 0)
(-34812.2 0 0)
(-8370.84 0 0)
(-11987.3 0 0)
(6119.32 -0 0)
(-1000.38 0 0)
(-22644.1 0 0)
(-27689.6 0 0)
(-28312.5 0 0)
(-31009.2 0 0)
(-52024.6 0 0)
(-75770.6 0 0)
(-74160.4 0 0)
(-101017 0 0)
(-98968.9 0 0)
(-101303 0 0)
(-99677.7 0 0)
(-117378 0 0)
(-119155 0 0)
(-141315 0 0)
(-148393 0 0)
(-150675 0 0)
(-163769 0 0)
(-175190 0 0)
(-184432 0 0)
(-192629 0 0)
(-192741 0 0)
(-181804 0 0)
(-189810 0 0)
(-155862 0 0)
(-156966 0 0)
(-139498 0 0)
(-121641 0 0)
(-127015 0 0)
(-116132 0 0)
(-118029 0 0)
(-105386 0 0)
(-104254 0 0)
(-91617.8 0 0)
(-99836.2 0 0)
(-86217 0 0)
(-93443 0 0)
(-78097 0 0)
(-81841.2 0 0)
(-83262.5 0 0)
(-65665.2 0 0)
(-51212.8 0 0)
(-58621.7 0 0)
(-51291.1 0 0)
(-37798.3 0 0)
(-29725.5 0 0)
(-43149.8 0 0)
(-47549.7 0 0)
(-59730.3 0 0)
(-57545 0 0)
(-61183.5 0 0)
(-57208.1 0 0)
(-64348.2 0 0)
(-68875.6 0 0)
(-59705.4 0 0)
(-74966 0 0)
(-66423.5 0 0)
(-65507.4 0 0)
(-57581.6 0 0)
(-64271.4 0 0)
(-48369.5 0 0)
(-38979.1 0 0)
(-34616.2 0 0)
(-37460.7 0 0)
(-48357.5 0 0)
(-41466.9 0 0)
(-37293.9 0 0)
(-34973.8 0 0)
(-39452.1 0 0)
(-40710.7 0 0)
(-48128.4 0 0)
(-47635.8 0 0)
(-2436.3 0 0)
(-9860.48 0 0)
(-471.683 0 0)
(4660.83 -0 0)
(5042.4 -0 0)
(2416.55 -0 0)
(-7379.3 0 0)
(-6099.63 0 0)
(-17782.5 0 0)
(-10785.8 0 0)
(-17089.5 0 0)
(-11259.5 0 0)
(-20971.3 0 0)
(-24614.4 0 0)
(-16446.3 0 0)
(-31297.5 0 0)
(-24650.4 0 0)
(-28145.2 0 0)
(-39162.2 0 0)
(-39630.3 0 0)
(-38621.5 0 0)
(-37649.5 0 0)
(-31716.7 0 0)
(-23810.2 0 0)
(-8478.01 0 0)
(-8241.85 0 0)
(6994.18 -0 0)
(-1507.21 0 0)
(2233.94 -0 0)
(-20453.6 0 0)
(-7012.87 0 0)
(-26775.2 0 0)
(-56447.8 0 0)
(-66428.4 0 0)
(-64400.4 0 0)
(-62829.4 0 0)
(-85686.4 0 0)
(-77083.3 0 0)
(-95613.4 0 0)
(-99859.5 0 0)
(-96829.1 0 0)
(-104121 0 0)
(-124049 0 0)
(-130927 0 0)
(-143984 0 0)
(-155198 0 0)
(-159576 0 0)
(-168432 0 0)
(-176790 0 0)
(-174594 0 0)
(-165538 0 0)
(-172997 0 0)
(-156575 0 0)
(-155897 0 0)
(-132231 0 0)
(-127393 0 0)
(-115490 0 0)
(-123747 0 0)
(-114163 0 0)
(-118457 0 0)
(-107355 0 0)
(-103705 0 0)
(-95402.2 0 0)
(-94393.2 0 0)
(-83352.6 0 0)
(-86205.7 0 0)
(-76124.8 0 0)
(-80299.8 0 0)
(-64652.3 0 0)
(-63078 0 0)
(-53244.3 0 0)
(-55024.4 0 0)
(-53856.5 0 0)
(-44060.8 0 0)
(-57411.7 0 0)
(-57440.8 0 0)
(-66142 0 0)
(-59141.9 0 0)
(-62452.8 0 0)
(-61001.6 0 0)
(-63312.3 0 0)
(-71001.3 0 0)
(-65691.5 0 0)
(-81040.7 0 0)
(-74894.2 0 0)
(-76444.4 0 0)
(-63659.7 0 0)
(-54739.8 0 0)
(-54626.7 0 0)
(-39686.4 0 0)
(-30875.9 0 0)
(-40116.9 0 0)
(-49902.8 0 0)
(-39202.9 0 0)
(-42572.7 0 0)
(-40658.8 0 0)
(-42114.8 0 0)
(-39224.5 0 0)
(-40182.6 0 0)
(-19967.7 0 0)
(28160 -0 0)
(-10134 0 0)
(1878.88 -0 0)
(3771.46 -0 0)
(3807.45 -0 0)
(281.151 -0 0)
(-4068.93 0 0)
(-13086.8 0 0)
(-8259.99 0 0)
(-14011.6 0 0)
(-8507.07 0 0)
(-14673.8 0 0)
(-7589.49 0 0)
(-17813 0 0)
(-13117.3 0 0)
(-17130.7 0 0)
(-31757.3 0 0)
(-33835.7 0 0)
(-34964 0 0)
(-38287.8 0 0)
(-28726.2 0 0)
(-24509.2 0 0)
(-10760.1 0 0)
(-11689.4 0 0)
(10390.4 -0 0)
(7595.93 -0 0)
(1115.58 -0 0)
(11416 -0 0)
(-1604.06 0 0)
(5429.34 -0 0)
(-5983.76 0 0)
(-36102.1 0 0)
(-36869.7 0 0)
(-60154.6 0 0)
(-51976.4 0 0)
(-72748 0 0)
(-66583.6 0 0)
(-79760 0 0)
(-73054.4 0 0)
(-89099.9 0 0)
(-102305 0 0)
(-99322.3 0 0)
(-103500 0 0)
(-118394 0 0)
(-143293 0 0)
(-141356 0 0)
(-152021 0 0)
(-153427 0 0)
(-161192 0 0)
(-156687 0 0)
(-153057 0 0)
(-160127 0 0)
(-142223 0 0)
(-138358 0 0)
(-121439 0 0)
(-126401 0 0)
(-113924 0 0)
(-127752 0 0)
(-127904 0 0)
(-119426 0 0)
(-116920 0 0)
(-103813 0 0)
(-103588 0 0)
(-91367.6 0 0)
(-89700.4 0 0)
(-81421.6 0 0)
(-84295 0 0)
(-72579.9 0 0)
(-61784.6 0 0)
(-57299.8 0 0)
(-61580.4 0 0)
(-53262.6 0 0)
(-59764.9 0 0)
(-69086.8 0 0)
(-77004.9 0 0)
(-71873.3 0 0)
(-68450.6 0 0)
(-64087.5 0 0)
(-58986.8 0 0)
(-66122.7 0 0)
(-65568.3 0 0)
(-75435.9 0 0)
(-70295.2 0 0)
(-81287.3 0 0)
(-78958.7 0 0)
(-76391.4 0 0)
(-70917.4 0 0)
(-58982.3 0 0)
(-55168.6 0 0)
(-49197.6 0 0)
(-42996.6 0 0)
(-44213.8 0 0)
(-45804.3 0 0)
(-41869.3 0 0)
(-45535.8 0 0)
(-41687.6 0 0)
(-38687.8 0 0)
(-36891.2 0 0)
(-26157.3 0 0)
(-6845.85 0 0)
(36634.1 -0 0)
(-9603.93 0 0)
(3224.12 -0 0)
(4833.79 -0 0)
(1949.84 -0 0)
(-2991.45 0 0)
(-7473.39 0 0)
(-11867.4 0 0)
(-13256.5 0 0)
(-7235.39 0 0)
(-4402.6 0 0)
(-4019.67 0 0)
(-3908.22 0 0)
(-5607.48 0 0)
(-18322.8 0 0)
(-19519.3 0 0)
(-30287.9 0 0)
(-29811 0 0)
(-30437.2 0 0)
(-25139.6 0 0)
(-28445.5 0 0)
(-20937.7 0 0)
(-7.85535 0 0)
(8421.97 -0 0)
(2644.88 -0 0)
(12358.3 -0 0)
(2977.23 -0 0)
(7282.66 -0 0)
(10211.2 -0 0)
(-7442.04 0 0)
(-21783 0 0)
(-24200.7 0 0)
(-47129.3 0 0)
(-46880 0 0)
(-61932.4 0 0)
(-84917.7 0 0)
(-84340.7 0 0)
(-72056.5 0 0)
(-82890.2 0 0)
(-97655 0 0)
(-93124.2 0 0)
(-108886 0 0)
(-104594 0 0)
(-110374 0 0)
(-125458 0 0)
(-133355 0 0)
(-138407 0 0)
(-134909 0 0)
(-142492 0 0)
(-136511 0 0)
(-133808 0 0)
(-142128 0 0)
(-132538 0 0)
(-127322 0 0)
(-114798 0 0)
(-115018 0 0)
(-116929 0 0)
(-124725 0 0)
(-124529 0 0)
(-119747 0 0)
(-113376 0 0)
(-105751 0 0)
(-102743 0 0)
(-91179.3 0 0)
(-87700.6 0 0)
(-78759.5 0 0)
(-79851.7 0 0)
(-70741.7 0 0)
(-62070.4 0 0)
(-60391.7 0 0)
(-59107 0 0)
(-59876.5 0 0)
(-71210.1 0 0)
(-80992.2 0 0)
(-83189.3 0 0)
(-73028.6 0 0)
(-64121 0 0)
(-55309.1 0 0)
(-64161.4 0 0)
(-59811 0 0)
(-70906.5 0 0)
(-74757 0 0)
(-69080 0 0)
(-81028.2 0 0)
(-79473.5 0 0)
(-71754 0 0)
(-69621.1 0 0)
(-60335 0 0)
(-66007.4 0 0)
(-58177.4 0 0)
(-46013.2 0 0)
(-42924.6 0 0)
(-47998.6 0 0)
(-41956.8 0 0)
(-45993.9 0 0)
(-40573.7 0 0)
(-38939.8 0 0)
(-28421.4 0 0)
(-8068.1 0 0)
(12237.6 -0 0)
(59037.4 -0 0)
(-8127.4 0 0)
(4752.91 -0 0)
(7261.08 -0 0)
(4051.81 -0 0)
(335.948 -0 0)
(-4825.12 0 0)
(-4791.22 0 0)
(-7723.03 0 0)
(-9835.53 0 0)
(-4146.44 0 0)
(-3156.21 0 0)
(-14129.5 0 0)
(-10600.1 0 0)
(-17894.2 0 0)
(-28900.8 0 0)
(-27592.2 0 0)
(-29380 0 0)
(-20755.6 0 0)
(-20786.3 0 0)
(-12172.7 0 0)
(-4007.12 0 0)
(-1072.98 0 0)
(4121.48 -0 0)
(11190.9 -0 0)
(16723.3 -0 0)
(3393.41 -0 0)
(11443.1 -0 0)
(-9896.99 0 0)
(-22740.5 0 0)
(-31764.6 0 0)
(-43112.1 0 0)
(-47343.8 0 0)
(-73034.2 0 0)
(-71511.3 0 0)
(-71231 0 0)
(-95403.6 0 0)
(-95948.8 0 0)
(-99673.5 0 0)
(-90600 0 0)
(-88089.8 0 0)
(-101865 0 0)
(-109410 0 0)
(-111333 0 0)
(-109030 0 0)
(-114926 0 0)
(-115452 0 0)
(-124839 0 0)
(-129778 0 0)
(-120046 0 0)
(-124275 0 0)
(-122650 0 0)
(-118695 0 0)
(-102256 0 0)
(-108030 0 0)
(-110125 0 0)
(-124252 0 0)
(-126630 0 0)
(-123733 0 0)
(-120802 0 0)
(-100071 0 0)
(-109800 0 0)
(-105505 0 0)
(-96446.9 0 0)
(-89337.5 0 0)
(-75802.4 0 0)
(-80345.6 0 0)
(-67735.7 0 0)
(-64095.2 0 0)
(-63093.1 0 0)
(-62891.6 0 0)
(-69586.5 0 0)
(-75621.8 0 0)
(-73856.9 0 0)
(-79150.8 0 0)
(-69363.6 0 0)
(-54105.4 0 0)
(-62283.3 0 0)
(-53248.9 0 0)
(-61960.8 0 0)
(-54312.6 0 0)
(-57843.2 0 0)
(-74466.2 0 0)
(-73490.6 0 0)
(-67055.6 0 0)
(-59663.6 0 0)
(-65833.3 0 0)
(-74836.4 0 0)
(-72114.7 0 0)
(-62420.9 0 0)
(-62100.5 0 0)
(-48156.9 0 0)
(-56565.8 0 0)
(-52947 0 0)
(-43574 0 0)
(-41924.4 0 0)
(-30883.4 0 0)
(-20679.2 0 0)
(3422.78 -0 0)
(19306.3 -0 0)
(58122.8 -0 0)
(-6794.18 0 0)
(6222.2 -0 0)
(8541.88 -0 0)
(5351.15 -0 0)
(2654.97 -0 0)
(-1913 0 0)
(-2068.59 0 0)
(-2470.78 0 0)
(-3629.23 0 0)
(-2975.57 0 0)
(-10686.8 0 0)
(-13425.7 0 0)
(-22408.1 0 0)
(-26279.3 0 0)
(-28070.1 0 0)
(-26488.9 0 0)
(-22695.2 0 0)
(-20028.2 0 0)
(-8524.02 0 0)
(-8573.84 0 0)
(9775.05 -0 0)
(15272.2 -0 0)
(16595.3 -0 0)
(14110.3 -0 0)
(25839.6 -0 0)
(16985.9 -0 0)
(4005.17 -0 0)
(-4542.32 0 0)
(-22126 0 0)
(-37454.1 0 0)
(-36798.8 0 0)
(-53346.1 0 0)
(-47600.3 0 0)
(-66761.8 0 0)
(-59183.9 0 0)
(-77530.7 0 0)
(-73287.4 0 0)
(-96738 0 0)
(-91171.4 0 0)
(-104683 0 0)
(-106753 0 0)
(-102668 0 0)
(-101795 0 0)
(-107891 0 0)
(-102788 0 0)
(-110015 0 0)
(-108254 0 0)
(-115167 0 0)
(-114948 0 0)
(-119362 0 0)
(-105681 0 0)
(-102591 0 0)
(-82549.8 0 0)
(-86487.2 0 0)
(-98222.2 0 0)
(-119477 0 0)
(-116342 0 0)
(-119163 0 0)
(-109494 0 0)
(-93349.1 0 0)
(-101852 0 0)
(-87088.8 0 0)
(-92677.7 0 0)
(-91201.5 0 0)
(-81293.6 0 0)
(-69588.7 0 0)
(-76289.1 0 0)
(-68426.3 0 0)
(-58672.7 0 0)
(-69515.6 0 0)
(-67061.8 0 0)
(-67707.9 0 0)
(-71014.8 0 0)
(-61824.9 0 0)
(-59154.4 0 0)
(-70198.3 0 0)
(-65048.1 0 0)
(-62406.2 0 0)
(-51458.3 0 0)
(-64595.4 0 0)
(-53087.1 0 0)
(-60773 0 0)
(-51540.8 0 0)
(-55734.7 0 0)
(-66243.8 0 0)
(-75651 0 0)
(-66817.2 0 0)
(-71713.4 0 0)
(-74883 0 0)
(-65543.5 0 0)
(-44736.5 0 0)
(-45606.4 0 0)
(-51052.2 0 0)
(-43552.3 0 0)
(-30721.9 0 0)
(-25510.9 0 0)
(-3551.79 0 0)
(21150.5 -0 0)
(26596.5 -0 0)
(57418.2 -0 0)
(-7453.47 0 0)
(7103.38 -0 0)
(8922.83 -0 0)
(7986.26 -0 0)
(6818.48 -0 0)
(2024.52 -0 0)
(1845.4 -0 0)
(868.028 -0 0)
(-1438.54 0 0)
(-3161.92 0 0)
(-9775.16 0 0)
(-15146.9 0 0)
(-23694.8 0 0)
(-29109.4 0 0)
(-28009.5 0 0)
(-21246.8 0 0)
(-16231.5 0 0)
(-20448.2 0 0)
(-9384.07 0 0)
(2860.27 -0 0)
(13896.5 -0 0)
(12293.2 -0 0)
(26570.6 -0 0)
(27262.3 -0 0)
(22878.7 -0 0)
(27438.6 -0 0)
(18346.4 -0 0)
(5906.96 -0 0)
(-14495.3 0 0)
(-26667 0 0)
(-19601.4 0 0)
(-37893.8 0 0)
(-28802 0 0)
(-42118.5 0 0)
(-62618.1 0 0)
(-55659.3 0 0)
(-69280.1 0 0)
(-94460.6 0 0)
(-93890.1 0 0)
(-85094.3 0 0)
(-95412.4 0 0)
(-91718.5 0 0)
(-99619.6 0 0)
(-105667 0 0)
(-97453.6 0 0)
(-98740.1 0 0)
(-102797 0 0)
(-99872.6 0 0)
(-114705 0 0)
(-106695 0 0)
(-102865 0 0)
(-99855.4 0 0)
(-101014 0 0)
(-93065.6 0 0)
(-85555.5 0 0)
(-98462.5 0 0)
(-113946 0 0)
(-100793 0 0)
(-105127 0 0)
(-106905 0 0)
(-103246 0 0)
(-89921 0 0)
(-74873.6 0 0)
(-93867.2 0 0)
(-87122.8 0 0)
(-70860.8 0 0)
(-84835 0 0)
(-78899.4 0 0)
(-70426.3 0 0)
(-68718.3 0 0)
(-76767.9 0 0)
(-75343.7 0 0)
(-64350.4 0 0)
(-65804.1 0 0)
(-51868.2 0 0)
(-64703.2 0 0)
(-52997.9 0 0)
(-40269.4 0 0)
(-49865.9 0 0)
(-68754 0 0)
(-66499 0 0)
(-49672.4 0 0)
(-64792 0 0)
(-62067.7 0 0)
(-74904.1 0 0)
(-72675 0 0)
(-61259.4 0 0)
(-81223.1 0 0)
(-74358.9 0 0)
(-57283 0 0)
(-60665.2 0 0)
(-45698.3 0 0)
(-29418.9 0 0)
(-28105 0 0)
(-29943.6 0 0)
(-22656 0 0)
(-748.926 0 0)
(24571 -0 0)
(33327.2 -0 0)
(44627.1 -0 0)
(-9153.41 0 0)
(7492.71 -0 0)
(9545.54 -0 0)
(12863.5 -0 0)
(6433.53 -0 0)
(6926.76 -0 0)
(8668.48 -0 0)
(2453.53 -0 0)
(716.556 -0 0)
(-4925.66 0 0)
(-10533.9 0 0)
(-18606.7 0 0)
(-23301.1 0 0)
(-25034.7 0 0)
(-19069.7 0 0)
(-19461.9 0 0)
(-10420.8 0 0)
(-10154.4 0 0)
(-10901.9 0 0)
(6242.13 -0 0)
(8503.38 -0 0)
(18146.6 -0 0)
(19140.9 -0 0)
(31110.1 -0 0)
(21278.4 -0 0)
(13803.1 -0 0)
(7820.91 -0 0)
(2641.69 -0 0)
(-19188.4 0 0)
(-14260.7 0 0)
(-32529.3 0 0)
(-33050.7 0 0)
(-55253.5 0 0)
(-50512.9 0 0)
(-52799.7 0 0)
(-74136.4 0 0)
(-66531 0 0)
(-82252 0 0)
(-72859.7 0 0)
(-87830.5 0 0)
(-85663.2 0 0)
(-95771.3 0 0)
(-92118.8 0 0)
(-93684 0 0)
(-85444.2 0 0)
(-97444.1 0 0)
(-94132 0 0)
(-80745.2 0 0)
(-98159.1 0 0)
(-98826.7 0 0)
(-81965.5 0 0)
(-90752.9 0 0)
(-108560 0 0)
(-100275 0 0)
(-92203.9 0 0)
(-82496.3 0 0)
(-84026.9 0 0)
(-95009.6 0 0)
(-82367.6 0 0)
(-83432.6 0 0)
(-95801.1 0 0)
(-87369.8 0 0)
(-74694.1 0 0)
(-95670 0 0)
(-90806.1 0 0)
(-74380.7 0 0)
(-88105.9 0 0)
(-82118.6 0 0)
(-66950.4 0 0)
(-60126.6 0 0)
(-66733.8 0 0)
(-80514.4 0 0)
(-74728.5 0 0)
(-64412.2 0 0)
(-52553.6 0 0)
(-59101.3 0 0)
(-46392.7 0 0)
(-44131.1 0 0)
(-60029.9 0 0)
(-49480.1 0 0)
(-59578.1 0 0)
(-46732 0 0)
(-62492.1 0 0)
(-54681.3 0 0)
(-54579.5 0 0)
(-52112 0 0)
(-54841.3 0 0)
(-71293.7 0 0)
(-62050.4 0 0)
(-75708.6 0 0)
(-66696.9 0 0)
(-47634 0 0)
(-34886.1 0 0)
(-24151 0 0)
(-5338.78 0 0)
(-5.83216 0 0)
(2744.15 -0 0)
(14755.8 -0 0)
(6127.84 -0 0)
(14822.3 -0 0)
(-7428.22 0 0)
(7883.83 -0 0)
(11145.4 -0 0)
(13304.1 -0 0)
(12093.4 -0 0)
(12829.6 -0 0)
(5667.73 -0 0)
(-2864.63 0 0)
(-1498.32 0 0)
(-3655.7 0 0)
(-644.376 0 0)
(-9546.77 0 0)
(-20020.8 0 0)
(-16916.7 0 0)
(-20085.2 0 0)
(-14770.7 0 0)
(-13941.2 0 0)
(-7450.41 0 0)
(-11736.2 0 0)
(1217.81 -0 0)
(9350.81 -0 0)
(9302.91 -0 0)
(18769.4 -0 0)
(33977.8 -0 0)
(30512.1 -0 0)
(10261 -0 0)
(9136.76 -0 0)
(-7284.26 0 0)
(-8927.14 0 0)
(-18276.4 0 0)
(-47210.9 0 0)
(-50051.2 0 0)
(-78980.2 0 0)
(-78800.8 0 0)
(-65968.1 0 0)
(-86178.6 0 0)
(-82517.3 0 0)
(-75455.7 0 0)
(-68201.7 0 0)
(-78360.2 0 0)
(-93904.2 0 0)
(-87752.2 0 0)
(-85341.4 0 0)
(-80779.4 0 0)
(-89448.2 0 0)
(-94418.5 0 0)
(-79413.2 0 0)
(-72502.7 0 0)
(-80573.8 0 0)
(-82564.6 0 0)
(-77614.3 0 0)
(-87850 0 0)
(-82778.3 0 0)
(-90985.2 0 0)
(-96715.7 0 0)
(-85948.4 0 0)
(-62988.1 0 0)
(-66719 0 0)
(-70771.8 0 0)
(-73230.4 0 0)
(-58300.1 0 0)
(-58970 0 0)
(-73743.6 0 0)
(-91739.5 0 0)
(-80134.8 0 0)
(-82013.6 0 0)
(-69695.9 0 0)
(-82134.8 0 0)
(-73002.7 0 0)
(-55349.5 0 0)
(-61250.5 0 0)
(-78205.7 0 0)
(-69157.4 0 0)
(-57291.9 0 0)
(-65503.9 0 0)
(-56162.5 0 0)
(-71316.4 0 0)
(-63340.9 0 0)
(-44904.1 0 0)
(-63846.5 0 0)
(-56046.2 0 0)
(-50735.2 0 0)
(-49041.6 0 0)
(-38167 0 0)
(-56025.2 0 0)
(-48783.9 0 0)
(-57989.5 0 0)
(-49213.6 0 0)
(-58624.7 0 0)
(-50630.5 0 0)
(-59764.4 0 0)
(-44511.9 0 0)
(-25822.8 0 0)
(-7590.96 0 0)
(-6594.25 0 0)
(7208.56 -0 0)
(8130.5 -0 0)
(726.796 -0 0)
(-32352.5 0 0)
(-18950.3 0 0)
(-4137.36 0 0)
(7210.62 -0 0)
(12774.7 -0 0)
(7724.93 -0 0)
(4798.68 -0 0)
(8293.96 -0 0)
(-1388.29 0 0)
(1798.41 -0 0)
(9253.92 -0 0)
(-8851.54 0 0)
(-6024.55 0 0)
(-3079.37 0 0)
(-3132.51 0 0)
(-7842.47 0 0)
(-12587.9 0 0)
(-19164.7 0 0)
(-6211.77 0 0)
(-10734.9 0 0)
(-3876.93 0 0)
(1524.07 -0 0)
(9071.49 -0 0)
(8438.04 -0 0)
(15965.6 -0 0)
(29396.5 -0 0)
(33070.7 -0 0)
(11624.6 -0 0)
(-1398.15 0 0)
(1632.94 -0 0)
(-8538.28 0 0)
(-38532.2 0 0)
(-53060.9 0 0)
(-47744.3 0 0)
(-73246 0 0)
(-66099.9 0 0)
(-81852.5 0 0)
(-81159.2 0 0)
(-76182.5 0 0)
(-59583.9 0 0)
(-74805.1 0 0)
(-93383.7 0 0)
(-88450 0 0)
(-79874.4 0 0)
(-74393.6 0 0)
(-79267.8 0 0)
(-85206.6 0 0)
(-83456 0 0)
(-68314.9 0 0)
(-75400.2 0 0)
(-63784.8 0 0)
(-58968.9 0 0)
(-77335.9 0 0)
(-72001.3 0 0)
(-82208.7 0 0)
(-100832 0 0)
(-86282.5 0 0)
(-91677.6 0 0)
(-77857.6 0 0)
(-65614.8 0 0)
(-74201.6 0 0)
(-60439.8 0 0)
(-67923.3 0 0)
(-56755 0 0)
(-68921 0 0)
(-61154.9 0 0)
(-72292 0 0)
(-58002.5 0 0)
(-54224.3 0 0)
(-61828.5 0 0)
(-79295.3 0 0)
(-71973.5 0 0)
(-55327 0 0)
(-61019.9 0 0)
(-45534.9 0 0)
(-62250.7 0 0)
(-57841.9 0 0)
(-69722.9 0 0)
(-67775.4 0 0)
(-52381 0 0)
(-32829.4 0 0)
(-49494.3 0 0)
(-36183.9 0 0)
(-17388.6 0 0)
(-25480.8 0 0)
(-37449.7 0 0)
(-50962.3 0 0)
(-41438 0 0)
(-49485.7 0 0)
(-48891.4 0 0)
(-36783.4 0 0)
(-29504.4 0 0)
(-28645.7 0 0)
(-34594.8 0 0)
(-15575.4 0 0)
(-16729 0 0)
(-6147.3 0 0)
(-8455.89 0 0)
(-9719.9 0 0)
(-10698.7 0 0)
(-69266.2 0 0)
(-49451.9 0 0)
(-4293.94 0 0)
(6276.29 -0 0)
(4303.72 -0 0)
(-4533.86 0 0)
(8987.75 -0 0)
(7520.52 -0 0)
(1647.48 -0 0)
(9089.66 -0 0)
(12412.9 -0 0)
(-4002.13 0 0)
(-8414.68 0 0)
(-5552.72 0 0)
(2560 -0 0)
(-11210.6 0 0)
(-10360.6 0 0)
(-17964.3 0 0)
(1801.59 -0 0)
(2600.89 -0 0)
(-500.222 0 0)
(9644.4 -0 0)
(19448.8 -0 0)
(21314.4 -0 0)
(19810.9 -0 0)
(22586.4 -0 0)
(24410.7 -0 0)
(23066.3 -0 0)
(4152 -0 0)
(-12768.2 0 0)
(-14997.9 0 0)
(-39771.7 0 0)
(-41608.1 0 0)
(-55052.2 0 0)
(-52974.6 0 0)
(-76112 0 0)
(-69156.3 0 0)
(-84303.4 0 0)
(-78079.4 0 0)
(-70712.3 0 0)
(-91832.3 0 0)
(-88969.6 0 0)
(-77292.1 0 0)
(-66625.8 0 0)
(-80368.7 0 0)
(-82277.6 0 0)
(-83987.2 0 0)
(-74881.8 0 0)
(-70614.4 0 0)
(-73369.3 0 0)
(-66093.1 0 0)
(-54263.2 0 0)
(-58317.6 0 0)
(-78661.8 0 0)
(-80757.1 0 0)
(-76111.7 0 0)
(-94609.3 0 0)
(-87474.7 0 0)
(-75395.6 0 0)
(-61259.7 0 0)
(-64490.9 0 0)
(-79490.9 0 0)
(-77515.6 0 0)
(-66763.1 0 0)
(-49351 0 0)
(-67464.3 0 0)
(-65587.6 0 0)
(-82596.9 0 0)
(-71669.3 0 0)
(-48780.8 0 0)
(-53917.6 0 0)
(-63635 0 0)
(-51863.7 0 0)
(-44023 0 0)
(-52686.4 0 0)
(-36769.7 0 0)
(-49964 0 0)
(-36966.7 0 0)
(-43650.1 0 0)
(-27651.1 0 0)
(-29487.4 0 0)
(-44038 0 0)
(-30357.9 0 0)
(-41554.3 0 0)
(-34974.9 0 0)
(-47511 0 0)
(-44561.9 0 0)
(-38008.9 0 0)
(-50640 0 0)
(-47920.6 0 0)
(-59764.2 0 0)
(-50082.9 0 0)
(-30782.8 0 0)
(-39668.7 0 0)
(-30153.1 0 0)
(-12815 0 0)
(-21698 0 0)
(-14299 0 0)
(-25967.2 0 0)
(-33567.5 0 0)
(-79111.8 0 0)
(-70711.5 0 0)
(-12667.9 0 0)
(-6588.8 0 0)
(-13611.7 0 0)
(-13894.8 0 0)
(645.419 -0 0)
(-6570.37 0 0)
(3574.67 -0 0)
(19179.4 -0 0)
(14526 -0 0)
(12859.7 -0 0)
(6202.76 -0 0)
(-7104.67 0 0)
(3540.76 -0 0)
(-2769.79 0 0)
(-11190.2 0 0)
(-16681.1 0 0)
(-4276.05 0 0)
(6918.28 -0 0)
(11642.7 -0 0)
(8564.29 -0 0)
(16039.9 -0 0)
(30795 -0 0)
(21020.7 -0 0)
(19743.9 -0 0)
(22104 -0 0)
(30246.2 -0 0)
(14401.2 -0 0)
(-6979.23 0 0)
(-35498.9 0 0)
(-41202.8 0 0)
(-58260.4 0 0)
(-63695.6 0 0)
(-65015.8 0 0)
(-61223.6 0 0)
(-85730 0 0)
(-83450.4 0 0)
(-77940.8 0 0)
(-78479.1 0 0)
(-77944.3 0 0)
(-73394.9 0 0)
(-72032.6 0 0)
(-72701.3 0 0)
(-73234.2 0 0)
(-72193.1 0 0)
(-72335.9 0 0)
(-75757 0 0)
(-73881.4 0 0)
(-66625.2 0 0)
(-71041.7 0 0)
(-59211.9 0 0)
(-48687.8 0 0)
(-53069.1 0 0)
(-44409.5 0 0)
(-65471.4 0 0)
(-53599.3 0 0)
(-68717.8 0 0)
(-58536.9 0 0)
(-33387.2 0 0)
(-38339.7 0 0)
(-49052.8 0 0)
(-30942.4 0 0)
(-34441.9 0 0)
(-44715.5 0 0)
(-55852 0 0)
(-49469.1 0 0)
(-61643.7 0 0)
(-43069.6 0 0)
(-51595.2 0 0)
(-30126.6 0 0)
(-32372.1 0 0)
(-30360.1 0 0)
(-46686.2 0 0)
(-47277.2 0 0)
(-30869.2 0 0)
(-33537.8 0 0)
(-49299.6 0 0)
(-35878.6 0 0)
(-49940 0 0)
(-43625.5 0 0)
(-23120.9 0 0)
(-35761.8 0 0)
(-25361.8 0 0)
(-39977.9 0 0)
(-32491.9 0 0)
(-26540.6 0 0)
(-42626.2 0 0)
(-38272.2 0 0)
(-54538 0 0)
(-55833.3 0 0)
(-40221.7 0 0)
(-20423.2 0 0)
(-30311.6 0 0)
(-43717.5 0 0)
(-36976.4 0 0)
(-21064.5 0 0)
(-37787.1 0 0)
(-44309.7 0 0)
(-61345 0 0)
(-62731.8 0 0)
(-72743 0 0)
(-16040.1 0 0)
(-13520.3 0 0)
(-23137.9 0 0)
(-23114.9 0 0)
(-18131.5 0 0)
(-12708.5 0 0)
(-786.252 0 0)
(2563.2 -0 0)
(-12363.7 0 0)
(-11233 0 0)
(-7890.39 0 0)
(-1616.02 0 0)
(-16782.3 0 0)
(-14973.3 0 0)
(-3576.64 0 0)
(-7576.74 0 0)
(-3930.9 0 0)
(6048.39 -0 0)
(17009.2 -0 0)
(26232.3 -0 0)
(24779.7 -0 0)
(27357.2 -0 0)
(30795.3 -0 0)
(25482.3 -0 0)
(16944 -0 0)
(17127 -0 0)
(14002.1 -0 0)
(-6098.82 0 0)
(-29313 0 0)
(-55903.8 0 0)
(-67010.3 0 0)
(-65403.7 0 0)
(-70102.1 0 0)
(-71318.1 0 0)
(-67767.4 0 0)
(-61260.7 0 0)
(-60057.1 0 0)
(-61435.1 0 0)
(-61586.6 0 0)
(-60974.3 0 0)
(-60704 0 0)
(-61128.6 0 0)
(-61580.3 0 0)
(-62075.9 0 0)
(-63431.2 0 0)
(-66482.1 0 0)
(-70942.1 0 0)
(-72993.9 0 0)
(-72913.6 0 0)
(-53093.1 0 0)
(-52365.1 0 0)
(-33567 0 0)
(-33752.1 0 0)
(-52698.1 0 0)
(-45910.5 0 0)
(-47248 0 0)
(-67450.4 0 0)
(-57166.8 0 0)
(-44672.8 0 0)
(-31909.3 0 0)
(-36741.2 0 0)
(-55327.8 0 0)
(-47320.4 0 0)
(-29075.5 0 0)
(-47496.1 0 0)
(-50167.2 0 0)
(-39368.2 0 0)
(-47487.5 0 0)
(-27226 0 0)
(-8305.7 0 0)
(-19094.7 0 0)
(-25104.4 0 0)
(-36815.7 0 0)
(-27911.8 0 0)
(-13359.3 0 0)
(-21812.5 0 0)
(-29984.9 0 0)
(-48813.4 0 0)
(-38543.5 0 0)
(-20685.8 0 0)
(-6232.36 0 0)
(-19280 0 0)
(-37712 0 0)
(-30083.3 0 0)
(-20687.1 0 0)
(-30582.5 0 0)
(-28463.9 0 0)
(-41280.2 0 0)
(-44294.4 0 0)
(-32659.7 0 0)
(-18400.2 0 0)
(-30440.1 0 0)
(-47306.3 0 0)
(-42340.8 0 0)
(-23594.4 0 0)
(-12438.5 0 0)
(-30829.6 0 0)
(-38029 0 0)
(-39009.3 0 0)
(-75203.9 0 0)
(-16319.5 0 0)
(-17141.2 0 0)
(-28331.1 0 0)
(-30148.1 0 0)
(-23417.1 0 0)
(-13720.5 0 0)
(-168.248 0 0)
(-13577.3 0 0)
(-5499.95 0 0)
(-12349.2 0 0)
(-1485.71 0 0)
(-14825.7 0 0)
(-8412.69 0 0)
(-20558.3 0 0)
(-14000.5 0 0)
(-10634.1 0 0)
(-1536.5 0 0)
(-95.8178 0 0)
(19050.7 -0 0)
(40179.2 -0 0)
(38221.4 -0 0)
(31529.8 -0 0)
(33247.7 -0 0)
(32745.7 -0 0)
(19208.4 -0 0)
(5176.61 -0 0)
(-9470.21 0 0)
(-18846.3 0 0)
(-24563.3 0 0)
(-42517.1 0 0)
(-61023.1 0 0)
(-59566.8 0 0)
(-61443.4 0 0)
(-60004.7 0 0)
(-53685.7 0 0)
(-47345.6 0 0)
(-44346.7 0 0)
(-43514.4 0 0)
(-43126.1 0 0)
(-43529.5 0 0)
(-44160.6 0 0)
(-44673.7 0 0)
(-45609.7 0 0)
(-47847.6 0 0)
(-51915.8 0 0)
(-57001.6 0 0)
(-62275 0 0)
(-66144.3 0 0)
(-67337.5 0 0)
(-64687.7 0 0)
(-47171.9 0 0)
(-42815.7 0 0)
(-22859.1 0 0)
(-34551.4 0 0)
(-24898.7 0 0)
(-38261.2 0 0)
(-26596.3 0 0)
(-28564.6 0 0)
(-32769.6 0 0)
(-43903 0 0)
(-32867.4 0 0)
(-42059.5 0 0)
(-25207.1 0 0)
(-4183.84 0 0)
(-15442.3 0 0)
(-22930.2 0 0)
(-23740.1 0 0)
(-25781.1 0 0)
(-34806.8 0 0)
(-27333.8 0 0)
(-25099.7 0 0)
(-11709.2 0 0)
(-23840.4 0 0)
(-18672.2 0 0)
(-6821.4 0 0)
(-15755.2 0 0)
(-25618.4 0 0)
(-25384.8 0 0)
(-15077.5 0 0)
(6223.88 -0 0)
(2623.03 -0 0)
(-7717.3 0 0)
(-21833.1 0 0)
(-7997.84 0 0)
(-22354.9 0 0)
(-17781.7 0 0)
(-24675.2 0 0)
(-30761.3 0 0)
(-25990.8 0 0)
(-13882.2 0 0)
(-18604.6 0 0)
(-18052.6 0 0)
(-7033.7 0 0)
(-9408.09 0 0)
(15916.4 -0 0)
(16663.2 -0 0)
(-187.642 0 0)
(-18854.8 0 0)
(-16062 0 0)
(-64541.4 0 0)
(-18787.7 0 0)
(-16160 0 0)
(-29001.9 0 0)
(-35842.6 0 0)
(-29734.5 0 0)
(-23401.4 0 0)
(-18936.5 0 0)
(-13313.4 0 0)
(-27730.3 0 0)
(-23208.7 0 0)
(-22198.8 0 0)
(-14735.2 0 0)
(-15348.3 0 0)
(-1912.21 0 0)
(-5147.73 0 0)
(-7773.25 0 0)
(-7721.39 0 0)
(3770.88 -0 0)
(26416.5 -0 0)
(41853.1 -0 0)
(43819.7 -0 0)
(52741.9 -0 0)
(47529.3 -0 0)
(27554.6 -0 0)
(24071.5 -0 0)
(3265.52 -0 0)
(-23898 0 0)
(-33092.4 0 0)
(-41892.4 0 0)
(-52084.1 0 0)
(-56240.2 0 0)
(-55127.1 0 0)
(-57128.5 0 0)
(-58101.5 0 0)
(-54723.5 0 0)
(-45249.4 0 0)
(-37212.4 0 0)
(-30528.1 0 0)
(-25985.7 0 0)
(-24603.1 0 0)
(-24717 0 0)
(-24530.3 0 0)
(-24919.1 0 0)
(-27413.7 0 0)
(-32569.5 0 0)
(-39504.1 0 0)
(-47456.5 0 0)
(-54842.2 0 0)
(-61057.4 0 0)
(-64425.4 0 0)
(-59263.8 0 0)
(-40566.6 0 0)
(-43873.9 0 0)
(-61896.6 0 0)
(-57679 0 0)
(-48049.3 0 0)
(-67235.4 0 0)
(-60295.7 0 0)
(-41907.6 0 0)
(-58648.2 0 0)
(-53046.8 0 0)
(-43606.1 0 0)
(-26134.2 0 0)
(-39009.4 0 0)
(-32086.6 0 0)
(-44571.2 0 0)
(-41972.7 0 0)
(-27609.2 0 0)
(-34995 0 0)
(-25860.8 0 0)
(-20450.2 0 0)
(-9035.48 0 0)
(-19322.6 0 0)
(-7728.41 0 0)
(-17299.5 0 0)
(-8600.57 0 0)
(-18446.7 0 0)
(-1410.11 0 0)
(-4527.83 0 0)
(-17185.2 0 0)
(-6496.42 0 0)
(-21820.7 0 0)
(-11037 0 0)
(2867.23 -0 0)
(-8564.99 0 0)
(-18157.2 0 0)
(-20715.5 0 0)
(-16684.6 0 0)
(-2912.49 0 0)
(-17430.8 0 0)
(-2076.83 0 0)
(-8685.78 0 0)
(1800.54 -0 0)
(24541.2 -0 0)
(21586.8 -0 0)
(17728.9 -0 0)
(1601.43 -0 0)
(406.615 -0 0)
(-1016.11 0 0)
(-43321.3 0 0)
(-19725.2 0 0)
(-16611.3 0 0)
(-27303.3 0 0)
(-33135 0 0)
(-30663.1 0 0)
(-27010.3 0 0)
(-21698.5 0 0)
(-16775.8 0 0)
(-30797.6 0 0)
(-42971.8 0 0)
(-43926.1 0 0)
(-38826.9 0 0)
(-29339.7 0 0)
(-22827.1 0 0)
(-19799.4 0 0)
(-13902 0 0)
(-2806.6 0 0)
(15068.5 -0 0)
(34932.4 -0 0)
(44527.5 -0 0)
(47695.6 -0 0)
(47491.2 -0 0)
(35323 -0 0)
(18100.4 -0 0)
(3601.04 -0 0)
(-18554.2 0 0)
(-36094.2 0 0)
(-46103.9 0 0)
(-53850.2 0 0)
(-58130.1 0 0)
(-57457.8 0 0)
(-55968.2 0 0)
(-57844.2 0 0)
(-63532.8 0 0)
(-65645.2 0 0)
(-60441.4 0 0)
(-53839.2 0 0)
(-36626.6 0 0)
(-18232.1 0 0)
(-8995.04 0 0)
(-5363.57 0 0)
(-2732.36 0 0)
(-1320.5 0 0)
(-2754.62 0 0)
(-7617.03 0 0)
(-15634.3 0 0)
(-25022.7 0 0)
(-34971.5 0 0)
(-45449.5 0 0)
(-55659.7 0 0)
(-55800.9 0 0)
(-43968.9 0 0)
(-51175.2 0 0)
(-72240.3 0 0)
(-67534.1 0 0)
(-56994.8 0 0)
(-46638 0 0)
(-40839.9 0 0)
(-49003.4 0 0)
(-36438.5 0 0)
(-44417.3 0 0)
(-27609.5 0 0)
(-38484.1 0 0)
(-22893.8 0 0)
(-37046.2 0 0)
(-30252.5 0 0)
(-15315.2 0 0)
(-21290.4 0 0)
(-29368.8 0 0)
(-15548 0 0)
(-3421.63 0 0)
(-19655.2 0 0)
(-6152.21 0 0)
(-19881.8 0 0)
(-10138.1 0 0)
(-20042.5 0 0)
(-9872.93 0 0)
(-16717.5 0 0)
(-8177.36 0 0)
(2322.92 -0 0)
(-11636.4 0 0)
(-8893.63 0 0)
(8022.88 -0 0)
(2333.37 -0 0)
(-3284.22 0 0)
(-1259.33 0 0)
(-9573.42 0 0)
(-8726.76 0 0)
(1090.42 -0 0)
(-1006.89 0 0)
(427.98 -0 0)
(-4894.26 0 0)
(4437.75 -0 0)
(18971.2 -0 0)
(10738.5 -0 0)
(6743.41 -0 0)
(7771.84 -0 0)
(6328.3 -0 0)
(2920.35 -0 0)
(-28148.4 0 0)
(-16316.4 0 0)
(-14420.1 0 0)
(-24896.6 0 0)
(-26643.3 0 0)
(-25091.5 0 0)
(-21689.1 0 0)
(-15807 0 0)
(-36981.3 0 0)
(-39416.1 0 0)
(-32183.2 0 0)
(-46158.7 0 0)
(-45511.2 0 0)
(-33379.6 0 0)
(-27322.9 0 0)
(-20528.6 0 0)
(-9827.14 0 0)
(5678.53 -0 0)
(25012.1 -0 0)
(41290.7 -0 0)
(49099.9 -0 0)
(46485.7 -0 0)
(37957.5 -0 0)
(20660.2 -0 0)
(1537.12 -0 0)
(-16201.9 0 0)
(-36188 0 0)
(-48591.1 0 0)
(-53802.2 0 0)
(-55456.4 0 0)
(-57268.2 0 0)
(-57282.8 0 0)
(-55034 0 0)
(-51949.1 0 0)
(-47339 0 0)
(-44514.2 0 0)
(-45866.4 0 0)
(-36198 0 0)
(-22972.7 0 0)
(-11740.6 0 0)
(-3743.19 0 0)
(5939.37 -0 0)
(16205.4 -0 0)
(21399 -0 0)
(22475.6 -0 0)
(19968.7 -0 0)
(12351.1 -0 0)
(3336.25 -0 0)
(-6609.9 0 0)
(-19213.4 0 0)
(-35870 0 0)
(-38420.9 0 0)
(-59616.8 0 0)
(-48340.7 0 0)
(-70502.1 0 0)
(-70585.7 0 0)
(-60299.8 0 0)
(-56039.6 0 0)
(-38417.6 0 0)
(-48907.4 0 0)
(-49111.4 0 0)
(-31675.5 0 0)
(-7507.53 0 0)
(-13716.7 0 0)
(-14405.3 0 0)
(-31754.1 0 0)
(-26940.1 0 0)
(-13288 0 0)
(-21365.6 0 0)
(-28332.8 0 0)
(-20121.8 0 0)
(-15986.2 0 0)
(-21372.1 0 0)
(-4614.75 0 0)
(-27044 0 0)
(-12108.2 0 0)
(-4197.15 0 0)
(-16275.2 0 0)
(117.461 -0 0)
(19748.6 -0 0)
(17859.7 -0 0)
(7866.44 -0 0)
(9737.4 -0 0)
(7553.5 -0 0)
(-4050.6 0 0)
(6375.89 -0 0)
(-447.354 0 0)
(-795.625 0 0)
(2455.85 -0 0)
(-8837.47 0 0)
(-8785.32 0 0)
(-15032.2 0 0)
(1525.72 -0 0)
(19841.1 -0 0)
(12810.3 -0 0)
(-107.726 0 0)
(8703.56 -0 0)
(8322.69 -0 0)
(9467.18 -0 0)
(4527.21 -0 0)
(-18537.5 0 0)
(-16273.2 0 0)
(-11147.3 0 0)
(-18832.9 0 0)
(-13719.4 0 0)
(-17771.7 0 0)
(-14939.1 0 0)
(-3589.16 0 0)
(-16796.7 0 0)
(-36568.3 0 0)
(-36348.7 0 0)
(-26275.8 0 0)
(-37523.8 0 0)
(-32163 0 0)
(-21791.7 0 0)
(-14753.4 0 0)
(-1973.41 0 0)
(17021.4 -0 0)
(36702.3 -0 0)
(47469.5 -0 0)
(49798.1 -0 0)
(39294.1 -0 0)
(24142.1 -0 0)
(3746.48 -0 0)
(-15476.7 0 0)
(-30967.3 0 0)
(-45405.4 0 0)
(-55413.6 0 0)
(-61995.2 0 0)
(-60246.2 0 0)
(-49819.8 0 0)
(-37789.7 0 0)
(-26563.8 0 0)
(-16659.3 0 0)
(-7274.01 0 0)
(-424.963 0 0)
(-3556.44 0 0)
(-6714.55 0 0)
(4771.75 -0 0)
(20412.5 -0 0)
(29947.3 -0 0)
(33086.5 -0 0)
(35280.5 -0 0)
(37709.7 -0 0)
(41893.1 -0 0)
(46303.4 -0 0)
(41482.8 -0 0)
(34710.5 -0 0)
(27455.8 -0 0)
(18308.8 -0 0)
(-7759.88 0 0)
(-17516.7 0 0)
(-31154 0 0)
(-46743.9 0 0)
(-49187.3 0 0)
(-54059.3 0 0)
(-43209.1 0 0)
(-46442.8 0 0)
(-32980.5 0 0)
(-44975.8 0 0)
(-33171.3 0 0)
(-38168.8 0 0)
(-23934.1 0 0)
(-34678.4 0 0)
(-14840.7 0 0)
(-27419.8 0 0)
(-25557.3 0 0)
(-16167.2 0 0)
(-18822.4 0 0)
(-27964 0 0)
(-24170.3 0 0)
(-21466.2 0 0)
(-15063.5 0 0)
(408.202 -0 0)
(-22732 0 0)
(2854.42 -0 0)
(2082.64 -0 0)
(-8900.38 0 0)
(5803.84 -0 0)
(12201 -0 0)
(8230.55 -0 0)
(20994.4 -0 0)
(8174.2 -0 0)
(10155.3 -0 0)
(8058.32 -0 0)
(10270.5 -0 0)
(11572 -0 0)
(14271 -0 0)
(3633.29 -0 0)
(4202.92 -0 0)
(-15455.5 0 0)
(-11887.6 0 0)
(2713.05 -0 0)
(16795.4 -0 0)
(9077.18 -0 0)
(8014.4 -0 0)
(11954.2 -0 0)
(9076.21 -0 0)
(13860.3 -0 0)
(11154.6 -0 0)
(-12366.3 0 0)
(-15375.3 0 0)
(-7371.85 0 0)
(-12516.5 0 0)
(-12504.1 0 0)
(-5516.88 0 0)
(-10381.1 0 0)
(-7521.96 0 0)
(-2052.06 0 0)
(-11304.6 0 0)
(-25249.2 0 0)
(-18590.2 0 0)
(-24219 0 0)
(-21968.7 0 0)
(-16203.9 0 0)
(-3322.91 0 0)
(10039.4 -0 0)
(29209.3 -0 0)
(44459.1 -0 0)
(50949 -0 0)
(44364.8 -0 0)
(26993.3 -0 0)
(7957.15 -0 0)
(-11445.7 0 0)
(-26728.8 0 0)
(-42783.4 0 0)
(-53077 0 0)
(-50131.8 0 0)
(-41334.5 0 0)
(-30426 0 0)
(-17684.1 0 0)
(-3529.82 0 0)
(9483.16 -0 0)
(20340.4 -0 0)
(31109.9 -0 0)
(41469.3 -0 0)
(49939.7 -0 0)
(46521.3 -0 0)
(44222.6 -0 0)
(50684.6 -0 0)
(57050.3 -0 0)
(62000.2 -0 0)
(66511.2 -0 0)
(68931.1 -0 0)
(67131.8 -0 0)
(67453.4 -0 0)
(67782.4 -0 0)
(66382.3 -0 0)
(62068.9 -0 0)
(42842.7 -0 0)
(29887.7 -0 0)
(-212.007 0 0)
(-4420.64 0 0)
(10107.5 -0 0)
(4980.49 -0 0)
(-7491.97 0 0)
(-4134.42 0 0)
(1025.68 -0 0)
(-14602.9 0 0)
(-31798.4 0 0)
(-29323.5 0 0)
(-12160.6 0 0)
(-25150.8 0 0)
(-11568.7 0 0)
(-10272.3 0 0)
(-18094.1 0 0)
(-16500.2 0 0)
(-26400.6 0 0)
(-15102 0 0)
(-31909.1 0 0)
(-29245.2 0 0)
(-20340.8 0 0)
(-6213.51 0 0)
(9272.63 -0 0)
(-1941.69 0 0)
(1505.5 -0 0)
(-10106.5 0 0)
(-3042.64 0 0)
(-16732.8 0 0)
(-11104.9 0 0)
(5028.64 -0 0)
(13726.2 -0 0)
(23954.4 -0 0)
(19921.4 -0 0)
(16792.8 -0 0)
(25372.7 -0 0)
(26515.9 -0 0)
(25231.5 -0 0)
(19365.7 -0 0)
(17191.2 -0 0)
(432.13 -0 0)
(496.069 -0 0)
(16515.5 -0 0)
(12481 -0 0)
(19604.9 -0 0)
(17727.7 -0 0)
(14583.7 -0 0)
(12835.3 -0 0)
(17242.2 -0 0)
(14597.2 -0 0)
(484.502 -0 0)
(-13234.9 0 0)
(-5037.88 0 0)
(-5621.86 0 0)
(-8945.1 0 0)
(-5177.23 0 0)
(-381.326 0 0)
(-5428.02 0 0)
(-2964.51 0 0)
(4662.13 -0 0)
(-5339.61 0 0)
(-11328.2 0 0)
(-1246.72 0 0)
(-7318.71 0 0)
(-5376.69 0 0)
(9493.55 -0 0)
(22108.9 -0 0)
(39344.7 -0 0)
(48255.2 -0 0)
(48246.9 -0 0)
(33104.7 -0 0)
(13120.1 -0 0)
(-4516.05 0 0)
(-23782.7 0 0)
(-36095.1 0 0)
(-38230 0 0)
(-34221.5 0 0)
(-25677.3 0 0)
(-15227.5 0 0)
(-3975.3 0 0)
(10385.9 -0 0)
(25266.4 -0 0)
(36883.1 -0 0)
(48113.6 -0 0)
(58870.9 -0 0)
(70046.2 -0 0)
(79843.4 -0 0)
(87251.8 -0 0)
(84625.1 -0 0)
(85218 -0 0)
(91742.8 -0 0)
(96055.9 -0 0)
(98450.2 -0 0)
(100151 -0 0)
(101073 -0 0)
(96400.6 -0 0)
(95090.6 -0 0)
(97432.7 -0 0)
(85712.5 -0 0)
(72885.4 -0 0)
(69747 -0 0)
(37396.9 -0 0)
(18766.8 -0 0)
(23903.8 -0 0)
(30777.6 -0 0)
(58772.9 -0 0)
(46759.6 -0 0)
(22732.9 -0 0)
(24518.7 -0 0)
(22725 -0 0)
(8562.64 -0 0)
(7782.53 -0 0)
(-9886.3 0 0)
(-2720.83 0 0)
(-9391.45 0 0)
(-4194.11 0 0)
(-7138.54 0 0)
(-15423.2 0 0)
(-10400.9 0 0)
(-21959.1 0 0)
(-32993.2 0 0)
(-20217.1 0 0)
(-6565.37 0 0)
(3771.6 -0 0)
(-14.5036 0 0)
(-523.752 0 0)
(-3136.53 0 0)
(5745.05 -0 0)
(-10374.9 0 0)
(-9471.56 0 0)
(16681.2 -0 0)
(22466 -0 0)
(30540.6 -0 0)
(31233.7 -0 0)
(32392.5 -0 0)
(32860.5 -0 0)
(32807.5 -0 0)
(34301.2 -0 0)
(40167.9 -0 0)
(34229.3 -0 0)
(26910.4 -0 0)
(14422.7 -0 0)
(18677.8 -0 0)
(24026.1 -0 0)
(25883.9 -0 0)
(17013 -0 0)
(17913.1 -0 0)
(14360.2 -0 0)
(17838.4 -0 0)
(25233.5 -0 0)
(5804.27 -0 0)
(-12314.3 0 0)
(-3470.17 0 0)
(-1720.09 0 0)
(-3267.9 0 0)
(-2374.03 0 0)
(855.111 -0 0)
(3204.45 -0 0)
(1032.66 -0 0)
(5922.44 -0 0)
(7863.09 -0 0)
(5796.16 -0 0)
(8176.63 -0 0)
(16885.3 -0 0)
(13547.6 -0 0)
(28138.2 -0 0)
(30305.1 -0 0)
(39289.6 -0 0)
(47149.4 -0 0)
(39498.6 -0 0)
(16307.6 -0 0)
(2689.02 -0 0)
(-15632.1 0 0)
(-25008 0 0)
(-25615.2 0 0)
(-22100.8 0 0)
(-14562.4 0 0)
(-3882.75 0 0)
(8450.28 -0 0)
(21928.1 -0 0)
(36563.6 -0 0)
(50371 -0 0)
(62702.1 -0 0)
(73233.5 -0 0)
(83640.8 -0 0)
(93875.6 -0 0)
(104039 -0 0)
(112593 -0 0)
(119571 -0 0)
(118454 -0 0)
(121316 -0 0)
(125998 -0 0)
(129041 -0 0)
(131293 -0 0)
(133206 -0 0)
(132724 -0 0)
(126498 -0 0)
(120199 -0 0)
(119997 -0 0)
(115440 -0 0)
(112240 -0 0)
(97101.4 -0 0)
(53594.6 -0 0)
(48064.4 -0 0)
(62208.2 -0 0)
(78436.8 -0 0)
(80794.9 -0 0)
(74047.6 -0 0)
(79726.1 -0 0)
(67692.9 -0 0)
(68516.7 -0 0)
(39895.1 -0 0)
(34653.7 -0 0)
(27347.4 -0 0)
(30962.1 -0 0)
(33222.6 -0 0)
(7233.92 -0 0)
(-28931.7 0 0)
(-37107.3 0 0)
(-39361.3 0 0)
(-31074.5 0 0)
(-20379.7 0 0)
(-11308.1 0 0)
(-8937.51 0 0)
(-1013.98 0 0)
(-8380.45 0 0)
(-425.965 0 0)
(15270.8 -0 0)
(5477.01 -0 0)
(3084.57 -0 0)
(29589.7 -0 0)
(35763.8 -0 0)
(34675.2 -0 0)
(39907.6 -0 0)
(42569.2 -0 0)
(43035.9 -0 0)
(40681.6 -0 0)
(48438.2 -0 0)
(50158.5 -0 0)
(45058.3 -0 0)
(39097 -0 0)
(37281.4 -0 0)
(31177.8 -0 0)
(30629.5 -0 0)
(30592.5 -0 0)
(20509.8 -0 0)
(15704.3 -0 0)
(13313.6 -0 0)
(28402.4 -0 0)
(33214.9 -0 0)
(17881.9 -0 0)
(-11630.8 0 0)
(-2308.63 0 0)
(1552.86 -0 0)
(293.544 -0 0)
(662.274 -0 0)
(3161.25 -0 0)
(3738.46 -0 0)
(6467.05 -0 0)
(9453.32 -0 0)
(12077.9 -0 0)
(11180 -0 0)
(19282.3 -0 0)
(26446.8 -0 0)
(32640.2 -0 0)
(33087.1 -0 0)
(37964.8 -0 0)
(38691.1 -0 0)
(36420.6 -0 0)
(30467.9 -0 0)
(10315.8 -0 0)
(-16341.2 0 0)
(-13634.3 0 0)
(-15466.5 0 0)
(-12950.5 0 0)
(-6633.76 0 0)
(4120.65 -0 0)
(17374.7 -0 0)
(30633.3 -0 0)
(43806.3 -0 0)
(58417 -0 0)
(73185.6 -0 0)
(85719 -0 0)
(96319.4 -0 0)
(107155 -0 0)
(117245 -0 0)
(126936 -0 0)
(135508 -0 0)
(142893 -0 0)
(149003 -0 0)
(150052 -0 0)
(152974 -0 0)
(156398 -0 0)
(158560 -0 0)
(159951 -0 0)
(161156 -0 0)
(160983 -0 0)
(159520 -0 0)
(161664 -0 0)
(154683 -0 0)
(161694 -0 0)
(154824 -0 0)
(122483 -0 0)
(103155 -0 0)
(162324 -0 0)
(137364 -0 0)
(116242 -0 0)
(102642 -0 0)
(116560 -0 0)
(118868 -0 0)
(120533 -0 0)
(93952.1 -0 0)
(87914.1 -0 0)
(71597.7 -0 0)
(59600.4 -0 0)
(74401.3 -0 0)
(64615.7 -0 0)
(8957.84 -0 0)
(-18505.2 0 0)
(-36470.5 0 0)
(-27286.1 0 0)
(-33308 0 0)
(-26963.5 0 0)
(-5382.49 0 0)
(3061.5 -0 0)
(4251.03 -0 0)
(3224.83 -0 0)
(29943.7 -0 0)
(37801.7 -0 0)
(29776.8 -0 0)
(43905.9 -0 0)
(47366 -0 0)
(49794.5 -0 0)
(42968.9 -0 0)
(41660 -0 0)
(43484.6 -0 0)
(44531 -0 0)
(59500 -0 0)
(64845.5 -0 0)
(59939.8 -0 0)
(52915 -0 0)
(45042.9 -0 0)
(41501.4 -0 0)
(37009.8 -0 0)
(36380 -0 0)
(27432 -0 0)
(24753.3 -0 0)
(15183.1 -0 0)
(35886.5 -0 0)
(37763.1 -0 0)
(19685.2 -0 0)
(-10163.2 0 0)
(-1108.52 0 0)
(3465.76 -0 0)
(3956.59 -0 0)
(1813.47 -0 0)
(5647.38 -0 0)
(3532.01 -0 0)
(9169.26 -0 0)
(10238 -0 0)
(16762.3 -0 0)
(16082 -0 0)
(22144.6 -0 0)
(31285.9 -0 0)
(39204.4 -0 0)
(41120.1 -0 0)
(38418.5 -0 0)
(36262.5 -0 0)
(33560 -0 0)
(17975.7 -0 0)
(10319.1 -0 0)
(-18784.7 0 0)
(-10231.6 0 0)
(-8530.41 0 0)
(-1947.11 0 0)
(7327.18 -0 0)
(20124.3 -0 0)
(33639.2 -0 0)
(47298.8 -0 0)
(62004.4 -0 0)
(77374.8 -0 0)
(92069.9 -0 0)
(105044 -0 0)
(116392 -0 0)
(127423 -0 0)
(138351 -0 0)
(148227 -0 0)
(156841 -0 0)
(164472 -0 0)
(171769 -0 0)
(178947 -0 0)
(182482 -0 0)
(184588 -0 0)
(186101 -0 0)
(187308 -0 0)
(187977 -0 0)
(189310 -0 0)
(191400 -0 0)
(199007 -0 0)
(202976 -0 0)
(203142 -0 0)
(204609 -0 0)
(219347 -0 0)
(221791 -0 0)
(200718 -0 0)
(194097 -0 0)
(160010 -0 0)
(158055 -0 0)
(163293 -0 0)
(168204 -0 0)
(170023 -0 0)
(156128 -0 0)
(139930 -0 0)
(130072 -0 0)
(105251 -0 0)
(112186 -0 0)
(106689 -0 0)
(92897.5 -0 0)
(79284.3 -0 0)
(31999.5 -0 0)
(15331.1 -0 0)
(-8798.6 0 0)
(11225.9 -0 0)
(31690.3 -0 0)
(21284.1 -0 0)
(37796.3 -0 0)
(31537.4 -0 0)
(51533.5 -0 0)
(63535.1 -0 0)
(67097.1 -0 0)
(51686 -0 0)
(54092.8 -0 0)
(58337.6 -0 0)
(45753.7 -0 0)
(42832.2 -0 0)
(42479.2 -0 0)
(45414.6 -0 0)
(66035.9 -0 0)
(72335.2 -0 0)
(74916.2 -0 0)
(66381.6 -0 0)
(58533.2 -0 0)
(53729.9 -0 0)
(35228.6 -0 0)
(41559.5 -0 0)
(36444.2 -0 0)
(31494.8 -0 0)
(27013.2 -0 0)
(43085 -0 0)
(38305.3 -0 0)
(22526.4 -0 0)
(-9077.44 0 0)
(144.112 -0 0)
(1638.83 -0 0)
(3684.96 -0 0)
(5614.87 -0 0)
(2327.7 -0 0)
(6456.59 -0 0)
(3490.25 -0 0)
(14068.5 -0 0)
(11498.5 -0 0)
(13633.5 -0 0)
(15988.6 -0 0)
(29236.8 -0 0)
(35605.1 -0 0)
(44492.5 -0 0)
(38132.9 -0 0)
(36954.1 -0 0)
(29027.6 -0 0)
(23412.5 -0 0)
(-1012.16 0 0)
(-3292.03 0 0)
(-1671.17 0 0)
(314.325 -0 0)
(9540.96 -0 0)
(19689.2 -0 0)
(33291.2 -0 0)
(47787.5 -0 0)
(62354.6 -0 0)
(77266.6 -0 0)
(92744 -0 0)
(107598 -0 0)
(120951 -0 0)
(132929 -0 0)
(144532 -0 0)
(155972 -0 0)
(166409 -0 0)
(175541 -0 0)
(183598 -0 0)
(191382 -0 0)
(199275 -0 0)
(207158 -0 0)
(213647 -0 0)
(217622 -0 0)
(220279 -0 0)
(221530 -0 0)
(223960 -0 0)
(227147 -0 0)
(231555 -0 0)
(235937 -0 0)
(239497 -0 0)
(249874 -0 0)
(270093 -0 0)
(265986 -0 0)
(233083 -0 0)
(233188 -0 0)
(226380 -0 0)
(221827 -0 0)
(197591 -0 0)
(199919 -0 0)
(194553 -0 0)
(173519 -0 0)
(158429 -0 0)
(165066 -0 0)
(143166 -0 0)
(130254 -0 0)
(139047 -0 0)
(149825 -0 0)
(157268 -0 0)
(131343 -0 0)
(107558 -0 0)
(69636.7 -0 0)
(83860.5 -0 0)
(89527.8 -0 0)
(62795.5 -0 0)
(84826.9 -0 0)
(70601.5 -0 0)
(71426.6 -0 0)
(86029.6 -0 0)
(89146.4 -0 0)
(70251.6 -0 0)
(58341.4 -0 0)
(58133.5 -0 0)
(55031.4 -0 0)
(75848.1 -0 0)
(81763.1 -0 0)
(71958.9 -0 0)
(66197.7 -0 0)
(80670.3 -0 0)
(81897.5 -0 0)
(84192 -0 0)
(73213.1 -0 0)
(61089.7 -0 0)
(45984.4 -0 0)
(46152.6 -0 0)
(44871.2 -0 0)
(35953.4 -0 0)
(40555.9 -0 0)
(53127.8 -0 0)
(38094.9 -0 0)
(34360.6 -0 0)
(-6373.83 0 0)
(-452.393 0 0)
(1814.83 -0 0)
(7644.49 -0 0)
(4554.24 -0 0)
(7387.1 -0 0)
(1050.89 -0 0)
(10565.4 -0 0)
(8317.22 -0 0)
(8273.6 -0 0)
(19698.6 -0 0)
(23042.6 -0 0)
(18198.8 -0 0)
(19485.3 -0 0)
(32483 -0 0)
(39015.2 -0 0)
(34194.8 -0 0)
(35693 -0 0)
(12563 -0 0)
(7417.2 -0 0)
(6078.32 -0 0)
(9600.89 -0 0)
(12830.4 -0 0)
(22322.2 -0 0)
(33842 -0 0)
(47157.4 -0 0)
(61317.1 -0 0)
(75995.7 -0 0)
(91189.7 -0 0)
(106626 -0 0)
(121365 -0 0)
(134796 -0 0)
(147150 -0 0)
(159066 -0 0)
(170651 -0 0)
(181360 -0 0)
(191337 -0 0)
(199907 -0 0)
(208150 -0 0)
(216514 -0 0)
(224921 -0 0)
(233078 -0 0)
(240982 -0 0)
(248865 -0 0)
(257228 -0 0)
(263825 -0 0)
(267394 -0 0)
(270185 -0 0)
(274333 -0 0)
(278897 -0 0)
(284488 -0 0)
(294829 -0 0)
(285205 -0 0)
(256717 -0 0)
(259857 -0 0)
(258938 -0 0)
(251156 -0 0)
(249422 -0 0)
(218091 -0 0)
(206815 -0 0)
(218805 -0 0)
(216370 -0 0)
(216535 -0 0)
(198224 -0 0)
(181415 -0 0)
(191202 -0 0)
(196771 -0 0)
(196290 -0 0)
(172481 -0 0)
(174056 -0 0)
(159026 -0 0)
(140413 -0 0)
(137688 -0 0)
(108545 -0 0)
(123063 -0 0)
(127489 -0 0)
(129439 -0 0)
(112140 -0 0)
(99514.6 -0 0)
(103215 -0 0)
(89655.6 -0 0)
(93114.1 -0 0)
(96543 -0 0)
(93175.2 -0 0)
(100944 -0 0)
(110575 -0 0)
(96051.8 -0 0)
(80509.7 -0 0)
(85131.3 -0 0)
(91685.3 -0 0)
(84153.8 -0 0)
(63956.4 -0 0)
(64604.1 -0 0)
(45894.2 -0 0)
(52430.7 -0 0)
(46587.3 -0 0)
(46380.4 -0 0)
(56138.1 -0 0)
(41925.5 -0 0)
(54371 -0 0)
(-3068.38 0 0)
(3814.24 -0 0)
(8547.12 -0 0)
(7272.39 -0 0)
(10385.6 -0 0)
(2926.8 -0 0)
(9735.74 -0 0)
(19037.3 -0 0)
(25722.9 -0 0)
(26501.3 -0 0)
(33287.5 -0 0)
(23570.6 -0 0)
(16179.3 -0 0)
(10483.7 -0 0)
(28106.1 -0 0)
(28451.7 -0 0)
(38059.6 -0 0)
(20798.2 -0 0)
(12371.5 -0 0)
(10164.1 -0 0)
(11867.3 -0 0)
(17672.7 -0 0)
(24601.4 -0 0)
(34729.9 -0 0)
(46571.7 -0 0)
(59706.8 -0 0)
(73779.6 -0 0)
(88552.2 -0 0)
(103874 -0 0)
(119255 -0 0)
(133865 -0 0)
(147250 -0 0)
(159717 -0 0)
(171778 -0 0)
(183450 -0 0)
(194314 -0 0)
(204165 -0 0)
(213343 -0 0)
(222115 -0 0)
(230745 -0 0)
(239426 -0 0)
(247946 -0 0)
(256373 -0 0)
(264940 -0 0)
(273848 -0 0)
(283051 -0 0)
(290015 -0 0)
(294874 -0 0)
(300259 -0 0)
(305397 -0 0)
(308227 -0 0)
(311536 -0 0)
(303409 -0 0)
(271949 -0 0)
(279668 -0 0)
(286590 -0 0)
(285968 -0 0)
(255797 -0 0)
(260720 -0 0)
(272786 -0 0)
(248992 -0 0)
(229656 -0 0)
(239740 -0 0)
(236710 -0 0)
(214659 -0 0)
(222290 -0 0)
(228431 -0 0)
(224406 -0 0)
(195304 -0 0)
(205860 -0 0)
(171353 -0 0)
(149846 -0 0)
(128245 -0 0)
(143574 -0 0)
(122434 -0 0)
(129567 -0 0)
(145629 -0 0)
(147459 -0 0)
(137615 -0 0)
(114824 -0 0)
(98257.4 -0 0)
(107686 -0 0)
(120993 -0 0)
(120113 -0 0)
(99368.1 -0 0)
(115901 -0 0)
(123821 -0 0)
(114656 -0 0)
(89575.2 -0 0)
(98180.1 -0 0)
(91526.1 -0 0)
(79395.7 -0 0)
(73673.2 -0 0)
(50493.1 -0 0)
(59299.2 -0 0)
(58378.6 -0 0)
(49150.7 -0 0)
(58250.5 -0 0)
(45392.3 -0 0)
(69311.8 -0 0)
(842.359 -0 0)
(8304 -0 0)
(15219.5 -0 0)
(15399.9 -0 0)
(5994.49 -0 0)
(11570.1 -0 0)
(17873.2 -0 0)
(28439.3 -0 0)
(35115.2 -0 0)
(27068.2 -0 0)
(39315.7 -0 0)
(30680 -0 0)
(19351.8 -0 0)
(18093.7 -0 0)
(27879 -0 0)
(21262.9 -0 0)
(35989.5 -0 0)
(6795.11 -0 0)
(557.421 -0 0)
(2678.76 -0 0)
(9133.35 -0 0)
(18362.3 -0 0)
(28411 -0 0)
(40196.6 -0 0)
(53217.5 -0 0)
(67075 -0 0)
(81710.3 -0 0)
(97025.2 -0 0)
(112853 -0 0)
(128639 -0 0)
(143574 -0 0)
(157220 -0 0)
(169887 -0 0)
(182086 -0 0)
(193835 -0 0)
(204777 -0 0)
(214698 -0 0)
(223880 -0 0)
(232829 -0 0)
(241803 -0 0)
(250927 -0 0)
(259666 -0 0)
(268312 -0 0)
(276963 -0 0)
(285681 -0 0)
(294315 -0 0)
(302630 -0 0)
(309242 -0 0)
(314986 -0 0)
(319659 -0 0)
(319935 -0 0)
(319841 -0 0)
(312282 -0 0)
(282404 -0 0)
(291157 -0 0)
(293259 -0 0)
(294978 -0 0)
(295132 -0 0)
(292505 -0 0)
(300140 -0 0)
(300523 -0 0)
(277554 -0 0)
(251881 -0 0)
(256623 -0 0)
(234725 -0 0)
(216363 -0 0)
(226387 -0 0)
(223418 -0 0)
(198554 -0 0)
(206649 -0 0)
(178982 -0 0)
(158949 -0 0)
(141416 -0 0)
(148808 -0 0)
(161666 -0 0)
(137899 -0 0)
(151491 -0 0)
(155194 -0 0)
(149215 -0 0)
(120963 -0 0)
(104018 -0 0)
(123540 -0 0)
(124117 -0 0)
(124265 -0 0)
(116101 -0 0)
(99405.1 -0 0)
(117070 -0 0)
(121043 -0 0)
(116923 -0 0)
(101332 -0 0)
(97675.2 -0 0)
(93613.6 -0 0)
(82931.6 -0 0)
(57574.7 -0 0)
(60387.3 -0 0)
(53970.4 -0 0)
(47384.2 -0 0)
(57672.5 -0 0)
(48475.2 -0 0)
(78728.5 -0 0)
(4569.04 -0 0)
(9103.78 -0 0)
(18693.8 -0 0)
(11564.7 -0 0)
(4637.28 -0 0)
(15829.1 -0 0)
(25679 -0 0)
(31753.8 -0 0)
(26695.8 -0 0)
(36291 -0 0)
(35427 -0 0)
(46564.1 -0 0)
(29667.1 -0 0)
(33900.7 -0 0)
(29457.5 -0 0)
(14077.1 -0 0)
(22555.4 -0 0)
(-12482 0 0)
(-12590.8 0 0)
(-7436.74 0 0)
(1087.03 -0 0)
(12282.1 -0 0)
(24493 -0 0)
(37949.2 -0 0)
(52273.5 -0 0)
(67132.6 -0 0)
(82598.4 -0 0)
(98686.5 -0 0)
(115295 -0 0)
(131817 -0 0)
(147611 -0 0)
(162002 -0 0)
(175360 -0 0)
(188194 -0 0)
(200565 -0 0)
(212141 -0 0)
(222590 -0 0)
(232172 -0 0)
(241395 -0 0)
(250576 -0 0)
(259719 -0 0)
(268740 -0 0)
(277676 -0 0)
(286485 -0 0)
(295103 -0 0)
(302980 -0 0)
(310174 -0 0)
(317271 -0 0)
(322610 -0 0)
(325905 -0 0)
(321244 -0 0)
(319531 -0 0)
(306051 -0 0)
(280020 -0 0)
(287150 -0 0)
(291242 -0 0)
(291455 -0 0)
(288363 -0 0)
(264639 -0 0)
(267542 -0 0)
(273123 -0 0)
(271455 -0 0)
(238318 -0 0)
(250383 -0 0)
(246417 -0 0)
(222882 -0 0)
(229059 -0 0)
(220368 -0 0)
(193424 -0 0)
(199077 -0 0)
(197855 -0 0)
(175696 -0 0)
(163020 -0 0)
(165600 -0 0)
(171472 -0 0)
(147461 -0 0)
(149878 -0 0)
(134708 -0 0)
(138103 -0 0)
(114811 -0 0)
(100997 -0 0)
(113811 -0 0)
(120077 -0 0)
(128491 -0 0)
(139322 -0 0)
(123324 -0 0)
(104337 -0 0)
(113825 -0 0)
(121903 -0 0)
(124574 -0 0)
(111806 -0 0)
(99725.8 -0 0)
(86630.8 -0 0)
(61740.5 -0 0)
(55064.8 -0 0)
(37917.2 -0 0)
(41319.4 -0 0)
(49958.4 -0 0)
(54608.2 -0 0)
(86241.5 -0 0)
(5830.03 -0 0)
(14502.6 -0 0)
(13099.7 -0 0)
(10945.7 -0 0)
(16729.2 -0 0)
(23941.2 -0 0)
(29223.8 -0 0)
(20849.8 -0 0)
(31950.5 -0 0)
(28448 -0 0)
(46627.4 -0 0)
(44659.3 -0 0)
(35961.3 -0 0)
(48963.3 -0 0)
(43321.5 -0 0)
(20416.5 -0 0)
(17048.1 -0 0)
(-16614.4 0 0)
(-14794.3 0 0)
(-11464 0 0)
(-3899.04 0 0)
(6722.71 -0 0)
(18913.9 -0 0)
(32790.8 -0 0)
(47365.8 -0 0)
(62481.7 -0 0)
(77959.9 -0 0)
(94062.5 -0 0)
(110978 -0 0)
(127943 -0 0)
(144302 -0 0)
(159321 -0 0)
(173005 -0 0)
(185953 -0 0)
(198383 -0 0)
(210051 -0 0)
(220492 -0 0)
(230001 -0 0)
(239075 -0 0)
(248049 -0 0)
(257003 -0 0)
(265862 -0 0)
(274602 -0 0)
(283128 -0 0)
(291218 -0 0)
(298667 -0 0)
(304985 -0 0)
(310754 -0 0)
(314099 -0 0)
(314429 -0 0)
(284704 -0 0)
(283776 -0 0)
(274237 -0 0)
(268541 -0 0)
(250953 -0 0)
(256818 -0 0)
(262526 -0 0)
(262421 -0 0)
(235418 -0 0)
(213108 -0 0)
(221766 -0 0)
(223254 -0 0)
(201837 -0 0)
(208453 -0 0)
(190922 -0 0)
(175559 -0 0)
(187152 -0 0)
(183304 -0 0)
(158679 -0 0)
(167697 -0 0)
(145544 -0 0)
(130558 -0 0)
(141880 -0 0)
(149925 -0 0)
(153717 -0 0)
(128229 -0 0)
(126245 -0 0)
(129929 -0 0)
(126080 -0 0)
(127292 -0 0)
(111439 -0 0)
(97966.3 -0 0)
(105623 -0 0)
(117662 -0 0)
(123724 -0 0)
(126535 -0 0)
(106324 -0 0)
(116113 -0 0)
(117051 -0 0)
(121567 -0 0)
(105273 -0 0)
(90702.4 -0 0)
(79507 -0 0)
(62554.1 -0 0)
(59803.8 -0 0)
(46498.9 -0 0)
(33357.1 -0 0)
(42716.5 -0 0)
(64518.8 -0 0)
(93952 -0 0)
(10392.9 -0 0)
(13023.9 -0 0)
(12447 -0 0)
(23343 -0 0)
(25761.8 -0 0)
(18970 -0 0)
(26818.3 -0 0)
(19617.4 -0 0)
(19883.7 -0 0)
(38595 -0 0)
(46399.6 -0 0)
(45872.3 -0 0)
(43686.7 -0 0)
(61820.9 -0 0)
(61056 -0 0)
(35045.8 -0 0)
(23628.3 -0 0)
(-9725.22 0 0)
(-10624.4 0 0)
(-10731.6 0 0)
(-6488.48 0 0)
(1009.72 -0 0)
(10250.8 -0 0)
(21410.9 -0 0)
(33842.7 -0 0)
(47085.8 -0 0)
(61319.7 -0 0)
(76491.8 -0 0)
(92237.7 -0 0)
(108919 -0 0)
(126046 -0 0)
(141588 -0 0)
(155707 -0 0)
(168835 -0 0)
(181380 -0 0)
(193133 -0 0)
(203670 -0 0)
(212982 -0 0)
(221635 -0 0)
(230273 -0 0)
(238844 -0 0)
(247118 -0 0)
(255406 -0 0)
(263499 -0 0)
(270742 -0 0)
(276537 -0 0)
(281748 -0 0)
(284310 -0 0)
(285365 -0 0)
(288039 -0 0)
(273892 -0 0)
(228429 -0 0)
(229607 -0 0)
(209006 -0 0)
(213251 -0 0)
(191029 -0 0)
(197972 -0 0)
(199577 -0 0)
(176861 -0 0)
(180373 -0 0)
(179087 -0 0)
(178326 -0 0)
(172641 -0 0)
(176664 -0 0)
(177758 -0 0)
(150664 -0 0)
(158734 -0 0)
(148655 -0 0)
(145330 -0 0)
(147090 -0 0)
(120288 -0 0)
(110696 -0 0)
(96588 -0 0)
(103140 -0 0)
(111947 -0 0)
(118991 -0 0)
(96288 -0 0)
(98300.8 -0 0)
(100342 -0 0)
(82780.6 -0 0)
(102392 -0 0)
(107974 -0 0)
(80851.1 -0 0)
(91204.2 -0 0)
(97444.7 -0 0)
(94321.7 -0 0)
(79978.9 -0 0)
(95224.3 -0 0)
(94057.8 -0 0)
(89436.3 -0 0)
(77427.8 -0 0)
(76647.2 -0 0)
(67007.9 -0 0)
(50791.6 -0 0)
(48938.6 -0 0)
(31944.1 -0 0)
(32659.1 -0 0)
(35284.3 -0 0)
(69932 -0 0)
(94869.2 -0 0)
(10161.1 -0 0)
(16138.4 -0 0)
(19816.4 -0 0)
(26089.9 -0 0)
(21307 -0 0)
(24002.4 -0 0)
(13301.7 -0 0)
(9285.18 -0 0)
(26085 -0 0)
(43481.9 -0 0)
(42627 -0 0)
(51760.8 -0 0)
(69242.4 -0 0)
(82344.9 -0 0)
(80851.3 -0 0)
(52660.1 -0 0)
(37289.9 -0 0)
(728.673 -0 0)
(-5874.07 0 0)
(-12631.1 0 0)
(-14236.4 0 0)
(-12109.9 0 0)
(-8274.54 0 0)
(-2806.11 0 0)
(4621.04 -0 0)
(13612.8 -0 0)
(23824.4 -0 0)
(34850.7 -0 0)
(46301.2 -0 0)
(57296.4 -0 0)
(68468.7 -0 0)
(80529.9 -0 0)
(91672.7 -0 0)
(102770 -0 0)
(114147 -0 0)
(125459 -0 0)
(135902 -0 0)
(145348 -0 0)
(154228 -0 0)
(162710 -0 0)
(171209 -0 0)
(179890 -0 0)
(188671 -0 0)
(197552 -0 0)
(206134 -0 0)
(212417 -0 0)
(216552 -0 0)
(217024 -0 0)
(212593 -0 0)
(209168 -0 0)
(190936 -0 0)
(155418 -0 0)
(154782 -0 0)
(150690 -0 0)
(136548 -0 0)
(135949 -0 0)
(122255 -0 0)
(121991 -0 0)
(100279 -0 0)
(103389 -0 0)
(103474 -0 0)
(101382 -0 0)
(101058 -0 0)
(90933.2 -0 0)
(85269 -0 0)
(74619.3 -0 0)
(83478.1 -0 0)
(76519.4 -0 0)
(77704.4 -0 0)
(81416.8 -0 0)
(88622.7 -0 0)
(79941.5 -0 0)
(86206.3 -0 0)
(59769.8 -0 0)
(65977.8 -0 0)
(72784.2 -0 0)
(52340 -0 0)
(61655.1 -0 0)
(58451.2 -0 0)
(42030.1 -0 0)
(39568.6 -0 0)
(36333.6 -0 0)
(47002.9 -0 0)
(55412.1 -0 0)
(60144.5 -0 0)
(56818.5 -0 0)
(51312.1 -0 0)
(43841.1 -0 0)
(48136.2 -0 0)
(49178.4 -0 0)
(44361.7 -0 0)
(47127.9 -0 0)
(45560.7 -0 0)
(27701.9 -0 0)
(35906.9 -0 0)
(34287.6 -0 0)
(25992.4 -0 0)
(34679 -0 0)
(64891.2 -0 0)
(97449.1 -0 0)
(4504.9 -0 0)
(9018.32 -0 0)
(10979.1 -0 0)
(13621.3 -0 0)
(13799.5 -0 0)
(8583.21 -0 0)
(9154.87 -0 0)
(10371 -0 0)
(16638 -0 0)
(25176.1 -0 0)
(25152.7 -0 0)
(42556.1 -0 0)
(58547.9 -0 0)
(67499.1 -0 0)
(52806.5 -0 0)
(50787.8 -0 0)
(36337.1 -0 0)
(2933.75 -0 0)
(-6136 0 0)
(-18156.1 0 0)
(-25261.9 0 0)
(-28640.7 0 0)
(-30764 0 0)
(-31006.5 0 0)
(-29558.3 0 0)
(-26779.8 0 0)
(-22895.1 0 0)
(-18328.4 0 0)
(-13471.3 0 0)
(-9420.82 0 0)
(-6836.95 0 0)
(-6113.1 0 0)
(-4059.5 0 0)
(-1128.51 0 0)
(2494.37 -0 0)
(6328.7 -0 0)
(9796.09 -0 0)
(12564.7 -0 0)
(14972.1 -0 0)
(17789.2 -0 0)
(21443 -0 0)
(26365.8 -0 0)
(33152 -0 0)
(41277.2 -0 0)
(49829.7 -0 0)
(58342.9 -0 0)
(64674.3 -0 0)
(67050.1 -0 0)
(61762.4 -0 0)
(56667.2 -0 0)
(57789.6 -0 0)
(59821.9 -0 0)
(52079.1 -0 0)
(55377 -0 0)
(38034.1 -0 0)
(35968.3 -0 0)
(25934.6 -0 0)
(9598 -0 0)
(7559.54 -0 0)
(16442.7 -0 0)
(11244.5 -0 0)
(11633.3 -0 0)
(16427.1 -0 0)
(9528.27 -0 0)
(17198.9 -0 0)
(18245.4 -0 0)
(19337.7 -0 0)
(13150.7 -0 0)
(13249.4 -0 0)
(21859.8 -0 0)
(23462.3 -0 0)
(33434.8 -0 0)
(27298.7 -0 0)
(23768.8 -0 0)
(16507 -0 0)
(18933.3 -0 0)
(6978.28 -0 0)
(10955.2 -0 0)
(7152.45 -0 0)
(13139.5 -0 0)
(13990.6 -0 0)
(9102.8 -0 0)
(18482.2 -0 0)
(16424.8 -0 0)
(19061.9 -0 0)
(27008.4 -0 0)
(34546 -0 0)
(35521 -0 0)
(15673.7 -0 0)
(18633 -0 0)
(16629.6 -0 0)
(9029.75 -0 0)
(15547.7 -0 0)
(7204.68 -0 0)
(10578.2 -0 0)
(14229.8 -0 0)
(4701.9 -0 0)
(12942.4 -0 0)
(41005.5 -0 0)
(72770.7 -0 0)
)
;

boundaryField
{
    inlet
    {
        type            calculated;
        value           nonuniform List<vector> 
40
(
(2775.63 -0 0)
(5638.38 -0 0)
(4217.46 -0 0)
(-1884.21 0 0)
(-4206.59 0 0)
(-4486 0 0)
(-6480.25 0 0)
(-8452.93 0 0)
(-9819.93 0 0)
(-9860.48 0 0)
(-10134 0 0)
(-9603.93 0 0)
(-8127.4 0 0)
(-6794.18 0 0)
(-7453.47 0 0)
(-9153.41 0 0)
(-7428.22 0 0)
(-4137.36 0 0)
(-4293.94 0 0)
(-12667.9 0 0)
(-16040.1 0 0)
(-16319.5 0 0)
(-18787.7 0 0)
(-19725.2 0 0)
(-16316.4 0 0)
(-16273.2 0 0)
(-15375.3 0 0)
(-13234.9 0 0)
(-12314.3 0 0)
(-11630.8 0 0)
(-10163.2 0 0)
(-9077.44 0 0)
(-6373.83 0 0)
(-3068.38 0 0)
(842.359 -0 0)
(4569.04 -0 0)
(5830.03 -0 0)
(10392.9 -0 0)
(10161.1 -0 0)
(4504.9 -0 0)
)
;
    }
    outlet
    {
        type            calculated;
        value           nonuniform List<vector> 
40
(
(-40926.8 0 0)
(-72026.6 0 0)
(-64407.7 0 0)
(-83625.7 0 0)
(-88983.6 0 0)
(-88107.1 0 0)
(-85728.6 0 0)
(-38907.5 0 0)
(-2436.3 0 0)
(28160 -0 0)
(36634.1 -0 0)
(59037.4 -0 0)
(58122.8 -0 0)
(57418.2 -0 0)
(44627.1 -0 0)
(14822.3 -0 0)
(-18950.3 0 0)
(-49451.9 0 0)
(-70711.5 0 0)
(-72743 0 0)
(-75203.9 0 0)
(-64541.4 0 0)
(-43321.3 0 0)
(-28148.4 0 0)
(-18537.5 0 0)
(-12366.3 0 0)
(484.502 -0 0)
(5804.27 -0 0)
(17881.9 -0 0)
(19685.2 -0 0)
(22526.4 -0 0)
(34360.6 -0 0)
(54371 -0 0)
(69311.8 -0 0)
(78728.5 -0 0)
(86241.5 -0 0)
(93952 -0 0)
(94869.2 -0 0)
(97449.1 -0 0)
(72770.7 -0 0)
)
;
    }
    lowerWall
    {
        type            calculated;
        value           nonuniform List<vector> 
100
(
(2775.63 -0 0)
(3587.78 -0 0)
(713.967 -0 0)
(-1243.77 0 0)
(-3807.19 0 0)
(-7094.92 0 0)
(-7174.28 0 0)
(-3759.35 0 0)
(-3581.46 0 0)
(-10770.1 0 0)
(-9687.62 0 0)
(-8186.79 0 0)
(-11131.5 0 0)
(-12699.7 0 0)
(-13452.6 0 0)
(-14137.3 0 0)
(-14178.6 0 0)
(-17569.9 0 0)
(-17991.8 0 0)
(-19219.2 0 0)
(-23767.6 0 0)
(-31608 0 0)
(-34325.7 0 0)
(-36065.8 0 0)
(-37210.8 0 0)
(-39090.9 0 0)
(-43694.8 0 0)
(-47373.2 0 0)
(-54112.3 0 0)
(-52764.5 0 0)
(-49442.3 0 0)
(-48031.8 0 0)
(-54956.7 0 0)
(-55857.7 0 0)
(-58641.9 0 0)
(-68614.5 0 0)
(-74178.4 0 0)
(-77625.8 0 0)
(-86035 0 0)
(-87177 0 0)
(-85272.3 0 0)
(-86989 0 0)
(-91613.2 0 0)
(-100759 0 0)
(-98798.5 0 0)
(-107074 0 0)
(-94800.3 0 0)
(-91686.2 0 0)
(-94221.3 0 0)
(-80178.1 0 0)
(-64941.2 0 0)
(-66845.7 0 0)
(-53693.4 0 0)
(-58373 0 0)
(-44241.8 0 0)
(-46444.6 0 0)
(-38951.8 0 0)
(-41779.4 0 0)
(-46476.5 0 0)
(-43311.9 0 0)
(-45363.5 0 0)
(-39278.8 0 0)
(-34532.5 0 0)
(-31991.1 0 0)
(-33253.8 0 0)
(-26750.5 0 0)
(-28694.2 0 0)
(-22922.8 0 0)
(-21186.9 0 0)
(-17162.9 0 0)
(-13005.1 0 0)
(-11810 0 0)
(-10371.8 0 0)
(-6822.45 0 0)
(-9755.39 0 0)
(-12598.5 0 0)
(-10792.6 0 0)
(-10075 0 0)
(-7869.4 0 0)
(-17488.3 0 0)
(-11620.8 0 0)
(-16808.9 0 0)
(-12324.3 0 0)
(-9571.55 0 0)
(-16056.8 0 0)
(-7900.1 0 0)
(-3576.27 0 0)
(-12289.9 0 0)
(-3407.05 0 0)
(-9322.34 0 0)
(-1446.3 0 0)
(-8970.4 0 0)
(1588.21 -0 0)
(-4258.85 0 0)
(-9087.14 0 0)
(321.442 -0 0)
(1418.32 -0 0)
(-3270.06 0 0)
(-16180.4 0 0)
(-40926.8 0 0)
)
;
    }
    upperWall
    {
        type            calculated;
        value           nonuniform List<vector> 
100
(
(4504.9 -0 0)
(9018.32 -0 0)
(10979.1 -0 0)
(13621.3 -0 0)
(13799.5 -0 0)
(8583.21 -0 0)
(9154.87 -0 0)
(10371 -0 0)
(16638 -0 0)
(25176.1 -0 0)
(25152.7 -0 0)
(42556.1 -0 0)
(58547.9 -0 0)
(67499.1 -0 0)
(52806.5 -0 0)
(50787.8 -0 0)
(36337.1 -0 0)
(2933.75 -0 0)
(-6136 0 0)
(-18156.1 0 0)
(-25261.9 0 0)
(-28640.7 0 0)
(-30764 0 0)
(-31006.5 0 0)
(-29558.3 0 0)
(-26779.8 0 0)
(-22895.1 0 0)
(-18328.4 0 0)
(-13471.3 0 0)
(-9420.82 0 0)
(-6836.95 0 0)
(-6113.1 0 0)
(-4059.5 0 0)
(-1128.51 0 0)
(2494.37 -0 0)
(6328.7 -0 0)
(9796.09 -0 0)
(12564.7 -0 0)
(14972.1 -0 0)
(17789.2 -0 0)
(21443 -0 0)
(26365.8 -0 0)
(33152 -0 0)
(41277.2 -0 0)
(49829.7 -0 0)
(58342.9 -0 0)
(64674.3 -0 0)
(67050.1 -0 0)
(61762.4 -0 0)
(56667.2 -0 0)
(57789.6 -0 0)
(59821.9 -0 0)
(52079.1 -0 0)
(55377 -0 0)
(38034.1 -0 0)
(35968.3 -0 0)
(25934.6 -0 0)
(9598 -0 0)
(7559.54 -0 0)
(16442.7 -0 0)
(11244.5 -0 0)
(11633.3 -0 0)
(16427.1 -0 0)
(9528.27 -0 0)
(17198.9 -0 0)
(18245.4 -0 0)
(19337.7 -0 0)
(13150.7 -0 0)
(13249.4 -0 0)
(21859.8 -0 0)
(23462.3 -0 0)
(33434.8 -0 0)
(27298.7 -0 0)
(23768.8 -0 0)
(16507 -0 0)
(18933.3 -0 0)
(6978.28 -0 0)
(10955.2 -0 0)
(7152.45 -0 0)
(13139.5 -0 0)
(13990.6 -0 0)
(9102.8 -0 0)
(18482.2 -0 0)
(16424.8 -0 0)
(19061.9 -0 0)
(27008.4 -0 0)
(34546 -0 0)
(35521 -0 0)
(15673.7 -0 0)
(18633 -0 0)
(16629.6 -0 0)
(9029.75 -0 0)
(15547.7 -0 0)
(7204.68 -0 0)
(10578.2 -0 0)
(14229.8 -0 0)
(4701.9 -0 0)
(12942.4 -0 0)
(41005.5 -0 0)
(72770.7 -0 0)
)
;
    }
    frontAndBack
    {
        type            empty;
    }
}


// ************************************************************************* //
