/*--------------------------------*- C++ -*----------------------------------*\
| =========                 |                                                 |
| \\      /  F ield         | foam-extend: Open Source CFD                    |
|  \\    /   O peration     | Version:     5.0                                |
|   \\  /    A nd           | Web:         http://www.foam-extend.org         |
|    \\/     M anipulation  |                                                 |
\*---------------------------------------------------------------------------*/
FoamFile
{
    version     2.0;
    format      ascii;
    class       volVectorField;
    location    "0.065";
    object      currentDensity;
}
// * * * * * * * * * * * * * * * * * * * * * * * * * * * * * * * * * * * * * //

dimensions      [0 -2 0 0 0 1 0];

internalField   nonuniform List<vector> 
4000
(
(0 0 -138.782)
(0 0 -179.389)
(0 0 -35.6984)
(0 0 62.1886)
(0 0 190.36)
(0 0 354.746)
(0 0 358.714)
(0 0 187.967)
(0 0 179.073)
(0 0 538.507)
(0 0 484.381)
(0 0 409.339)
(0 0 556.576)
(0 0 634.983)
(0 0 672.631)
(0 0 706.865)
(0 0 708.932)
(0 0 878.495)
(0 0 899.592)
(0 0 960.958)
(0 0 1188.38)
(0 0 1580.4)
(0 0 1716.29)
(0 0 1803.29)
(0 0 1860.54)
(0 0 1954.54)
(0 0 2184.74)
(0 0 2368.66)
(0 0 2705.61)
(0 0 2638.22)
(0 0 2472.11)
(0 0 2401.59)
(0 0 2747.83)
(0 0 2792.89)
(0 0 2932.1)
(0 0 3430.73)
(0 0 3708.92)
(0 0 3881.29)
(0 0 4301.75)
(0 0 4358.85)
(0 0 4263.62)
(0 0 4349.45)
(0 0 4580.66)
(0 0 5037.94)
(0 0 4939.93)
(0 0 5353.7)
(0 0 4740.02)
(0 0 4584.31)
(0 0 4711.06)
(0 0 4008.91)
(0 0 3247.06)
(0 0 3342.28)
(0 0 2684.67)
(0 0 2918.65)
(0 0 2212.09)
(0 0 2322.23)
(0 0 1947.59)
(0 0 2088.97)
(0 0 2323.82)
(0 0 2165.6)
(0 0 2268.18)
(0 0 1963.94)
(0 0 1726.62)
(0 0 1599.55)
(0 0 1662.69)
(0 0 1337.53)
(0 0 1434.71)
(0 0 1146.14)
(0 0 1059.35)
(0 0 858.147)
(0 0 650.257)
(0 0 590.502)
(0 0 518.588)
(0 0 341.122)
(0 0 487.769)
(0 0 629.923)
(0 0 539.629)
(0 0 503.749)
(0 0 393.47)
(0 0 874.413)
(0 0 581.041)
(0 0 840.444)
(0 0 616.214)
(0 0 478.578)
(0 0 802.839)
(0 0 395.005)
(0 0 178.813)
(0 0 614.496)
(0 0 170.353)
(0 0 466.117)
(0 0 72.3149)
(0 0 448.52)
(0 0 -79.4103)
(0 0 212.942)
(0 0 454.357)
(0 0 -16.0721)
(0 0 -70.916)
(0 0 163.503)
(0 0 809.02)
(0 0 2046.34)
(0 0 -281.919)
(0 0 -352.654)
(0 0 -128.847)
(0 0 -93.5582)
(0 0 125.038)
(0 0 730.947)
(0 0 1046.05)
(0 0 414.846)
(0 0 243.49)
(0 0 908.789)
(0 0 753.04)
(0 0 681.18)
(0 0 1276.8)
(0 0 1047.68)
(0 0 1074.4)
(0 0 1110.04)
(0 0 1099.6)
(0 0 1712.62)
(0 0 1482.73)
(0 0 1433.12)
(0 0 2088.67)
(0 0 2073.17)
(0 0 2308.98)
(0 0 2773.34)
(0 0 3508.46)
(0 0 3855.58)
(0 0 3998.41)
(0 0 4152.06)
(0 0 4721.43)
(0 0 4734.12)
(0 0 4223.11)
(0 0 4481.16)
(0 0 4899.07)
(0 0 4990.26)
(0 0 5276.07)
(0 0 6394.6)
(0 0 6996.89)
(0 0 7447.52)
(0 0 7830.83)
(0 0 8265.51)
(0 0 8286.73)
(0 0 8350.43)
(0 0 8597.35)
(0 0 8298.23)
(0 0 8854.34)
(0 0 8822.37)
(0 0 7480.03)
(0 0 7912.65)
(0 0 6852.32)
(0 0 7055.76)
(0 0 5981.93)
(0 0 6198.23)
(0 0 5072.4)
(0 0 5356.5)
(0 0 4357.76)
(0 0 4541.41)
(0 0 3747.94)
(0 0 4265.98)
(0 0 3761.56)
(0 0 4419.7)
(0 0 3760.54)
(0 0 4208.28)
(0 0 3412.26)
(0 0 3127.05)
(0 0 3480.23)
(0 0 2594.76)
(0 0 2894.25)
(0 0 2289.96)
(0 0 1988.06)
(0 0 1876.72)
(0 0 1228.01)
(0 0 1254.04)
(0 0 1142.43)
(0 0 752)
(0 0 970.049)
(0 0 927.519)
(0 0 920.613)
(0 0 1386.34)
(0 0 928.345)
(0 0 1558.64)
(0 0 1007.36)
(0 0 1307.09)
(0 0 1500.51)
(0 0 944.009)
(0 0 1349.36)
(0 0 888.002)
(0 0 402.092)
(0 0 1148.04)
(0 0 683.49)
(0 0 485.519)
(0 0 114.479)
(0 0 774.521)
(0 0 225.115)
(0 0 907.753)
(0 0 1262.94)
(0 0 457.19)
(0 0 1121.32)
(0 0 1113.19)
(0 0 2348.47)
(0 0 3601.33)
(0 0 -210.873)
(0 0 -278.891)
(0 0 -185.102)
(0 0 -274.373)
(0 0 227.802)
(0 0 58.0656)
(0 0 709.007)
(0 0 227.05)
(0 0 50.8419)
(0 0 125.222)
(0 0 93.0611)
(0 0 760.857)
(0 0 1031.41)
(0 0 606.092)
(0 0 661.832)
(0 0 771.619)
(0 0 331.414)
(0 0 698.545)
(0 0 1348.24)
(0 0 1005.98)
(0 0 807.456)
(0 0 997.981)
(0 0 1311.8)
(0 0 1677.05)
(0 0 2818.15)
(0 0 3412.32)
(0 0 3649.68)
(0 0 4115.14)
(0 0 4456.92)
(0 0 4286.59)
(0 0 3937.04)
(0 0 4487.13)
(0 0 4386.33)
(0 0 4956.2)
(0 0 5020.92)
(0 0 6116.44)
(0 0 6811.94)
(0 0 7836.09)
(0 0 8713.22)
(0 0 8751.68)
(0 0 8871.07)
(0 0 8347.23)
(0 0 8823.6)
(0 0 8821.79)
(0 0 9168.53)
(0 0 8226.78)
(0 0 7637.96)
(0 0 8135.59)
(0 0 7737.71)
(0 0 7023.68)
(0 0 7324.04)
(0 0 7394.35)
(0 0 6108.78)
(0 0 5389.79)
(0 0 5660.75)
(0 0 4854.93)
(0 0 4217.81)
(0 0 4913.14)
(0 0 4342.16)
(0 0 4983.34)
(0 0 4337.55)
(0 0 4819.93)
(0 0 4066.88)
(0 0 4434.53)
(0 0 3737.32)
(0 0 2814.53)
(0 0 3253.49)
(0 0 2588.39)
(0 0 2397.45)
(0 0 1755.95)
(0 0 1593.85)
(0 0 940.564)
(0 0 716.994)
(0 0 1294.22)
(0 0 1831.77)
(0 0 1291.6)
(0 0 1942.3)
(0 0 1284.27)
(0 0 1704.92)
(0 0 1213.56)
(0 0 927.122)
(0 0 1517.81)
(0 0 857.058)
(0 0 1476.19)
(0 0 973.923)
(0 0 1617.72)
(0 0 988.307)
(0 0 1295.6)
(0 0 1781.4)
(0 0 2005.62)
(0 0 1134.65)
(0 0 603.522)
(0 0 1371.62)
(0 0 1569)
(0 0 1091.38)
(0 0 836.568)
(0 0 1380.99)
(0 0 2369.21)
(0 0 2579.03)
(0 0 3220.38)
(0 0 94.2104)
(0 0 150.86)
(0 0 29.8594)
(0 0 -249.227)
(0 0 -244.108)
(0 0 202.782)
(0 0 -21.3341)
(0 0 520.055)
(0 0 140.839)
(0 0 -83.4917)
(0 0 -199.42)
(0 0 610.071)
(0 0 173.429)
(0 0 200.63)
(0 0 909.868)
(0 0 827.117)
(0 0 382.747)
(0 0 286.257)
(0 0 1094.31)
(0 0 1439.64)
(0 0 896.353)
(0 0 705.175)
(0 0 907.889)
(0 0 1154.32)
(0 0 2292.42)
(0 0 2438.77)
(0 0 2882.92)
(0 0 3367.05)
(0 0 3625.5)
(0 0 3848.65)
(0 0 3834.91)
(0 0 4261.62)
(0 0 4459.49)
(0 0 4869.71)
(0 0 5082.41)
(0 0 6009.1)
(0 0 6847.34)
(0 0 7363.66)
(0 0 8203.45)
(0 0 8724.58)
(0 0 9580.55)
(0 0 9580.17)
(0 0 9559.02)
(0 0 8929.59)
(0 0 9222.95)
(0 0 8503.62)
(0 0 9005.6)
(0 0 8059.92)
(0 0 8443.77)
(0 0 8507.08)
(0 0 8415.43)
(0 0 8307.54)
(0 0 6893.85)
(0 0 6852.96)
(0 0 6807.75)
(0 0 5491.37)
(0 0 5644.12)
(0 0 5781.33)
(0 0 4994.77)
(0 0 5522.49)
(0 0 5767.98)
(0 0 4768.31)
(0 0 5056.57)
(0 0 5224.15)
(0 0 4095.72)
(0 0 3142.27)
(0 0 3450.25)
(0 0 2819.38)
(0 0 2234.66)
(0 0 2336.7)
(0 0 1705.62)
(0 0 1139.3)
(0 0 1443.79)
(0 0 1300.43)
(0 0 1152.4)
(0 0 966.507)
(0 0 1883.4)
(0 0 1602.23)
(0 0 1351.51)
(0 0 1047.07)
(0 0 1751.51)
(0 0 1102.74)
(0 0 724.259)
(0 0 881.936)
(0 0 1581.55)
(0 0 1195.25)
(0 0 1871.34)
(0 0 1396.29)
(0 0 1440.98)
(0 0 1175.87)
(0 0 1816.22)
(0 0 1199.54)
(0 0 1814.83)
(0 0 1283.42)
(0 0 1669.31)
(0 0 2273.19)
(0 0 2659.61)
(0 0 2324.27)
(0 0 2460.04)
(0 0 4181.29)
(0 0 210.33)
(0 0 144.503)
(0 0 446.964)
(0 0 21.662)
(0 0 -156.058)
(0 0 -347.171)
(0 0 198.404)
(0 0 653.735)
(0 0 908.644)
(0 0 260.857)
(0 0 -44.4861)
(0 0 503.672)
(0 0 98.8755)
(0 0 693.793)
(0 0 775.863)
(0 0 685.844)
(0 0 1238.74)
(0 0 645.663)
(0 0 1226.34)
(0 0 844.31)
(0 0 1542.8)
(0 0 1038.79)
(0 0 1023.95)
(0 0 1439.36)
(0 0 2340.32)
(0 0 2201.91)
(0 0 2684.97)
(0 0 2839.18)
(0 0 2656.02)
(0 0 2519.48)
(0 0 3374.42)
(0 0 3700.26)
(0 0 4280.45)
(0 0 4605.11)
(0 0 4883.09)
(0 0 5743.11)
(0 0 6199.33)
(0 0 7225.2)
(0 0 8024.79)
(0 0 8324.57)
(0 0 9065.6)
(0 0 9807.83)
(0 0 10133.4)
(0 0 9962.01)
(0 0 9200.52)
(0 0 9123.98)
(0 0 9546.82)
(0 0 8834.83)
(0 0 8093.8)
(0 0 8745.92)
(0 0 8590.99)
(0 0 7626.84)
(0 0 7779.14)
(0 0 6765.32)
(0 0 7031.52)
(0 0 6695.9)
(0 0 6171.54)
(0 0 5431.26)
(0 0 5807.32)
(0 0 5240.03)
(0 0 5691.31)
(0 0 5569.79)
(0 0 5652.23)
(0 0 4852.1)
(0 0 3911.05)
(0 0 3933.09)
(0 0 3118.12)
(0 0 3428.89)
(0 0 2544.03)
(0 0 2594.32)
(0 0 2617.78)
(0 0 1784.16)
(0 0 1452.22)
(0 0 2016.99)
(0 0 1613.41)
(0 0 1199.84)
(0 0 1658.64)
(0 0 2255.13)
(0 0 1689.02)
(0 0 2110.24)
(0 0 1736.35)
(0 0 1191.67)
(0 0 1745.75)
(0 0 2066.42)
(0 0 1521.87)
(0 0 2301.84)
(0 0 1686.76)
(0 0 2286.89)
(0 0 1636.38)
(0 0 2266.69)
(0 0 1611.65)
(0 0 2250.2)
(0 0 1558.39)
(0 0 2068.21)
(0 0 1500.15)
(0 0 2278.77)
(0 0 2057.13)
(0 0 2077.55)
(0 0 2548.11)
(0 0 4449.18)
(0 0 224.3)
(0 0 -19.4771)
(0 0 242.611)
(0 0 299.707)
(0 0 91.1424)
(0 0 -240.706)
(0 0 -438.569)
(0 0 218.018)
(0 0 799.178)
(0 0 313.277)
(0 0 43.5185)
(0 0 219.212)
(0 0 699.796)
(0 0 412.862)
(0 0 1215.98)
(0 0 1570.37)
(0 0 1930.26)
(0 0 1066.81)
(0 0 1040.33)
(0 0 816.562)
(0 0 1715.6)
(0 0 1314.27)
(0 0 1616.28)
(0 0 2105.24)
(0 0 2190.21)
(0 0 2259.72)
(0 0 2543.15)
(0 0 1954.47)
(0 0 1556.06)
(0 0 1208.68)
(0 0 1976.98)
(0 0 2155.09)
(0 0 3174)
(0 0 4326.54)
(0 0 4694.55)
(0 0 4865.4)
(0 0 6033.73)
(0 0 6702.96)
(0 0 7288.34)
(0 0 7517.68)
(0 0 8621.29)
(0 0 9527.93)
(0 0 9694.59)
(0 0 9849.52)
(0 0 10054.9)
(0 0 10130.7)
(0 0 9364)
(0 0 10118.1)
(0 0 8947.21)
(0 0 9440.85)
(0 0 8241.59)
(0 0 8139.33)
(0 0 8236.88)
(0 0 7011.01)
(0 0 7188.2)
(0 0 7157.3)
(0 0 5907.9)
(0 0 6257.73)
(0 0 5330.53)
(0 0 5883.6)
(0 0 5118.56)
(0 0 5420.08)
(0 0 4874.48)
(0 0 4283.23)
(0 0 3647.8)
(0 0 4117.59)
(0 0 3360.12)
(0 0 2841.33)
(0 0 3052.86)
(0 0 2206.27)
(0 0 2430.03)
(0 0 2271.32)
(0 0 2287.85)
(0 0 1762.16)
(0 0 2127.74)
(0 0 1648.59)
(0 0 2202.75)
(0 0 2448.04)
(0 0 2919.25)
(0 0 2121.55)
(0 0 1534.09)
(0 0 2140.83)
(0 0 1763)
(0 0 1465.79)
(0 0 2232.09)
(0 0 2739.06)
(0 0 2248.01)
(0 0 1755.19)
(0 0 2453.93)
(0 0 2926.95)
(0 0 2069.59)
(0 0 2698.47)
(0 0 1969.66)
(0 0 1502.26)
(0 0 2193.13)
(0 0 1778.19)
(0 0 2346.63)
(0 0 2189.46)
(0 0 3434.49)
(0 0 4405.35)
(0 0 324.012)
(0 0 -175.693)
(0 0 -150.55)
(0 0 -130.837)
(0 0 337.329)
(0 0 96.373)
(0 0 -219.223)
(0 0 -322.704)
(0 0 506.918)
(0 0 337.47)
(0 0 619.381)
(0 0 212.105)
(0 0 920.272)
(0 0 664.068)
(0 0 1364.02)
(0 0 1861.68)
(0 0 2145.48)
(0 0 1439.55)
(0 0 1094.44)
(0 0 1170.82)
(0 0 1851.31)
(0 0 1664.64)
(0 0 2207.82)
(0 0 2453.48)
(0 0 2415.38)
(0 0 2307.67)
(0 0 1431.96)
(0 0 907.435)
(0 0 136.772)
(0 0 817.568)
(0 0 1969.69)
(0 0 2053.35)
(0 0 2110.53)
(0 0 3073.47)
(0 0 3798.27)
(0 0 4741.18)
(0 0 4771.67)
(0 0 6182.85)
(0 0 6499.56)
(0 0 6643.14)
(0 0 7733.55)
(0 0 8638.54)
(0 0 9254.47)
(0 0 9331.29)
(0 0 9344.69)
(0 0 9941.4)
(0 0 10096.2)
(0 0 10702.8)
(0 0 9484.47)
(0 0 9741.87)
(0 0 8546.41)
(0 0 8465.41)
(0 0 7560.86)
(0 0 7592.57)
(0 0 6694.37)
(0 0 6971.32)
(0 0 5945.71)
(0 0 6239.94)
(0 0 5235.07)
(0 0 5835.3)
(0 0 4930.77)
(0 0 4535.06)
(0 0 4970.1)
(0 0 4147.14)
(0 0 4282.49)
(0 0 4555.96)
(0 0 3483.66)
(0 0 2885.79)
(0 0 2435.45)
(0 0 2642.73)
(0 0 1929.38)
(0 0 1446.6)
(0 0 1784.7)
(0 0 1951.13)
(0 0 1682.56)
(0 0 2324.54)
(0 0 2106.03)
(0 0 2719.37)
(0 0 3276.52)
(0 0 2543.19)
(0 0 1777.82)
(0 0 2520.01)
(0 0 2457.99)
(0 0 1998.36)
(0 0 2080.05)
(0 0 2756.07)
(0 0 3271.88)
(0 0 2286.74)
(0 0 2892.19)
(0 0 2381.37)
(0 0 2785.28)
(0 0 2938.79)
(0 0 2033.23)
(0 0 2509.63)
(0 0 2060.2)
(0 0 1517.85)
(0 0 2338.59)
(0 0 2281.95)
(0 0 3745.7)
(0 0 4286.43)
(0 0 422.647)
(0 0 -105.443)
(0 0 -291.741)
(0 0 75.8069)
(0 0 -46.7831)
(0 0 501.568)
(0 0 560.006)
(0 0 532.899)
(0 0 238.919)
(0 0 769.354)
(0 0 458.643)
(0 0 905.474)
(0 0 1260.84)
(0 0 1510.66)
(0 0 1207.04)
(0 0 1724.55)
(0 0 1956.75)
(0 0 2178.48)
(0 0 1531.36)
(0 0 1486.76)
(0 0 1776.55)
(0 0 2148.47)
(0 0 2334.3)
(0 0 2547.51)
(0 0 1576.56)
(0 0 1184.46)
(0 0 837.74)
(0 0 349.476)
(0 0 -77.6379)
(0 0 1296.09)
(0 0 1360.34)
(0 0 2621.99)
(0 0 2847.31)
(0 0 2874.61)
(0 0 4172.15)
(0 0 3953.88)
(0 0 4442.61)
(0 0 5426.15)
(0 0 5284.32)
(0 0 6119.74)
(0 0 7185.73)
(0 0 7526.87)
(0 0 8230.22)
(0 0 8561.26)
(0 0 8791.13)
(0 0 9418.7)
(0 0 9772.64)
(0 0 10647.9)
(0 0 9903.2)
(0 0 9718.62)
(0 0 9150.49)
(0 0 7994.68)
(0 0 7825.47)
(0 0 7240.56)
(0 0 6344.27)
(0 0 6590.45)
(0 0 6487.71)
(0 0 5731.86)
(0 0 4991.71)
(0 0 5595.06)
(0 0 4745.17)
(0 0 5041.57)
(0 0 4393.4)
(0 0 4644.46)
(0 0 3982.39)
(0 0 4414.9)
(0 0 3578.16)
(0 0 3246.69)
(0 0 2448.36)
(0 0 2813.81)
(0 0 2098.79)
(0 0 1505.12)
(0 0 1177.78)
(0 0 1378.51)
(0 0 2083.22)
(0 0 2349.74)
(0 0 2888.34)
(0 0 2584.99)
(0 0 3150.76)
(0 0 3263.73)
(0 0 2470.95)
(0 0 3062.07)
(0 0 2779.58)
(0 0 2563.14)
(0 0 3254.32)
(0 0 2511.82)
(0 0 3228.83)
(0 0 2349.67)
(0 0 2841.43)
(0 0 2948.12)
(0 0 2294.87)
(0 0 1826.43)
(0 0 2418.6)
(0 0 2121.8)
(0 0 1702.57)
(0 0 1768.7)
(0 0 2163.99)
(0 0 2366.3)
(0 0 3385.61)
(0 0 1945.37)
(0 0 490.996)
(0 0 -24.2485)
(0 0 -264.279)
(0 0 -29.2932)
(0 0 127.499)
(0 0 124.419)
(0 0 730.261)
(0 0 1044.91)
(0 0 968.359)
(0 0 616.29)
(0 0 897.99)
(0 0 1182.53)
(0 0 890.401)
(0 0 1403.43)
(0 0 1747.19)
(0 0 1299.71)
(0 0 1910.42)
(0 0 2205.15)
(0 0 1840.98)
(0 0 1746.94)
(0 0 1906.21)
(0 0 2281.93)
(0 0 1623.33)
(0 0 1740.61)
(0 0 418.542)
(0 0 599.364)
(0 0 -305.966)
(0 0 50.0192)
(0 0 1132.2)
(0 0 1384.48)
(0 0 1415.63)
(0 0 1550.46)
(0 0 2601.23)
(0 0 3788.53)
(0 0 3708.02)
(0 0 5050.86)
(0 0 4948.45)
(0 0 5065.15)
(0 0 4983.88)
(0 0 5868.91)
(0 0 5957.76)
(0 0 7065.77)
(0 0 7419.63)
(0 0 7533.74)
(0 0 8188.46)
(0 0 8759.52)
(0 0 9221.59)
(0 0 9631.44)
(0 0 9637.05)
(0 0 9090.19)
(0 0 9490.48)
(0 0 7793.12)
(0 0 7848.3)
(0 0 6974.88)
(0 0 6082.04)
(0 0 6350.73)
(0 0 5806.59)
(0 0 5901.47)
(0 0 5269.32)
(0 0 5212.69)
(0 0 4580.89)
(0 0 4991.81)
(0 0 4310.85)
(0 0 4672.15)
(0 0 3904.85)
(0 0 4092.06)
(0 0 4163.13)
(0 0 3283.26)
(0 0 2560.64)
(0 0 2931.08)
(0 0 2564.55)
(0 0 1889.92)
(0 0 1486.27)
(0 0 2157.49)
(0 0 2377.48)
(0 0 2986.51)
(0 0 2877.25)
(0 0 3059.18)
(0 0 2860.41)
(0 0 3217.41)
(0 0 3443.78)
(0 0 2985.27)
(0 0 3748.3)
(0 0 3321.18)
(0 0 3275.37)
(0 0 2879.08)
(0 0 3213.57)
(0 0 2418.47)
(0 0 1948.96)
(0 0 1730.81)
(0 0 1873.03)
(0 0 2417.87)
(0 0 2073.35)
(0 0 1864.7)
(0 0 1748.69)
(0 0 1972.6)
(0 0 2035.53)
(0 0 2406.42)
(0 0 2381.79)
(0 0 121.815)
(0 0 493.024)
(0 0 23.5842)
(0 0 -233.042)
(0 0 -252.12)
(0 0 -120.827)
(0 0 368.965)
(0 0 304.981)
(0 0 889.126)
(0 0 539.289)
(0 0 854.476)
(0 0 562.973)
(0 0 1048.56)
(0 0 1230.72)
(0 0 822.317)
(0 0 1564.87)
(0 0 1232.52)
(0 0 1407.26)
(0 0 1958.11)
(0 0 1981.52)
(0 0 1931.07)
(0 0 1882.47)
(0 0 1585.83)
(0 0 1190.51)
(0 0 423.901)
(0 0 412.092)
(0 0 -349.709)
(0 0 75.3606)
(0 0 -111.697)
(0 0 1022.68)
(0 0 350.644)
(0 0 1338.76)
(0 0 2822.39)
(0 0 3321.42)
(0 0 3220.02)
(0 0 3141.47)
(0 0 4284.32)
(0 0 3854.16)
(0 0 4780.67)
(0 0 4992.97)
(0 0 4841.45)
(0 0 5206.05)
(0 0 6202.43)
(0 0 6546.36)
(0 0 7199.21)
(0 0 7759.92)
(0 0 7978.8)
(0 0 8421.62)
(0 0 8839.49)
(0 0 8729.68)
(0 0 8276.9)
(0 0 8649.83)
(0 0 7828.76)
(0 0 7794.84)
(0 0 6611.54)
(0 0 6369.64)
(0 0 5774.48)
(0 0 6187.34)
(0 0 5708.13)
(0 0 5922.85)
(0 0 5367.73)
(0 0 5185.24)
(0 0 4770.11)
(0 0 4719.66)
(0 0 4167.63)
(0 0 4310.29)
(0 0 3806.24)
(0 0 4014.99)
(0 0 3232.62)
(0 0 3153.9)
(0 0 2662.21)
(0 0 2751.22)
(0 0 2692.83)
(0 0 2203.04)
(0 0 2870.59)
(0 0 2872.04)
(0 0 3307.1)
(0 0 2957.09)
(0 0 3122.64)
(0 0 3050.08)
(0 0 3165.61)
(0 0 3550.07)
(0 0 3284.57)
(0 0 4052.04)
(0 0 3744.71)
(0 0 3822.22)
(0 0 3182.99)
(0 0 2736.99)
(0 0 2731.33)
(0 0 1984.32)
(0 0 1543.79)
(0 0 2005.85)
(0 0 2495.14)
(0 0 1960.15)
(0 0 2128.63)
(0 0 2032.94)
(0 0 2105.74)
(0 0 1961.22)
(0 0 2009.13)
(0 0 998.387)
(0 0 -1408)
(0 0 506.7)
(0 0 -93.9442)
(0 0 -188.573)
(0 0 -190.372)
(0 0 -14.0576)
(0 0 203.446)
(0 0 654.34)
(0 0 413)
(0 0 700.582)
(0 0 425.353)
(0 0 733.691)
(0 0 379.474)
(0 0 890.652)
(0 0 655.866)
(0 0 856.534)
(0 0 1587.87)
(0 0 1691.79)
(0 0 1748.2)
(0 0 1914.39)
(0 0 1436.31)
(0 0 1225.46)
(0 0 538.003)
(0 0 584.469)
(0 0 -519.521)
(0 0 -379.796)
(0 0 -55.7789)
(0 0 -570.799)
(0 0 80.203)
(0 0 -271.467)
(0 0 299.188)
(0 0 1805.11)
(0 0 1843.48)
(0 0 3007.73)
(0 0 2598.82)
(0 0 3637.4)
(0 0 3329.18)
(0 0 3988)
(0 0 3652.72)
(0 0 4455)
(0 0 5115.24)
(0 0 4966.12)
(0 0 5175)
(0 0 5919.68)
(0 0 7164.67)
(0 0 7067.78)
(0 0 7601.04)
(0 0 7671.33)
(0 0 8059.62)
(0 0 7834.34)
(0 0 7652.85)
(0 0 8006.34)
(0 0 7111.14)
(0 0 6917.91)
(0 0 6071.96)
(0 0 6320.07)
(0 0 5696.2)
(0 0 6387.62)
(0 0 6395.2)
(0 0 5971.29)
(0 0 5846.02)
(0 0 5190.63)
(0 0 5179.38)
(0 0 4568.38)
(0 0 4485.02)
(0 0 4071.08)
(0 0 4214.75)
(0 0 3629)
(0 0 3089.23)
(0 0 2864.99)
(0 0 3079.02)
(0 0 2663.13)
(0 0 2988.24)
(0 0 3454.34)
(0 0 3850.24)
(0 0 3593.66)
(0 0 3422.53)
(0 0 3204.38)
(0 0 2949.34)
(0 0 3306.13)
(0 0 3278.41)
(0 0 3771.79)
(0 0 3514.76)
(0 0 4064.37)
(0 0 3947.93)
(0 0 3819.57)
(0 0 3545.87)
(0 0 2949.12)
(0 0 2758.43)
(0 0 2459.88)
(0 0 2149.83)
(0 0 2210.69)
(0 0 2290.21)
(0 0 2093.46)
(0 0 2276.79)
(0 0 2084.38)
(0 0 1934.39)
(0 0 1844.56)
(0 0 1307.87)
(0 0 342.292)
(0 0 -1831.71)
(0 0 480.196)
(0 0 -161.206)
(0 0 -241.689)
(0 0 -97.4918)
(0 0 149.573)
(0 0 373.67)
(0 0 593.369)
(0 0 662.824)
(0 0 361.769)
(0 0 220.13)
(0 0 200.984)
(0 0 195.411)
(0 0 280.374)
(0 0 916.14)
(0 0 975.967)
(0 0 1514.4)
(0 0 1490.55)
(0 0 1521.86)
(0 0 1256.98)
(0 0 1422.27)
(0 0 1046.89)
(0 0 0.392767)
(0 0 -421.098)
(0 0 -132.244)
(0 0 -617.916)
(0 0 -148.861)
(0 0 -364.133)
(0 0 -510.562)
(0 0 372.102)
(0 0 1089.15)
(0 0 1210.03)
(0 0 2356.47)
(0 0 2344)
(0 0 3096.62)
(0 0 4245.89)
(0 0 4217.04)
(0 0 3602.83)
(0 0 4144.51)
(0 0 4882.75)
(0 0 4656.21)
(0 0 5444.31)
(0 0 5229.72)
(0 0 5518.71)
(0 0 6272.92)
(0 0 6667.73)
(0 0 6920.36)
(0 0 6745.44)
(0 0 7124.6)
(0 0 6825.54)
(0 0 6690.4)
(0 0 7106.38)
(0 0 6626.89)
(0 0 6366.1)
(0 0 5739.89)
(0 0 5750.91)
(0 0 5846.44)
(0 0 6236.25)
(0 0 6226.43)
(0 0 5987.33)
(0 0 5668.81)
(0 0 5287.56)
(0 0 5137.13)
(0 0 4558.96)
(0 0 4385.03)
(0 0 3937.97)
(0 0 3992.58)
(0 0 3537.09)
(0 0 3103.52)
(0 0 3019.59)
(0 0 2955.35)
(0 0 2993.83)
(0 0 3560.5)
(0 0 4049.61)
(0 0 4159.46)
(0 0 3651.43)
(0 0 3206.05)
(0 0 2765.46)
(0 0 3208.07)
(0 0 2990.55)
(0 0 3545.32)
(0 0 3737.85)
(0 0 3454)
(0 0 4051.41)
(0 0 3973.67)
(0 0 3587.7)
(0 0 3481.05)
(0 0 3016.75)
(0 0 3300.37)
(0 0 2908.87)
(0 0 2300.66)
(0 0 2146.23)
(0 0 2399.93)
(0 0 2097.84)
(0 0 2299.7)
(0 0 2028.69)
(0 0 1946.99)
(0 0 1421.07)
(0 0 403.405)
(0 0 -611.881)
(0 0 -2951.87)
(0 0 406.37)
(0 0 -237.645)
(0 0 -363.054)
(0 0 -202.591)
(0 0 -16.7974)
(0 0 241.256)
(0 0 239.561)
(0 0 386.152)
(0 0 491.776)
(0 0 207.322)
(0 0 157.81)
(0 0 706.474)
(0 0 530.004)
(0 0 894.708)
(0 0 1445.04)
(0 0 1379.61)
(0 0 1469)
(0 0 1037.78)
(0 0 1039.31)
(0 0 608.636)
(0 0 200.356)
(0 0 53.6489)
(0 0 -206.074)
(0 0 -559.543)
(0 0 -836.164)
(0 0 -169.671)
(0 0 -572.157)
(0 0 494.85)
(0 0 1137.02)
(0 0 1588.23)
(0 0 2155.6)
(0 0 2367.19)
(0 0 3651.71)
(0 0 3575.57)
(0 0 3561.55)
(0 0 4770.18)
(0 0 4797.44)
(0 0 4983.68)
(0 0 4530)
(0 0 4404.49)
(0 0 5093.23)
(0 0 5470.5)
(0 0 5566.65)
(0 0 5451.51)
(0 0 5746.32)
(0 0 5772.62)
(0 0 6241.96)
(0 0 6488.88)
(0 0 6002.31)
(0 0 6213.75)
(0 0 6132.5)
(0 0 5934.74)
(0 0 5112.82)
(0 0 5401.5)
(0 0 5506.26)
(0 0 6212.58)
(0 0 6331.48)
(0 0 6186.67)
(0 0 6040.11)
(0 0 5003.57)
(0 0 5489.99)
(0 0 5275.27)
(0 0 4822.35)
(0 0 4466.88)
(0 0 3790.12)
(0 0 4017.28)
(0 0 3386.79)
(0 0 3204.76)
(0 0 3154.66)
(0 0 3144.58)
(0 0 3479.33)
(0 0 3781.09)
(0 0 3692.85)
(0 0 3957.54)
(0 0 3468.18)
(0 0 2705.27)
(0 0 3114.17)
(0 0 2662.45)
(0 0 3098.04)
(0 0 2715.63)
(0 0 2892.16)
(0 0 3723.31)
(0 0 3674.53)
(0 0 3352.78)
(0 0 2983.18)
(0 0 3291.66)
(0 0 3741.82)
(0 0 3605.73)
(0 0 3121.05)
(0 0 3105.03)
(0 0 2407.84)
(0 0 2828.29)
(0 0 2647.35)
(0 0 2178.7)
(0 0 2096.22)
(0 0 1544.17)
(0 0 1033.96)
(0 0 -171.139)
(0 0 -965.317)
(0 0 -2906.14)
(0 0 339.709)
(0 0 -311.11)
(0 0 -427.094)
(0 0 -267.557)
(0 0 -132.748)
(0 0 95.6499)
(0 0 103.429)
(0 0 123.539)
(0 0 181.462)
(0 0 148.778)
(0 0 534.342)
(0 0 671.284)
(0 0 1120.4)
(0 0 1313.97)
(0 0 1403.5)
(0 0 1324.44)
(0 0 1134.76)
(0 0 1001.41)
(0 0 426.201)
(0 0 428.692)
(0 0 -488.752)
(0 0 -763.611)
(0 0 -829.765)
(0 0 -705.517)
(0 0 -1291.98)
(0 0 -849.293)
(0 0 -200.259)
(0 0 227.116)
(0 0 1106.3)
(0 0 1872.71)
(0 0 1839.94)
(0 0 2667.3)
(0 0 2380.01)
(0 0 3338.09)
(0 0 2959.2)
(0 0 3876.54)
(0 0 3664.37)
(0 0 4836.9)
(0 0 4558.57)
(0 0 5234.16)
(0 0 5337.66)
(0 0 5133.38)
(0 0 5089.74)
(0 0 5394.56)
(0 0 5139.41)
(0 0 5500.75)
(0 0 5412.72)
(0 0 5758.37)
(0 0 5747.38)
(0 0 5968.12)
(0 0 5284.05)
(0 0 5129.53)
(0 0 4127.49)
(0 0 4324.36)
(0 0 4911.11)
(0 0 5973.86)
(0 0 5817.12)
(0 0 5958.16)
(0 0 5474.69)
(0 0 4667.46)
(0 0 5092.59)
(0 0 4354.44)
(0 0 4633.89)
(0 0 4560.08)
(0 0 4064.68)
(0 0 3479.43)
(0 0 3814.45)
(0 0 3421.31)
(0 0 2933.63)
(0 0 3475.78)
(0 0 3353.09)
(0 0 3385.4)
(0 0 3550.74)
(0 0 3091.25)
(0 0 2957.72)
(0 0 3509.92)
(0 0 3252.41)
(0 0 3120.31)
(0 0 2572.91)
(0 0 3229.77)
(0 0 2654.36)
(0 0 3038.65)
(0 0 2577.04)
(0 0 2786.73)
(0 0 3312.19)
(0 0 3782.55)
(0 0 3340.86)
(0 0 3585.67)
(0 0 3744.15)
(0 0 3277.17)
(0 0 2236.82)
(0 0 2280.32)
(0 0 2552.61)
(0 0 2177.62)
(0 0 1536.1)
(0 0 1275.54)
(0 0 177.589)
(0 0 -1057.53)
(0 0 -1329.82)
(0 0 -2870.91)
(0 0 372.673)
(0 0 -355.169)
(0 0 -446.141)
(0 0 -399.313)
(0 0 -340.924)
(0 0 -101.226)
(0 0 -92.2702)
(0 0 -43.4014)
(0 0 71.9269)
(0 0 158.096)
(0 0 488.758)
(0 0 757.345)
(0 0 1184.74)
(0 0 1455.47)
(0 0 1400.48)
(0 0 1062.34)
(0 0 811.575)
(0 0 1022.41)
(0 0 469.203)
(0 0 -143.013)
(0 0 -694.826)
(0 0 -614.658)
(0 0 -1328.53)
(0 0 -1363.11)
(0 0 -1143.93)
(0 0 -1371.93)
(0 0 -917.319)
(0 0 -295.348)
(0 0 724.767)
(0 0 1333.35)
(0 0 980.07)
(0 0 1894.69)
(0 0 1440.1)
(0 0 2105.92)
(0 0 3130.91)
(0 0 2782.96)
(0 0 3464)
(0 0 4723.03)
(0 0 4694.5)
(0 0 4254.72)
(0 0 4770.62)
(0 0 4585.93)
(0 0 4980.98)
(0 0 5283.36)
(0 0 4872.68)
(0 0 4937.01)
(0 0 5139.83)
(0 0 4993.63)
(0 0 5735.23)
(0 0 5334.74)
(0 0 5143.23)
(0 0 4992.77)
(0 0 5050.71)
(0 0 4653.28)
(0 0 4277.77)
(0 0 4923.13)
(0 0 5697.31)
(0 0 5039.63)
(0 0 5256.37)
(0 0 5345.24)
(0 0 5162.29)
(0 0 4496.05)
(0 0 3743.68)
(0 0 4693.36)
(0 0 4356.14)
(0 0 3543.04)
(0 0 4241.75)
(0 0 3944.97)
(0 0 3521.32)
(0 0 3435.92)
(0 0 3838.39)
(0 0 3767.19)
(0 0 3217.52)
(0 0 3290.2)
(0 0 2593.41)
(0 0 3235.16)
(0 0 2649.89)
(0 0 2013.47)
(0 0 2493.3)
(0 0 3437.7)
(0 0 3324.95)
(0 0 2483.62)
(0 0 3239.6)
(0 0 3103.38)
(0 0 3745.21)
(0 0 3633.75)
(0 0 3062.97)
(0 0 4061.15)
(0 0 3717.95)
(0 0 2864.15)
(0 0 3033.26)
(0 0 2284.92)
(0 0 1470.95)
(0 0 1405.25)
(0 0 1497.18)
(0 0 1132.8)
(0 0 37.4463)
(0 0 -1228.55)
(0 0 -1666.36)
(0 0 -2231.36)
(0 0 457.671)
(0 0 -374.635)
(0 0 -477.277)
(0 0 -643.174)
(0 0 -321.676)
(0 0 -346.338)
(0 0 -433.424)
(0 0 -122.676)
(0 0 -35.8278)
(0 0 246.283)
(0 0 526.694)
(0 0 930.337)
(0 0 1165.06)
(0 0 1251.73)
(0 0 953.483)
(0 0 973.097)
(0 0 521.039)
(0 0 507.721)
(0 0 545.093)
(0 0 -312.106)
(0 0 -425.169)
(0 0 -907.328)
(0 0 -957.045)
(0 0 -1555.51)
(0 0 -1063.92)
(0 0 -690.156)
(0 0 -391.046)
(0 0 -132.084)
(0 0 959.422)
(0 0 713.037)
(0 0 1626.47)
(0 0 1652.54)
(0 0 2762.67)
(0 0 2525.64)
(0 0 2639.98)
(0 0 3706.82)
(0 0 3326.55)
(0 0 4112.6)
(0 0 3642.98)
(0 0 4391.53)
(0 0 4283.16)
(0 0 4788.57)
(0 0 4605.94)
(0 0 4684.2)
(0 0 4272.21)
(0 0 4872.21)
(0 0 4706.6)
(0 0 4037.26)
(0 0 4907.96)
(0 0 4941.33)
(0 0 4098.27)
(0 0 4537.65)
(0 0 5428)
(0 0 5013.74)
(0 0 4610.2)
(0 0 4124.82)
(0 0 4201.34)
(0 0 4750.48)
(0 0 4118.38)
(0 0 4171.63)
(0 0 4790.05)
(0 0 4368.49)
(0 0 3734.71)
(0 0 4783.5)
(0 0 4540.3)
(0 0 3719.04)
(0 0 4405.3)
(0 0 4105.93)
(0 0 3347.52)
(0 0 3006.33)
(0 0 3336.69)
(0 0 4025.72)
(0 0 3736.42)
(0 0 3220.61)
(0 0 2627.68)
(0 0 2955.07)
(0 0 2319.64)
(0 0 2206.55)
(0 0 3001.49)
(0 0 2474)
(0 0 2978.9)
(0 0 2336.6)
(0 0 3124.61)
(0 0 2734.07)
(0 0 2728.98)
(0 0 2605.6)
(0 0 2742.07)
(0 0 3564.69)
(0 0 3102.52)
(0 0 3785.43)
(0 0 3334.84)
(0 0 2381.7)
(0 0 1744.3)
(0 0 1207.55)
(0 0 266.939)
(0 0 0.291608)
(0 0 -137.208)
(0 0 -737.788)
(0 0 -306.392)
(0 0 -741.117)
(0 0 371.411)
(0 0 -394.192)
(0 0 -557.269)
(0 0 -665.207)
(0 0 -604.668)
(0 0 -641.482)
(0 0 -283.387)
(0 0 143.232)
(0 0 74.9158)
(0 0 182.785)
(0 0 32.2188)
(0 0 477.339)
(0 0 1001.04)
(0 0 845.835)
(0 0 1004.26)
(0 0 738.534)
(0 0 697.058)
(0 0 372.52)
(0 0 586.808)
(0 0 -60.8904)
(0 0 -467.54)
(0 0 -465.145)
(0 0 -938.47)
(0 0 -1698.89)
(0 0 -1525.6)
(0 0 -513.049)
(0 0 -456.838)
(0 0 364.213)
(0 0 446.357)
(0 0 913.821)
(0 0 2360.54)
(0 0 2502.56)
(0 0 3949.01)
(0 0 3940.04)
(0 0 3298.4)
(0 0 4308.93)
(0 0 4125.87)
(0 0 3772.79)
(0 0 3410.08)
(0 0 3918.01)
(0 0 4695.21)
(0 0 4387.61)
(0 0 4267.07)
(0 0 4038.97)
(0 0 4472.41)
(0 0 4720.93)
(0 0 3970.66)
(0 0 3625.13)
(0 0 4028.69)
(0 0 4128.23)
(0 0 3880.72)
(0 0 4392.5)
(0 0 4138.91)
(0 0 4549.26)
(0 0 4835.79)
(0 0 4297.42)
(0 0 3149.41)
(0 0 3335.95)
(0 0 3538.59)
(0 0 3661.52)
(0 0 2915.01)
(0 0 2948.5)
(0 0 3687.18)
(0 0 4586.98)
(0 0 4006.74)
(0 0 4100.68)
(0 0 3484.8)
(0 0 4106.74)
(0 0 3650.13)
(0 0 2767.47)
(0 0 3062.53)
(0 0 3910.28)
(0 0 3457.87)
(0 0 2864.59)
(0 0 3275.19)
(0 0 2808.12)
(0 0 3565.82)
(0 0 3167.04)
(0 0 2245.21)
(0 0 3192.32)
(0 0 2802.31)
(0 0 2536.76)
(0 0 2452.08)
(0 0 1908.35)
(0 0 2801.26)
(0 0 2439.19)
(0 0 2899.48)
(0 0 2460.68)
(0 0 2931.23)
(0 0 2531.52)
(0 0 2988.22)
(0 0 2225.6)
(0 0 1291.14)
(0 0 379.548)
(0 0 329.713)
(0 0 -360.428)
(0 0 -406.525)
(0 0 -36.3398)
(0 0 1617.63)
(0 0 947.515)
(0 0 206.868)
(0 0 -360.531)
(0 0 -638.735)
(0 0 -386.246)
(0 0 -239.934)
(0 0 -414.698)
(0 0 69.4147)
(0 0 -89.9205)
(0 0 -462.696)
(0 0 442.577)
(0 0 301.227)
(0 0 153.969)
(0 0 156.625)
(0 0 392.124)
(0 0 629.397)
(0 0 958.233)
(0 0 310.589)
(0 0 536.746)
(0 0 193.846)
(0 0 -76.2036)
(0 0 -453.574)
(0 0 -421.902)
(0 0 -798.282)
(0 0 -1469.82)
(0 0 -1653.53)
(0 0 -581.228)
(0 0 69.9073)
(0 0 -81.6469)
(0 0 426.914)
(0 0 1926.61)
(0 0 2653.04)
(0 0 2387.22)
(0 0 3662.3)
(0 0 3305)
(0 0 4092.62)
(0 0 4057.96)
(0 0 3809.12)
(0 0 2979.2)
(0 0 3740.26)
(0 0 4669.18)
(0 0 4422.5)
(0 0 3993.72)
(0 0 3719.68)
(0 0 3963.39)
(0 0 4260.33)
(0 0 4172.8)
(0 0 3415.75)
(0 0 3770.01)
(0 0 3189.24)
(0 0 2948.44)
(0 0 3866.8)
(0 0 3600.06)
(0 0 4110.43)
(0 0 5041.59)
(0 0 4314.12)
(0 0 4583.88)
(0 0 3892.88)
(0 0 3280.74)
(0 0 3710.08)
(0 0 3021.99)
(0 0 3396.16)
(0 0 2837.75)
(0 0 3446.05)
(0 0 3057.74)
(0 0 3614.6)
(0 0 2900.13)
(0 0 2711.22)
(0 0 3091.42)
(0 0 3964.77)
(0 0 3598.68)
(0 0 2766.35)
(0 0 3051)
(0 0 2276.74)
(0 0 3112.54)
(0 0 2892.09)
(0 0 3486.15)
(0 0 3388.77)
(0 0 2619.05)
(0 0 1641.47)
(0 0 2474.72)
(0 0 1809.19)
(0 0 869.431)
(0 0 1274.04)
(0 0 1872.48)
(0 0 2548.12)
(0 0 2071.9)
(0 0 2474.29)
(0 0 2444.57)
(0 0 1839.17)
(0 0 1475.22)
(0 0 1432.28)
(0 0 1729.74)
(0 0 778.77)
(0 0 836.45)
(0 0 307.365)
(0 0 422.794)
(0 0 485.995)
(0 0 534.934)
(0 0 3463.31)
(0 0 2472.59)
(0 0 214.697)
(0 0 -313.814)
(0 0 -215.186)
(0 0 226.693)
(0 0 -449.388)
(0 0 -376.026)
(0 0 -82.3741)
(0 0 -454.483)
(0 0 -620.646)
(0 0 200.107)
(0 0 420.734)
(0 0 277.636)
(0 0 -128)
(0 0 560.531)
(0 0 518.032)
(0 0 898.213)
(0 0 -90.0795)
(0 0 -130.044)
(0 0 25.0111)
(0 0 -482.22)
(0 0 -972.438)
(0 0 -1065.72)
(0 0 -990.545)
(0 0 -1129.32)
(0 0 -1220.53)
(0 0 -1153.32)
(0 0 -207.6)
(0 0 638.41)
(0 0 749.897)
(0 0 1988.59)
(0 0 2080.4)
(0 0 2752.61)
(0 0 2648.73)
(0 0 3805.6)
(0 0 3457.81)
(0 0 4215.17)
(0 0 3903.97)
(0 0 3535.62)
(0 0 4591.61)
(0 0 4448.48)
(0 0 3864.6)
(0 0 3331.29)
(0 0 4018.44)
(0 0 4113.88)
(0 0 4199.36)
(0 0 3744.09)
(0 0 3530.72)
(0 0 3668.46)
(0 0 3304.65)
(0 0 2713.16)
(0 0 2915.88)
(0 0 3933.09)
(0 0 4037.86)
(0 0 3805.59)
(0 0 4730.47)
(0 0 4373.74)
(0 0 3769.78)
(0 0 3062.98)
(0 0 3224.55)
(0 0 3974.54)
(0 0 3875.78)
(0 0 3338.16)
(0 0 2467.55)
(0 0 3373.21)
(0 0 3279.38)
(0 0 4129.85)
(0 0 3583.47)
(0 0 2439.04)
(0 0 2695.88)
(0 0 3181.75)
(0 0 2593.19)
(0 0 2201.15)
(0 0 2634.32)
(0 0 1838.49)
(0 0 2498.2)
(0 0 1848.34)
(0 0 2182.5)
(0 0 1382.56)
(0 0 1474.37)
(0 0 2201.9)
(0 0 1517.89)
(0 0 2077.72)
(0 0 1748.74)
(0 0 2375.55)
(0 0 2228.1)
(0 0 1900.45)
(0 0 2532)
(0 0 2396.03)
(0 0 2988.21)
(0 0 2504.14)
(0 0 1539.14)
(0 0 1983.43)
(0 0 1507.66)
(0 0 640.751)
(0 0 1084.9)
(0 0 714.952)
(0 0 1298.36)
(0 0 1678.37)
(0 0 3955.59)
(0 0 3535.58)
(0 0 633.395)
(0 0 329.44)
(0 0 680.587)
(0 0 694.738)
(0 0 -32.2709)
(0 0 328.519)
(0 0 -178.733)
(0 0 -958.969)
(0 0 -726.299)
(0 0 -642.984)
(0 0 -310.138)
(0 0 355.234)
(0 0 -177.038)
(0 0 138.49)
(0 0 559.512)
(0 0 834.055)
(0 0 213.802)
(0 0 -345.914)
(0 0 -582.135)
(0 0 -428.214)
(0 0 -801.995)
(0 0 -1539.75)
(0 0 -1051.03)
(0 0 -987.194)
(0 0 -1105.2)
(0 0 -1512.31)
(0 0 -720.062)
(0 0 348.962)
(0 0 1774.95)
(0 0 2060.14)
(0 0 2913.02)
(0 0 3184.78)
(0 0 3250.79)
(0 0 3061.18)
(0 0 4286.5)
(0 0 4172.52)
(0 0 3897.04)
(0 0 3923.95)
(0 0 3897.22)
(0 0 3669.74)
(0 0 3601.63)
(0 0 3635.06)
(0 0 3661.71)
(0 0 3609.65)
(0 0 3616.8)
(0 0 3787.85)
(0 0 3694.07)
(0 0 3331.26)
(0 0 3552.08)
(0 0 2960.59)
(0 0 2434.39)
(0 0 2653.45)
(0 0 2220.47)
(0 0 3273.57)
(0 0 2679.96)
(0 0 3435.89)
(0 0 2926.84)
(0 0 1669.36)
(0 0 1916.98)
(0 0 2452.64)
(0 0 1547.12)
(0 0 1722.09)
(0 0 2235.77)
(0 0 2792.6)
(0 0 2473.45)
(0 0 3082.18)
(0 0 2153.48)
(0 0 2579.76)
(0 0 1506.33)
(0 0 1618.6)
(0 0 1518.01)
(0 0 2334.31)
(0 0 2363.86)
(0 0 1543.46)
(0 0 1676.89)
(0 0 2464.98)
(0 0 1793.93)
(0 0 2497)
(0 0 2181.27)
(0 0 1156.04)
(0 0 1788.09)
(0 0 1268.09)
(0 0 1998.9)
(0 0 1624.59)
(0 0 1327.03)
(0 0 2131.31)
(0 0 1913.61)
(0 0 2726.9)
(0 0 2791.66)
(0 0 2011.08)
(0 0 1021.16)
(0 0 1515.58)
(0 0 2185.87)
(0 0 1848.82)
(0 0 1053.23)
(0 0 1889.35)
(0 0 2215.49)
(0 0 3067.25)
(0 0 3136.59)
(0 0 3637.15)
(0 0 802.003)
(0 0 676.016)
(0 0 1156.9)
(0 0 1155.74)
(0 0 906.577)
(0 0 635.423)
(0 0 39.3126)
(0 0 -128.16)
(0 0 618.184)
(0 0 561.65)
(0 0 394.519)
(0 0 80.8008)
(0 0 839.115)
(0 0 748.663)
(0 0 178.832)
(0 0 378.837)
(0 0 196.545)
(0 0 -302.42)
(0 0 -850.459)
(0 0 -1311.62)
(0 0 -1238.98)
(0 0 -1367.86)
(0 0 -1539.77)
(0 0 -1274.11)
(0 0 -847.199)
(0 0 -856.351)
(0 0 -700.105)
(0 0 304.941)
(0 0 1465.65)
(0 0 2795.19)
(0 0 3350.52)
(0 0 3270.18)
(0 0 3505.11)
(0 0 3565.91)
(0 0 3388.37)
(0 0 3063.04)
(0 0 3002.86)
(0 0 3071.76)
(0 0 3079.33)
(0 0 3048.72)
(0 0 3035.2)
(0 0 3056.43)
(0 0 3079.01)
(0 0 3103.8)
(0 0 3171.56)
(0 0 3324.11)
(0 0 3547.1)
(0 0 3649.7)
(0 0 3645.68)
(0 0 2654.65)
(0 0 2618.25)
(0 0 1678.35)
(0 0 1687.6)
(0 0 2634.9)
(0 0 2295.53)
(0 0 2362.4)
(0 0 3372.52)
(0 0 2858.34)
(0 0 2233.64)
(0 0 1595.47)
(0 0 1837.06)
(0 0 2766.39)
(0 0 2366.02)
(0 0 1453.77)
(0 0 2374.8)
(0 0 2508.36)
(0 0 1968.41)
(0 0 2374.38)
(0 0 1361.3)
(0 0 415.285)
(0 0 954.735)
(0 0 1255.22)
(0 0 1840.79)
(0 0 1395.59)
(0 0 667.967)
(0 0 1090.63)
(0 0 1499.24)
(0 0 2440.67)
(0 0 1927.18)
(0 0 1034.29)
(0 0 311.618)
(0 0 963.999)
(0 0 1885.6)
(0 0 1504.17)
(0 0 1034.36)
(0 0 1529.13)
(0 0 1423.2)
(0 0 2064.01)
(0 0 2214.72)
(0 0 1632.99)
(0 0 920.009)
(0 0 1522)
(0 0 2365.32)
(0 0 2117.04)
(0 0 1179.72)
(0 0 621.927)
(0 0 1541.48)
(0 0 1901.45)
(0 0 1950.47)
(0 0 3760.19)
(0 0 815.976)
(0 0 857.059)
(0 0 1416.56)
(0 0 1507.4)
(0 0 1170.85)
(0 0 686.024)
(0 0 8.41239)
(0 0 678.865)
(0 0 274.997)
(0 0 617.458)
(0 0 74.2857)
(0 0 741.285)
(0 0 420.635)
(0 0 1027.92)
(0 0 700.025)
(0 0 531.704)
(0 0 76.8248)
(0 0 4.79089)
(0 0 -952.533)
(0 0 -2008.96)
(0 0 -1911.07)
(0 0 -1576.49)
(0 0 -1662.39)
(0 0 -1637.29)
(0 0 -960.422)
(0 0 -258.831)
(0 0 473.511)
(0 0 942.317)
(0 0 1228.17)
(0 0 2125.85)
(0 0 3051.15)
(0 0 2978.34)
(0 0 3072.17)
(0 0 3000.23)
(0 0 2684.28)
(0 0 2367.28)
(0 0 2217.34)
(0 0 2175.72)
(0 0 2156.3)
(0 0 2176.48)
(0 0 2208.03)
(0 0 2233.68)
(0 0 2280.48)
(0 0 2392.38)
(0 0 2595.79)
(0 0 2850.08)
(0 0 3113.75)
(0 0 3307.22)
(0 0 3366.87)
(0 0 3234.39)
(0 0 2358.6)
(0 0 2140.79)
(0 0 1142.95)
(0 0 1727.57)
(0 0 1244.93)
(0 0 1913.06)
(0 0 1329.82)
(0 0 1428.23)
(0 0 1638.48)
(0 0 2195.15)
(0 0 1643.37)
(0 0 2102.98)
(0 0 1260.36)
(0 0 209.192)
(0 0 772.116)
(0 0 1146.51)
(0 0 1187)
(0 0 1289.05)
(0 0 1740.34)
(0 0 1366.69)
(0 0 1254.99)
(0 0 585.461)
(0 0 1192.02)
(0 0 933.608)
(0 0 341.07)
(0 0 787.758)
(0 0 1280.92)
(0 0 1269.24)
(0 0 753.873)
(0 0 -311.194)
(0 0 -131.151)
(0 0 385.865)
(0 0 1091.65)
(0 0 399.892)
(0 0 1117.74)
(0 0 889.083)
(0 0 1233.76)
(0 0 1538.06)
(0 0 1299.54)
(0 0 694.109)
(0 0 930.231)
(0 0 902.628)
(0 0 351.685)
(0 0 470.405)
(0 0 -795.822)
(0 0 -833.16)
(0 0 9.3821)
(0 0 942.742)
(0 0 803.099)
(0 0 3227.07)
(0 0 939.384)
(0 0 808)
(0 0 1450.1)
(0 0 1792.13)
(0 0 1486.73)
(0 0 1170.07)
(0 0 946.823)
(0 0 665.669)
(0 0 1386.51)
(0 0 1160.44)
(0 0 1109.94)
(0 0 736.759)
(0 0 767.414)
(0 0 95.6106)
(0 0 257.386)
(0 0 388.662)
(0 0 386.07)
(0 0 -188.544)
(0 0 -1320.83)
(0 0 -2092.66)
(0 0 -2190.98)
(0 0 -2637.1)
(0 0 -2376.47)
(0 0 -1377.73)
(0 0 -1203.57)
(0 0 -163.276)
(0 0 1194.9)
(0 0 1654.62)
(0 0 2094.62)
(0 0 2604.2)
(0 0 2812.01)
(0 0 2756.36)
(0 0 2856.43)
(0 0 2905.07)
(0 0 2736.18)
(0 0 2262.47)
(0 0 1860.62)
(0 0 1526.4)
(0 0 1299.29)
(0 0 1230.16)
(0 0 1235.85)
(0 0 1226.51)
(0 0 1245.95)
(0 0 1370.68)
(0 0 1628.47)
(0 0 1975.2)
(0 0 2372.82)
(0 0 2742.11)
(0 0 3052.87)
(0 0 3221.27)
(0 0 2963.19)
(0 0 2028.33)
(0 0 2193.69)
(0 0 3094.83)
(0 0 2883.95)
(0 0 2402.47)
(0 0 3361.77)
(0 0 3014.79)
(0 0 2095.38)
(0 0 2932.41)
(0 0 2652.34)
(0 0 2180.31)
(0 0 1306.71)
(0 0 1950.47)
(0 0 1604.33)
(0 0 2228.56)
(0 0 2098.64)
(0 0 1380.46)
(0 0 1749.75)
(0 0 1293.04)
(0 0 1022.51)
(0 0 451.774)
(0 0 966.128)
(0 0 386.42)
(0 0 864.976)
(0 0 430.028)
(0 0 922.337)
(0 0 70.5056)
(0 0 226.391)
(0 0 859.26)
(0 0 324.821)
(0 0 1091.03)
(0 0 551.849)
(0 0 -143.361)
(0 0 428.249)
(0 0 907.86)
(0 0 1035.78)
(0 0 834.232)
(0 0 145.624)
(0 0 871.538)
(0 0 103.841)
(0 0 434.289)
(0 0 -90.0268)
(0 0 -1227.06)
(0 0 -1079.34)
(0 0 -886.446)
(0 0 -80.0716)
(0 0 -20.3308)
(0 0 50.8053)
(0 0 2166.06)
(0 0 986.261)
(0 0 830.563)
(0 0 1365.16)
(0 0 1656.75)
(0 0 1533.15)
(0 0 1350.51)
(0 0 1084.92)
(0 0 838.788)
(0 0 1539.88)
(0 0 2148.59)
(0 0 2196.31)
(0 0 1941.35)
(0 0 1466.98)
(0 0 1141.35)
(0 0 989.97)
(0 0 695.1)
(0 0 140.33)
(0 0 -753.423)
(0 0 -1746.62)
(0 0 -2226.38)
(0 0 -2384.78)
(0 0 -2374.56)
(0 0 -1766.15)
(0 0 -905.018)
(0 0 -180.052)
(0 0 927.709)
(0 0 1804.71)
(0 0 2305.2)
(0 0 2692.51)
(0 0 2906.5)
(0 0 2872.89)
(0 0 2798.41)
(0 0 2892.21)
(0 0 3176.64)
(0 0 3282.26)
(0 0 3022.07)
(0 0 2691.96)
(0 0 1831.33)
(0 0 911.605)
(0 0 449.752)
(0 0 268.179)
(0 0 136.618)
(0 0 66.0252)
(0 0 137.731)
(0 0 380.851)
(0 0 781.717)
(0 0 1251.13)
(0 0 1748.57)
(0 0 2272.47)
(0 0 2782.98)
(0 0 2790.05)
(0 0 2198.45)
(0 0 2558.76)
(0 0 3612.02)
(0 0 3376.71)
(0 0 2849.74)
(0 0 2331.9)
(0 0 2042)
(0 0 2450.17)
(0 0 1821.93)
(0 0 2220.86)
(0 0 1380.47)
(0 0 1924.2)
(0 0 1144.69)
(0 0 1852.31)
(0 0 1512.63)
(0 0 765.759)
(0 0 1064.52)
(0 0 1468.44)
(0 0 777.398)
(0 0 171.081)
(0 0 982.762)
(0 0 307.611)
(0 0 994.09)
(0 0 506.907)
(0 0 1002.12)
(0 0 493.647)
(0 0 835.874)
(0 0 408.868)
(0 0 -116.146)
(0 0 581.819)
(0 0 444.681)
(0 0 -401.144)
(0 0 -116.668)
(0 0 164.211)
(0 0 62.9664)
(0 0 478.671)
(0 0 436.338)
(0 0 -54.5209)
(0 0 50.3443)
(0 0 -21.399)
(0 0 244.713)
(0 0 -221.887)
(0 0 -948.56)
(0 0 -536.927)
(0 0 -337.17)
(0 0 -388.592)
(0 0 -316.415)
(0 0 -146.018)
(0 0 1407.42)
(0 0 815.821)
(0 0 721.007)
(0 0 1244.83)
(0 0 1332.17)
(0 0 1254.58)
(0 0 1084.45)
(0 0 790.348)
(0 0 1849.07)
(0 0 1970.8)
(0 0 1609.16)
(0 0 2307.93)
(0 0 2275.56)
(0 0 1668.98)
(0 0 1366.14)
(0 0 1026.43)
(0 0 491.357)
(0 0 -283.927)
(0 0 -1250.61)
(0 0 -2064.54)
(0 0 -2455)
(0 0 -2324.29)
(0 0 -1897.87)
(0 0 -1033.01)
(0 0 -76.8561)
(0 0 810.095)
(0 0 1809.4)
(0 0 2429.55)
(0 0 2690.11)
(0 0 2772.82)
(0 0 2863.41)
(0 0 2864.14)
(0 0 2751.7)
(0 0 2597.46)
(0 0 2366.95)
(0 0 2225.71)
(0 0 2293.32)
(0 0 1809.9)
(0 0 1148.64)
(0 0 587.028)
(0 0 187.159)
(0 0 -296.969)
(0 0 -810.271)
(0 0 -1069.95)
(0 0 -1123.78)
(0 0 -998.436)
(0 0 -617.557)
(0 0 -166.813)
(0 0 330.495)
(0 0 960.672)
(0 0 1793.5)
(0 0 1921.05)
(0 0 2980.84)
(0 0 2417.03)
(0 0 3525.1)
(0 0 3529.28)
(0 0 3014.99)
(0 0 2801.98)
(0 0 1920.88)
(0 0 2445.37)
(0 0 2455.57)
(0 0 1583.78)
(0 0 375.377)
(0 0 685.836)
(0 0 720.265)
(0 0 1587.7)
(0 0 1347)
(0 0 664.4)
(0 0 1068.28)
(0 0 1416.64)
(0 0 1006.09)
(0 0 799.309)
(0 0 1068.61)
(0 0 230.738)
(0 0 1352.2)
(0 0 605.409)
(0 0 209.857)
(0 0 813.759)
(0 0 -5.87305)
(0 0 -987.431)
(0 0 -892.986)
(0 0 -393.322)
(0 0 -486.87)
(0 0 -377.675)
(0 0 202.53)
(0 0 -318.794)
(0 0 22.3677)
(0 0 39.7812)
(0 0 -122.792)
(0 0 441.873)
(0 0 439.266)
(0 0 751.61)
(0 0 -76.2861)
(0 0 -992.057)
(0 0 -640.515)
(0 0 5.38628)
(0 0 -435.178)
(0 0 -416.135)
(0 0 -473.359)
(0 0 -226.36)
(0 0 926.875)
(0 0 813.658)
(0 0 557.366)
(0 0 941.645)
(0 0 685.97)
(0 0 888.587)
(0 0 746.957)
(0 0 179.458)
(0 0 839.835)
(0 0 1828.41)
(0 0 1817.43)
(0 0 1313.79)
(0 0 1876.19)
(0 0 1608.15)
(0 0 1089.58)
(0 0 737.668)
(0 0 98.6704)
(0 0 -851.072)
(0 0 -1835.11)
(0 0 -2373.48)
(0 0 -2489.91)
(0 0 -1964.7)
(0 0 -1207.11)
(0 0 -187.324)
(0 0 773.835)
(0 0 1548.37)
(0 0 2270.27)
(0 0 2770.68)
(0 0 3099.76)
(0 0 3012.31)
(0 0 2490.99)
(0 0 1889.49)
(0 0 1328.19)
(0 0 832.966)
(0 0 363.701)
(0 0 21.2481)
(0 0 177.822)
(0 0 335.727)
(0 0 -238.587)
(0 0 -1020.63)
(0 0 -1497.36)
(0 0 -1654.32)
(0 0 -1764.03)
(0 0 -1885.49)
(0 0 -2094.66)
(0 0 -2315.17)
(0 0 -2074.14)
(0 0 -1735.53)
(0 0 -1372.79)
(0 0 -915.44)
(0 0 387.994)
(0 0 875.833)
(0 0 1557.7)
(0 0 2337.2)
(0 0 2459.36)
(0 0 2702.97)
(0 0 2160.45)
(0 0 2322.14)
(0 0 1649.02)
(0 0 2248.79)
(0 0 1658.57)
(0 0 1908.44)
(0 0 1196.71)
(0 0 1733.92)
(0 0 742.034)
(0 0 1370.99)
(0 0 1277.87)
(0 0 808.359)
(0 0 941.119)
(0 0 1398.2)
(0 0 1208.52)
(0 0 1073.31)
(0 0 753.173)
(0 0 -20.4101)
(0 0 1136.6)
(0 0 -142.721)
(0 0 -104.132)
(0 0 445.019)
(0 0 -290.192)
(0 0 -610.049)
(0 0 -411.527)
(0 0 -1049.72)
(0 0 -408.71)
(0 0 -507.763)
(0 0 -402.916)
(0 0 -513.525)
(0 0 -578.599)
(0 0 -713.549)
(0 0 -181.664)
(0 0 -210.146)
(0 0 772.773)
(0 0 594.382)
(0 0 -135.653)
(0 0 -839.768)
(0 0 -453.859)
(0 0 -400.72)
(0 0 -597.709)
(0 0 -453.811)
(0 0 -693.014)
(0 0 -557.729)
(0 0 618.315)
(0 0 768.766)
(0 0 368.593)
(0 0 625.827)
(0 0 625.205)
(0 0 275.844)
(0 0 519.055)
(0 0 376.098)
(0 0 102.603)
(0 0 565.231)
(0 0 1262.46)
(0 0 929.508)
(0 0 1210.95)
(0 0 1098.44)
(0 0 810.195)
(0 0 166.145)
(0 0 -501.969)
(0 0 -1460.46)
(0 0 -2222.95)
(0 0 -2547.45)
(0 0 -2218.24)
(0 0 -1349.67)
(0 0 -397.857)
(0 0 572.286)
(0 0 1336.44)
(0 0 2139.17)
(0 0 2653.85)
(0 0 2506.59)
(0 0 2066.72)
(0 0 1521.3)
(0 0 884.204)
(0 0 176.491)
(0 0 -474.158)
(0 0 -1017.02)
(0 0 -1555.5)
(0 0 -2073.47)
(0 0 -2496.99)
(0 0 -2326.06)
(0 0 -2211.13)
(0 0 -2534.23)
(0 0 -2852.52)
(0 0 -3100.01)
(0 0 -3325.56)
(0 0 -3446.55)
(0 0 -3356.59)
(0 0 -3372.67)
(0 0 -3389.12)
(0 0 -3319.11)
(0 0 -3103.44)
(0 0 -2142.14)
(0 0 -1494.38)
(0 0 10.6003)
(0 0 221.032)
(0 0 -505.373)
(0 0 -249.025)
(0 0 374.598)
(0 0 206.721)
(0 0 -51.2842)
(0 0 730.143)
(0 0 1589.92)
(0 0 1466.17)
(0 0 608.028)
(0 0 1257.54)
(0 0 578.435)
(0 0 513.616)
(0 0 904.707)
(0 0 825.012)
(0 0 1320.03)
(0 0 755.101)
(0 0 1595.45)
(0 0 1462.26)
(0 0 1017.04)
(0 0 310.675)
(0 0 -463.631)
(0 0 97.0845)
(0 0 -75.2752)
(0 0 505.326)
(0 0 152.132)
(0 0 836.64)
(0 0 555.243)
(0 0 -251.432)
(0 0 -686.309)
(0 0 -1197.72)
(0 0 -996.069)
(0 0 -839.641)
(0 0 -1268.64)
(0 0 -1325.79)
(0 0 -1261.58)
(0 0 -968.285)
(0 0 -859.56)
(0 0 -21.6065)
(0 0 -24.8034)
(0 0 -825.773)
(0 0 -624.048)
(0 0 -980.246)
(0 0 -886.386)
(0 0 -729.184)
(0 0 -641.764)
(0 0 -862.11)
(0 0 -729.858)
(0 0 -24.2251)
(0 0 661.744)
(0 0 251.894)
(0 0 281.093)
(0 0 447.255)
(0 0 258.862)
(0 0 19.0663)
(0 0 271.401)
(0 0 148.226)
(0 0 -233.106)
(0 0 266.981)
(0 0 566.41)
(0 0 62.336)
(0 0 365.936)
(0 0 268.834)
(0 0 -474.678)
(0 0 -1105.44)
(0 0 -1967.24)
(0 0 -2412.76)
(0 0 -2412.35)
(0 0 -1655.23)
(0 0 -656.005)
(0 0 225.803)
(0 0 1189.13)
(0 0 1804.76)
(0 0 1911.5)
(0 0 1711.07)
(0 0 1283.86)
(0 0 761.375)
(0 0 198.765)
(0 0 -519.297)
(0 0 -1263.32)
(0 0 -1844.16)
(0 0 -2405.68)
(0 0 -2943.55)
(0 0 -3502.31)
(0 0 -3992.17)
(0 0 -4362.59)
(0 0 -4231.26)
(0 0 -4260.9)
(0 0 -4587.14)
(0 0 -4802.8)
(0 0 -4922.51)
(0 0 -5007.54)
(0 0 -5053.66)
(0 0 -4820.03)
(0 0 -4754.53)
(0 0 -4871.63)
(0 0 -4285.62)
(0 0 -3644.27)
(0 0 -3487.35)
(0 0 -1869.85)
(0 0 -938.338)
(0 0 -1195.19)
(0 0 -1538.88)
(0 0 -2938.64)
(0 0 -2337.98)
(0 0 -1136.65)
(0 0 -1225.93)
(0 0 -1136.25)
(0 0 -428.132)
(0 0 -389.126)
(0 0 494.315)
(0 0 136.042)
(0 0 469.572)
(0 0 209.705)
(0 0 356.927)
(0 0 771.161)
(0 0 520.045)
(0 0 1097.95)
(0 0 1649.66)
(0 0 1010.85)
(0 0 328.268)
(0 0 -188.58)
(0 0 0.72518)
(0 0 26.1876)
(0 0 156.826)
(0 0 -287.253)
(0 0 518.745)
(0 0 473.578)
(0 0 -834.059)
(0 0 -1123.3)
(0 0 -1527.03)
(0 0 -1561.69)
(0 0 -1619.62)
(0 0 -1643.03)
(0 0 -1640.37)
(0 0 -1715.06)
(0 0 -2008.39)
(0 0 -1711.47)
(0 0 -1345.52)
(0 0 -721.135)
(0 0 -933.888)
(0 0 -1201.31)
(0 0 -1294.2)
(0 0 -850.649)
(0 0 -895.656)
(0 0 -718.01)
(0 0 -891.921)
(0 0 -1261.68)
(0 0 -290.214)
(0 0 615.717)
(0 0 173.508)
(0 0 86.0047)
(0 0 163.395)
(0 0 118.701)
(0 0 -42.7555)
(0 0 -160.222)
(0 0 -51.6328)
(0 0 -296.122)
(0 0 -393.155)
(0 0 -289.808)
(0 0 -408.831)
(0 0 -844.264)
(0 0 -677.378)
(0 0 -1406.91)
(0 0 -1515.25)
(0 0 -1964.48)
(0 0 -2357.47)
(0 0 -1974.93)
(0 0 -815.38)
(0 0 -134.451)
(0 0 781.607)
(0 0 1250.4)
(0 0 1280.76)
(0 0 1105.04)
(0 0 728.122)
(0 0 194.137)
(0 0 -422.514)
(0 0 -1096.41)
(0 0 -1828.18)
(0 0 -2518.55)
(0 0 -3135.11)
(0 0 -3661.67)
(0 0 -4182.04)
(0 0 -4693.78)
(0 0 -5201.94)
(0 0 -5629.65)
(0 0 -5978.53)
(0 0 -5922.69)
(0 0 -6065.79)
(0 0 -6299.88)
(0 0 -6452.06)
(0 0 -6564.64)
(0 0 -6660.28)
(0 0 -6636.2)
(0 0 -6324.88)
(0 0 -6009.94)
(0 0 -5999.86)
(0 0 -5772)
(0 0 -5612)
(0 0 -4855.07)
(0 0 -2679.73)
(0 0 -2403.22)
(0 0 -3110.41)
(0 0 -3921.84)
(0 0 -4039.75)
(0 0 -3702.38)
(0 0 -3986.3)
(0 0 -3384.65)
(0 0 -3425.84)
(0 0 -1994.76)
(0 0 -1732.69)
(0 0 -1367.37)
(0 0 -1548.11)
(0 0 -1661.13)
(0 0 -361.696)
(0 0 1446.59)
(0 0 1855.36)
(0 0 1968.06)
(0 0 1553.72)
(0 0 1018.98)
(0 0 565.404)
(0 0 446.876)
(0 0 50.6992)
(0 0 419.022)
(0 0 21.2982)
(0 0 -763.539)
(0 0 -273.851)
(0 0 -154.228)
(0 0 -1479.49)
(0 0 -1788.19)
(0 0 -1733.76)
(0 0 -1995.38)
(0 0 -2128.46)
(0 0 -2151.79)
(0 0 -2034.08)
(0 0 -2421.91)
(0 0 -2507.92)
(0 0 -2252.91)
(0 0 -1954.85)
(0 0 -1864.07)
(0 0 -1558.89)
(0 0 -1531.47)
(0 0 -1529.62)
(0 0 -1025.49)
(0 0 -785.217)
(0 0 -665.68)
(0 0 -1420.12)
(0 0 -1660.75)
(0 0 -894.096)
(0 0 581.539)
(0 0 115.432)
(0 0 -77.6432)
(0 0 -14.6772)
(0 0 -33.1137)
(0 0 -158.062)
(0 0 -186.923)
(0 0 -323.352)
(0 0 -472.666)
(0 0 -603.895)
(0 0 -559.001)
(0 0 -964.113)
(0 0 -1322.34)
(0 0 -1632.01)
(0 0 -1654.36)
(0 0 -1898.24)
(0 0 -1934.55)
(0 0 -1821.03)
(0 0 -1523.39)
(0 0 -515.791)
(0 0 817.061)
(0 0 681.714)
(0 0 773.326)
(0 0 647.525)
(0 0 331.688)
(0 0 -206.032)
(0 0 -868.734)
(0 0 -1531.66)
(0 0 -2190.31)
(0 0 -2920.85)
(0 0 -3659.28)
(0 0 -4285.95)
(0 0 -4815.97)
(0 0 -5357.75)
(0 0 -5862.26)
(0 0 -6346.79)
(0 0 -6775.39)
(0 0 -7144.63)
(0 0 -7450.17)
(0 0 -7502.58)
(0 0 -7648.72)
(0 0 -7819.92)
(0 0 -7928.02)
(0 0 -7997.57)
(0 0 -8057.8)
(0 0 -8049.13)
(0 0 -7975.98)
(0 0 -8083.18)
(0 0 -7734.15)
(0 0 -8084.68)
(0 0 -7741.22)
(0 0 -6124.14)
(0 0 -5157.77)
(0 0 -8116.18)
(0 0 -6868.19)
(0 0 -5812.09)
(0 0 -5132.12)
(0 0 -5828)
(0 0 -5943.41)
(0 0 -6026.63)
(0 0 -4697.61)
(0 0 -4395.71)
(0 0 -3579.88)
(0 0 -2980.02)
(0 0 -3720.07)
(0 0 -3230.79)
(0 0 -447.892)
(0 0 925.262)
(0 0 1823.53)
(0 0 1364.31)
(0 0 1665.4)
(0 0 1348.17)
(0 0 269.125)
(0 0 -153.075)
(0 0 -212.552)
(0 0 -161.242)
(0 0 -1497.18)
(0 0 -1890.08)
(0 0 -1488.84)
(0 0 -2195.3)
(0 0 -2368.3)
(0 0 -2489.73)
(0 0 -2148.45)
(0 0 -2083)
(0 0 -2174.23)
(0 0 -2226.55)
(0 0 -2975)
(0 0 -3242.28)
(0 0 -2996.99)
(0 0 -2645.75)
(0 0 -2252.14)
(0 0 -2075.07)
(0 0 -1850.49)
(0 0 -1819)
(0 0 -1371.6)
(0 0 -1237.66)
(0 0 -759.156)
(0 0 -1794.33)
(0 0 -1888.16)
(0 0 -984.258)
(0 0 508.16)
(0 0 55.426)
(0 0 -173.288)
(0 0 -197.829)
(0 0 -90.6733)
(0 0 -282.369)
(0 0 -176.6)
(0 0 -458.463)
(0 0 -511.902)
(0 0 -838.115)
(0 0 -804.102)
(0 0 -1107.23)
(0 0 -1564.3)
(0 0 -1960.22)
(0 0 -2056)
(0 0 -1920.92)
(0 0 -1813.12)
(0 0 -1678)
(0 0 -898.787)
(0 0 -515.957)
(0 0 939.235)
(0 0 511.582)
(0 0 426.521)
(0 0 97.3555)
(0 0 -366.359)
(0 0 -1006.22)
(0 0 -1681.96)
(0 0 -2364.94)
(0 0 -3100.22)
(0 0 -3868.74)
(0 0 -4603.49)
(0 0 -5252.19)
(0 0 -5819.61)
(0 0 -6371.13)
(0 0 -6917.53)
(0 0 -7411.35)
(0 0 -7842.03)
(0 0 -8223.6)
(0 0 -8588.47)
(0 0 -8947.34)
(0 0 -9124.12)
(0 0 -9229.41)
(0 0 -9305.03)
(0 0 -9365.4)
(0 0 -9398.86)
(0 0 -9465.48)
(0 0 -9570.01)
(0 0 -9950.34)
(0 0 -10148.8)
(0 0 -10157.1)
(0 0 -10230.5)
(0 0 -10967.4)
(0 0 -11089.5)
(0 0 -10035.9)
(0 0 -9704.84)
(0 0 -8000.51)
(0 0 -7902.75)
(0 0 -8164.65)
(0 0 -8410.19)
(0 0 -8501.13)
(0 0 -7806.38)
(0 0 -6996.51)
(0 0 -6503.61)
(0 0 -5262.57)
(0 0 -5609.28)
(0 0 -5334.47)
(0 0 -4644.88)
(0 0 -3964.22)
(0 0 -1599.97)
(0 0 -766.553)
(0 0 439.93)
(0 0 -561.293)
(0 0 -1584.51)
(0 0 -1064.21)
(0 0 -1889.82)
(0 0 -1576.87)
(0 0 -2576.68)
(0 0 -3176.75)
(0 0 -3354.85)
(0 0 -2584.3)
(0 0 -2704.64)
(0 0 -2916.88)
(0 0 -2287.68)
(0 0 -2141.61)
(0 0 -2123.96)
(0 0 -2270.73)
(0 0 -3301.79)
(0 0 -3616.76)
(0 0 -3745.81)
(0 0 -3319.08)
(0 0 -2926.66)
(0 0 -2686.49)
(0 0 -1761.43)
(0 0 -2077.97)
(0 0 -1822.21)
(0 0 -1574.74)
(0 0 -1350.66)
(0 0 -2154.25)
(0 0 -1915.26)
(0 0 -1126.32)
(0 0 453.872)
(0 0 -7.20559)
(0 0 -81.9413)
(0 0 -184.248)
(0 0 -280.743)
(0 0 -116.385)
(0 0 -322.83)
(0 0 -174.512)
(0 0 -703.427)
(0 0 -574.926)
(0 0 -681.674)
(0 0 -799.429)
(0 0 -1461.84)
(0 0 -1780.25)
(0 0 -2224.62)
(0 0 -1906.64)
(0 0 -1847.71)
(0 0 -1451.38)
(0 0 -1170.62)
(0 0 50.6079)
(0 0 164.601)
(0 0 83.5584)
(0 0 -15.7163)
(0 0 -477.048)
(0 0 -984.458)
(0 0 -1664.56)
(0 0 -2389.38)
(0 0 -3117.73)
(0 0 -3863.33)
(0 0 -4637.2)
(0 0 -5379.88)
(0 0 -6047.55)
(0 0 -6646.44)
(0 0 -7226.62)
(0 0 -7798.59)
(0 0 -8320.43)
(0 0 -8777.03)
(0 0 -9179.92)
(0 0 -9569.11)
(0 0 -9963.74)
(0 0 -10357.9)
(0 0 -10682.4)
(0 0 -10881.1)
(0 0 -11013.9)
(0 0 -11076.5)
(0 0 -11198)
(0 0 -11357.4)
(0 0 -11577.7)
(0 0 -11796.9)
(0 0 -11974.9)
(0 0 -12493.7)
(0 0 -13504.6)
(0 0 -13299.3)
(0 0 -11654.1)
(0 0 -11659.4)
(0 0 -11319)
(0 0 -11091.4)
(0 0 -9879.54)
(0 0 -9995.95)
(0 0 -9727.65)
(0 0 -8675.97)
(0 0 -7921.43)
(0 0 -8253.28)
(0 0 -7158.3)
(0 0 -6512.72)
(0 0 -6952.35)
(0 0 -7491.26)
(0 0 -7863.4)
(0 0 -6567.15)
(0 0 -5377.92)
(0 0 -3481.84)
(0 0 -4193.03)
(0 0 -4476.39)
(0 0 -3139.77)
(0 0 -4241.34)
(0 0 -3530.07)
(0 0 -3571.33)
(0 0 -4301.48)
(0 0 -4457.32)
(0 0 -3512.58)
(0 0 -2917.07)
(0 0 -2906.68)
(0 0 -2751.57)
(0 0 -3792.41)
(0 0 -4088.16)
(0 0 -3597.95)
(0 0 -3309.89)
(0 0 -4033.51)
(0 0 -4094.88)
(0 0 -4209.6)
(0 0 -3660.66)
(0 0 -3054.49)
(0 0 -2299.22)
(0 0 -2307.63)
(0 0 -2243.56)
(0 0 -1797.67)
(0 0 -2027.79)
(0 0 -2656.39)
(0 0 -1904.74)
(0 0 -1718.03)
(0 0 318.692)
(0 0 22.6197)
(0 0 -90.7415)
(0 0 -382.225)
(0 0 -227.712)
(0 0 -369.355)
(0 0 -52.5446)
(0 0 -528.27)
(0 0 -415.861)
(0 0 -413.68)
(0 0 -984.93)
(0 0 -1152.13)
(0 0 -909.94)
(0 0 -974.266)
(0 0 -1624.15)
(0 0 -1950.76)
(0 0 -1709.74)
(0 0 -1784.65)
(0 0 -628.149)
(0 0 -370.86)
(0 0 -303.916)
(0 0 -480.045)
(0 0 -641.519)
(0 0 -1116.11)
(0 0 -1692.1)
(0 0 -2357.87)
(0 0 -3065.85)
(0 0 -3799.78)
(0 0 -4559.49)
(0 0 -5331.29)
(0 0 -6068.23)
(0 0 -6739.8)
(0 0 -7357.49)
(0 0 -7953.31)
(0 0 -8532.54)
(0 0 -9068.02)
(0 0 -9566.83)
(0 0 -9995.35)
(0 0 -10407.5)
(0 0 -10825.7)
(0 0 -11246.1)
(0 0 -11653.9)
(0 0 -12049.1)
(0 0 -12443.3)
(0 0 -12861.4)
(0 0 -13191.2)
(0 0 -13369.7)
(0 0 -13509.2)
(0 0 -13716.7)
(0 0 -13944.8)
(0 0 -14224.4)
(0 0 -14741.5)
(0 0 -14260.3)
(0 0 -12835.9)
(0 0 -12992.9)
(0 0 -12946.9)
(0 0 -12557.8)
(0 0 -12471.1)
(0 0 -10904.6)
(0 0 -10340.7)
(0 0 -10940.2)
(0 0 -10818.5)
(0 0 -10826.7)
(0 0 -9911.21)
(0 0 -9070.74)
(0 0 -9560.1)
(0 0 -9838.56)
(0 0 -9814.51)
(0 0 -8624.06)
(0 0 -8702.8)
(0 0 -7951.28)
(0 0 -7020.66)
(0 0 -6884.41)
(0 0 -5427.23)
(0 0 -6153.17)
(0 0 -6374.43)
(0 0 -6471.94)
(0 0 -5607.01)
(0 0 -4975.73)
(0 0 -5160.75)
(0 0 -4482.78)
(0 0 -4655.7)
(0 0 -4827.15)
(0 0 -4658.76)
(0 0 -5047.19)
(0 0 -5528.75)
(0 0 -4802.59)
(0 0 -4025.49)
(0 0 -4256.56)
(0 0 -4584.26)
(0 0 -4207.69)
(0 0 -3197.82)
(0 0 -3230.21)
(0 0 -2294.71)
(0 0 -2621.53)
(0 0 -2329.36)
(0 0 -2319.02)
(0 0 -2806.9)
(0 0 -2096.28)
(0 0 -2718.55)
(0 0 153.419)
(0 0 -190.712)
(0 0 -427.356)
(0 0 -363.62)
(0 0 -519.279)
(0 0 -146.34)
(0 0 -486.787)
(0 0 -951.867)
(0 0 -1286.15)
(0 0 -1325.07)
(0 0 -1664.37)
(0 0 -1178.53)
(0 0 -808.967)
(0 0 -524.186)
(0 0 -1405.3)
(0 0 -1422.58)
(0 0 -1902.98)
(0 0 -1039.91)
(0 0 -618.574)
(0 0 -508.207)
(0 0 -593.364)
(0 0 -883.634)
(0 0 -1230.07)
(0 0 -1736.5)
(0 0 -2328.58)
(0 0 -2985.34)
(0 0 -3688.98)
(0 0 -4427.61)
(0 0 -5193.7)
(0 0 -5962.77)
(0 0 -6693.27)
(0 0 -7362.52)
(0 0 -7985.85)
(0 0 -8588.9)
(0 0 -9172.5)
(0 0 -9715.7)
(0 0 -10208.3)
(0 0 -10667.2)
(0 0 -11105.7)
(0 0 -11537.3)
(0 0 -11971.3)
(0 0 -12397.3)
(0 0 -12818.7)
(0 0 -13247)
(0 0 -13692.4)
(0 0 -14152.6)
(0 0 -14500.7)
(0 0 -14743.7)
(0 0 -15013)
(0 0 -15269.9)
(0 0 -15411.3)
(0 0 -15576.8)
(0 0 -15170.5)
(0 0 -13597.5)
(0 0 -13983.4)
(0 0 -14329.5)
(0 0 -14298.4)
(0 0 -12789.9)
(0 0 -13036)
(0 0 -13639.3)
(0 0 -12449.6)
(0 0 -11482.8)
(0 0 -11987)
(0 0 -11835.5)
(0 0 -10733)
(0 0 -11114.5)
(0 0 -11421.6)
(0 0 -11220.3)
(0 0 -9765.21)
(0 0 -10293)
(0 0 -8567.63)
(0 0 -7492.31)
(0 0 -6412.26)
(0 0 -7178.69)
(0 0 -6121.71)
(0 0 -6478.33)
(0 0 -7281.45)
(0 0 -7372.93)
(0 0 -6880.76)
(0 0 -5741.18)
(0 0 -4912.87)
(0 0 -5384.29)
(0 0 -6049.65)
(0 0 -6005.67)
(0 0 -4968.4)
(0 0 -5795.07)
(0 0 -6191.06)
(0 0 -5732.79)
(0 0 -4478.76)
(0 0 -4909.01)
(0 0 -4576.3)
(0 0 -3969.79)
(0 0 -3683.66)
(0 0 -2524.66)
(0 0 -2964.96)
(0 0 -2918.93)
(0 0 -2457.54)
(0 0 -2912.52)
(0 0 -2269.61)
(0 0 -3465.59)
(0 0 -42.1179)
(0 0 -415.2)
(0 0 -760.976)
(0 0 -769.993)
(0 0 -299.725)
(0 0 -578.503)
(0 0 -893.661)
(0 0 -1421.97)
(0 0 -1755.76)
(0 0 -1353.41)
(0 0 -1965.78)
(0 0 -1534)
(0 0 -967.588)
(0 0 -904.684)
(0 0 -1393.95)
(0 0 -1063.15)
(0 0 -1799.48)
(0 0 -339.755)
(0 0 -27.871)
(0 0 -133.938)
(0 0 -456.668)
(0 0 -918.115)
(0 0 -1420.55)
(0 0 -2009.83)
(0 0 -2660.87)
(0 0 -3353.75)
(0 0 -4085.52)
(0 0 -4851.26)
(0 0 -5642.64)
(0 0 -6431.95)
(0 0 -7178.72)
(0 0 -7861)
(0 0 -8494.35)
(0 0 -9104.32)
(0 0 -9691.76)
(0 0 -10238.9)
(0 0 -10734.9)
(0 0 -11194)
(0 0 -11641.5)
(0 0 -12090.1)
(0 0 -12546.3)
(0 0 -12983.3)
(0 0 -13415.6)
(0 0 -13848.2)
(0 0 -14284)
(0 0 -14715.7)
(0 0 -15131.5)
(0 0 -15462.1)
(0 0 -15749.3)
(0 0 -15983)
(0 0 -15996.8)
(0 0 -15992.1)
(0 0 -15614.1)
(0 0 -14120.2)
(0 0 -14557.9)
(0 0 -14663)
(0 0 -14748.9)
(0 0 -14756.6)
(0 0 -14625.3)
(0 0 -15007)
(0 0 -15026.2)
(0 0 -13877.7)
(0 0 -12594)
(0 0 -12831.1)
(0 0 -11736.2)
(0 0 -10818.1)
(0 0 -11319.3)
(0 0 -11170.9)
(0 0 -9927.71)
(0 0 -10332.4)
(0 0 -8949.11)
(0 0 -7947.46)
(0 0 -7070.81)
(0 0 -7440.41)
(0 0 -8083.28)
(0 0 -6894.97)
(0 0 -7574.53)
(0 0 -7759.68)
(0 0 -7460.74)
(0 0 -6048.17)
(0 0 -5200.92)
(0 0 -6176.99)
(0 0 -6205.83)
(0 0 -6213.26)
(0 0 -5805.07)
(0 0 -4970.26)
(0 0 -5853.5)
(0 0 -6052.13)
(0 0 -5846.15)
(0 0 -5066.59)
(0 0 -4883.76)
(0 0 -4680.68)
(0 0 -4146.58)
(0 0 -2878.74)
(0 0 -3019.37)
(0 0 -2698.52)
(0 0 -2369.21)
(0 0 -2883.62)
(0 0 -2423.76)
(0 0 -3936.43)
(0 0 -228.452)
(0 0 -455.189)
(0 0 -934.69)
(0 0 -578.235)
(0 0 -231.864)
(0 0 -791.455)
(0 0 -1283.95)
(0 0 -1587.69)
(0 0 -1334.79)
(0 0 -1814.55)
(0 0 -1771.35)
(0 0 -2328.2)
(0 0 -1483.35)
(0 0 -1695.03)
(0 0 -1472.87)
(0 0 -703.853)
(0 0 -1127.77)
(0 0 624.1)
(0 0 629.541)
(0 0 371.837)
(0 0 -54.3515)
(0 0 -614.106)
(0 0 -1224.65)
(0 0 -1897.46)
(0 0 -2613.67)
(0 0 -3356.63)
(0 0 -4129.92)
(0 0 -4934.32)
(0 0 -5764.73)
(0 0 -6590.83)
(0 0 -7380.55)
(0 0 -8100.11)
(0 0 -8767.99)
(0 0 -9409.7)
(0 0 -10028.3)
(0 0 -10607.1)
(0 0 -11129.5)
(0 0 -11608.6)
(0 0 -12069.7)
(0 0 -12528.8)
(0 0 -12986)
(0 0 -13437)
(0 0 -13883.8)
(0 0 -14324.3)
(0 0 -14755.1)
(0 0 -15149)
(0 0 -15508.7)
(0 0 -15863.6)
(0 0 -16130.5)
(0 0 -16295.3)
(0 0 -16062.2)
(0 0 -15976.6)
(0 0 -15302.5)
(0 0 -14001)
(0 0 -14357.5)
(0 0 -14562.1)
(0 0 -14572.8)
(0 0 -14418.1)
(0 0 -13232)
(0 0 -13377.1)
(0 0 -13656.1)
(0 0 -13572.7)
(0 0 -11915.9)
(0 0 -12519.1)
(0 0 -12320.8)
(0 0 -11144.1)
(0 0 -11452.9)
(0 0 -11018.4)
(0 0 -9671.2)
(0 0 -9953.85)
(0 0 -9892.75)
(0 0 -8784.78)
(0 0 -8151.02)
(0 0 -8279.99)
(0 0 -8573.6)
(0 0 -7373.05)
(0 0 -7493.9)
(0 0 -6735.4)
(0 0 -6905.16)
(0 0 -5740.56)
(0 0 -5049.87)
(0 0 -5690.56)
(0 0 -6003.87)
(0 0 -6424.55)
(0 0 -6966.08)
(0 0 -6166.21)
(0 0 -5216.85)
(0 0 -5691.25)
(0 0 -6095.13)
(0 0 -6228.68)
(0 0 -5590.31)
(0 0 -4986.29)
(0 0 -4331.54)
(0 0 -3087.02)
(0 0 -2753.24)
(0 0 -1895.86)
(0 0 -2065.97)
(0 0 -2497.92)
(0 0 -2730.41)
(0 0 -4312.08)
(0 0 -291.502)
(0 0 -725.132)
(0 0 -654.984)
(0 0 -547.283)
(0 0 -836.461)
(0 0 -1197.06)
(0 0 -1461.19)
(0 0 -1042.49)
(0 0 -1597.53)
(0 0 -1422.4)
(0 0 -2331.37)
(0 0 -2232.97)
(0 0 -1798.07)
(0 0 -2448.17)
(0 0 -2166.08)
(0 0 -1020.82)
(0 0 -852.407)
(0 0 830.72)
(0 0 739.713)
(0 0 573.199)
(0 0 194.952)
(0 0 -336.135)
(0 0 -945.696)
(0 0 -1639.54)
(0 0 -2368.29)
(0 0 -3124.08)
(0 0 -3897.99)
(0 0 -4703.13)
(0 0 -5548.88)
(0 0 -6397.16)
(0 0 -7215.12)
(0 0 -7966.06)
(0 0 -8650.27)
(0 0 -9297.64)
(0 0 -9919.17)
(0 0 -10502.6)
(0 0 -11024.6)
(0 0 -11500.1)
(0 0 -11953.7)
(0 0 -12402.4)
(0 0 -12850.1)
(0 0 -13293.1)
(0 0 -13730.1)
(0 0 -14156.4)
(0 0 -14560.9)
(0 0 -14933.4)
(0 0 -15249.2)
(0 0 -15537.7)
(0 0 -15704.9)
(0 0 -15721.4)
(0 0 -14235.2)
(0 0 -14188.8)
(0 0 -13711.8)
(0 0 -13427)
(0 0 -12547.7)
(0 0 -12840.9)
(0 0 -13126.3)
(0 0 -13121)
(0 0 -11770.9)
(0 0 -10655.4)
(0 0 -11088.3)
(0 0 -11162.7)
(0 0 -10091.9)
(0 0 -10422.6)
(0 0 -9546.1)
(0 0 -8777.95)
(0 0 -9357.59)
(0 0 -9165.22)
(0 0 -7933.96)
(0 0 -8384.84)
(0 0 -7277.2)
(0 0 -6527.91)
(0 0 -7094)
(0 0 -7496.24)
(0 0 -7685.87)
(0 0 -6411.44)
(0 0 -6312.27)
(0 0 -6496.46)
(0 0 -6303.99)
(0 0 -6364.6)
(0 0 -5571.95)
(0 0 -4898.32)
(0 0 -5281.16)
(0 0 -5883.12)
(0 0 -6186.2)
(0 0 -6326.77)
(0 0 -5316.21)
(0 0 -5805.63)
(0 0 -5852.56)
(0 0 -6078.35)
(0 0 -5263.64)
(0 0 -4535.12)
(0 0 -3975.35)
(0 0 -3127.7)
(0 0 -2990.19)
(0 0 -2324.94)
(0 0 -1667.86)
(0 0 -2135.82)
(0 0 -3225.94)
(0 0 -4697.6)
(0 0 -519.646)
(0 0 -651.196)
(0 0 -622.348)
(0 0 -1167.15)
(0 0 -1288.09)
(0 0 -948.498)
(0 0 -1340.91)
(0 0 -980.87)
(0 0 -994.184)
(0 0 -1929.75)
(0 0 -2319.98)
(0 0 -2293.62)
(0 0 -2184.34)
(0 0 -3091.05)
(0 0 -3052.8)
(0 0 -1752.29)
(0 0 -1181.42)
(0 0 486.261)
(0 0 531.219)
(0 0 536.579)
(0 0 324.424)
(0 0 -50.4861)
(0 0 -512.542)
(0 0 -1070.55)
(0 0 -1692.14)
(0 0 -2354.29)
(0 0 -3065.99)
(0 0 -3824.59)
(0 0 -4611.88)
(0 0 -5445.94)
(0 0 -6302.3)
(0 0 -7079.39)
(0 0 -7785.36)
(0 0 -8441.75)
(0 0 -9069)
(0 0 -9656.65)
(0 0 -10183.5)
(0 0 -10649.1)
(0 0 -11081.8)
(0 0 -11513.6)
(0 0 -11942.2)
(0 0 -12355.9)
(0 0 -12770.3)
(0 0 -13175)
(0 0 -13537.1)
(0 0 -13826.8)
(0 0 -14087.4)
(0 0 -14215.5)
(0 0 -14268.3)
(0 0 -14401.9)
(0 0 -13694.6)
(0 0 -11421.4)
(0 0 -11480.4)
(0 0 -10450.3)
(0 0 -10662.5)
(0 0 -9551.45)
(0 0 -9898.59)
(0 0 -9978.84)
(0 0 -8843.07)
(0 0 -9018.65)
(0 0 -8954.34)
(0 0 -8916.32)
(0 0 -8632.07)
(0 0 -8833.19)
(0 0 -8887.89)
(0 0 -7533.21)
(0 0 -7936.69)
(0 0 -7432.77)
(0 0 -7266.48)
(0 0 -7354.48)
(0 0 -6014.39)
(0 0 -5534.81)
(0 0 -4829.4)
(0 0 -5156.99)
(0 0 -5597.36)
(0 0 -5949.57)
(0 0 -4814.4)
(0 0 -4915.04)
(0 0 -5017.08)
(0 0 -4139.03)
(0 0 -5119.61)
(0 0 -5398.71)
(0 0 -4042.56)
(0 0 -4560.21)
(0 0 -4872.24)
(0 0 -4716.09)
(0 0 -3998.95)
(0 0 -4761.22)
(0 0 -4702.89)
(0 0 -4471.81)
(0 0 -3871.39)
(0 0 -3832.36)
(0 0 -3350.4)
(0 0 -2539.58)
(0 0 -2446.93)
(0 0 -1597.2)
(0 0 -1632.95)
(0 0 -1764.21)
(0 0 -3496.6)
(0 0 -4743.46)
(0 0 -508.057)
(0 0 -806.918)
(0 0 -990.819)
(0 0 -1304.49)
(0 0 -1065.35)
(0 0 -1200.12)
(0 0 -665.083)
(0 0 -464.259)
(0 0 -1304.25)
(0 0 -2174.09)
(0 0 -2131.35)
(0 0 -2588.04)
(0 0 -3462.12)
(0 0 -4117.24)
(0 0 -4042.56)
(0 0 -2633.01)
(0 0 -1864.49)
(0 0 -36.4336)
(0 0 293.704)
(0 0 631.553)
(0 0 711.819)
(0 0 605.494)
(0 0 413.727)
(0 0 140.306)
(0 0 -231.052)
(0 0 -680.638)
(0 0 -1191.22)
(0 0 -1742.54)
(0 0 -2315.06)
(0 0 -2864.82)
(0 0 -3423.43)
(0 0 -4026.5)
(0 0 -4583.63)
(0 0 -5138.52)
(0 0 -5707.35)
(0 0 -6272.95)
(0 0 -6795.11)
(0 0 -7267.39)
(0 0 -7711.41)
(0 0 -8135.48)
(0 0 -8560.43)
(0 0 -8994.49)
(0 0 -9433.57)
(0 0 -9877.6)
(0 0 -10306.7)
(0 0 -10620.8)
(0 0 -10827.6)
(0 0 -10851.2)
(0 0 -10629.6)
(0 0 -10458.4)
(0 0 -9546.8)
(0 0 -7770.91)
(0 0 -7739.09)
(0 0 -7534.48)
(0 0 -6827.42)
(0 0 -6797.47)
(0 0 -6112.76)
(0 0 -6099.55)
(0 0 -5013.94)
(0 0 -5169.43)
(0 0 -5173.7)
(0 0 -5069.12)
(0 0 -5052.89)
(0 0 -4546.66)
(0 0 -4263.45)
(0 0 -3730.96)
(0 0 -4173.9)
(0 0 -3825.97)
(0 0 -3885.22)
(0 0 -4070.84)
(0 0 -4431.14)
(0 0 -3997.08)
(0 0 -4310.32)
(0 0 -2988.49)
(0 0 -3298.89)
(0 0 -3639.21)
(0 0 -2617)
(0 0 -3082.76)
(0 0 -2922.56)
(0 0 -2101.51)
(0 0 -1978.43)
(0 0 -1816.68)
(0 0 -2350.15)
(0 0 -2770.61)
(0 0 -3007.22)
(0 0 -2840.93)
(0 0 -2565.61)
(0 0 -2192.05)
(0 0 -2406.81)
(0 0 -2458.92)
(0 0 -2218.09)
(0 0 -2356.39)
(0 0 -2278.04)
(0 0 -1385.1)
(0 0 -1795.35)
(0 0 -1714.38)
(0 0 -1299.62)
(0 0 -1733.95)
(0 0 -3244.56)
(0 0 -4872.46)
(0 0 -225.245)
(0 0 -450.916)
(0 0 -548.953)
(0 0 -681.067)
(0 0 -689.973)
(0 0 -429.16)
(0 0 -457.743)
(0 0 -518.552)
(0 0 -831.901)
(0 0 -1258.8)
(0 0 -1257.64)
(0 0 -2127.8)
(0 0 -2927.4)
(0 0 -3374.95)
(0 0 -2640.32)
(0 0 -2539.39)
(0 0 -1816.86)
(0 0 -146.687)
(0 0 306.8)
(0 0 907.805)
(0 0 1263.1)
(0 0 1432.04)
(0 0 1538.2)
(0 0 1550.33)
(0 0 1477.91)
(0 0 1338.99)
(0 0 1144.76)
(0 0 916.422)
(0 0 673.565)
(0 0 471.041)
(0 0 341.848)
(0 0 305.655)
(0 0 202.975)
(0 0 56.4256)
(0 0 -124.718)
(0 0 -316.435)
(0 0 -489.804)
(0 0 -628.237)
(0 0 -748.604)
(0 0 -889.46)
(0 0 -1072.15)
(0 0 -1318.29)
(0 0 -1657.6)
(0 0 -2063.86)
(0 0 -2491.49)
(0 0 -2917.15)
(0 0 -3233.72)
(0 0 -3352.5)
(0 0 -3088.12)
(0 0 -2833.36)
(0 0 -2889.48)
(0 0 -2991.09)
(0 0 -2603.96)
(0 0 -2768.85)
(0 0 -1901.7)
(0 0 -1798.41)
(0 0 -1296.73)
(0 0 -479.9)
(0 0 -377.977)
(0 0 -822.136)
(0 0 -562.226)
(0 0 -581.666)
(0 0 -821.353)
(0 0 -476.414)
(0 0 -859.944)
(0 0 -912.272)
(0 0 -966.887)
(0 0 -657.536)
(0 0 -662.472)
(0 0 -1092.99)
(0 0 -1173.12)
(0 0 -1671.74)
(0 0 -1364.94)
(0 0 -1188.44)
(0 0 -825.351)
(0 0 -946.663)
(0 0 -348.914)
(0 0 -547.758)
(0 0 -357.623)
(0 0 -656.973)
(0 0 -699.529)
(0 0 -455.14)
(0 0 -924.112)
(0 0 -821.239)
(0 0 -953.093)
(0 0 -1350.42)
(0 0 -1727.3)
(0 0 -1776.05)
(0 0 -783.687)
(0 0 -931.648)
(0 0 -831.481)
(0 0 -451.488)
(0 0 -777.385)
(0 0 -360.234)
(0 0 -528.908)
(0 0 -711.491)
(0 0 -235.095)
(0 0 -647.12)
(0 0 -2050.28)
(0 0 -3638.54)
)
;

boundaryField
{
    inlet
    {
        type            extrapolatedCalculated;
        value           nonuniform List<vector> 
40
(
(0 0 -138.782)
(0 0 -281.919)
(0 0 -210.873)
(0 0 94.2104)
(0 0 210.33)
(0 0 224.3)
(0 0 324.012)
(0 0 422.647)
(0 0 490.996)
(0 0 493.024)
(0 0 506.7)
(0 0 480.196)
(0 0 406.37)
(0 0 339.709)
(0 0 372.673)
(0 0 457.671)
(0 0 371.411)
(0 0 206.868)
(0 0 214.697)
(0 0 633.395)
(0 0 802.003)
(0 0 815.976)
(0 0 939.384)
(0 0 986.261)
(0 0 815.821)
(0 0 813.658)
(0 0 768.766)
(0 0 661.744)
(0 0 615.717)
(0 0 581.539)
(0 0 508.16)
(0 0 453.872)
(0 0 318.692)
(0 0 153.419)
(0 0 -42.1179)
(0 0 -228.452)
(0 0 -291.502)
(0 0 -519.646)
(0 0 -508.057)
(0 0 -225.245)
)
;
    }
    outlet
    {
        type            extrapolatedCalculated;
        value           nonuniform List<vector> 
40
(
(0 0 2046.34)
(0 0 3601.33)
(0 0 3220.38)
(0 0 4181.29)
(0 0 4449.18)
(0 0 4405.35)
(0 0 4286.43)
(0 0 1945.37)
(0 0 121.815)
(0 0 -1408)
(0 0 -1831.71)
(0 0 -2951.87)
(0 0 -2906.14)
(0 0 -2870.91)
(0 0 -2231.36)
(0 0 -741.117)
(0 0 947.515)
(0 0 2472.59)
(0 0 3535.58)
(0 0 3637.15)
(0 0 3760.19)
(0 0 3227.07)
(0 0 2166.06)
(0 0 1407.42)
(0 0 926.875)
(0 0 618.315)
(0 0 -24.2251)
(0 0 -290.214)
(0 0 -894.096)
(0 0 -984.258)
(0 0 -1126.32)
(0 0 -1718.03)
(0 0 -2718.55)
(0 0 -3465.59)
(0 0 -3936.43)
(0 0 -4312.08)
(0 0 -4697.6)
(0 0 -4743.46)
(0 0 -4872.46)
(0 0 -3638.54)
)
;
    }
    lowerWall
    {
        type            extrapolatedCalculated;
        value           nonuniform List<vector> 
100
(
(0 0 -138.782)
(0 0 -179.389)
(0 0 -35.6984)
(0 0 62.1886)
(0 0 190.36)
(0 0 354.746)
(0 0 358.714)
(0 0 187.967)
(0 0 179.073)
(0 0 538.507)
(0 0 484.381)
(0 0 409.339)
(0 0 556.576)
(0 0 634.983)
(0 0 672.631)
(0 0 706.865)
(0 0 708.932)
(0 0 878.495)
(0 0 899.592)
(0 0 960.958)
(0 0 1188.38)
(0 0 1580.4)
(0 0 1716.29)
(0 0 1803.29)
(0 0 1860.54)
(0 0 1954.54)
(0 0 2184.74)
(0 0 2368.66)
(0 0 2705.61)
(0 0 2638.22)
(0 0 2472.11)
(0 0 2401.59)
(0 0 2747.83)
(0 0 2792.89)
(0 0 2932.1)
(0 0 3430.73)
(0 0 3708.92)
(0 0 3881.29)
(0 0 4301.75)
(0 0 4358.85)
(0 0 4263.62)
(0 0 4349.45)
(0 0 4580.66)
(0 0 5037.94)
(0 0 4939.93)
(0 0 5353.7)
(0 0 4740.02)
(0 0 4584.31)
(0 0 4711.06)
(0 0 4008.91)
(0 0 3247.06)
(0 0 3342.28)
(0 0 2684.67)
(0 0 2918.65)
(0 0 2212.09)
(0 0 2322.23)
(0 0 1947.59)
(0 0 2088.97)
(0 0 2323.82)
(0 0 2165.6)
(0 0 2268.18)
(0 0 1963.94)
(0 0 1726.62)
(0 0 1599.55)
(0 0 1662.69)
(0 0 1337.53)
(0 0 1434.71)
(0 0 1146.14)
(0 0 1059.35)
(0 0 858.147)
(0 0 650.257)
(0 0 590.502)
(0 0 518.588)
(0 0 341.122)
(0 0 487.769)
(0 0 629.923)
(0 0 539.629)
(0 0 503.749)
(0 0 393.47)
(0 0 874.413)
(0 0 581.041)
(0 0 840.444)
(0 0 616.214)
(0 0 478.578)
(0 0 802.839)
(0 0 395.005)
(0 0 178.813)
(0 0 614.496)
(0 0 170.353)
(0 0 466.117)
(0 0 72.3149)
(0 0 448.52)
(0 0 -79.4103)
(0 0 212.942)
(0 0 454.357)
(0 0 -16.0721)
(0 0 -70.916)
(0 0 163.503)
(0 0 809.02)
(0 0 2046.34)
)
;
    }
    upperWall
    {
        type            extrapolatedCalculated;
        value           nonuniform List<vector> 
100
(
(0 0 -225.245)
(0 0 -450.916)
(0 0 -548.953)
(0 0 -681.067)
(0 0 -689.973)
(0 0 -429.16)
(0 0 -457.743)
(0 0 -518.552)
(0 0 -831.901)
(0 0 -1258.8)
(0 0 -1257.64)
(0 0 -2127.8)
(0 0 -2927.4)
(0 0 -3374.95)
(0 0 -2640.32)
(0 0 -2539.39)
(0 0 -1816.86)
(0 0 -146.687)
(0 0 306.8)
(0 0 907.805)
(0 0 1263.1)
(0 0 1432.04)
(0 0 1538.2)
(0 0 1550.33)
(0 0 1477.91)
(0 0 1338.99)
(0 0 1144.76)
(0 0 916.422)
(0 0 673.565)
(0 0 471.041)
(0 0 341.848)
(0 0 305.655)
(0 0 202.975)
(0 0 56.4256)
(0 0 -124.718)
(0 0 -316.435)
(0 0 -489.804)
(0 0 -628.237)
(0 0 -748.604)
(0 0 -889.46)
(0 0 -1072.15)
(0 0 -1318.29)
(0 0 -1657.6)
(0 0 -2063.86)
(0 0 -2491.49)
(0 0 -2917.15)
(0 0 -3233.72)
(0 0 -3352.5)
(0 0 -3088.12)
(0 0 -2833.36)
(0 0 -2889.48)
(0 0 -2991.09)
(0 0 -2603.96)
(0 0 -2768.85)
(0 0 -1901.7)
(0 0 -1798.41)
(0 0 -1296.73)
(0 0 -479.9)
(0 0 -377.977)
(0 0 -822.136)
(0 0 -562.226)
(0 0 -581.666)
(0 0 -821.353)
(0 0 -476.414)
(0 0 -859.944)
(0 0 -912.272)
(0 0 -966.887)
(0 0 -657.536)
(0 0 -662.472)
(0 0 -1092.99)
(0 0 -1173.12)
(0 0 -1671.74)
(0 0 -1364.94)
(0 0 -1188.44)
(0 0 -825.351)
(0 0 -946.663)
(0 0 -348.914)
(0 0 -547.758)
(0 0 -357.623)
(0 0 -656.973)
(0 0 -699.529)
(0 0 -455.14)
(0 0 -924.112)
(0 0 -821.239)
(0 0 -953.093)
(0 0 -1350.42)
(0 0 -1727.3)
(0 0 -1776.05)
(0 0 -783.687)
(0 0 -931.648)
(0 0 -831.481)
(0 0 -451.488)
(0 0 -777.385)
(0 0 -360.234)
(0 0 -528.908)
(0 0 -711.491)
(0 0 -235.095)
(0 0 -647.12)
(0 0 -2050.28)
(0 0 -3638.54)
)
;
    }
    frontAndBack
    {
        type            empty;
    }
}


// ************************************************************************* //
